1541440800,0.295001,0.341,0.341,0.306,689256.0
1541444400,0.292,0.31,0.307363,0.306998,356294.0
1541448000,0.300001,0.3075,0.305205,0.307496,85972.0
1541451600,0.307498,0.311999,0.307498,0.30999,77113.0
1541455200,0.307578,0.311955,0.309982,0.311955,56693.0
1541458800,0.308,0.313978,0.311955,0.309785,35803.0
1541462400,0.301,0.311554,0.309785,0.306796,60391.0
1541466000,0.302,0.306899,0.306796,0.305572,98512.0
1541469600,0.300576,0.305572,0.305001,0.302998,116465.0
1541473200,0.303321,0.311998,0.303321,0.307276,48885.0
1541476800,0.300501,0.310993,0.307276,0.309378,35392.0
1541480400,0.29,0.309372,0.308127,0.302135,89332.0
1541484000,0.302135,0.308527,0.302135,0.307202,61794.0
1541487600,0.30222,0.306191,0.305742,0.306191,4434.0
1541491200,0.303097,0.30761,0.304085,0.30761,2115.0
1541494800,0.302088,0.307,0.307,0.306065,28843.0
1541498400,0.303034,0.303801,0.303678,0.303124,6524.0
1541502000,0.303211,0.307826,0.303211,0.304562,1050.0
1541505600,0.305776,0.30961,0.305776,0.3068,30459.0
1541509200,0.307164,0.312985,0.307164,0.309997,76905.0
1541512800,0.306001,0.31,0.309997,0.306001,110301.0
1541516400,0.306159,0.31,0.306159,0.308944,52218.0
1541520000,0.308,0.311873,0.308432,0.309083,25802.0
1541523600,0.309161,0.313287,0.309161,0.313144,250662.0
1541527200,0.26001,0.324976,0.312,0.312498,3714962.0
1541530800,0.31031,0.312,0.311199,0.3116,10692.0
1541534400,0.31,0.311998,0.3116,0.311996,27205.0
1541538000,0.31,0.314,0.311046,0.314,125435.0
1541541600,0.312486,0.313791,0.313791,0.312486,15327.0
1541545200,0.31005,0.314,0.312487,0.314,61915.0
1541548800,0.311001,0.317497,0.313999,0.315,190266.0
1541552400,0.310101,0.315,0.315,0.312,7890.0
1541556000,0.311999,0.317199,0.312,0.317194,35770.0
1541559600,0.312117,0.316997,0.315479,0.312117,40257.0
1541563200,0.312203,0.316621,0.314638,0.313259,6098.0
1541566800,0.31251,0.314733,0.313359,0.3136,6693.0
1541570400,0.312,0.313737,0.313601,0.313737,10536.0
1541574000,0.31413,0.316105,0.31413,0.316105,25912.0
1541577600,0.316104,0.318,0.316105,0.318,20962.0
1541581200,0.318,0.318,0.318,0.318,3832.0
1541584800,0.317999,0.3211,0.318199,0.3211,13395.0
1541588400,0.319244,0.321095,0.321001,0.32,19042.0
1541592000,0.320527,0.327,0.320527,0.326777,172775.0
1541595600,0.320708,0.3294,0.32675,0.3294,47031.0
1541599200,0.324577,0.329001,0.329,0.325634,17330.0
1541602800,0.325999,0.332,0.3262,0.331797,348599.0
1541606400,0.328863,0.339899,0.332,0.333345,80229.0
1541610000,0.334,0.345751,0.337396,0.343436,505157.0
1541613600,0.333333,0.345636,0.345385,0.340062,161498.0
1541617200,0.3315,0.341842,0.34,0.331723,78483.0
1541620800,0.325166,0.333558,0.3315,0.331643,280327.0
1541624400,0.332685,0.339473,0.332685,0.334989,204742.0
1541628000,0.333,0.338999,0.337151,0.335063,143965.0
1541631600,0.335828,0.341005,0.336404,0.339,48658.0
1541635200,0.338,0.34439,0.339351,0.343,81356.0
1541638800,0.336,0.34475,0.343,0.336986,115680.0
1541642400,0.332,0.33699,0.336901,0.332,146077.0
1541646000,0.3268,0.332044,0.332044,0.3268,110699.0
1541649600,0.3266,0.334999,0.3268,0.331849,149348.0
1541653200,0.330875,0.334473,0.33118,0.334,20898.0
1541656800,0.330046,0.334391,0.334391,0.333,18496.0
1541660400,0.332,0.338,0.333,0.338,11086.0
1541664000,0.336906,0.341762,0.338473,0.337,278693.0
1541667600,0.33702,0.341762,0.338353,0.339,28181.0
1541671200,0.34,0.36,0.34,0.352944,238837.0
1541674800,0.347732,0.359999,0.350537,0.3525,61650.0
1541678400,0.347,0.358898,0.352298,0.355859,18057.0
1541682000,0.3543,0.375,0.355856,0.366,401532.0
1541685600,0.367,0.378799,0.367,0.369,588999.0
1541689200,0.35928,0.371,0.369462,0.371,603960.0
1541692800,0.355,0.371,0.371,0.358779,254127.0
1541696400,0.342005,0.360778,0.358776,0.355459,318126.0
1541700000,0.355991,0.364,0.355997,0.362865,28195.0
1541703600,0.35762,0.377595,0.361279,0.366,220857.0
1541707200,0.33,0.399,0.36879,0.333496,3734806.0
1541710800,0.3125,0.34,0.333496,0.32,1762955.0
1541714400,0.30257,0.33,0.32,0.311497,1296748.0
1541718000,0.300002,0.31986,0.309122,0.304706,793198.0
1541721600,0.3023,0.322,0.304706,0.310999,729572.0
1541725200,0.3065,0.313249,0.310999,0.31,604680.0
1541728800,0.309503,0.321999,0.31,0.315129,620135.0
1541732400,0.313146,0.3207,0.315129,0.317014,483150.0
1541736000,0.306486,0.3207,0.3207,0.313997,403443.0
1541739600,0.3055,0.313997,0.313997,0.3093,171483.0
1541743200,0.289001,0.309732,0.3093,0.296836,313335.0
1541746800,0.289999,0.296836,0.296836,0.290036,265319.0
1541750400,0.290371,0.292998,0.292657,0.292997,196653.0
1541754000,0.288,0.293,0.292997,0.289543,146465.0
1541757600,0.285503,0.2919,0.291898,0.291797,122211.0
1541761200,0.282868,0.293,0.2918,0.291669,212683.0
1541764800,0.283001,0.294,0.291669,0.2908,111182.0
1541768400,0.285792,0.293514,0.290763,0.288999,200594.0
1541772000,0.288912,0.293514,0.288999,0.291793,232789.0
1541775600,0.287001,0.293514,0.291796,0.293513,205101.0
1541779200,0.291001,0.3,0.2935,0.2999,268809.0
1541782800,0.295501,0.311,0.2999,0.304885,321443.0
1541786400,0.288732,0.303999,0.303999,0.296897,299659.0
1541790000,0.293002,0.298999,0.296322,0.295101,141140.0
1541793600,0.26501,0.297395,0.295103,0.2815,568784.0
1541797200,0.267,0.282672,0.281499,0.2749,626871.0
1541800800,0.264,0.275999,0.274869,0.275803,670422.0
1541804400,0.269438,0.279916,0.275803,0.275996,215962.0
1541808000,0.270601,0.276,0.275999,0.275177,274196.0
1541811600,0.275177,0.2849,0.275999,0.281066,256429.0
1541815200,0.276003,0.283,0.281066,0.280388,178347.0
1541818800,0.274917,0.28017,0.280169,0.279962,211896.0
1541822400,0.261955,0.28,0.279962,0.267999,393349.0
1541826000,0.260002,0.269997,0.267999,0.265,328909.0
1541829600,0.264473,0.269999,0.265,0.269999,154506.0
1541833200,0.266,0.273,0.269999,0.268,145494.0
1541836800,0.264,0.272545,0.268,0.266003,141342.0
1541840400,0.264001,0.269997,0.268497,0.269997,63440.0
1541844000,0.266222,0.273,0.269997,0.268989,49090.0
1541847600,0.268222,0.273,0.269992,0.271997,73262.0
1541851200,0.268223,0.27399,0.271997,0.269401,226561.0
1541854800,0.268222,0.27399,0.269997,0.273471,137580.0
1541858400,0.2703,0.27799,0.273474,0.275997,271485.0
1541862000,0.271013,0.277,0.275997,0.272,302774.0
1541865600,0.270982,0.279,0.271999,0.276482,411994.0
1541869200,0.271,0.278,0.274008,0.2745,299522.0
1541872800,0.27195,0.275999,0.274497,0.273313,169843.0
1541876400,0.273514,0.279965,0.275,0.278957,173719.0
1541880000,0.276468,0.28,0.278957,0.28,162707.0
1541883600,0.278315,0.28,0.28,0.279997,195123.0
1541887200,0.277036,0.28,0.278908,0.279547,247966.0
1541890800,0.272506,0.279547,0.279,0.277965,285572.0
1541894400,0.273011,0.28,0.275643,0.28,204122.0
1541898000,0.27,0.28,0.28,0.276363,282899.0
1541901600,0.268,0.277965,0.276301,0.268982,107999.0
1541905200,0.2609,0.269,0.268982,0.265997,242541.0
1541908800,0.259421,0.275,0.263168,0.26377,260962.0
1541912400,0.261129,0.265997,0.261315,0.2613,105284.0
1541916000,0.261532,0.267624,0.263491,0.262079,158937.0
1541919600,0.261,0.268,0.262997,0.263698,140580.0
1541923200,0.259003,0.26395,0.262047,0.262094,84886.0
1541926800,0.258751,0.2634,0.260271,0.261996,62804.0
1541930400,0.258006,0.261999,0.261274,0.258919,47598.0
1541934000,0.2565,0.261989,0.258228,0.2575,88362.0
1541937600,0.257497,0.262994,0.257497,0.261,75353.0
1541941200,0.258128,0.263278,0.259197,0.259989,166859.0
1541944800,0.258,0.264,0.259988,0.26,236816.0
1541948400,0.251,0.260999,0.26,0.251077,378236.0
1541952000,0.246119,0.253999,0.251076,0.25255,298206.0
1541955600,0.25,0.25375,0.25255,0.2505,286051.0
1541959200,0.2505,0.253,0.2505,0.252341,292679.0
1541962800,0.249001,0.253,0.252341,0.250979,209281.0
1541966400,0.24905,0.252,0.250975,0.251995,113063.0
1541970000,0.25035,0.253,0.251995,0.252158,116150.0
1541973600,0.249009,0.252999,0.252296,0.24999,156421.0
1541977200,0.249226,0.257,0.249688,0.256181,176745.0
1541980800,0.254,0.26842,0.256991,0.258419,378435.0
1541984400,0.256251,0.259,0.258419,0.258992,136771.0
1541988000,0.252317,0.26,0.258992,0.254997,236808.0
1541991600,0.249603,0.255999,0.254997,0.250092,127709.0
1541995200,0.247841,0.251999,0.250092,0.249399,113286.0
1541998800,0.247004,0.251999,0.249414,0.250939,110738.0
1542002400,0.243711,0.251995,0.250718,0.243711,157543.0
1542006000,0.241571,0.247999,0.244991,0.243048,112315.0
1542009600,0.242141,0.248,0.243049,0.248,69348.0
1542013200,0.243098,0.248528,0.24799,0.245176,40558.0
1542016800,0.242718,0.246,0.245123,0.245984,67420.0
1542020400,0.24535,0.247895,0.245984,0.247401,55236.0
1542024000,0.246,0.254699,0.247401,0.252501,114472.0
1542027600,0.24901,0.257864,0.252501,0.250642,227518.0
1542031200,0.25015,0.2549,0.25068,0.251397,200029.0
1542034800,0.246398,0.2519,0.251397,0.248069,120621.0
1542038400,0.246516,0.25,0.247891,0.24912,180195.0
1542042000,0.247501,0.25,0.24912,0.247502,138383.0
1542045600,0.235792,0.25,0.249997,0.239,290795.0
1542049200,0.235008,0.24625,0.239,0.24598,422770.0
1542052800,0.242503,0.248,0.24598,0.245381,92821.0
1542056400,0.24506,0.24868,0.247997,0.247671,152248.0
1542060000,0.245222,0.24947,0.247671,0.249469,131717.0
1542063600,0.246333,0.24947,0.249468,0.249464,79558.0
1542067200,0.245951,0.24947,0.249469,0.246999,100723.0
1542070800,0.244002,0.249464,0.246131,0.247,124795.0
1542074400,0.24375,0.247999,0.247,0.24792,95009.0
1542078000,0.246506,0.255945,0.24792,0.255945,310761.0
1542081600,0.251101,0.25875,0.255281,0.2565,138346.0
1542085200,0.249921,0.257499,0.2565,0.255163,86324.0
1542088800,0.2521,0.257496,0.255084,0.254125,108145.0
1542092400,0.248035,0.26,0.257022,0.253,233422.0
1542096000,0.250999,0.26,0.252999,0.2593,94744.0
1542099600,0.256089,0.26,0.2593,0.259999,64430.0
1542103200,0.258,0.261841,0.259661,0.261431,105529.0
1542106800,0.256,0.26375,0.261431,0.256999,114037.0
1542110400,0.252036,0.25995,0.2568,0.259701,118681.0
1542114000,0.257003,0.261999,0.2597,0.259601,177514.0
1542117600,0.258075,0.262,0.259601,0.259179,180007.0
1542121200,0.25792,0.262,0.260158,0.25925,182348.0
1542124800,0.256281,0.262153,0.259242,0.257555,189512.0
1542128400,0.252301,0.258599,0.2581,0.257,269296.0
1542132000,0.24625,0.257999,0.257,0.247699,236649.0
1542135600,0.243,0.25125,0.247625,0.24475,327087.0
1542139200,0.237501,0.246924,0.245072,0.239017,338449.0
1542142800,0.239367,0.2434,0.239589,0.2428,101976.0
1542146400,0.240679,0.245,0.241235,0.242315,142272.0
1542150000,0.2382,0.242317,0.242163,0.23868,138845.0
1542153600,0.238418,0.242309,0.239219,0.240299,75542.0
1542157200,0.238273,0.242,0.240195,0.241298,93169.0
1542160800,0.23715,0.2431,0.241195,0.23715,155811.0
1542164400,0.23715,0.242028,0.238555,0.24177,112168.0
1542168000,0.24,0.243099,0.24175,0.242777,86031.0
1542171600,0.240003,0.2431,0.242777,0.240003,41720.0
1542175200,0.240003,0.2507,0.242998,0.2413,117144.0
1542178800,0.241324,0.243699,0.242823,0.243572,33291.0
1542182400,0.24125,0.248499,0.243572,0.2421,97285.0
1542186000,0.24,0.247488,0.242101,0.240001,260633.0
1542189600,0.228331,0.241,0.24,0.229789,233202.0
1542193200,0.22619,0.232498,0.231101,0.229694,112444.0
1542196800,0.228413,0.234988,0.229795,0.23125,283793.0
1542200400,0.22875,0.235,0.230688,0.230121,124825.0
1542204000,0.205484,0.231249,0.230113,0.213276,792493.0
1542207600,0.21375,0.2294,0.218,0.217093,519433.0
1542211200,0.18,0.218158,0.216821,0.20442,2033715.0
1542214800,0.191509,0.234998,0.203997,0.228999,1173856.0
1542218400,0.195002,0.233,0.228998,0.197777,967998.0
1542222000,0.192001,0.229113,0.202028,0.198,1049496.0
1542225600,0.184003,0.200599,0.197999,0.1969,936877.0
1542229200,0.190595,0.214099,0.194928,0.21323,935544.0
1542232800,0.198001,0.213231,0.21323,0.2036,798287.0
1542236400,0.203513,0.213331,0.2036,0.21214,338083.0
1542240000,0.206811,0.213332,0.212,0.209,385466.0
1542243600,0.205873,0.211999,0.209,0.209,198746.0
1542247200,0.191352,0.210141,0.210141,0.196344,421696.0
1542250800,0.194436,0.2099,0.196258,0.199346,332692.0
1542254400,0.19292,0.199704,0.199238,0.197941,256388.0
1542258000,0.195502,0.202982,0.196801,0.201593,259995.0
1542261600,0.192,0.207,0.201443,0.196,375770.0
1542265200,0.194,0.203211,0.196,0.201384,297557.0
1542268800,0.198931,0.20589,0.202198,0.199222,181233.0
1542272400,0.197187,0.20293,0.200893,0.197187,152170.0
1542276000,0.182089,0.199768,0.197188,0.188851,247709.0
1542279600,0.185277,0.198219,0.190641,0.193775,191446.0
1542283200,0.192159,0.19989,0.192403,0.193167,225504.0
1542286800,0.189204,0.19989,0.193717,0.194,429587.0
1542290400,0.18,0.194,0.192942,0.18,633516.0
1542294000,0.18,0.197889,0.18,0.195003,602268.0
1542297600,0.1931,0.203499,0.195062,0.200909,509931.0
1542301200,0.2,0.208787,0.200905,0.204445,331324.0
1542304800,0.200101,0.207999,0.20525,0.201005,349756.0
1542308400,0.200779,0.209,0.202467,0.206902,481713.0
1542312000,0.204162,0.209889,0.20695,0.207998,370147.0
1542315600,0.206952,0.210999,0.207466,0.21,534591.0
1542319200,0.206001,0.213324,0.21,0.212326,406163.0
1542322800,0.2085,0.21375,0.211941,0.213612,291234.0
1542326400,0.211658,0.21989,0.213605,0.213776,291649.0
1542330000,0.212,0.219028,0.219028,0.213951,459437.0
1542333600,0.213816,0.239,0.213816,0.231555,815646.0
1542337200,0.23,0.248,0.233999,0.234,825687.0
1542340800,0.225919,0.235895,0.234,0.23,705983.0
1542344400,0.218782,0.23,0.23,0.221261,483229.0
1542348000,0.215289,0.224271,0.221215,0.218002,233916.0
1542351600,0.213001,0.2225,0.21802,0.215976,264553.0
1542355200,0.2062,0.2191,0.214784,0.211999,239512.0
1542358800,0.206201,0.214308,0.212,0.207912,87098.0
1542362400,0.206393,0.219098,0.20803,0.215808,188731.0
1542366000,0.21601,0.225,0.216981,0.218361,190046.0
1542369600,0.217679,0.224996,0.219463,0.222989,280264.0
1542373200,0.217001,0.224,0.222917,0.219621,288229.0
1542376800,0.2175,0.224989,0.2185,0.223576,337328.0
1542380400,0.218587,0.224032,0.222814,0.223247,255459.0
1542384000,0.221057,0.232746,0.222373,0.229,396592.0
1542387600,0.223054,0.232,0.229001,0.224802,513221.0
1542391200,0.221368,0.228716,0.2248,0.224656,416378.0
1542394800,0.219,0.2265,0.224655,0.225759,315462.0
1542398400,0.220794,0.22634,0.224075,0.224563,159803.0
1542402000,0.219542,0.227488,0.22464,0.220492,266394.0
1542405600,0.212502,0.220959,0.220492,0.214347,277852.0
1542409200,0.214115,0.223876,0.214347,0.222,246518.0
1542412800,0.22,0.224899,0.223253,0.220979,152365.0
1542416400,0.212062,0.221997,0.220977,0.212062,239699.0
1542420000,0.21,0.219,0.213096,0.212101,364975.0
1542423600,0.20784,0.214976,0.212101,0.211,191075.0
1542427200,0.208476,0.213078,0.211,0.211905,113087.0
1542430800,0.210024,0.214951,0.211905,0.21363,99613.0
1542434400,0.212067,0.215329,0.213622,0.21386,72690.0
1542438000,0.21008,0.214294,0.213668,0.213327,176538.0
1542441600,0.209592,0.21288,0.212621,0.21076,63745.0
1542445200,0.21,0.211999,0.21068,0.21177,61724.0
1542448800,0.208022,0.211797,0.210617,0.209261,31701.0
1542452400,0.206001,0.211222,0.209201,0.210936,103876.0
1542456000,0.209828,0.21409,0.211015,0.211692,73597.0
1542459600,0.209001,0.214091,0.211692,0.21353,138233.0
1542463200,0.210387,0.213566,0.21353,0.211397,94263.0
1542466800,0.20818,0.211475,0.211397,0.209,117708.0
1542470400,0.208,0.212,0.208665,0.211599,105740.0
1542474000,0.210188,0.212,0.211598,0.2114,117206.0
1542477600,0.209051,0.213,0.21139,0.2126,225483.0
1542481200,0.211657,0.214988,0.21248,0.212304,193316.0
1542484800,0.2109,0.213132,0.2123,0.211045,156015.0
1542488400,0.21,0.2129,0.212435,0.212841,194178.0
1542492000,0.210001,0.212899,0.212821,0.212209,81920.0
1542495600,0.21159,0.213,0.21221,0.2129,96606.0
1542499200,0.212891,0.22,0.2129,0.216613,225802.0
1542502800,0.216526,0.219999,0.216613,0.219999,167389.0
1542506400,0.2175,0.219999,0.219999,0.2196,114394.0
1542510000,0.2175,0.219999,0.2196,0.219715,76767.0
1542513600,0.217102,0.219998,0.219655,0.217441,110790.0
1542517200,0.217,0.218931,0.217911,0.217683,202821.0
1542520800,0.2165,0.218,0.217683,0.216501,198620.0
1542524400,0.2149,0.21997,0.216501,0.215341,161570.0
1542528000,0.214072,0.2185,0.214705,0.217997,49586.0
1542531600,0.21542,0.218,0.217994,0.217867,28457.0
1542535200,0.2163,0.218966,0.2172,0.217932,16494.0
1542538800,0.214,0.217924,0.217398,0.214622,123039.0
1542542400,0.21385,0.217924,0.214092,0.216486,76644.0
1542546000,0.212701,0.216849,0.216142,0.21467,128548.0
1542549600,0.212,0.21499,0.214411,0.213181,110553.0
1542553200,0.211,0.213769,0.213146,0.213625,96415.0
1542556800,0.21215,0.216792,0.213233,0.214443,90529.0
1542560400,0.21388,0.215973,0.214359,0.214999,81900.0
1542564000,0.214282,0.22,0.214888,0.218714,229452.0
1542567600,0.215102,0.221,0.21878,0.21602,320305.0
1542571200,0.214,0.21697,0.215933,0.214849,79798.0
1542574800,0.213823,0.216312,0.214849,0.214425,117693.0
1542578400,0.211,0.215789,0.215392,0.2129,182362.0
1542582000,0.212373,0.214799,0.2129,0.213999,45365.0
1542585600,0.20899,0.215004,0.213951,0.20999,148436.0
1542589200,0.204004,0.211097,0.20999,0.20649,274177.0
1542592800,0.201017,0.20816,0.205951,0.204916,186053.0
1542596400,0.204092,0.206864,0.20539,0.205938,77148.0
1542600000,0.199849,0.206744,0.205937,0.201999,294502.0
1542603600,0.189998,0.201399,0.200452,0.194484,380685.0
1542607200,0.186201,0.197,0.193622,0.191747,486023.0
1542610800,0.186893,0.195134,0.191745,0.193806,379149.0
1542614400,0.184,0.193748,0.193748,0.1868,261622.0
1542618000,0.18005,0.189648,0.1868,0.181324,433675.0
1542621600,0.18,0.190418,0.181212,0.188855,346597.0
1542625200,0.186292,0.194335,0.188755,0.186292,211649.0
1542628800,0.181972,0.188569,0.186804,0.184712,398082.0
1542632400,0.18,0.184845,0.1847,0.183479,588461.0
1542636000,0.176703,0.184301,0.18337,0.180569,706800.0
1542639600,0.175265,0.1825,0.180174,0.180839,900074.0
1542643200,0.171801,0.182,0.180902,0.18,737164.0
1542646800,0.176001,0.1825,0.179946,0.177116,689403.0
1542650400,0.175144,0.180137,0.177894,0.176753,483132.0
1542654000,0.17188,0.177488,0.176431,0.177,502351.0
1542657600,0.176999,0.184226,0.177,0.180802,543289.0
1542661200,0.168305,0.180816,0.180028,0.176934,522889.0
1542664800,0.170493,0.180104,0.1768,0.1749,611992.0
1542668400,0.174,0.18361,0.175691,0.175927,403614.0
1542672000,0.175108,0.182498,0.178204,0.178874,253401.0
1542675600,0.1765,0.181987,0.179718,0.179962,278979.0
1542679200,0.179074,0.187944,0.179962,0.183301,318589.0
1542682800,0.177553,0.183999,0.183301,0.18,260508.0
1542686400,0.168231,0.181497,0.18,0.168231,320180.0
1542690000,0.160001,0.169408,0.169408,0.161813,966760.0
1542693600,0.157066,0.163239,0.161325,0.160454,733882.0
1542697200,0.160401,0.1714,0.160481,0.16202,606215.0
1542700800,0.150313,0.1655,0.162438,0.159994,706237.0
1542704400,0.1502,0.16375,0.1595,0.152368,624776.0
1542708000,0.150605,0.159,0.152368,0.154775,301839.0
1542711600,0.145811,0.155941,0.15483,0.146528,581987.0
1542715200,0.14728,0.157254,0.149362,0.15464,509373.0
1542718800,0.152284,0.159,0.154616,0.157935,457637.0
1542722400,0.154486,0.179081,0.156077,0.179081,856787.0
1542726000,0.168766,0.17945,0.179081,0.176934,890227.0
1542729600,0.16476,0.179988,0.176598,0.1692,859153.0
1542733200,0.160011,0.18,0.169296,0.160503,781710.0
1542736800,0.160011,0.167,0.160969,0.166625,321342.0
1542740400,0.163505,0.168699,0.166488,0.164283,460114.0
1542744000,0.150012,0.16795,0.164248,0.157855,940067.0
1542747600,0.151321,0.16375,0.157854,0.1622,561089.0
1542751200,0.155005,0.164999,0.162199,0.156127,401141.0
1542754800,0.1521,0.16215,0.156088,0.158013,600132.0
1542758400,0.153736,0.1612,0.158464,0.154713,464052.0
1542762000,0.1515,0.1566,0.154705,0.153967,399699.0
1542765600,0.152149,0.157,0.153662,0.155653,460500.0
1542769200,0.154232,0.1659,0.155654,0.162077,417073.0
1542772800,0.157093,0.162,0.161956,0.161792,212910.0
1542776400,0.1538,0.161209,0.16091,0.154,313787.0
1542780000,0.153819,0.16125,0.154,0.159015,397843.0
1542783600,0.157504,0.2055,0.159361,0.164788,897596.0
1542787200,0.16125,0.171245,0.162001,0.169279,459848.0
1542790800,0.1675,0.171888,0.17036,0.1675,299325.0
1542794400,0.16301,0.168874,0.167008,0.1652,184198.0
1542798000,0.1625,0.167586,0.165139,0.162901,322081.0
1542801600,0.1629,0.17125,0.1629,0.166084,373135.0
1542805200,0.163382,0.171,0.165976,0.164187,406855.0
1542808800,0.160773,0.164899,0.164185,0.162201,329351.0
1542812400,0.161998,0.167897,0.161998,0.166994,121493.0
1542816000,0.165,0.167,0.166421,0.166382,199509.0
1542819600,0.16125,0.1681,0.166326,0.1645,516319.0
1542823200,0.164001,0.167,0.164782,0.164147,208917.0
1542826800,0.16,0.165,0.164516,0.160749,597241.0
1542830400,0.16,0.175,0.160749,0.163094,340892.0
1542834000,0.159375,0.166,0.163572,0.164997,355000.0
1542837600,0.164429,0.176,0.164973,0.16755,512792.0
1542841200,0.166175,0.17899,0.16754,0.174672,732340.0
1542844800,0.171372,0.1782,0.174399,0.174799,522268.0
1542848400,0.174423,0.183945,0.174423,0.180834,758535.0
1542852000,0.178229,0.183997,0.179461,0.181885,305767.0
1542855600,0.1786,0.18291,0.181734,0.17965,211286.0
1542859200,0.1782,0.18,0.179264,0.179257,141700.0
1542862800,0.178452,0.181324,0.179743,0.181324,143539.0
1542866400,0.179151,0.182,0.181324,0.180609,143499.0
1542870000,0.176664,0.180987,0.180363,0.180987,88934.0
1542873600,0.1747,0.180625,0.180366,0.178282,146581.0
1542877200,0.171069,0.179244,0.177642,0.177271,122968.0
1542880800,0.172716,0.183998,0.1773,0.182515,452018.0
1542884400,0.176361,0.183793,0.182198,0.17855,146448.0
1542888000,0.1763,0.181019,0.178551,0.177954,118345.0
1542891600,0.171913,0.177658,0.177282,0.172112,227989.0
1542895200,0.173295,0.177255,0.17333,0.175492,127383.0
1542898800,0.172501,0.176513,0.17544,0.174852,198104.0
1542902400,0.174,0.176498,0.174987,0.1755,155942.0
1542906000,0.175499,0.181904,0.1755,0.176778,324411.0
1542909600,0.175482,0.1775,0.177421,0.17685,108520.0
1542913200,0.174708,0.178522,0.17685,0.174708,182779.0
1542916800,0.174598,0.178098,0.174803,0.177823,132687.0
1542920400,0.1769,0.179998,0.177015,0.178929,242280.0
1542924000,0.1762,0.17981,0.178927,0.177194,143592.0
1542927600,0.165625,0.176925,0.176925,0.165625,401164.0
1542931200,0.165005,0.17171,0.167295,0.167713,278244.0
1542934800,0.1564,0.167713,0.167713,0.159306,623036.0
1542938400,0.155354,0.163385,0.159207,0.156619,396704.0
1542942000,0.156275,0.16176,0.156538,0.159767,310237.0
1542945600,0.160069,0.176035,0.161302,0.165667,267145.0
1542949200,0.161001,0.171899,0.165629,0.164,247894.0
1542952800,0.164,0.172478,0.164019,0.169792,65161.0
1542956400,0.16,0.172406,0.169792,0.161588,310334.0
1542960000,0.15906,0.162967,0.160847,0.161728,273411.0
1542963600,0.161741,0.168124,0.161999,0.164066,680889.0
1542967200,0.160053,0.166,0.164342,0.161929,229797.0
1542970800,0.160059,0.162955,0.160828,0.160661,104879.0
1542974400,0.158159,0.161805,0.161472,0.160018,254892.0
1542978000,0.156001,0.165072,0.159713,0.157199,657078.0
1542981600,0.156493,0.161599,0.158968,0.16,312110.0
1542985200,0.158088,0.162597,0.160382,0.160091,238305.0
1542988800,0.156901,0.161996,0.15956,0.157864,171538.0
1542992400,0.157,0.160082,0.159401,0.157495,524046.0
1542996000,0.156501,0.16,0.157214,0.159433,301608.0
1542999600,0.1571,0.162485,0.159433,0.160531,820238.0
1543003200,0.157838,0.162543,0.160488,0.159027,440562.0
1543006800,0.157505,0.163,0.158173,0.158953,298651.0
1543010400,0.157504,0.162499,0.159407,0.161273,219379.0
1543014000,0.159594,0.163352,0.161273,0.160282,161662.0
1543017600,0.16,0.175,0.160291,0.16609,591797.0
1543021200,0.1631,0.176,0.16575,0.165808,498636.0
1543024800,0.16038,0.166984,0.165291,0.16038,278464.0
1543028400,0.159428,0.16166,0.160381,0.160399,161712.0
1543032000,0.160001,0.161367,0.16029,0.160002,89881.0
1543035600,0.16,0.1615,0.160002,0.160852,207175.0
1543039200,0.1601,0.161384,0.160915,0.160174,88777.0
1543042800,0.158899,0.160988,0.16081,0.160011,152383.0
1543046400,0.158755,0.16046,0.160012,0.159409,45302.0
1543050000,0.1577,0.1605,0.1595,0.1595,116568.0
1543053600,0.157713,0.160485,0.1595,0.158154,60237.0
1543057200,0.155657,0.159697,0.158126,0.157299,94456.0
1543060800,0.156344,0.158651,0.15833,0.158648,91153.0
1543064400,0.1576,0.160989,0.15864,0.15899,91666.0
1543068000,0.157416,0.160159,0.15899,0.159839,71774.0
1543071600,0.158,0.160005,0.159833,0.159712,194163.0
1543075200,0.156668,0.1602,0.159995,0.157647,149039.0
1543078800,0.156453,0.159,0.157624,0.158988,174567.0
1543082400,0.157435,0.1597,0.158981,0.158582,100177.0
1543086000,0.153275,0.15953,0.158586,0.154818,290445.0
1543089600,0.153125,0.1555,0.154836,0.154594,175325.0
1543093200,0.14,0.15558,0.154999,0.141221,1606556.0
1543096800,0.136802,0.145,0.141559,0.138688,1187203.0
1543100400,0.137229,0.150851,0.13866,0.143468,1114440.0
1543104000,0.14,0.1499,0.144131,0.14371,568747.0
1543107600,0.140894,0.1485,0.14374,0.141191,633586.0
1543111200,0.133711,0.142893,0.141047,0.135437,588497.0
1543114800,0.1281,0.136441,0.134793,0.128174,895605.0
1543118400,0.128103,0.133755,0.128175,0.131958,516799.0
1543122000,0.129753,0.136659,0.130457,0.132048,462482.0
1543125600,0.130318,0.136159,0.132395,0.131272,266901.0
1543129200,0.1301,0.136,0.13032,0.132276,405666.0
1543132800,0.130588,0.135999,0.132019,0.132507,239357.0
1543136400,0.128,0.135884,0.133725,0.128869,374583.0
1543140000,0.122,0.132,0.128705,0.132,652526.0
1543143600,0.128386,0.143799,0.131,0.13559,777258.0
1543147200,0.134044,0.142528,0.135931,0.137604,332338.0
1543150800,0.133534,0.139316,0.137603,0.135889,326902.0
1543154400,0.13419,0.136872,0.135862,0.135572,223666.0
1543158000,0.129003,0.136567,0.135588,0.129003,568136.0
1543161600,0.12806,0.131029,0.130422,0.129638,396111.0
1543165200,0.126306,0.13045,0.129618,0.126351,324066.0
1543168800,0.126041,0.134,0.1265,0.132139,353058.0
1543172400,0.130639,0.135,0.133374,0.133952,518864.0
1543176000,0.133396,0.14,0.13395,0.138899,466602.0
1543179600,0.13781,0.147999,0.138208,0.144676,695395.0
1543183200,0.140002,0.148749,0.144541,0.142979,937167.0
1543186800,0.140539,0.144082,0.142981,0.142062,366417.0
1543190400,0.142034,0.14983,0.142063,0.14983,319617.0
1543194000,0.140453,0.14983,0.149799,0.144904,430270.0
1543197600,0.142699,0.147,0.144346,0.14312,440130.0
1543201200,0.143121,0.146984,0.144069,0.146897,198570.0
1543204800,0.143875,0.149862,0.1469,0.147515,434192.0
1543208400,0.145936,0.153749,0.147492,0.14995,332650.0
1543212000,0.14879,0.154999,0.149839,0.153763,395870.0
1543215600,0.147565,0.154149,0.153619,0.147565,248724.0
1543219200,0.144017,0.150637,0.150401,0.14585,132651.0
1543222800,0.141934,0.147535,0.145811,0.143531,258463.0
1543226400,0.142271,0.145334,0.144207,0.144201,155110.0
1543230000,0.142958,0.144906,0.144232,0.144427,47073.0
1543233600,0.143127,0.14496,0.144335,0.144,104978.0
1543237200,0.140137,0.14489,0.143844,0.14025,224738.0
1543240800,0.131451,0.140149,0.140136,0.134584,429784.0
1543244400,0.1315,0.135569,0.134869,0.133567,336774.0
1543248000,0.127628,0.137499,0.133003,0.137151,698373.0
1543251600,0.134486,0.139,0.137158,0.135165,435756.0
1543255200,0.133891,0.1387,0.135163,0.1387,227340.0
1543258800,0.137753,0.1425,0.1387,0.138,509205.0
1543262400,0.13,0.13892,0.138,0.132508,458479.0
1543266000,0.128587,0.133998,0.132596,0.132299,590990.0
1543269600,0.1308,0.134999,0.132105,0.131735,326412.0
1543273200,0.131657,0.137009,0.132299,0.135786,188727.0
1543276800,0.133924,0.137998,0.135212,0.137616,189029.0
1543280400,0.13143,0.137328,0.137319,0.133029,287895.0
1543284000,0.130116,0.134999,0.132984,0.134343,212568.0
1543287600,0.133155,0.135599,0.134343,0.133533,223433.0
1543291200,0.132546,0.136283,0.133835,0.135094,254381.0
1543294800,0.134051,0.136072,0.134157,0.135997,103462.0
1543298400,0.134668,0.138749,0.135991,0.137999,132268.0
1543302000,0.135231,0.137999,0.137999,0.136726,80143.0
1543305600,0.131039,0.137,0.136697,0.131505,204792.0
1543309200,0.131,0.133,0.131376,0.131771,115472.0
1543312800,0.128725,0.135318,0.132229,0.132101,175057.0
1543316400,0.131393,0.134826,0.131919,0.131511,134239.0
1543320000,0.130762,0.133498,0.131687,0.132341,84867.0
1543323600,0.131888,0.134958,0.132146,0.132505,142189.0
1543327200,0.132581,0.135359,0.132581,0.133895,156409.0
1543330800,0.131521,0.13471,0.133553,0.133499,143489.0
1543334400,0.131527,0.134015,0.133499,0.133499,292016.0
1543338000,0.132004,0.134864,0.1335,0.132761,267632.0
1543341600,0.132792,0.135999,0.133426,0.135,325033.0
1543345200,0.133345,0.1352,0.135,0.133907,162974.0
1543348800,0.1332,0.136268,0.133908,0.135316,261252.0
1543352400,0.133,0.137,0.135094,0.136893,568978.0
1543356000,0.136116,0.14,0.136847,0.137975,661617.0
1543359600,0.138138,0.141,0.138138,0.140292,404429.0
1543363200,0.140203,0.15,0.140292,0.143506,500528.0
1543366800,0.142882,0.1449,0.143506,0.144667,445473.0
1543370400,0.143751,0.149989,0.144667,0.145156,721125.0
1543374000,0.144351,0.149,0.145171,0.148992,286044.0
1543377600,0.14495,0.15,0.148997,0.15,744486.0
1543381200,0.148141,0.15375,0.15,0.148831,542896.0
1543384800,0.148396,0.150684,0.148832,0.148831,244098.0
1543388400,0.14723,0.151,0.148831,0.150965,314564.0
1543392000,0.146036,0.1529,0.150534,0.146611,426977.0
1543395600,0.146001,0.147141,0.146611,0.146996,105764.0
1543399200,0.146,0.148999,0.146996,0.148948,99448.0
1543402800,0.1486,0.152899,0.148887,0.152399,272580.0
1543406400,0.151212,0.159257,0.152071,0.15807,336927.0
1543410000,0.15481,0.158671,0.157202,0.156098,710375.0
1543413600,0.155149,0.163272,0.156104,0.162413,757360.0
1543417200,0.158729,0.174,0.16221,0.17,793628.0
1543420800,0.160378,0.174,0.170801,0.160897,626319.0
1543424400,0.160048,0.164915,0.160873,0.162997,475652.0
1543428000,0.1625,0.168208,0.162997,0.16605,501648.0
1543431600,0.165592,0.17995,0.166059,0.172998,1731714.0
1543435200,0.171928,0.1791,0.172998,0.176196,1418306.0
1543438800,0.168016,0.176194,0.176194,0.169986,835268.0
1543442400,0.1605,0.17,0.169114,0.1666,699607.0
1543446000,0.163637,0.173373,0.1666,0.173371,615113.0
1543449600,0.171059,0.1798,0.173371,0.179596,855168.0
1543453200,0.16,0.179594,0.179594,0.164208,999734.0
1543456800,0.158059,0.169448,0.163807,0.165539,719819.0
1543460400,0.1621,0.167498,0.165519,0.164349,443779.0
1543464000,0.162704,0.168896,0.163232,0.166485,345247.0
1543467600,0.166,0.17,0.166405,0.168,632382.0
1543471200,0.167641,0.17,0.169543,0.169237,252897.0
1543474800,0.163469,0.17,0.169335,0.166579,369485.0
1543478400,0.165065,0.17,0.166561,0.169698,591065.0
1543482000,0.168582,0.177893,0.168582,0.1743,435437.0
1543485600,0.173178,0.178761,0.175078,0.174074,310912.0
1543489200,0.172058,0.1778,0.174771,0.172805,377499.0
1543492800,0.1702,0.175997,0.172502,0.171087,422233.0
1543496400,0.163927,0.173323,0.170281,0.169151,605264.0
1543500000,0.168177,0.173,0.169357,0.171327,300231.0
1543503600,0.167871,0.172618,0.1713,0.17,400069.0
1543507200,0.169153,0.172879,0.170001,0.172733,204606.0
1543510800,0.171285,0.175999,0.172717,0.172003,772786.0
1543514400,0.167479,0.173556,0.172347,0.169377,210916.0
1543518000,0.164901,0.169454,0.169454,0.168121,297830.0
1543521600,0.164749,0.169659,0.168121,0.167806,278607.0
1543525200,0.16456,0.168428,0.168295,0.166445,231380.0
1543528800,0.15111,0.168131,0.166002,0.167,577818.0
1543532400,0.166922,0.1705,0.167,0.167987,196362.0
1543536000,0.165251,0.169587,0.168012,0.166849,185416.0
1543539600,0.165002,0.167935,0.166982,0.166277,166019.0
1543543200,0.166277,0.17,0.166277,0.17,143043.0
1543546800,0.17,0.171,0.17,0.170578,92754.0
1543550400,0.168881,0.176,0.17024,0.171568,557406.0
1543554000,0.169154,0.172999,0.171749,0.172206,279694.0
1543557600,0.170659,0.1757,0.172267,0.1725,278593.0
1543561200,0.165332,0.172453,0.172401,0.168677,262423.0
1543564800,0.166116,0.169298,0.168063,0.166863,115686.0
1543568400,0.165,0.170069,0.166613,0.166732,714379.0
1543572000,0.161031,0.166497,0.166443,0.161349,185591.0
1543575600,0.156258,0.162156,0.161341,0.160513,457976.0
1543579200,0.152101,0.160465,0.160101,0.158559,280330.0
1543582800,0.158627,0.165616,0.159003,0.163984,387797.0
1543586400,0.163457,0.171,0.163723,0.167144,561889.0
1543590000,0.161052,0.168,0.167016,0.164243,291027.0
1543593600,0.163106,0.169,0.164643,0.16822,487912.0
1543597200,0.165177,0.168897,0.168336,0.167999,126148.0
1543600800,0.164701,0.168,0.16779,0.164906,184136.0
1543604400,0.164502,0.168,0.165146,0.166222,189213.0
1543608000,0.165204,0.171999,0.16608,0.17,150581.0
1543611600,0.163803,0.169983,0.169559,0.165561,197825.0
1543615200,0.164315,0.1695,0.165755,0.166812,319847.0
1543618800,0.164903,0.168508,0.167276,0.167073,91347.0
1543622400,0.160735,0.169199,0.167052,0.163395,390819.0
1543626000,0.162474,0.165846,0.163657,0.162825,191380.0
1543629600,0.161,0.163493,0.163079,0.162001,274425.0
1543633200,0.162001,0.163999,0.162158,0.16386,107836.0
1543636800,0.161025,0.16385,0.16289,0.162316,85762.0
1543640400,0.160103,0.163498,0.162582,0.16043,75923.0
1543644000,0.160719,0.163499,0.160946,0.163499,69727.0
1543647600,0.161531,0.163499,0.163004,0.162828,40923.0
1543651200,0.16283,0.16513,0.16283,0.163469,107259.0
1543654800,0.161066,0.164201,0.163468,0.163574,28187.0
1543658400,0.163564,0.169466,0.163564,0.169452,120450.0
1543662000,0.168786,0.171499,0.169466,0.171489,276202.0
1543665600,0.171003,0.173299,0.171472,0.171472,191670.0
1543669200,0.168291,0.171694,0.171398,0.16868,139786.0
1543672800,0.168292,0.171069,0.168778,0.170243,147752.0
1543676400,0.168079,0.172,0.169912,0.171866,321492.0
1543680000,0.171866,0.176,0.171866,0.17512,372475.0
1543683600,0.172149,0.1758,0.17512,0.173974,258657.0
1543687200,0.172716,0.175099,0.173974,0.173896,194943.0
1543690800,0.173101,0.175999,0.173825,0.17515,152171.0
1543694400,0.170011,0.176,0.175099,0.171728,521543.0
1543698000,0.171474,0.17422,0.171728,0.173354,196245.0
1543701600,0.172862,0.175,0.173354,0.175,88811.0
1543705200,0.174221,0.17516,0.174999,0.175159,75417.0
1543708800,0.174175,0.175999,0.17516,0.1753,257974.0
1543712400,0.174176,0.178349,0.175593,0.178332,370505.0
1543716000,0.175374,0.1785,0.178113,0.176966,434041.0
1543719600,0.171547,0.176649,0.176649,0.173558,312023.0
1543723200,0.17356,0.175352,0.17356,0.175205,116709.0
1543726800,0.170275,0.175053,0.17468,0.173193,157091.0
1543730400,0.171013,0.174998,0.172683,0.174451,48234.0
1543734000,0.172375,0.174767,0.173577,0.173216,92783.0
1543737600,0.171808,0.174321,0.173279,0.173821,52211.0
1543741200,0.173425,0.175998,0.173823,0.174475,100626.0
1543744800,0.170874,0.174565,0.174474,0.170874,254066.0
1543748400,0.170051,0.173213,0.170863,0.171892,26728.0
1543752000,0.172021,0.173923,0.172021,0.173922,23643.0
1543755600,0.1714,0.173865,0.173865,0.172898,45870.0
1543759200,0.170281,0.173599,0.172795,0.173599,119478.0
1543762800,0.170202,0.173846,0.173091,0.173435,140034.0
1543766400,0.172106,0.175106,0.173435,0.174264,203795.0
1543770000,0.172,0.174109,0.174035,0.172644,117477.0
1543773600,0.172001,0.174296,0.172661,0.173633,192050.0
1543777200,0.172601,0.175,0.173254,0.174999,234026.0
1543780800,0.174597,0.178432,0.1748,0.177767,312862.0
1543784400,0.177065,0.1799,0.177883,0.178361,293909.0
1543788000,0.1765,0.178876,0.178569,0.177998,203804.0
1543791600,0.177202,0.180999,0.178152,0.179859,313828.0
1543795200,0.1771,0.181197,0.179859,0.179051,233054.0
1543798800,0.174711,0.178616,0.178432,0.17527,132821.0
1543802400,0.164576,0.175203,0.175135,0.169439,680980.0
1543806000,0.168291,0.170889,0.16921,0.169965,185461.0
1543809600,0.168032,0.170704,0.169878,0.170202,117530.0
1543813200,0.164492,0.171099,0.170202,0.168987,199074.0
1543816800,0.168,0.168987,0.168987,0.168566,88310.0
1543820400,0.165011,0.16855,0.16855,0.166953,103749.0
1543824000,0.166695,0.169361,0.166695,0.169194,71542.0
1543827600,0.167787,0.169998,0.169194,0.1682,30070.0
1543831200,0.168172,0.16945,0.168172,0.169396,25473.0
1543834800,0.168405,0.169637,0.169365,0.169172,34588.0
1543838400,0.168643,0.173821,0.169172,0.173308,181713.0
1543842000,0.172819,0.1749,0.173499,0.174043,104432.0
1543845600,0.170921,0.174014,0.174004,0.170921,133597.0
1543849200,0.157005,0.170773,0.170773,0.1584,578262.0
1543852800,0.157,0.163,0.158593,0.161123,379533.0
1543856400,0.160148,0.16492,0.160602,0.162231,234603.0
1543860000,0.162036,0.164399,0.162036,0.163683,231012.0
1543863600,0.163682,0.167256,0.163682,0.16451,242809.0
1543867200,0.16027,0.176,0.164583,0.163504,672789.0
1543870800,0.1637,0.164523,0.1637,0.16446,143883.0
1543874400,0.164105,0.1657,0.16446,0.165311,200469.0
1543878000,0.164408,0.172,0.164845,0.164408,241643.0
1543881600,0.1637,0.1658,0.165201,0.165698,233754.0
1543885200,0.165096,0.1661,0.165599,0.165971,49267.0
1543888800,0.16112,0.166,0.166,0.161596,297288.0
1543892400,0.158142,0.162348,0.162022,0.160981,218787.0
1543896000,0.158101,0.164997,0.160305,0.160416,318318.0
1543899600,0.158067,0.161416,0.160404,0.158449,147878.0
1543903200,0.155001,0.166,0.1583,0.165302,391427.0
1543906800,0.164052,0.166541,0.165302,0.166541,183682.0
1543910400,0.164259,0.167971,0.166596,0.166366,105147.0
1543914000,0.165484,0.1669,0.165911,0.1669,40737.0
1543917600,0.164201,0.166894,0.166827,0.165008,86899.0
1543921200,0.164202,0.167298,0.165008,0.165405,72087.0
1543924800,0.165001,0.168539,0.1657,0.165138,88377.0
1543928400,0.164254,0.1657,0.165132,0.16479,163199.0
1543932000,0.164202,0.167,0.164877,0.166439,145652.0
1543935600,0.166,0.1694,0.1664,0.166809,193599.0
1543939200,0.16432,0.166789,0.166789,0.165918,128302.0
1543942800,0.162726,0.165917,0.165917,0.163399,395830.0
1543946400,0.161671,0.16482,0.163399,0.164408,134556.0
1543950000,0.1628,0.16482,0.164408,0.163949,124803.0
1543953600,0.162084,0.16482,0.164241,0.162787,134726.0
1543957200,0.162274,0.1638,0.16297,0.16376,105770.0
1543960800,0.162956,0.164132,0.16376,0.163652,58572.0
1543964400,0.16,0.164081,0.163652,0.161756,120136.0
1543968000,0.161106,0.166216,0.161926,0.162191,215565.0
1543971600,0.153741,0.162399,0.1619,0.155817,415357.0
1543975200,0.152539,0.156159,0.155697,0.154161,275002.0
1543978800,0.153583,0.155899,0.15383,0.155132,196877.0
1543982400,0.152,0.1572,0.15513,0.15332,234436.0
1543986000,0.15269,0.155771,0.153308,0.1551,50587.0
1543989600,0.153187,0.1569,0.1551,0.155316,90928.0
1543993200,0.151275,0.156854,0.155841,0.151887,181709.0
1543996800,0.151256,0.154807,0.15208,0.152644,38738.0
1544000400,0.1516,0.157767,0.152647,0.1536,99195.0
1544004000,0.15255,0.157766,0.154276,0.15255,153330.0
1544007600,0.1529,0.1648,0.153539,0.155419,315518.0
1544011200,0.152032,0.155821,0.1556,0.153311,170642.0
1544014800,0.152911,0.157825,0.153313,0.153888,151949.0
1544018400,0.150851,0.1575,0.15423,0.151598,250553.0
1544022000,0.150389,0.153056,0.151599,0.152006,181925.0
1544025600,0.145847,0.152936,0.152224,0.1463,344014.0
1544029200,0.145,0.149878,0.146161,0.147301,252332.0
1544032800,0.143729,0.147871,0.1473,0.145408,214673.0
1544036400,0.142688,0.1469,0.145408,0.144826,344359.0
1544040000,0.144091,0.1512,0.145,0.147796,478711.0
1544043600,0.14602,0.14845,0.148163,0.147098,164767.0
1544047200,0.146144,0.14758,0.147098,0.147003,85566.0
1544050800,0.1466,0.1476,0.147522,0.146778,153240.0
1544054400,0.145601,0.148,0.146829,0.148,227835.0
1544058000,0.147054,0.148561,0.148,0.147629,66216.0
1544061600,0.14621,0.148278,0.147629,0.14621,153726.0
1544065200,0.145001,0.15,0.146344,0.147529,249886.0
1544068800,0.145101,0.148717,0.147648,0.145101,144477.0
1544072400,0.141424,0.149849,0.145502,0.1495,492853.0
1544076000,0.14845,0.1512,0.149493,0.149901,185866.0
1544079600,0.148245,0.149996,0.149699,0.148751,79110.0
1544083200,0.148316,0.14985,0.148751,0.149002,68875.0
1544086800,0.148626,0.15,0.14925,0.149998,59612.0
1544090400,0.146111,0.149999,0.149998,0.146538,71468.0
1544094000,0.146537,0.14815,0.146537,0.14725,36564.0
1544097600,0.146,0.1496,0.147549,0.146498,144518.0
1544101200,0.142405,0.147216,0.146501,0.142932,278043.0
1544104800,0.139043,0.145249,0.142908,0.143607,543370.0
1544108400,0.14005,0.147,0.144339,0.1417,344088.0
1544112000,0.1395,0.1426,0.141915,0.141114,322344.0
1544115600,0.137501,0.141509,0.141115,0.138919,369738.0
1544119200,0.137002,0.139509,0.139219,0.13726,317006.0
1544122800,0.137104,0.14,0.137259,0.13867,426526.0
1544126400,0.13756,0.1395,0.138669,0.13809,292674.0
1544130000,0.135301,0.138449,0.13809,0.135386,287148.0
1544133600,0.127071,0.13708,0.135386,0.12764,1051539.0
1544137200,0.122004,0.135,0.12764,0.123307,1648105.0
1544140800,0.11978,0.1322,0.123295,0.119781,1148140.0
1544144400,0.116602,0.129,0.119781,0.1289,1001256.0
1544148000,0.121019,0.129,0.128999,0.123561,709370.0
1544151600,0.118501,0.1324,0.123522,0.12958,914411.0
1544155200,0.123059,0.129496,0.129496,0.126913,464609.0
1544158800,0.124392,0.136514,0.126904,0.132065,600058.0
1544162400,0.1287,0.13215,0.131464,0.130664,255988.0
1544166000,0.130035,0.137,0.130614,0.133345,237325.0
1544169600,0.128,0.136,0.133431,0.128088,326350.0
1544173200,0.127803,0.131211,0.128316,0.12922,156322.0
1544176800,0.1287,0.13096,0.12922,0.129463,177561.0
1544180400,0.128724,0.1318,0.129454,0.1318,218927.0
1544184000,0.130402,0.1325,0.131799,0.131944,317107.0
1544187600,0.131019,0.1368,0.131895,0.136106,296998.0
1544191200,0.133506,0.1368,0.136151,0.136239,320681.0
1544194800,0.12981,0.1368,0.136332,0.130451,435334.0
1544198400,0.123495,0.134399,0.130179,0.124938,921988.0
1544202000,0.122038,0.1295,0.125022,0.124774,785944.0
1544205600,0.11,0.127128,0.12519,0.123506,857355.0
1544209200,0.123116,0.13375,0.123506,0.13375,1292294.0
1544212800,0.127122,0.134249,0.13375,0.128478,371218.0
1544216400,0.12798,0.1329,0.128479,0.132378,271413.0
1544220000,0.130264,0.134,0.132384,0.133089,306063.0
1544223600,0.132636,0.135972,0.133089,0.134428,277687.0
1544227200,0.133044,0.139899,0.134428,0.139899,776834.0
1544230800,0.136001,0.1405,0.139749,0.138332,822035.0
1544234400,0.136516,0.14,0.138329,0.138769,320439.0
1544238000,0.138265,0.142906,0.138749,0.140352,229056.0
1544241600,0.139464,0.1447,0.140099,0.139904,311407.0
1544245200,0.136,0.13994,0.13994,0.136037,151889.0
1544248800,0.134401,0.136917,0.136001,0.135408,173151.0
1544252400,0.135253,0.136868,0.135877,0.135676,54355.0
1544256000,0.1332,0.135676,0.135675,0.133652,128715.0
1544259600,0.132711,0.134673,0.133652,0.133569,97924.0
1544263200,0.1321,0.142,0.13333,0.1343,398678.0
1544266800,0.132963,0.13625,0.134272,0.134926,67977.0
1544270400,0.130316,0.13608,0.134926,0.130919,225849.0
1544274000,0.128045,0.13205,0.130821,0.129497,418992.0
1544277600,0.128403,0.130898,0.129492,0.128713,281790.0
1544281200,0.1287,0.13521,0.12871,0.131566,422370.0
1544284800,0.130601,0.133976,0.131566,0.132117,375910.0
1544288400,0.131135,0.132874,0.132025,0.131988,90885.0
1544292000,0.132231,0.1349,0.132354,0.1336,230117.0
1544295600,0.13078,0.134453,0.1336,0.132145,215588.0
1544299200,0.130831,0.13346,0.132144,0.131735,148859.0
1544302800,0.127905,0.133437,0.132153,0.130175,239030.0
1544306400,0.129,0.141,0.130001,0.141,340601.0
1544310000,0.133693,0.144679,0.135373,0.134934,481091.0
1544313600,0.134082,0.137,0.134795,0.136252,125300.0
1544317200,0.134259,0.136383,0.136227,0.135531,94972.0
1544320800,0.135,0.137503,0.135763,0.137174,65017.0
1544324400,0.135103,0.137257,0.13715,0.13586,75952.0
1544328000,0.135,0.143557,0.136257,0.138278,258920.0
1544331600,0.138117,0.143504,0.138142,0.139518,150956.0
1544335200,0.138,0.13985,0.139527,0.139162,128182.0
1544338800,0.138071,0.139801,0.139091,0.138702,111152.0
1544342400,0.136541,0.144167,0.1385,0.138217,485813.0
1544346000,0.137738,0.141,0.138325,0.138572,101859.0
1544349600,0.135209,0.138534,0.138533,0.136303,231988.0
1544353200,0.135318,0.13846,0.136414,0.138183,45510.0
1544356800,0.136948,0.138604,0.138136,0.137611,94550.0
1544360400,0.137367,0.141,0.137417,0.139998,168179.0
1544364000,0.138483,0.1466,0.140103,0.141378,427269.0
1544367600,0.139615,0.146,0.141096,0.145988,229518.0
1544371200,0.144244,0.147969,0.145796,0.147968,380196.0
1544374800,0.14472,0.149,0.147968,0.145832,510572.0
1544378400,0.1444,0.146998,0.145703,0.145347,400843.0
1544382000,0.141382,0.146439,0.145166,0.142778,379370.0
1544385600,0.141844,0.1455,0.142778,0.143645,381141.0
1544389200,0.1414,0.143946,0.14356,0.141729,222286.0
1544392800,0.14001,0.142,0.141665,0.140765,152792.0
1544396400,0.140605,0.141999,0.140723,0.14173,74921.0
1544400000,0.140806,0.143572,0.1416,0.142404,129850.0
1544403600,0.1421,0.144,0.142418,0.142629,81371.0
1544407200,0.140124,0.142673,0.142605,0.14076,183748.0
1544410800,0.139145,0.142,0.140696,0.141972,88019.0
1544414400,0.140749,0.141973,0.141972,0.141365,33221.0
1544418000,0.140518,0.141512,0.141484,0.140851,60267.0
1544421600,0.138003,0.14157,0.140827,0.139285,131226.0
1544425200,0.138,0.14117,0.1393,0.140785,57450.0
1544428800,0.137512,0.140762,0.140731,0.139601,36827.0
1544432400,0.138002,0.139997,0.139601,0.139598,61354.0
1544436000,0.138406,0.139854,0.139854,0.139759,114521.0
1544439600,0.1395,0.1404,0.139828,0.139924,50662.0
1544443200,0.137461,0.139801,0.139801,0.1388,106172.0
1544446800,0.1385,0.139992,0.138501,0.13998,38606.0
1544450400,0.136501,0.139981,0.139981,0.136835,120774.0
1544454000,0.132201,0.141391,0.137106,0.135027,464155.0
1544457600,0.134011,0.139451,0.135026,0.137504,182109.0
1544461200,0.1347,0.137662,0.137503,0.137307,158769.0
1544464800,0.1335,0.137804,0.136802,0.134103,144356.0
1544468400,0.132,0.137,0.133729,0.132346,424865.0
1544472000,0.132,0.135912,0.132738,0.134595,184924.0
1544475600,0.133172,0.136996,0.134595,0.135,170606.0
1544479200,0.1335,0.138249,0.134816,0.1354,243162.0
1544482800,0.13359,0.137,0.1354,0.13543,202887.0
1544486400,0.13426,0.135457,0.135429,0.135327,103218.0
1544490000,0.133891,0.140298,0.134956,0.135508,579936.0
1544493600,0.13495,0.138819,0.136058,0.1353,210660.0
1544497200,0.1345,0.1372,0.135419,0.136399,66930.0
1544500800,0.136399,0.137482,0.136399,0.137198,100774.0
1544504400,0.136879,0.139125,0.136883,0.13775,173213.0
1544508000,0.136908,0.138685,0.137585,0.137026,70066.0
1544511600,0.1356,0.1374,0.137026,0.137342,133540.0
1544515200,0.135606,0.1376,0.136666,0.1376,39450.0
1544518800,0.13628,0.1381,0.1376,0.136551,33898.0
1544522400,0.133,0.1371,0.136732,0.133632,114712.0
1544526000,0.133,0.134528,0.133,0.133996,71072.0
1544529600,0.133,0.1369,0.133589,0.134039,95620.0
1544533200,0.132546,0.13823,0.133999,0.134421,177630.0
1544536800,0.132544,0.134338,0.134338,0.133461,163940.0
1544540400,0.132942,0.1368,0.133734,0.132942,116154.0
1544544000,0.131814,0.137,0.133623,0.133828,330827.0
1544547600,0.133006,0.137699,0.133649,0.134003,155880.0
1544551200,0.133508,0.135,0.134201,0.134659,99516.0
1544554800,0.132574,0.1356,0.13461,0.133946,268069.0
1544558400,0.132121,0.134773,0.133958,0.134773,233605.0
1544562000,0.13461,0.1375,0.134796,0.136129,181575.0
1544565600,0.1355,0.136227,0.136128,0.135501,89404.0
1544569200,0.133875,0.135501,0.135501,0.134967,104083.0
1544572800,0.132904,0.135071,0.134071,0.134259,100784.0
1544576400,0.134256,0.138111,0.134259,0.1356,247387.0
1544580000,0.1352,0.137251,0.135601,0.13647,58069.0
1544583600,0.1352,0.136788,0.136524,0.136749,124626.0
1544587200,0.135644,0.137499,0.1367,0.137497,41624.0
1544590800,0.136614,0.1375,0.137497,0.1375,162607.0
1544594400,0.1375,0.139,0.1375,0.138377,98217.0
1544598000,0.138065,0.138999,0.138527,0.138901,52397.0
1544601600,0.138899,0.139,0.138999,0.138999,85131.0
1544605200,0.138945,0.139899,0.138999,0.139785,21203.0
1544608800,0.13975,0.1417,0.139849,0.1408,84087.0
1544612400,0.140008,0.145,0.140489,0.140793,260669.0
