1541631600,6492.99,6499.9,6499.81,6499.89,76.52
1541632500,6499.33,6501.01,6499.76,6500.94,27.61
1541633400,6499.28,6501.01,6500.93,6501.0,33.17
1541634300,6499.1,6504.0,6500.51,6503.12,34.09
1541635200,6502.3,6509.95,6503.12,6509.94,94.74
1541636100,6507.09,6510.0,6509.95,6507.1,42.02
1541637000,6507.09,6510.69,6507.09,6510.69,23.63
1541637900,6503.32,6511.88,6510.68,6503.33,79.55
1541638800,6503.33,6504.9,6503.33,6504.9,20.76
1541639700,6504.89,6506.5,6504.9,6504.89,44.3
1541640600,6498.95,6504.9,6504.9,6498.95,25.26
1541641500,6492.35,6498.95,6498.95,6492.91,78.72
1541642400,6492.9,6493.83,6492.91,6493.47,39.64
1541643300,6492.95,6499.86,6493.04,6499.01,22.48
1541644200,6455.01,6500.0,6499.0,6466.22,217.59
1541645100,6454.1,6469.4,6466.21,6467.27,125.11
1541646000,6461.37,6467.27,6467.26,6464.0,75.5
1541646900,6454.1,6464.01,6464.0,6458.2,116.47
1541647800,6441.01,6458.21,6458.21,6450.0,237.68
1541648700,6441.03,6450.01,6450.0,6443.72,58.99
1541649600,6441.0,6450.01,6443.72,6450.0,91.8
1541650500,6450.0,6455.16,6450.0,6455.16,42.15
1541651400,6452.53,6457.07,6455.58,6455.0,66.7
1541652300,6454.99,6455.01,6454.99,6455.0,34.52
1541653200,6452.14,6455.45,6455.07,6453.33,24.96
1541654100,6452.13,6457.0,6453.31,6456.79,22.67
1541655000,6450.19,6456.79,6456.78,6450.2,16.49
1541655900,6450.0,6450.2,6450.19,6450.01,23.7
1541656800,6450.0,6451.22,6450.0,6451.22,30.86
1541657700,6451.21,6451.22,6451.22,6451.22,9.65
1541658600,6450.28,6451.22,6451.21,6450.29,10.34
1541659500,6450.28,6450.29,6450.28,6450.29,16.88
1541660400,6450.28,6450.29,6450.28,6450.29,23.6
1541661300,6450.28,6450.29,6450.29,6450.28,5.81
1541662200,6450.28,6454.58,6450.28,6454.58,23.82
1541663100,6454.57,6456.0,6454.57,6455.38,15.15
1541664000,6455.37,6457.74,6455.37,6457.74,6.68
1541664900,6457.73,6460.23,6457.73,6460.23,13.29
1541665800,6455.37,6460.23,6460.22,6455.38,8.76
1541666700,6451.0,6455.38,6455.37,6451.0,9.85
1541667600,6451.0,6451.01,6451.0,6451.01,13.01
1541668500,6450.0,6451.01,6451.0,6450.0,18.88
1541669400,6450.0,6451.01,6450.0,6451.01,12.86
1541670300,6451.0,6451.46,6451.0,6451.46,6.81
1541671200,6451.45,6451.99,6451.45,6451.99,21.29
1541672100,6451.98,6455.0,6451.98,6454.61,16.01
1541673000,6453.0,6456.0,6454.62,6455.99,17.19
1541673900,6455.99,6461.97,6455.99,6460.01,19.48
1541674800,6460.0,6462.0,6460.0,6462.0,7.86
1541675700,6461.99,6464.99,6461.99,6464.99,11.96
1541676600,6464.53,6464.99,6464.98,6464.54,5.07
1541677500,6452.5,6464.54,6464.53,6454.58,53.03
1541678400,6454.57,6460.15,6454.57,6460.15,33.7
1541679300,6460.14,6462.94,6460.14,6462.94,17.2
1541680200,6462.93,6471.8,6462.94,6466.05,42.14
1541681100,6466.04,6473.98,6466.04,6472.91,32.37
1541682000,6464.3,6473.98,6472.9,6472.36,34.83
1541682900,6470.31,6473.47,6472.35,6470.33,19.6
1541683800,6470.32,6480.0,6470.32,6480.0,27.29
1541684700,6474.51,6482.41,6480.0,6478.25,37.98
1541685600,6474.51,6478.25,6478.25,6474.52,24.8
1541686500,6470.63,6479.0,6474.51,6479.0,34.77
1541687400,6479.87,6490.34,6479.87,6486.01,134.3
1541688300,6485.94,6486.01,6486.0,6485.94,36.86
1541689200,6482.0,6486.39,6485.94,6482.01,32.93
1541690100,6467.86,6482.01,6482.01,6467.87,52.72
1541691000,6467.86,6468.99,6467.87,6468.99,43.37
1541691900,6462.26,6468.99,6468.98,6462.27,63.59
1541692800,6388.0,6462.27,6462.27,6422.79,810.54
1541693700,6403.25,6422.0,6422.0,6417.24,155.65
1541694600,6411.94,6423.0,6417.23,6417.23,70.09
1541695500,6415.12,6431.47,6417.23,6427.02,189.19
1541696400,6418.75,6427.02,6427.02,6418.76,32.09
1541697300,6408.88,6418.76,6418.75,6410.02,46.69
1541698200,6410.01,6422.59,6410.02,6419.72,54.42
1541699100,6419.71,6424.16,6419.71,6424.16,45.29
1541700000,6424.15,6430.27,6424.16,6424.55,68.97
1541700900,6424.0,6427.03,6424.54,6424.01,29.88
1541701800,6416.96,6424.01,6424.0,6417.71,39.84
1541702700,6417.7,6418.99,6417.7,6418.99,32.7
1541703600,6415.13,6418.99,6418.99,6415.14,44.1
1541704500,6415.13,6415.15,6415.14,6415.14,6.45
1541705400,6415.13,6416.0,6415.13,6416.0,24.32
1541706300,6415.99,6416.0,6416.0,6416.0,37.31
1541707200,6415.99,6423.78,6416.0,6423.77,59.61
1541708100,6422.34,6425.0,6423.77,6422.44,91.9
1541709000,6421.0,6422.45,6422.45,6422.45,37.95
1541709900,6419.05,6423.53,6422.45,6419.06,59.69
1541710800,6419.05,6428.18,6419.05,6426.0,73.29
1541711700,6425.55,6426.0,6425.99,6425.97,44.47
1541712600,6421.0,6425.98,6425.97,6421.14,52.57
1541713500,6419.0,6421.14,6421.14,6419.01,37.13
1541714400,6418.62,6419.01,6419.01,6418.63,45.5
1541715300,6418.62,6424.94,6418.62,6424.93,39.65
1541716200,6422.78,6424.98,6424.93,6424.9,38.07
1541717100,6410.02,6424.91,6424.9,6410.03,61.74
1541718000,6410.0,6410.03,6410.03,6410.02,43.7
1541718900,6402.0,6410.02,6410.02,6408.99,149.32
1541719800,6408.98,6410.03,6408.99,6409.0,30.7
1541720700,6405.04,6409.0,6408.99,6406.24,52.81
1541721600,6406.24,6407.0,6406.24,6407.0,60.18
1541722500,6406.99,6411.0,6407.0,6410.99,28.97
1541723400,6407.46,6413.21,6410.99,6410.48,47.13
1541724300,6408.79,6415.0,6410.47,6412.35,39.17
1541725200,6409.03,6414.51,6412.35,6411.99,32.08
1541726100,6406.0,6411.99,6411.98,6407.29,49.68
1541727000,6407.28,6407.29,6407.28,6407.29,21.17
1541727900,6407.28,6409.88,6407.28,6409.38,27.42
1541728800,6409.37,6409.99,6409.37,6409.91,31.37
1541729700,6407.98,6409.99,6409.91,6409.99,26.84
1541730600,6406.75,6409.99,6409.99,6406.76,43.76
1541731500,6393.01,6406.75,6406.75,6393.02,126.44
1541732400,6393.01,6399.8,6393.01,6395.52,81.21
1541733300,6395.52,6398.0,6395.53,6397.99,55.33
1541734200,6397.99,6398.0,6397.99,6398.0,33.28
1541735100,6397.99,6399.77,6397.99,6399.77,20.64
1541736000,6399.76,6405.35,6399.76,6404.0,84.06
1541736900,6401.0,6405.0,6404.03,6401.8,25.23
1541737800,6401.79,6405.0,6401.79,6405.0,85.27
1541738700,6402.42,6405.0,6405.0,6402.43,20.96
1541739600,6402.42,6404.38,6402.42,6402.47,35.11
1541740500,6402.42,6402.47,6402.47,6402.43,9.62
1541741400,6402.42,6402.43,6402.42,6402.43,14.36
1541742300,6402.42,6402.43,6402.42,6402.43,25.48
1541743200,6402.42,6402.43,6402.42,6402.43,22.84
1541744100,6402.42,6402.43,6402.42,6402.42,33.89
1541745000,6402.42,6402.47,6402.42,6402.47,19.46
1541745900,6402.46,6402.47,6402.46,6402.47,12.79
1541746800,6402.46,6403.0,6402.46,6403.0,15.14
1541747700,6402.99,6404.0,6402.99,6403.99,15.94
1541748600,6403.99,6405.0,6403.99,6404.99,25.93
1541749500,6404.99,6405.0,6404.99,6404.99,33.08
1541750400,6404.99,6405.35,6404.99,6405.34,18.88
1541751300,6405.34,6405.35,6405.34,6405.35,14.03
1541752200,6405.34,6405.35,6405.34,6405.35,16.53
1541753100,6402.0,6405.35,6405.34,6402.01,12.36
1541754000,6388.0,6402.01,6402.0,6388.01,45.07
1541754900,6380.0,6390.0,6388.0,6389.01,76.62
1541755800,6335.62,6389.01,6389.0,6343.7,511.83
1541756700,6335.62,6355.01,6343.71,6355.01,61.72
1541757600,6345.0,6355.0,6355.0,6352.01,29.31
1541758500,6352.0,6355.0,6352.0,6355.0,25.28
1541759400,6352.0,6357.32,6355.0,6352.01,91.47
1541760300,6352.0,6354.99,6352.0,6354.99,20.55
1541761200,6354.08,6354.99,6354.98,6354.99,11.58
1541762100,6354.52,6355.0,6354.99,6355.0,12.97
1541763000,6354.99,6358.0,6354.99,6355.2,19.76
1541763900,6352.76,6355.64,6355.2,6352.76,36.67
1541764800,6352.55,6358.12,6352.76,6357.33,29.86
1541765700,6357.0,6357.33,6357.32,6357.01,19.26
1541766600,6357.0,6360.66,6357.0,6359.85,17.09
1541767500,6359.84,6361.2,6359.84,6361.14,19.82
1541768400,6352.19,6361.14,6361.14,6357.03,44.1
1541769300,6357.02,6357.04,6357.03,6357.02,28.14
1541770200,6332.45,6357.03,6357.02,6340.0,109.99
1541771100,6339.99,6353.6,6340.0,6353.59,32.15
1541772000,6347.0,6354.03,6353.6,6347.0,28.89
1541772900,6337.16,6347.01,6347.0,6338.0,41.17
1541773800,6311.46,6338.01,6338.0,6324.89,219.12
1541774700,6324.89,6341.32,6324.89,6341.32,47.53
1541775600,6334.99,6342.2,6341.31,6338.54,37.16
1541776500,6336.66,6344.48,6338.53,6338.35,53.8
1541777400,6337.63,6348.0,6338.34,6344.99,28.98
1541778300,6342.02,6347.98,6344.99,6344.7,41.29
1541779200,6341.66,6346.53,6344.69,6344.0,40.73
1541780100,6343.99,6347.55,6343.99,6347.55,29.92
1541781000,6347.54,6349.99,6347.55,6349.99,34.81
1541781900,6349.98,6349.99,6349.98,6349.99,32.77
1541782800,6349.98,6349.99,6349.98,6349.99,27.13
1541783700,6349.98,6349.99,6349.99,6349.99,28.65
1541784600,6347.19,6349.99,6349.98,6347.2,49.88
1541785500,6346.99,6347.2,6347.2,6347.2,36.6
1541786400,6342.05,6347.2,6347.19,6343.63,46.64
1541787300,6343.03,6345.26,6343.62,6345.07,63.91
1541788200,6342.01,6345.07,6345.07,6342.02,63.65
1541789100,6333.01,6342.02,6342.01,6334.49,43.67
1541790000,6331.0,6334.49,6334.48,6331.0,28.36
1541790900,6331.0,6331.01,6331.0,6331.01,58.01
1541791800,6331.0,6337.72,6331.0,6337.72,47.16
1541792700,6337.71,6340.0,6337.71,6340.0,41.25
1541793600,6339.99,6340.0,6340.0,6340.0,39.72
1541794500,6339.99,6341.02,6340.0,6341.02,41.99
1541795400,6341.01,6342.07,6341.02,6342.07,28.11
1541796300,6342.06,6342.07,6342.07,6342.07,29.92
1541797200,6322.02,6342.07,6342.06,6322.02,98.34
1541798100,6311.95,6322.03,6322.03,6312.64,88.51
1541799000,6305.0,6318.89,6312.64,6317.82,135.67
1541799900,6317.81,6331.01,6317.81,6325.83,59.2
1541800800,6323.27,6325.83,6325.83,6323.61,48.19
1541801700,6320.94,6323.61,6323.6,6320.95,22.84
1541802600,6320.94,6322.09,6320.95,6322.08,83.76
1541803500,6322.07,6324.5,6322.07,6324.01,65.68
1541804400,6324.0,6324.01,6324.01,6324.01,34.95
1541805300,6324.0,6334.98,6324.01,6330.5,61.19
1541806200,6330.0,6331.47,6330.49,6331.47,35.36
1541807100,6331.46,6334.9,6331.47,6334.89,34.84
1541808000,6327.46,6334.9,6334.89,6334.39,56.09
1541808900,6334.39,6336.69,6334.39,6336.01,37.78
1541809800,6336.0,6336.01,6336.01,6336.01,27.67
1541810700,6336.0,6336.01,6336.01,6336.01,25.77
1541811600,6336.0,6336.01,6336.01,6336.01,18.56
1541812500,6336.0,6336.01,6336.0,6336.01,18.36
1541813400,6336.0,6336.01,6336.01,6336.01,23.12
1541814300,6336.0,6336.01,6336.0,6336.01,19.03
1541815200,6336.0,6343.89,6336.01,6343.89,26.29
1541816100,6343.88,6345.0,6343.89,6344.8,20.92
1541817000,6341.23,6346.06,6344.8,6341.94,33.98
1541817900,6340.29,6344.31,6344.3,6340.29,22.07
1541818800,6340.27,6341.3,6340.29,6341.3,18.3
1541819700,6341.29,6344.31,6341.29,6344.31,16.71
1541820600,6344.3,6344.69,6344.31,6344.69,12.93
1541821500,6344.68,6344.76,6344.68,6344.76,10.51
1541822400,6342.85,6345.0,6344.75,6345.0,19.72
1541823300,6344.56,6346.91,6344.99,6346.91,28.36
1541824200,6346.9,6347.0,6346.91,6347.0,20.69
1541825100,6346.99,6350.0,6347.0,6350.0,108.55
1541826000,6349.99,6350.0,6349.99,6350.0,17.38
1541826900,6348.11,6350.0,6349.99,6348.73,9.5
1541827800,6348.72,6350.0,6348.73,6350.0,26.69
1541828700,6349.99,6353.6,6349.99,6353.6,42.35
1541829600,6353.59,6359.99,6353.59,6359.29,40.09
1541830500,6353.55,6359.29,6359.29,6355.91,35.21
1541831400,6355.9,6356.62,6355.9,6356.61,17.63
1541832300,6353.55,6356.62,6356.62,6353.55,21.65
1541833200,6353.55,6353.56,6353.55,6353.56,11.77
1541834100,6353.55,6356.9,6353.55,6356.9,12.66
1541835000,6356.89,6359.74,6356.89,6359.73,14.69
1541835900,6357.46,6359.99,6359.74,6357.96,18.12
1541836800,6357.49,6359.02,6357.96,6358.96,6.31
1541837700,6358.95,6358.96,6358.96,6358.96,7.04
1541838600,6358.95,6358.96,6358.95,6358.95,6.18
1541839500,6355.55,6358.96,6358.95,6355.56,10.52
1541840400,6353.55,6355.56,6355.55,6353.56,8.96
1541841300,6353.55,6354.99,6353.55,6354.36,12.5
1541842200,6353.55,6354.11,6354.11,6353.56,7.8
1541843100,6353.32,6353.56,6353.55,6353.33,13.19
1541844000,6350.0,6353.33,6353.32,6350.01,11.31
1541844900,6344.32,6350.01,6350.0,6344.33,19.57
1541845800,6344.32,6344.59,6344.32,6344.58,8.95
1541846700,6341.5,6344.58,6344.58,6341.5,8.62
1541847600,6341.5,6349.61,6341.5,6349.6,9.34
1541848500,6349.6,6349.62,6349.6,6349.62,8.99
1541849400,6349.61,6351.54,6349.61,6351.53,16.16
1541850300,6351.53,6353.42,6351.53,6353.41,8.05
1541851200,6353.41,6359.99,6353.41,6359.99,62.34
1541852100,6359.98,6359.99,6359.98,6359.99,11.93
1541853000,6359.98,6359.99,6359.98,6359.98,16.79
1541853900,6359.98,6363.0,6359.98,6362.98,28.99
1541854800,6362.97,6368.42,6362.97,6368.42,39.71
1541855700,6368.0,6368.56,6368.42,6368.56,26.36
1541856600,6367.47,6368.57,6368.55,6368.57,18.45
1541857500,6364.41,6368.57,6368.57,6365.51,17.39
1541858400,6361.44,6365.51,6365.51,6361.45,15.84
1541859300,6359.23,6361.45,6361.45,6359.93,39.16
1541860200,6359.92,6363.3,6359.93,6363.3,38.53
1541861100,6363.29,6364.46,6363.3,6364.46,34.31
1541862000,6363.1,6364.46,6364.45,6363.11,28.89
1541862900,6360.68,6363.11,6363.11,6361.35,29.34
1541863800,6361.34,6365.0,6361.34,6363.41,26.6
1541864700,6361.05,6363.41,6363.41,6362.82,20.76
1541865600,6361.0,6367.95,6362.82,6367.95,26.37
1541866500,6365.39,6369.99,6367.95,6369.98,32.8
1541867400,6369.97,6369.99,6369.99,6369.98,27.48
1541868300,6369.98,6369.99,6369.99,6369.99,21.34
1541869200,6369.98,6372.36,6369.99,6372.36,25.85
1541870100,6372.35,6374.0,6372.36,6373.99,24.46
1541871000,6373.99,6374.0,6374.0,6373.99,19.22
1541871900,6368.0,6374.0,6374.0,6368.71,29.84
1541872800,6368.0,6368.71,6368.7,6368.01,24.99
1541873700,6361.93,6368.01,6368.0,6366.84,32.99
1541874600,6360.0,6366.84,6366.83,6360.01,21.92
1541875500,6359.0,6360.01,6360.0,6359.01,33.89
1541876400,6359.0,6359.3,6359.01,6359.3,20.34
1541877300,6356.23,6360.98,6359.3,6358.79,54.39
1541878200,6351.41,6359.62,6358.78,6357.39,80.7
1541879100,6357.1,6360.0,6357.39,6358.39,36.35
1541880000,6358.39,6358.4,6358.4,6358.4,21.99
1541880900,6358.39,6361.55,6358.4,6360.03,32.25
1541881800,6360.02,6362.9,6360.03,6362.18,27.41
1541882700,6362.17,6365.0,6362.18,6365.0,25.07
1541883600,6364.99,6367.27,6365.0,6367.27,43.78
1541884500,6367.26,6367.27,6367.26,6367.27,23.38
1541885400,6367.26,6367.27,6367.27,6367.27,19.67
1541886300,6360.01,6367.27,6367.26,6361.26,35.52
1541887200,6361.26,6361.27,6361.26,6361.26,26.12
1541888100,6360.43,6363.92,6361.18,6363.67,15.9
1541889000,6360.81,6364.78,6363.66,6362.57,19.75
1541889900,6360.81,6364.34,6361.81,6363.95,28.65
1541890800,6361.24,6365.0,6363.26,6361.56,20.39
1541891700,6361.19,6362.67,6361.56,6361.2,16.81
1541892600,6350.11,6361.2,6361.2,6355.78,22.44
1541893500,6347.41,6355.77,6355.77,6347.42,77.52
1541894400,6347.41,6353.23,6347.42,6353.23,21.86
1541895300,6351.81,6356.47,6353.23,6355.43,19.14
1541896200,6354.01,6358.18,6355.44,6358.18,27.92
1541897100,6354.31,6358.6,6358.17,6356.97,17.09
1541898000,6356.96,6357.62,6356.97,6356.97,24.09
1541898900,6356.47,6359.53,6356.97,6358.98,21.16
1541899800,6357.99,6358.98,6358.98,6358.0,14.07
1541900700,6357.99,6360.0,6358.0,6360.0,12.63
1541901600,6357.64,6360.0,6359.99,6358.39,18.18
1541902500,6354.93,6358.39,6358.38,6354.93,16.55
1541903400,6354.93,6356.97,6354.94,6355.05,14.66
1541904300,6355.02,6357.99,6356.4,6355.44,18.12
1541905200,6351.0,6357.41,6355.44,6351.06,24.03
1541906100,6351.06,6354.24,6351.07,6353.58,21.55
1541907000,6351.0,6354.24,6354.0,6351.01,15.37
1541907900,6347.42,6351.65,6351.0,6351.65,22.21
1541908800,6349.13,6353.83,6351.64,6351.77,22.72
1541909700,6351.52,6353.37,6351.76,6353.18,12.04
1541910600,6351.26,6354.75,6353.19,6353.88,20.77
1541911500,6353.07,6353.89,6353.88,6353.32,14.55
1541912400,6350.0,6353.32,6353.32,6352.09,37.44
1541913300,6350.61,6353.53,6352.09,6351.39,17.31
1541914200,6350.03,6352.39,6351.37,6350.04,18.62
1541915100,6347.57,6350.04,6350.04,6350.04,10.32
1541916000,6350.03,6353.27,6350.03,6350.68,18.25
1541916900,6350.67,6354.82,6350.67,6354.33,14.94
1541917800,6352.16,6357.33,6353.77,6357.33,39.28
1541918700,6356.27,6357.33,6357.32,6356.28,7.19
1541919600,6356.27,6358.82,6356.28,6358.43,11.27
1541920500,6356.99,6358.72,6358.42,6357.0,7.75
1541921400,6356.0,6357.27,6356.99,6356.01,10.67
1541922300,6355.64,6358.88,6356.01,6358.88,18.9
1541923200,6358.87,6359.99,6358.87,6359.99,16.53
1541924100,6359.21,6359.99,6359.98,6359.99,12.47
1541925000,6357.16,6359.99,6359.99,6359.6,7.66
1541925900,6357.27,6359.75,6359.6,6358.34,5.73
1541926800,6353.59,6358.34,6358.33,6358.0,11.72
1541927700,6357.52,6358.0,6357.99,6357.64,2.35
1541928600,6353.5,6357.61,6357.61,6353.51,8.68
1541929500,6352.0,6354.5,6353.51,6352.65,7.58
1541930400,6345.13,6352.89,6352.65,6345.99,20.46
1541931300,6345.99,6354.06,6345.99,6354.04,10.25
1541932200,6349.9,6355.0,6354.05,6349.91,6.62
1541933100,6347.41,6349.91,6349.9,6348.17,3.99
1541934000,6347.41,6348.17,6348.16,6348.17,5.51
1541934900,6345.36,6350.0,6348.16,6349.08,7.76
1541935800,6345.06,6350.0,6349.08,6345.06,4.97
1541936700,6343.0,6345.05,6345.05,6343.42,8.33
1541937600,6343.0,6343.43,6343.41,6343.43,6.19
1541938500,6343.42,6343.43,6343.42,6343.43,8.65
1541939400,6342.32,6344.88,6343.42,6343.47,7.42
1541940300,6342.65,6344.88,6343.47,6343.25,5.03
1541941200,6343.03,6345.0,6343.26,6345.0,10.34
1541942100,6342.23,6347.91,6344.99,6343.87,15.74
1541943000,6340.84,6345.0,6343.87,6340.84,15.98
1541943900,6329.64,6340.17,6340.16,6333.68,33.97
1541944800,6333.0,6337.04,6333.68,6334.55,11.34
1541945700,6332.03,6338.0,6334.54,6336.47,10.76
1541946600,6335.0,6339.39,6336.65,6339.39,13.16
1541947500,6337.8,6339.39,6338.36,6337.81,14.82
1541948400,6328.84,6339.39,6337.81,6333.65,21.04
1541949300,6328.32,6335.39,6333.65,6332.78,28.12
1541950200,6271.15,6332.78,6332.78,6296.45,329.9
1541951100,6287.76,6309.88,6296.46,6308.99,41.01
1541952000,6296.5,6310.13,6308.99,6310.13,42.27
1541952900,6310.12,6322.18,6310.13,6314.01,32.62
1541953800,6305.0,6314.41,6314.0,6308.47,18.92
1541954700,6306.52,6312.59,6308.41,6310.0,17.91
1541955600,6307.54,6313.18,6310.0,6308.09,25.93
1541956500,6306.28,6310.0,6308.08,6310.0,20.46
1541957400,6309.12,6319.68,6310.0,6319.0,44.79
1541958300,6310.55,6320.0,6319.0,6315.0,27.27
1541959200,6314.99,6316.95,6315.0,6316.95,21.08
1541960100,6314.99,6320.0,6316.94,6320.0,35.83
1541961000,6319.0,6320.0,6319.99,6320.0,22.16
1541961900,6310.17,6320.0,6320.0,6320.0,77.73
1541962800,6318.15,6330.0,6320.0,6330.0,30.05
1541963700,6325.01,6330.0,6330.0,6325.02,19.33
1541964600,6321.22,6329.99,6325.02,6325.61,24.32
1541965500,6321.22,6326.33,6325.61,6323.51,27.07
1541966400,6323.5,6329.86,6323.51,6329.31,22.84
1541967300,6327.26,6329.99,6329.32,6328.01,26.58
1541968200,6325.73,6328.01,6328.01,6326.74,33.37
1541969100,6325.85,6329.92,6326.74,6328.61,29.46
1541970000,6325.0,6328.62,6328.61,6325.07,21.84
1541970900,6323.08,6325.07,6325.07,6324.27,24.05
1541971800,6321.22,6325.01,6324.26,6322.55,34.29
1541972700,6315.34,6322.56,6322.55,6316.22,21.93
1541973600,6312.02,6317.33,6315.66,6314.61,41.47
1541974500,6312.3,6314.72,6314.6,6313.53,22.69
1541975400,6313.08,6314.22,6314.13,6313.87,15.98
1541976300,6310.0,6313.87,6313.87,6312.56,17.82
1541977200,6311.0,6313.87,6312.56,6313.86,23.78
1541978100,6313.87,6319.29,6313.87,6314.84,33.54
1541979000,6314.83,6327.24,6314.83,6325.86,90.68
1541979900,6325.86,6359.95,6325.86,6357.6,110.74
1541980800,6357.6,6383.59,6357.6,6373.24,160.45
1541981700,6373.22,6376.62,6373.23,6375.56,35.83
1541982600,6365.0,6375.56,6375.56,6371.73,26.97
1541983500,6370.0,6375.0,6371.73,6372.22,23.34
1541984400,6370.6,6373.0,6372.22,6371.1,19.77
1541985300,6359.31,6371.1,6371.1,6360.59,35.84
1541986200,6362.76,6373.0,6362.76,6367.86,34.69
1541987100,6365.96,6367.8,6367.8,6366.6,24.6
1541988000,6363.75,6366.6,6366.6,6365.27,16.25
1541988900,6364.87,6366.67,6365.27,6366.67,25.91
1541989800,6366.66,6372.22,6366.67,6372.22,17.82
1541990700,6371.82,6376.67,6372.21,6375.93,46.4
1541991600,6373.98,6376.67,6375.94,6374.26,11.56
1541992500,6374.26,6374.27,6374.27,6374.27,24.15
1541993400,6365.03,6374.27,6374.27,6365.04,53.05
1541994300,6356.12,6365.04,6365.04,6356.2,33.7
1541995200,6356.19,6361.25,6356.19,6361.25,17.89
1541996100,6360.13,6364.39,6361.24,6364.38,49.26
1541997000,6364.38,6368.25,6364.39,6367.0,14.06
1541997900,6364.01,6367.0,6367.0,6365.63,15.06
1541998800,6364.67,6365.64,6365.63,6364.68,10.11
1541999700,6364.6,6364.7,6364.68,6364.61,21.86
1542000600,6363.0,6364.61,6364.6,6363.0,12.82
1542001500,6362.99,6363.0,6362.99,6363.0,7.53
1542002400,6362.99,6364.7,6363.0,6364.7,18.54
1542003300,6364.69,6364.7,6364.7,6364.7,13.14
1542004200,6360.65,6364.7,6364.7,6360.66,12.23
1542005100,6344.07,6360.66,6360.66,6353.49,31.92
1542006000,6353.48,6353.79,6353.49,6353.78,36.4
1542006900,6353.78,6353.79,6353.79,6353.79,9.7
1542007800,6348.42,6353.79,6353.79,6348.43,31.78
1542008700,6348.15,6348.88,6348.43,6348.88,6.97
1542009600,6342.0,6348.88,6348.87,6343.61,30.96
1542010500,6341.99,6348.88,6343.61,6348.88,32.88
1542011400,6348.88,6353.81,6348.88,6353.81,17.82
1542012300,6351.49,6354.0,6353.81,6353.99,25.71
1542013200,6353.99,6356.75,6354.0,6356.75,33.02
1542014100,6356.74,6358.68,6356.75,6358.67,5.07
1542015000,6358.67,6359.03,6358.68,6359.03,13.55
1542015900,6359.02,6359.09,6359.03,6359.09,16.8
1542016800,6359.08,6359.09,6359.09,6359.08,11.71
1542017700,6353.62,6359.09,6359.08,6353.63,47.42
1542018600,6335.14,6353.63,6353.63,6344.69,85.84
1542019500,6344.69,6348.81,6344.69,6348.8,7.51
