1532573100,8180.46,8200.0,8200.0,8180.49,41.98872797999999
1532574000,8175.1,8185.78,8180.5,8175.1,61.60965403000001
1532574900,8175.1,8186.17,8175.11,8186.17,41.14798763
1532575800,8186.16,8199.0,8186.17,8199.0,114.87700455999999
1532576700,8198.99,8219.99,8199.0,8219.99,118.24034971000003
1532577600,8213.0,8220.0,8219.99,8213.01,51.18738099
1532578500,8198.85,8213.01,8213.01,8201.69,50.199198200000005
1532579400,8197.0,8203.7,8200.31,8197.01,20.53754419
1532580300,8197.0,8220.0,8197.01,8220.0,41.78212219000001
1532581200,8208.21,8220.0,8220.0,8208.22,30.839767569999996
1532582100,8200.79,8208.21,8208.21,8205.7,23.408051859999993
1532583000,8190.0,8208.0,8205.7,8192.6,32.36222237000002
1532583900,8189.72,8195.77,8192.6,8194.25,25.710021750000003
1532584800,8194.25,8199.07,8194.26,8195.0,14.61642545
1532585700,8195.0,8220.18,8195.01,8212.4,52.40054059
1532586600,8212.4,8246.23,8212.41,8243.74,58.827724050000015
1532587500,8229.99,8257.5,8229.99,8257.49,104.56249188999993
1532588400,8255.81,8286.0,8256.0,8259.82,175.16301924
1532589300,8259.81,8283.55,8259.81,8271.0,68.42416932000002
1532590200,8225.0,8271.0,8271.0,8230.34,55.10807128000001
1532591100,8225.0,8230.56,8230.35,8230.56,14.25667945
1532592000,8230.55,8259.98,8230.56,8259.98,30.870760420000003
1532592900,8239.21,8259.98,8259.98,8239.21,37.86823448999999
1532593800,8239.21,8260.0,8239.22,8260.0,21.456149780000004
1532594700,8239.99,8260.0,8260.0,8240.0,78.13111436000001
1532595600,8239.99,8251.83,8240.0,8251.83,22.928684580000006
1532596500,8251.83,8270.0,8251.83,8270.0,21.582061199999995
1532597400,8255.0,8275.32,8269.99,8263.11,24.921751279999995
1532598300,8263.1,8265.0,8263.1,8265.0,10.03757202
1532599200,8263.48,8270.0,8265.0,8270.0,23.13460139
1532600100,8269.99,8290.0,8269.99,8289.97,85.68366771
1532601000,8271.0,8290.0,8289.98,8272.0,26.724356919999998
1532601900,8271.77,8285.0,8272.0,8281.19,35.15627384
1532602800,8250.21,8285.0,8281.19,8250.21,44.39786602
1532603700,8234.8,8260.0,8255.0,8249.37,43.62871860999999
1532604600,8229.67,8249.37,8249.37,8229.68,33.665919309999964
1532605500,8229.67,8247.39,8229.68,8247.39,31.46918321
1532606400,8200.0,8247.39,8247.39,8211.44,200.14528385000006
1532607300,8190.45,8215.0,8211.44,8190.47,59.37435394000001
1532608200,8185.0,8200.0,8190.47,8200.0,62.594899219999995
1532609100,8199.99,8227.01,8200.0,8227.0,63.1886284
1532610000,8219.66,8227.01,8227.01,8220.0,34.11889821999999
1532610900,8229.99,8230.0,8230.0,8230.0,6.04060758
1532611800,8201.27,8230.0,8230.0,8207.48,80.92228881
1532612700,8185.51,8207.48,8207.47,8200.07,217.12477148000002
1532613600,8178.0,8209.5,8200.07,8178.01,97.92997857000002
1532614500,8178.0,8190.07,8178.0,8185.0,90.1632927
1532615400,8184.99,8204.16,8185.0,8193.82,56.50460306
1532616300,8193.81,8210.0,8193.81,8210.0,67.16256474
1532617200,8209.99,8213.22,8210.0,8210.89,42.275930429999995
1532618100,8193.06,8210.89,8210.89,8194.99,74.71855359000003
1532619000,8194.99,8208.61,8195.0,8208.61,35.00233526
1532619900,8200.0,8209.0,8208.61,8201.67,109.38984665
1532620800,8191.0,8202.99,8201.67,8191.01,63.23546364999999
1532621700,8190.0,8195.0,8191.01,8195.0,48.32058344
1532622600,8185.0,8195.0,8195.0,8190.0,60.85938568
1532623500,8189.99,8205.0,8190.0,8205.0,90.95140571999998
1532624400,8204.0,8215.0,8205.0,8214.99,77.42538394
1532625300,8209.4,8217.54,8214.99,8217.53,101.22854417
1532626200,8215.6,8237.55,8217.53,8215.61,134.36053268999993
1532627100,8204.12,8216.51,8216.51,8206.18,128.09160681999998
1532628000,8199.99,8210.0,8207.94,8204.67,100.98186028999999
1532628900,8204.67,8205.0,8204.68,8205.0,49.91841312999999
1532629800,8204.99,8210.0,8205.0,8209.99,59.068806550000005
1532630700,8209.99,8222.75,8210.0,8222.75,48.10843308
1532631600,8222.74,8224.54,8222.75,8224.54,55.44801123
1532632500,8224.53,8227.55,8224.53,8227.54,48.089624470000004
1532633400,8227.54,8227.55,8227.55,8227.55,28.62037756
1532634300,8262.15,8263.0,8262.16,8262.99,28.22852873
1532635200,8250.0,8263.0,8262.99,8255.0,113.89023014000004
1532636100,8255.0,8268.07,8255.0,8268.07,92.62860506
1532637000,8268.06,8287.0,8268.07,8280.0,115.05025419999997
1532637900,8100.0,8280.0,8280.0,8140.49,746.8069483900003
1532638800,8070.0,8141.06,8140.49,8132.57,439.02840348
1532639700,8071.84,8132.57,8132.56,8088.01,299.78336525
1532640600,7952.82,8088.01,8088.01,7996.78,1141.2012150699998
1532641500,7869.0,8000.0,7996.78,7949.99,889.6489557299997
1532642400,7955.36,8011.05,7985.0,7980.01,473.0620060500001
1532643300,7975.0,8043.52,7980.01,7990.01,396.26432421000004
1532644200,7905.0,7997.19,7990.01,7924.98,299.4332156099998
1532645100,7916.46,7960.73,7924.98,7922.6,155.47630699000007
1532646000,7840.0,7922.6,7922.6,7844.4,623.4420076800003
1532646900,7840.0,7891.48,7844.39,7886.89,344.7985575900001
1532647800,7880.99,7917.0,7886.89,7917.0,165.32333009999996
1532648700,7917.0,7940.0,7917.0,7931.99,160.12554063000005
1532649600,7910.24,7932.0,7932.0,7918.83,111.67477265000002
1532650500,7900.0,7923.0,7918.83,7900.0,84.50618946
1532651400,7886.0,7916.75,7886.01,7900.0,85.06450506
1532652300,7883.18,7900.01,7900.01,7892.68,124.23556913
1532653200,7892.69,7908.0,7892.69,7905.59,73.30191409
1532654100,7900.0,7916.0,7905.59,7900.01,75.27337558999999
1532655000,7868.43,7902.84,7900.0,7868.44,144.91433776999997
1532655900,7852.1,7890.0,7868.44,7890.0,106.13079884999999
1532656800,7884.89,7898.8,7890.0,7898.79,94.29987877
1532657700,7896.9,7906.0,7898.8,7899.3,74.61330179000001
1532658600,7899.99,7900.0,7900.0,7900.0,5.49927396
1532659500,7860.0,7900.0,7900.0,7863.9,128.34909192
1532660400,7860.0,7887.31,7863.99,7887.31,94.91280760999999
1532661300,7885.5,7888.01,7887.31,7887.15,41.713213759999995
1532662200,7885.52,7891.43,7887.15,7885.52,51.459039499999996
1532663100,7878.78,7895.88,7885.53,7878.78,95.09669803999998
1532664000,7878.78,7920.84,7878.79,7920.83,58.54116501000001
1532664900,7920.82,7925.0,7920.83,7925.0,46.12325828000001
1532665800,7924.99,7939.8,7925.0,7930.01,72.25606314
1532666700,7930.0,7930.01,7930.0,7930.01,17.518171600000002
1532667600,7930.0,7930.01,7930.01,7930.01,18.64459038
1532668500,7911.12,7930.01,7930.01,7911.62,49.742661589999976
1532669400,7902.8,7914.44,7911.63,7912.34,32.909403139999995
1532670300,7912.33,7920.0,7912.34,7919.54,24.78690884
1532671200,7907.61,7922.17,7919.53,7907.62,40.15806004000001
1532672100,7891.0,7910.0,7907.62,7891.01,46.91465258999999
1532673000,7883.0,7905.0,7891.0,7901.55,66.17667351000001
1532673900,7901.55,7910.0,7901.56,7907.35,13.961204389999999
1532674800,7907.35,7907.36,7907.35,7907.35,7.011899589999999
1532675700,7894.83,7907.36,7907.36,7899.65,21.1298287
1532676600,7888.6,7899.65,7899.64,7889.94,36.161827300000006
1532677500,7889.93,7910.0,7889.94,7910.0,23.273874479999996
1532678400,7909.99,7931.34,7909.99,7930.32,35.77040849
1532679300,7930.69,7930.7,7930.7,7930.69,11.19590756
1532680200,7930.69,7977.68,7930.7,7954.0,39.4939899
1532681100,7954.0,7975.0,7954.0,7962.88,25.819222460000006
1532682000,7966.0,7970.02,7970.02,7966.01,0.68986726
1532682900,7965.0,7976.97,7966.01,7965.01,13.834492459999998
1532683800,7962.23,7975.0,7965.01,7962.24,22.190247269999997
1532684700,7952.9,7962.23,7962.23,7952.9,14.964692460000002
1532685600,7925.0,7952.91,7952.91,7925.0,34.222901130000004
1532686500,7920.0,7925.01,7925.0,7925.0,21.088100569999998
1532687400,7924.99,7940.0,7924.99,7939.99,21.124551509999996
1532688300,7939.99,7955.48,7939.99,7955.45,46.87685465
1532689200,7935.0,7955.46,7955.45,7935.01,45.96471380999999
1532690100,7901.0,7935.01,7935.01,7901.0,61.06176159000001
1532691000,7903.23,7907.39,7903.24,7907.01,18.68499866
1532691900,7907.0,7914.0,7907.0,7914.0,34.920007139999996
1532692800,7913.99,7923.54,7914.0,7918.64,41.328694
1532693700,7885.0,7918.64,7918.64,7885.9,93.88570654
1532694600,7861.0,7885.9,7885.89,7878.0,124.35534008000002
1532695500,7810.0,7878.01,7878.01,7827.0,472.8392297400001
1532696400,7787.29,7857.77,7827.0,7841.49,372.50366649000006
1532697300,7840.0,7875.0,7841.5,7860.0,220.95262583000002
1532698200,7860.0,7880.48,7860.01,7875.69,96.49923086000003
1532699100,7860.13,7875.7,7875.69,7865.1,120.58598843000001
1532700000,7860.0,7870.0,7865.1,7860.25,78.93702308999998
1532700900,7858.67,7860.25,7860.25,7858.68,106.51070409
1532701800,7830.0,7858.68,7858.67,7835.0,130.53033322000002
1532702700,7811.44,7841.86,7834.99,7820.79,309.29219077000005
1532703600,7820.78,8061.42,7820.79,8052.34,847.69363203
1532704500,8031.24,8178.51,8052.33,8155.23,747.8740468600001
1532705400,8111.26,8161.25,8155.25,8144.0,344.52517933
1532706300,8144.5,8160.0,8147.0,8144.51,148.37293364
1532707200,8144.5,8158.0,8144.51,8158.0,137.76142972000002
1532708100,8154.08,8190.0,8158.0,8171.94,444.88085981999996
1532709000,8171.94,8229.0,8171.95,8212.5,671.3100919999999
1532709900,8162.94,8212.51,8212.51,8185.0,172.40870035000003
1532710800,8168.89,8185.0,8185.0,8172.01,59.96547813
1532711700,8154.05,8181.0,8172.01,8159.0,126.40125235999997
1532712600,8158.99,8183.18,8159.0,8169.26,110.07556183999999
1532713500,8169.25,8181.0,8169.25,8176.0,42.32678341999999
1532714400,8175.99,8225.0,8175.99,8210.0,153.67461128000005
1532715300,8205.0,8225.0,8210.0,8225.0,124.58304201
1532716200,8224.99,8262.88,8225.0,8255.24,234.87394626000003
1532717100,8248.16,8276.55,8255.25,8272.37,241.66423910000003
1532718000,8220.0,8272.38,8272.38,8221.0,148.81072647
1532718900,8220.0,8250.0,8221.0,8234.89,164.50111552
1532719800,8200.0,8234.9,8234.9,8212.49,275.4455125699999
1532720700,8203.9,8219.64,8212.49,8204.68,80.22678179000002
1532721600,8204.67,8227.29,8204.67,8212.04,82.33157761000001
1532722500,8218.65,8229.99,8227.49,8218.65,67.59970746
1532723400,8209.22,8218.66,8218.66,8209.42,48.350013979999986
1532724300,8209.41,8229.99,8209.41,8223.67,63.237523679999995
1532725200,8220.73,8229.99,8224.0,8229.99,35.70887875
1532726100,8229.98,8239.99,8229.99,8239.99,50.207102860000006
1532727000,8239.98,8250.0,8239.98,8250.0,154.23364840000005
1532727900,8245.7,8260.0,8249.99,8245.71,52.86479746999999
1532728800,8235.37,8247.38,8245.72,8245.88,42.8117658
1532729700,8229.98,8247.0,8247.0,8235.13,61.38015783999998
1532730600,8235.12,8242.53,8235.12,8235.98,37.848576720000004
1532731500,8235.98,8250.0,8235.98,8250.0,61.30831862999999
1532732400,8249.99,8260.0,8250.0,8260.0,71.55953436000019
1532733300,8176.0,8245.01,8245.01,8198.0,279.92309103000025
1532734200,8133.04,8198.0,8197.99,8139.71,237.41642112000005
1532735100,8135.0,8185.0,8139.71,8184.21,201.43545075000014
1532736000,8181.75,8211.0,8182.64,8181.76,86.72421261000002
1532736900,8162.5,8190.14,8181.76,8162.51,63.86491135999998
1532737800,8162.5,8173.22,8162.51,8173.21,35.00353337
1532738700,8162.62,8173.22,8173.22,8162.63,32.747428580000005
1532739600,8153.01,8162.63,8162.63,8159.0,65.72624653
1532740500,8158.99,8175.0,8159.0,8175.0,118.54844764000002
1532741400,8174.99,8182.16,8174.99,8182.11,51.28299436999999
1532742300,8166.4,8182.11,8182.11,8172.55,46.0480994
1532743200,8170.0,8174.41,8172.54,8174.41,35.57626459
1532744100,8174.4,8190.0,8174.41,8183.08,31.762470299999997
1532745000,8175.0,8183.08,8183.07,8175.01,31.829479080000006
1532745900,8166.0,8180.0,8175.01,8173.63,48.60689133999999
1532746800,8160.0,8173.63,8173.62,8166.11,25.703618610000003
1532747700,8164.28,8171.82,8166.11,8164.28,14.51625399
1532748600,8162.0,8164.29,8164.29,8162.02,19.94454483
1532749500,8155.0,8162.02,8162.02,8156.31,44.73266620000001
1532750400,8156.3,8176.02,8156.31,8176.01,69.71630053999999
1532751300,8176.01,8178.66,8176.02,8178.65,21.392429409999995
1532752200,8178.65,8192.61,8178.66,8192.61,45.84859095000001
1532753100,8192.75,8210.0,8192.75,8210.0,104.26887178000003
1532754000,8214.99,8220.0,8215.0,8219.99,24.871115980000003
1532754900,8207.47,8220.0,8220.0,8207.48,15.570490239999996
1532755800,8207.47,8219.0,8207.47,8217.0,26.171273359999997
1532756700,8174.04,8217.0,8216.99,8174.05,73.03188179
1532757600,8173.77,8182.6,8174.05,8182.6,29.233956160000005
1532758500,8173.77,8182.6,8182.6,8173.77,11.251491529999997
1532759400,8173.77,8181.07,8173.78,8181.07,31.019161760000003
1532760300,8175.91,8193.99,8181.06,8193.99,18.698676259999996
1532761200,8190.0,8193.99,8193.99,8190.01,11.242809379999997
1532762100,8175.55,8188.33,8188.33,8177.65,6.185514369999998
1532763000,8177.64,8195.0,8177.65,8195.0,19.526461389999998
1532763900,8194.99,8195.0,8195.0,8194.99,27.894397719999997
1532764800,8185.61,8200.0,8195.0,8200.0,23.815099279999995
1532765700,8199.99,8203.81,8199.99,8203.8,12.28953744
1532766600,8203.8,8203.81,8203.8,8203.81,8.68284382
1532767500,8198.19,8203.81,8203.81,8198.19,13.77381118
1532768400,8179.47,8198.2,8198.2,8179.48,27.10704821999999
1532769300,8170.0,8179.48,8179.47,8179.47,15.059795349999998
1532770200,8179.47,8179.5,8179.47,8179.49,7.789838069999999
1532771100,8179.49,8185.0,8179.49,8185.0,8.36653704
1532772000,8184.99,8193.93,8185.0,8193.92,9.7652181
1532772900,8193.92,8200.0,8193.92,8200.0,9.09202015
1532773800,8192.47,8200.0,8199.99,8192.47,18.3134616
1532774700,8174.0,8192.48,8192.48,8176.01,34.672379410000005
1532775600,8138.1,8176.01,8176.0,8153.31,143.32082085999997
1532776500,8153.3,8205.85,8153.31,8205.0,107.34287610999999
1532777400,8165.0,8205.0,8204.99,8183.47,61.46025996000001
1532778300,8179.99,8183.41,8179.99,8179.99,4.2473807599999995
1532779200,8170.87,8190.66,8179.99,8184.99,40.714076459999994
1532780100,8184.99,8191.0,8185.0,8191.0,12.02656562
1532781000,8187.01,8195.0,8190.99,8187.02,26.413718310000004
1532781900,8175.0,8187.02,8187.02,8176.15,19.054482450000002
1532782800,8176.14,8190.0,8176.14,8190.0,24.653380609999996
1532783700,8175.0,8190.0,8190.0,8179.47,19.145711269999996
1532784600,8172.0,8179.47,8179.47,8172.01,28.83156592000001
1532785500,8155.21,8172.01,8172.01,8155.21,36.050411390000015
1532786400,8152.63,8155.28,8152.64,8155.27,18.68000912
1532787300,8130.03,8155.52,8155.28,8135.53,83.46170793000006
1532788200,8110.0,8152.66,8135.53,8152.66,196.5020621399999
1532789100,8143.44,8158.9,8152.66,8143.44,42.995066039999976
1532790000,8120.0,8143.45,8143.45,8129.01,28.508056120000003
1532790900,8105.0,8129.01,8129.01,8105.01,83.27719581
1532791800,8081.39,8124.54,8105.01,8106.53,134.36446600000022
1532792700,8065.0,8107.45,8106.53,8107.45,107.06112040999997
1532793600,8107.45,8162.61,8107.45,8155.6,104.57894968000002
1532794500,8152.78,8169.41,8167.92,8154.91,33.129274
1532795400,8148.0,8155.08,8154.91,8155.08,28.82427787
1532796300,8155.07,8179.47,8155.07,8179.46,37.03387229000001
1532797200,8155.04,8179.47,8179.46,8155.09,38.043900229999984
1532798100,8150.0,8190.0,8155.09,8190.0,56.1446660700001
1532799000,8189.99,8210.0,8190.0,8198.29,118.8039393500001
1532799900,8181.0,8198.29,8198.29,8181.0,23.282712689999993
1532800800,8160.5,8181.01,8181.01,8170.19,59.44022202000003
1532801700,8165.23,8170.2,8170.2,8166.45,31.116528920000007
1532802600,8173.6,8175.46,8173.61,8175.46,12.19636399
1532803500,8175.45,8195.66,8175.45,8188.09,38.725717479999986
1532804400,8188.09,8198.29,8188.1,8198.28,26.866616620000006
1532805300,8192.0,8199.98,8198.29,8195.53,31.254904999999994
1532806200,8195.1,8195.54,8195.54,8195.43,52.028580410000004
1532807100,8195.1,8196.0,8195.43,8195.1,27.390251719999995
1532808000,8195.1,8195.11,8195.11,8195.11,20.776992569999997
1532808900,8173.5,8195.11,8195.1,8173.5,47.54362744999999
1532809800,8163.8,8173.51,8173.51,8170.0,36.234194880000004
1532810700,8164.03,8169.99,8169.99,8164.1,13.147520320000002
1532811600,8164.09,8164.1,8164.09,8164.1,13.904325120000001
1532812500,8158.0,8164.1,8164.1,8158.01,25.640261689999992
1532813400,8158.0,8170.2,8158.01,8169.31,26.969384490000003
1532814300,8168.0,8170.19,8169.31,8169.0,24.744211460000002
1532815200,8169.0,8171.84,8169.01,8171.83,15.323157790000003
1532816100,8171.84,8175.0,8171.84,8175.0,27.672136149999996
1532817000,8174.99,8175.0,8175.0,8175.0,36.10461591
1532817900,8174.99,8188.13,8174.99,8186.13,30.982155629999998
1532818800,8175.5,8186.96,8186.14,8175.51,18.780792459999997
1532819700,8175.0,8180.0,8175.51,8179.99,17.615238379999997
1532820600,8182.9,8188.0,8182.9,8188.0,3.322286659999999
1532821500,8187.99,8230.0,8188.0,8228.9,213.6435454
1532822400,8221.34,8272.38,8227.38,8270.0,243.49130563999998
1532823300,8254.13,8289.96,8270.0,8254.99,274.58187495000004
1532824200,8254.99,8264.0,8254.99,8264.0,40.014593820000016
1532825100,8251.63,8264.0,8264.0,8251.87,36.382158
1532826000,8236.4,8250.0,8237.55,8245.3,46.01093664999999
1532826900,8239.91,8245.3,8245.3,8240.9,17.73592052
1532827800,8240.89,8250.96,8240.9,8250.0,33.17375318
1532828700,8249.99,8260.87,8249.99,8260.87,31.464445309999995
1532829600,8260.86,8269.0,8260.87,8269.0,41.47367971000001
1532830500,8238.9,8280.0,8269.0,8251.86,128.27638627
1532831400,8240.91,8251.87,8251.87,8240.92,29.078556279999994
1532832300,8240.91,8244.6,8240.92,8244.6,27.48498046
1532833200,8241.26,8244.6,8244.6,8241.27,17.614297949999997
1532834100,8237.02,8241.27,8241.26,8237.03,28.423391159999976
1532835000,8227.04,8237.03,8237.02,8227.05,39.19643522999999
1532835900,8218.02,8227.05,8227.05,8224.89,34.07781681
1532836800,8204.3,8230.73,8224.88,8223.29,73.29172801999997
1532837700,8185.01,8223.29,8223.29,8194.84,104.74956897999994
1532838600,8194.85,8216.58,8194.85,8200.01,44.74540689999999
1532839500,8192.08,8200.01,8200.01,8192.09,14.28862304
1532840400,8192.08,8192.09,8192.08,8192.09,9.596338110000001
1532841300,8192.08,8204.79,8192.09,8204.78,17.841835789999998
1532842200,8201.04,8218.01,8204.78,8208.83,98.10734574999996
1532843100,8208.82,8208.83,8208.83,8208.83,9.9461629
1532844000,8205.0,8208.83,8208.83,8205.0,8.28693265
1532844900,8204.31,8205.01,8205.01,8204.32,18.46724917
1532845800,8204.31,8204.32,8204.32,8204.32,8.77446785
1532846700,8204.31,8204.32,8204.32,8204.32,6.091227599999999
1532847600,8204.31,8205.0,8204.32,8204.99,14.138331780000001
1532848500,8204.99,8208.83,8205.0,8208.83,12.173194740000001
1532849400,8198.23,8208.83,8208.83,8198.24,27.61336609
1532850300,8177.0,8198.24,8198.24,8177.01,48.55652567999999
1532851200,8137.77,8177.01,8177.0,8138.7,91.69797726000007
1532852100,8138.7,8142.98,8138.71,8142.98,24.21257868
1532853000,8142.0,8149.96,8142.98,8146.92,28.31642921
1532853900,8146.92,8158.35,8146.93,8158.34,14.220198470000001
1532854800,8158.34,8158.35,8158.35,8158.35,7.748407929999999
1532855700,8143.07,8158.35,8158.34,8143.08,31.254643989999998
1532856600,8143.07,8174.15,8143.07,8171.74,11.682209089999995
1532857500,8160.22,8171.74,8171.74,8160.22,7.0686056399999995
1532858400,8155.77,8160.23,8160.23,8158.22,17.885338609999998
1532859300,8159.98,8160.0,8159.99,8159.99,4.27527121
1532860200,8148.0,8160.0,8160.0,8148.0,18.170344549999996
1532861100,8146.02,8148.01,8148.01,8146.03,7.035733209999998
1532862000,8146.02,8146.04,8146.03,8146.04,6.161263880000001
1532862900,8140.0,8146.04,8146.04,8140.01,20.41654694
1532863800,8127.87,8144.01,8140.01,8136.02,40.331587760000005
1532864700,8136.01,8160.92,8136.01,8160.92,15.318969319999999
1532865600,8160.91,8175.1,8160.92,8175.09,29.210912940000004
1532866500,8175.1,8195.0,8175.1,8184.23,37.77983325000001
1532867400,8184.22,8194.25,8184.23,8194.25,14.073622269999998
1532868300,8202.29,8219.99,8215.0,8209.44,25.719824239999994
1532869200,8192.64,8210.0,8209.44,8194.99,70.56125742999998
1532870100,8194.0,8195.0,8195.0,8194.01,11.259219669999998
1532871000,8176.86,8194.01,8194.0,8184.97,17.03792765
1532871900,8184.97,8194.27,8184.98,8193.96,24.205818109999996
1532872800,8192.03,8225.96,8193.95,8222.24,232.36708837000032
1532873700,8217.0,8229.65,8222.24,8228.9,29.507471980000005
1532874600,8216.07,8228.91,8228.9,8216.08,26.770224649999996
1532875500,8205.49,8217.68,8216.08,8214.23,53.28743540000001
1532876400,8205.99,8214.24,8206.0,8214.24,20.881412360000002
1532877300,8212.24,8222.78,8214.24,8222.77,16.581314219999996
1532878200,8202.41,8222.77,8222.77,8213.81,58.169313570000014
1532879100,8213.8,8224.99,8213.81,8221.23,19.990501549999998
1532880000,8200.0,8221.23,8221.23,8200.01,59.769190219999984
1532880900,8200.0,8200.71,8200.01,8200.71,19.157583799999998
1532881800,8185.0,8200.71,8200.71,8185.0,44.361448469999985
1532882700,8166.0,8185.01,8185.0,8177.67,102.68956821999988
1532883600,8177.66,8186.0,8177.67,8185.65,24.28294746
1532884500,8184.99,8191.14,8185.65,8191.14,42.07802279999999
1532885400,8191.28,8194.4,8191.28,8191.29,18.531151310000002
1532886300,8187.16,8191.3,8191.28,8191.29,28.00294601
1532887200,8191.29,8198.26,8191.3,8197.24,23.486709119999997
1532888100,8195.0,8198.95,8197.25,8195.01,33.04201391000001
1532889000,8195.0,8213.93,8195.0,8211.73,51.83818526000029
1532889900,8206.59,8212.45,8211.73,8209.99,22.629286169999993
1532890800,8209.76,8214.83,8210.0,8211.42,35.59619131999999
1532891700,8205.19,8211.43,8211.42,8208.25,23.104794950000002
1532892600,8205.61,8209.0,8208.24,8206.69,19.45959674
1532893500,8206.18,8211.32,8206.69,8211.31,20.402686309999996
1532894400,8206.18,8214.83,8211.32,8206.19,25.765489639999995
1532895300,8200.53,8209.75,8206.19,8207.25,38.927174089999994
1532896200,8205.46,8207.26,8207.26,8205.47,29.42826101
1532897100,8192.51,8205.49,8205.46,8193.33,39.862269270000006
1532898000,8193.33,8204.41,8193.33,8200.95,26.12999873999999
1532898900,8200.55,8205.0,8200.95,8204.72,22.01328333
1532899800,8190.0,8204.73,8204.73,8190.01,56.53331591999999
1532900700,8191.5,8191.51,8191.5,8191.51,1.6126359700000001
1532901600,8178.66,8191.5,8191.5,8183.06,49.42191856
1532902500,8183.05,8183.06,8183.05,8183.06,25.4834689
1532903400,8183.05,8193.76,8183.06,8192.99,33.954597929999984
1532904300,8183.71,8194.03,8192.99,8190.0,24.026950620000008
1532905200,8189.99,8198.85,8190.0,8198.79,25.605750080000004
1532906100,8198.78,8229.99,8198.79,8229.99,137.6969804800001
1532907000,8229.98,8270.0,8229.99,8245.01,269.2799186100001
1532907900,8203.58,8245.01,8245.01,8216.34,133.33508745999995
1532908800,8080.0,8216.34,8216.33,8100.01,610.0213111100003
1532909700,8100.0,8132.68,8100.0,8125.8,62.30106676
1532910600,8100.0,8125.81,8125.81,8100.0,97.6367365
1532911500,8086.01,8160.0,8099.0,8160.0,164.68475550000002
1532912400,8137.99,8160.0,8160.0,8149.66,66.57486967999999
1532913300,8149.65,8200.0,8149.66,8200.0,71.56830424999995
1532914200,8200.0,8274.92,8200.0,8211.45,403.50851301000006
1532915100,8195.0,8226.11,8211.45,8209.41,63.96188570000004
1532916000,8195.0,8209.41,8209.4,8195.0,33.02012784
1532916900,8195.0,8201.89,8195.01,8201.89,41.05403647
1532917800,8201.88,8210.0,8201.89,8203.01,33.698921750000004
1532918700,8192.99,8193.0,8193.0,8192.99,1.7627018600000002
1532919600,8192.99,8210.03,8193.0,8210.02,42.131196159999995
1532920500,8210.02,8213.34,8210.02,8210.06,25.463367419999997
1532921400,8199.75,8210.06,8210.05,8199.75,21.2656163
1532922300,8171.21,8199.76,8199.76,8182.68,39.68054739
1532923200,8172.75,8190.01,8182.68,8190.0,37.54485944999998
1532924100,8164.75,8190.0,8190.0,8164.76,88.05432168999998
1532925000,8164.75,8164.76,8164.75,8164.76,13.058302990000003
1532925900,8164.75,8175.0,8164.75,8175.0,22.48652395
1532926800,8174.99,8186.54,8174.99,8186.53,25.204543889999997
1532927700,8179.99,8185.55,8185.55,8180.0,9.84001756
1532928600,8171.51,8180.0,8180.0,8175.82,16.671280390000007
1532929500,8175.81,8177.5,8175.82,8177.5,7.90076983
1532930400,8177.49,8180.0,8177.49,8180.0,16.16404765
1532931300,8148.88,8180.0,8180.0,8148.89,59.125087640000054
1532932200,8147.03,8165.0,8148.89,8164.99,28.88767871999998
1532933100,8118.42,8164.99,8164.99,8136.33,150.42545607
1532934000,8115.88,8147.64,8139.57,8115.89,83.06081617999999
1532934900,8115.88,8143.2,8115.89,8143.19,27.74142506
1532935800,8137.7,8139.78,8139.78,8137.71,19.313183740000007
1532936700,8133.77,8150.0,8137.7,8150.0,104.23559155000001
1532937600,8150.0,8187.0,8150.0,8170.7,46.98298827000006
1532938500,8169.31,8173.31,8170.7,8169.32,19.032704419999995
1532939400,8157.39,8169.31,8169.31,8157.39,10.567725800000002
1532940300,8151.08,8157.4,8157.4,8156.2,12.755066729999996
1532941200,8145.21,8156.2,8156.19,8154.85,18.753974119999995
1532942100,8148.28,8161.99,8154.86,8161.98,8.84744748
1532943000,8159.3,8165.0,8161.99,8160.0,28.04456746
1532943900,8154.87,8160.0,8160.0,8154.88,11.844515639999997
1532944800,8154.87,8157.86,8154.88,8157.85,15.071745660000001
1532945700,8141.95,8157.86,8157.86,8141.96,32.87904891999999
1532946600,8137.64,8141.96,8141.96,8139.99,19.048494229999996
1532947500,8134.79,8140.0,8139.99,8139.99,26.278045869999993
1532948400,8134.0,8140.0,8139.99,8134.0,30.69664868
1532949300,8119.5,8134.01,8134.0,8130.0,25.928381830000003
1532950200,8123.09,8135.0,8130.0,8127.34,29.80825287
1532951100,8127.33,8155.04,8127.34,8155.03,54.81891046000001
1532952000,8141.24,8160.0,8155.04,8144.33,47.32652677000001
1532952900,8131.95,8141.85,8137.17,8141.84,15.231628899999997
1532953800,8125.0,8141.85,8141.84,8125.01,32.82178584
1532954700,8125.0,8140.27,8125.01,8139.98,51.20716963
1532955600,8129.3,8139.99,8139.99,8135.0,71.17659566999998
1532956500,8124.43,8135.0,8135.0,8124.53,24.978263139999996
1532957400,8096.96,8124.53,8124.53,8106.57,115.54740607999996
1532958300,8106.57,8118.24,8106.57,8114.99,48.28048431999999
1532959200,8114.99,8130.0,8114.99,8129.99,66.35147428000002
1532960100,8124.99,8130.0,8129.99,8126.0,48.06456983999999
1532961000,8124.99,8130.05,8125.99,8127.01,59.91143313999999
1532961900,8124.99,8200.0,8127.0,8176.68,209.06533259000005
1532962800,8150.59,8180.0,8176.68,8151.84,73.18558286
1532963700,8142.0,8152.0,8151.85,8151.99,148.69656275999995
1532964600,8131.33,8152.0,8152.0,8133.21,48.844047529999976
1532965500,8107.45,8133.22,8133.21,8115.0,100.73878382000004
1532966400,8090.0,8130.0,8115.0,8090.01,120.40823640999999
1532967300,8069.23,8100.0,8090.0,8097.0,242.74004668999993
1532968200,8092.46,8109.0,8097.0,8108.99,69.27258615000001
1532969100,8108.0,8114.0,8109.99,8114.0,15.38826915
1532970000,8086.0,8118.1,8113.99,8086.0,86.98117208000004
1532970900,8073.0,8086.01,8086.0,8077.0,95.39450522000001
1532971800,7956.35,8077.01,8077.01,7989.0,884.0987688399999
1532972700,7880.0,7989.01,7989.01,7902.44,712.9539580199997
1532973600,7850.0,7925.0,7902.43,7917.37,714.0387596199996
1532974500,7892.5,7925.0,7917.37,7920.0,193.48245705000002
1532975400,7915.99,7959.0,7920.0,7950.0,212.91339607999993
1532976300,7943.52,7963.33,7950.01,7951.29,220.71463776000002
1532977200,7980.99,8024.0,7981.0,7990.01,123.98241563999996
1532978100,7986.18,8034.0,7990.01,8034.0,151.4160578
1532979000,8033.99,8095.08,8033.99,8085.0,258.1533018
1532979900,8071.38,8130.0,8085.0,8105.27,303.34075918000025
1532980800,8060.53,8121.0,8105.28,8099.99,176.85239588
1532981700,8099.0,8164.91,8099.99,8164.91,314.2492276599998
1532982600,8114.49,8178.0,8164.9,8130.0,163.60765367999997
1532983500,8105.02,8146.16,8129.99,8146.15,112.34544467
1532984400,8115.86,8150.0,8146.15,8124.49,71.68680071000001
1532985300,8115.5,8125.27,8125.27,8116.0,29.32191844999999
1532986200,8110.0,8116.0,8116.0,8113.0,50.912621660000006
1532987100,8110.53,8116.0,8112.99,8112.52,50.25075302
1532988000,8112.51,8149.8,8112.52,8147.02,105.54239058999991
1532988900,8147.02,8199.99,8148.17,8175.0,311.77632069000003
1532989800,8160.0,8175.0,8174.99,8169.58,79.93852784999999
1532990700,8158.52,8180.0,8169.59,8163.01,71.79161259000001
1532991600,8163.01,8174.95,8163.01,8166.02,92.00502541000002
1532992500,8166.01,8175.56,8166.02,8171.01,61.692745719999984
1532993400,8167.51,8171.02,8171.02,8169.98,73.07980286
1532994300,8169.98,8189.99,8169.98,8170.01,139.14669270000002
1532995200,8110.5,8173.57,8170.01,8161.28,199.70048424000007
1532996100,8134.7,8159.02,8159.02,8138.03,48.23859414
1532997000,8131.64,8148.46,8138.02,8131.64,134.6188041
1532997900,8125.0,8135.03,8131.64,8125.08,201.07103875
1532998800,8107.0,8130.0,8125.08,8112.0,90.11086904999999
1532999700,8112.0,8131.0,8112.0,8131.0,34.53847029
1533000600,8120.0,8131.1,8131.0,8125.7,92.94289238
1533001500,8108.27,8126.0,8125.71,8110.0,39.52047631
1533002400,8109.99,8135.0,8109.99,8132.73,36.09280129
1533003300,8132.6,8132.73,8132.73,8132.61,18.26040788
1533004200,8129.56,8132.61,8132.6,8129.56,40.036776110000005
1533005100,8116.0,8129.57,8129.57,8116.0,37.70162684
1533006000,8110.0,8116.01,8116.0,8110.01,31.756852040000002
1533006900,8108.09,8110.01,8110.01,8108.1,27.29242681
1533007800,8107.28,8119.96,8108.1,8115.87,26.72311284
1533008700,8111.11,8121.0,8115.88,8112.61,19.47144774
1533009600,8108.84,8115.0,8112.61,8108.85,23.736537530000007
1533010500,8077.0,8108.85,8108.84,8084.74,84.18498054999999
1533011400,8084.74,8112.21,8084.75,8107.0,38.427339069999995
1533012300,8106.48,8119.38,8111.99,8113.67,20.02517612
1533013200,8100.0,8113.67,8113.67,8106.09,32.677260919999995
1533014100,8104.57,8107.0,8106.08,8107.0,17.5187648
1533015000,8105.0,8108.91,8106.99,8108.91,32.68247008
1533015900,8107.18,8119.63,8108.9,8119.63,123.02502899999998
1533016800,8119.62,8131.98,8119.63,8130.57,14.479728689999996
1533017700,8121.58,8130.57,8130.56,8122.5,24.544576609999996
1533018600,8122.49,8122.5,8122.5,8122.5,13.0295337
1533019500,8122.48,8122.5,8122.49,8122.49,13.810824290000001
1533020400,8110.22,8110.34,8110.34,8110.22,17.572519059999998
1533021300,8110.21,8110.23,8110.23,8110.22,9.24065504
1533022200,8110.21,8110.22,8110.22,8110.22,10.629488230000002
1533023100,8110.21,8110.22,8110.21,8110.21,11.97183862
1533024000,8091.02,8110.22,8110.22,8095.0,38.39824741999999
1533024900,8079.52,8096.22,8095.0,8084.99,40.53474345000001
1533025800,8077.0,8089.54,8084.99,8085.77,13.953283409999996
1533026700,7985.17,8085.78,8085.78,8020.08,376.6130820600002
1533027600,8010.34,8048.72,8020.07,8021.42,57.753357650000005
1533028500,7980.99,8019.76,7980.99,8019.76,31.059936399999994
1533029400,8003.32,8034.4,8019.75,8034.4,28.827435299999998
1533030300,7994.27,8039.72,8034.4,8004.72,33.26562053
1533031200,7992.4,8010.0,8004.73,8002.01,55.231517470000014
1533032100,7949.01,8002.01,8002.01,7958.92,187.14253586000007
1533033000,7929.05,7965.0,7958.92,7965.0,97.00990507000003
1533033900,7935.0,7975.0,7965.0,7942.55,131.19423511000002
1533034800,7932.26,7967.58,7942.54,7955.0,105.14607451999996
1533035700,7947.64,7962.5,7955.01,7955.9,59.45261526000001
1533036600,7955.89,8012.96,7955.89,7990.87,94.02306599
1533037500,7975.0,7987.44,7987.44,7975.49,10.066454899999997
1533038400,7938.61,7975.49,7975.48,7947.98,53.390035209999986
1533039300,7866.0,7947.99,7947.97,7866.0,441.9161765300001
1533040200,7757.25,7866.01,7866.01,7805.0,1042.21939827
1533041100,7761.0,7839.0,7805.0,7797.01,351.57434653
1533042000,7773.54,7815.0,7797.01,7810.0,205.04729220000002
1533042900,7800.0,7820.0,7810.0,7815.0,122.68104736999999
1533043800,7814.99,7820.0,7814.99,7820.0,82.39455794
1533044700,7703.0,7820.0,7820.0,7725.0,650.2039033599999
1533045600,7654.0,7774.0,7724.98,7774.0,681.7669395400001
1533046500,7716.0,7774.0,7773.99,7724.46,187.31308415
1533047400,7721.0,7749.34,7724.46,7721.62,110.58481377999998
1533048300,7693.0,7730.01,7721.62,7730.0,171.36661889000004
1533049200,7666.66,7730.01,7730.01,7690.0,245.05423707000006
1533050100,7689.99,7729.2,7690.0,7714.01,157.24466374
1533051000,7702.0,7743.0,7714.0,7738.24,199.84620904
1533051900,7738.23,7752.9,7738.24,7750.99,148.71174377
1533052800,7702.33,7751.0,7750.99,7735.0,176.98077862999992
1533053700,7734.99,7750.0,7734.99,7750.0,117.12434803
1533054600,7749.99,7777.0,7749.99,7770.0,167.30156148
1533055500,7769.98,7793.17,7769.99,7790.0,149.31342151
1533056400,7755.09,7817.0,7790.0,7755.1,254.6820375900001
1533057300,7728.8,7769.23,7755.1,7732.94,145.65744656
1533058200,7720.87,7739.6,7732.93,7739.6,106.05791850000001
1533059100,7725.0,7745.25,7739.59,7725.0,71.42317589
1533060000,7700.0,7730.0,7725.01,7701.01,111.75648745999996
1533060900,7701.0,7715.0,7701.01,7713.67,68.47021595
1533061800,7690.0,7715.5,7713.67,7715.5,139.19425496
1533062700,7715.5,7764.0,7715.5,7739.99,110.45371800000001
1533063600,7728.69,7743.87,7728.69,7743.86,26.822903759999992
1533064500,7730.0,7750.0,7743.87,7730.01,41.797339619999995
1533065400,7729.0,7748.01,7730.01,7740.0,71.25659288999998
1533066300,7739.99,7760.0,7740.0,7750.01,63.60717867999999
1533067200,7713.0,7750.01,7750.01,7720.01,117.22730522999997
1533068100,7713.0,7720.01,7720.0,7714.0,81.69046445000001
1533069000,7713.0,7725.0,7714.0,7715.22,49.686023309999996
1533069900,7665.0,7718.36,7715.22,7689.98,240.34843711000005
1533070800,7684.03,7700.0,7687.79,7684.04,91.07064620999999
1533071700,7700.0,7715.0,7700.0,7713.96,20.855810149999996
1533072600,7700.0,7723.9,7713.96,7714.12,47.900395749999994
1533073500,7705.0,7722.02,7714.12,7706.44,58.86617594999999
1533074400,7690.0,7714.36,7706.43,7701.51,88.88684025999999
1533075300,7686.99,7709.73,7701.51,7687.0,70.92922766999999
1533076200,7686.99,7708.15,7686.99,7708.15,107.83562264999999
1533077100,7689.64,7710.0,7708.15,7696.01,71.23811283
1533078000,7665.13,7699.01,7696.01,7678.5,264.7957612
1533078900,7629.48,7680.01,7678.49,7649.39,461.5900700999997
1533079800,7649.39,7780.0,7649.39,7751.25,683.74787015
1533080700,7716.99,7770.0,7751.25,7727.27,193.91456578
1533081600,7720.98,7720.99,7720.99,7720.98,11.070933599999998
1533082500,7710.92,7739.99,7720.99,7739.99,125.52540047999997
1533083400,7708.74,7750.0,7739.99,7708.75,88.60278038999999
1533084300,7658.48,7710.0,7708.74,7667.0,185.87204536
1533085200,7610.0,7675.71,7667.0,7651.01,465.31460072999994
1533086100,7635.05,7675.0,7651.0,7659.98,139.64881774999998
1533087000,7602.6,7665.0,7659.99,7605.7,208.02416490000002
1533087900,7551.0,7625.0,7605.69,7551.01,704.0923025399998
1533088800,7504.0,7575.0,7551.01,7530.39,720.0727837
1533089700,7506.52,7555.0,7530.4,7548.01,178.80910134
1533090600,7540.0,7560.0,7548.01,7540.05,186.06735381000001
1533091500,7508.16,7553.99,7540.05,7553.99,199.76614899999998
1533092400,7520.0,7558.42,7554.0,7532.38,101.70408116999998
1533093300,7530.0,7538.11,7532.38,7531.29,57.197726759999995
1533094200,7531.29,7549.54,7531.3,7543.53,96.85402984999999
1533095100,7506.94,7543.53,7543.53,7540.0,135.62215592
1533096000,7530.58,7545.89,7540.0,7545.89,80.94255400000002
1533096900,7545.88,7575.0,7545.89,7555.02,202.4699166300001
1533097800,7540.55,7555.02,7555.01,7548.07,55.90253097999998
1533098700,7525.0,7547.98,7547.98,7529.4,52.73636438999999
1533099600,7527.73,7541.15,7529.4,7530.91,37.16658868
1533100500,7520.3,7538.0,7530.92,7520.31,48.8412301
1533101400,7460.0,7520.31,7520.31,7484.4,459.07590705
1533102300,7484.4,7527.42,7484.41,7527.42,98.80080471000002
1533103200,7516.23,7544.54,7527.41,7517.48,116.39873524000001
1533104100,7517.47,7552.0,7517.48,7540.41,129.27112621999993
1533105000,7536.54,7557.7,7540.41,7557.7,38.59491455
1533105900,7556.38,7570.0,7557.7,7556.38,89.00343863
1533106800,7531.03,7556.44,7556.44,7543.27,57.534492910000004
1533107700,7528.78,7543.27,7543.26,7543.04,25.303812529999995
1533108600,7529.47,7554.36,7543.04,7532.77,43.87627253000001
1533109500,7527.6,7545.0,7532.77,7544.99,31.164486269999994
1533110400,7544.99,7586.99,7545.0,7574.74,93.02780967999996
1533111300,7574.74,7614.79,7574.75,7596.32,119.75684497000005
1533112200,7596.32,7620.0,7596.32,7620.0,41.9090533
1533113100,7619.99,7645.0,7619.99,7627.58,88.07090428
1533114000,7595.89,7627.59,7627.59,7606.74,29.67740499
1533114900,7590.99,7606.74,7606.74,7591.0,17.51819812
1533115800,7590.99,7609.81,7590.99,7605.82,27.219349449999996
1533116700,7590.0,7605.83,7605.83,7590.01,26.71197009
1533117600,7540.0,7590.01,7590.01,7540.0,50.78028287000001
1533118500,7531.94,7555.0,7540.0,7531.94,52.799176990000014
1533119400,7531.94,7555.6,7531.95,7546.33,45.17255683
1533120300,7540.66,7552.75,7546.34,7549.11,28.584274530000005
1533121200,7538.83,7559.0,7549.1,7550.32,48.335421790000005
1533122100,7522.54,7559.56,7550.32,7522.55,47.81976182
1533123000,7521.0,7541.0,7522.55,7541.0,31.509764360000002
1533123900,7540.99,7560.0,7540.99,7560.0,35.15421934
1533124800,7559.63,7590.99,7560.0,7563.06,47.22854794999999
1533125700,7555.0,7592.0,7563.05,7574.99,104.18655708999997
1533126600,7563.82,7587.4,7574.98,7563.83,50.10939461000001
1533127500,7563.82,7570.05,7563.82,7570.05,38.181551799999994
1533128400,7570.04,7608.4,7570.05,7599.99,60.428676479999986
1533129300,7599.0,7609.21,7600.0,7609.05,65.57036818
1533130200,7586.81,7609.05,7609.05,7587.0,115.67944924000001
1533131100,7581.43,7625.0,7587.01,7622.77,149.27225397000018
1533132000,7613.77,7635.99,7622.77,7613.77,128.89107055000002
1533132900,7594.23,7613.78,7613.77,7594.23,54.14292361999999
1533133800,7594.22,7597.79,7594.24,7597.0,46.704671080000004
1533134700,7569.37,7597.01,7597.01,7580.7,114.68716622
1533135600,7573.7,7594.5,7580.7,7594.49,67.69266667000001
1533136500,7594.49,7614.41,7594.5,7610.22,194.16931019
1533137400,7601.14,7610.22,7610.22,7601.15,37.08418059
1533138300,7599.77,7608.5,7601.15,7599.9,76.67041757999999
1533139200,7599.77,7605.0,7599.9,7605.0,45.837135079999996
1533140100,7584.0,7607.0,7605.0,7584.0,127.85648271000008
1533141000,7544.0,7584.07,7584.0,7552.93,313.6623027
1533141900,7535.52,7559.0,7552.93,7559.0,204.29978496
1533142800,7550.91,7560.0,7558.99,7555.0,45.12475573999999
1533143700,7554.99,7583.76,7555.0,7570.98,63.15751704000001
1533144600,7553.22,7575.0,7570.98,7553.22,82.63799887
1533145500,7533.77,7555.01,7553.23,7536.38,88.66222391
1533146400,7533.61,7548.71,7536.38,7543.2,48.71342007999999
1533147300,7540.0,7555.0,7543.2,7555.0,62.56613958
1533148200,7541.36,7555.0,7555.0,7544.09,45.784436480000004
1533149100,7540.0,7544.1,7544.1,7540.0,37.034473090000006
1533150000,7540.0,7547.62,7540.01,7547.62,58.332314020000005
1533150900,7547.61,7559.67,7547.62,7559.66,64.93158909
1533151800,7553.8,7568.09,7559.66,7565.01,64.51453481000001
1533152700,7565.0,7569.0,7565.0,7569.0,65.12918024
1533153600,7539.78,7569.0,7569.0,7539.78,162.17553686
1533154500,7530.96,7550.0,7539.79,7531.47,130.92848550999997
1533155400,7475.99,7531.47,7531.47,7477.43,607.6240433400001
1533156300,7475.2,7494.62,7477.43,7476.17,167.80427602000003
1533157200,7476.16,7513.86,7476.16,7489.59,111.27288868999999
1533158100,7485.88,7500.0,7489.59,7500.0,50.32177624999999
1533159000,7485.35,7500.0,7500.0,7488.49,141.33615529000002
1533159900,7469.29,7488.49,7488.49,7472.99,84.83474111000001
1533160800,7437.0,7579.95,7473.0,7540.0,658.3292315699999
1533161700,7540.0,7628.72,7540.0,7601.83,360.12895268999995
1533162600,7577.23,7632.62,7601.83,7580.1,175.12564665
1533163500,7570.31,7600.0,7580.11,7587.01,110.45783918
1533164400,7572.69,7589.28,7587.01,7583.76,61.68816105999999
1533165300,7583.76,7628.9,7583.76,7607.97,101.35045852
1533166200,7582.39,7607.97,7607.97,7588.0,60.25094043999999
1533167100,7587.99,7604.0,7588.0,7603.99,45.61250581999999
1533168000,7593.24,7619.45,7603.99,7619.45,88.29591782999996
1533168900,7607.1,7645.08,7619.45,7620.6,226.29064523999995
1533169800,7620.59,7683.05,7620.6,7664.72,336.5827972999998
1533170700,7647.99,7673.63,7664.72,7673.63,70.81886204999998
1533171600,7673.63,7707.54,7673.63,7680.01,200.36863070000004
1533172500,7652.33,7681.75,7680.01,7652.74,69.88980680000002
1533173400,7635.0,7659.99,7652.74,7659.98,80.14168987999996
1533174300,7659.98,7669.99,7659.99,7669.99,44.75317691
1533175200,7663.96,7680.0,7669.99,7679.01,64.10113431999999
1533176100,7679.0,7687.74,7679.01,7680.01,36.996748649999994
1533177000,7659.12,7689.99,7680.01,7660.98,123.77683992999998
1533177900,7656.33,7674.14,7660.98,7670.02,89.56657298999998
1533178800,7640.74,7674.14,7670.02,7641.77,55.553621
1533179700,7630.0,7641.78,7641.78,7633.13,45.23152661
1533180600,7633.13,7649.55,7633.14,7644.97,36.723752399999995
1533181500,7642.88,7652.54,7644.98,7642.88,26.24719582
1533182400,7640.42,7647.22,7643.15,7645.04,21.038528000000003
1533183300,7645.03,7645.04,7645.04,7645.04,19.859975480000003
1533184200,7630.0,7645.04,7645.04,7630.01,61.5294662
1533185100,7627.37,7630.01,7630.01,7627.41,40.3725369
1533186000,7627.38,7642.07,7627.4,7642.07,64.91958793
1533186900,7642.06,7655.0,7642.07,7655.0,16.102872629999997
1533187800,7648.0,7660.0,7655.0,7649.01,65.88515344000001
1533188700,7649.01,7658.95,7649.02,7658.94,23.469890099999997
1533189600,7658.94,7669.08,7658.95,7667.08,28.4388133
1533190500,7663.55,7669.07,7667.08,7663.56,68.73278333999997
1533191400,7640.01,7663.56,7663.55,7643.31,13.51909924
1533192300,7640.0,7647.0,7643.31,7645.02,18.72929776
1533193200,7642.21,7680.59,7645.02,7680.58,60.387885490000016
1533194100,7672.8,7688.95,7680.58,7680.0,26.320722550000003
1533195000,7668.92,7684.25,7679.99,7668.92,18.737308329999998
1533195900,7661.56,7672.59,7668.93,7661.57,11.93858887
1533196800,7645.02,7662.56,7661.56,7662.56,17.15533733
1533197700,7653.19,7665.99,7662.56,7655.39,9.938540940000001
1533198600,7640.01,7655.4,7655.4,7653.68,24.53119003000001
1533199500,7618.32,7653.68,7653.68,7622.8,52.25246856
1533200400,7618.45,7635.53,7621.15,7635.52,29.23051273
1533201300,7620.99,7648.22,7635.53,7648.22,31.84643696999999
1533202200,7625.0,7648.22,7648.22,7625.01,17.16542149
1533203100,7605.89,7627.8,7625.0,7614.34,41.481802059999985
1533204000,7560.0,7614.35,7614.34,7571.7,157.90713550000004
1533204900,7568.16,7585.14,7571.69,7570.41,63.48345871000003
1533205800,7555.0,7574.0,7570.41,7569.99,41.097916749999996
1533206700,7568.07,7590.88,7569.99,7576.35,50.8952162
1533207600,7555.0,7579.38,7576.34,7561.96,25.58562804999999
1533208500,7554.92,7566.41,7561.97,7562.71,35.603207569999995
1533209400,7562.7,7577.65,7562.71,7567.58,34.32190183
1533210300,7550.22,7567.6,7567.58,7559.66,48.26577384
1533211200,7559.66,7565.15,7559.66,7563.02,15.360418410000001
1533212100,7551.1,7563.03,7563.03,7559.41,29.31142035
1533213000,7546.99,7567.0,7559.4,7546.99,36.17838207999999
1533213900,7530.0,7548.31,7546.0,7530.23,60.01932685999999
1533214800,7515.44,7545.0,7530.0,7532.44,112.68010120000001
1533215700,7505.0,7540.0,7532.44,7510.62,76.85902188999998
1533216600,7472.28,7517.0,7510.62,7516.99,372.06909962000015
1533217500,7496.92,7519.0,7517.0,7498.9,70.24745855000002
1533218400,7486.76,7516.36,7498.9,7507.2,69.96464413000001
1533219300,7507.19,7541.8,7507.2,7541.8,108.72418679999998
1533220200,7539.99,7545.33,7541.8,7542.54,37.95006545000001
1533221100,7532.94,7557.11,7542.55,7532.95,81.04208839999998
1533222000,7532.94,7550.77,7532.95,7550.77,55.60369367
1533222900,7535.0,7550.77,7550.76,7535.02,48.91950811000001
1533223800,7519.82,7538.01,7535.02,7525.99,76.68571252000001
1533224700,7512.16,7528.89,7526.0,7528.88,87.66601119
1533225600,7504.11,7528.88,7528.88,7504.11,66.16857071
1533226500,7462.0,7570.0,7504.12,7569.99,451.4780451900001
1533227400,7561.59,7584.83,7569.99,7571.3,126.30947422999996
1533228300,7560.0,7580.11,7571.29,7567.0,98.98219602000002
1533229200,7563.0,7575.49,7568.4,7570.01,58.43884335000001
1533230100,7559.15,7570.01,7570.01,7560.67,54.55776682
1533231000,7516.19,7560.67,7560.67,7521.89,121.97761939999998
1533231900,7507.0,7531.29,7521.89,7512.87,90.00152193000001
1533232800,7483.7,7525.0,7512.87,7498.71,177.49172593999995
1533233700,7483.2,7517.82,7498.71,7517.81,97.87516680000002
1533234600,7503.48,7517.82,7517.81,7504.81,41.51895894
1533235500,7500.0,7519.81,7504.82,7502.67,62.45740018999999
1533236400,7502.68,7535.0,7502.68,7533.01,66.32837117000003
1533237300,7520.0,7554.01,7533.01,7550.0,205.27255670000008
1533238200,7535.26,7550.0,7549.99,7540.51,31.633748039999997
1533239100,7532.99,7544.78,7540.52,7541.51,69.10607338000001
1533240000,7535.29,7544.79,7541.51,7542.48,46.28257895000001
1533240900,7544.26,7564.72,7544.26,7564.72,84.33597476
1533241800,7564.71,7578.0,7564.72,7569.87,127.26979623000003
1533242700,7550.0,7573.0,7569.87,7550.01,110.66871218
1533243600,7550.0,7555.0,7550.0,7550.35,42.151739629999994
1533244500,7550.32,7561.0,7550.35,7558.04,59.18469852
1533245400,7526.28,7558.04,7558.03,7527.44,53.899014929999986
1533246300,7525.0,7530.11,7527.44,7529.0,50.54506015
1533247200,7509.75,7529.0,7528.99,7526.99,48.08398949
1533248100,7526.99,7565.0,7526.99,7563.0,48.71491365999999
1533249000,7543.09,7562.99,7562.99,7543.16,35.95680513
1533249900,7541.52,7557.0,7543.54,7549.0,33.20492487999999
1533250800,7543.3,7568.46,7549.0,7554.64,56.76507518
1533251700,7540.57,7554.65,7554.64,7544.94,52.197902570000004
1533252600,7537.5,7549.0,7544.95,7544.95,34.22077943
1533253500,7530.1,7548.85,7544.95,7533.92,38.93331782999999
1533254400,7475.0,7533.92,7533.92,7487.5,182.36337127000002
1533255300,7459.91,7499.26,7487.5,7467.99,168.17113747999997
1533256200,7334.0,7468.0,7468.0,7364.4,993.61355093
1533257100,7360.05,7385.0,7364.39,7384.99,151.6440947
1533258000,7318.0,7390.39,7385.0,7318.01,294.6322248500001
1533258900,7315.0,7374.44,7318.01,7355.01,198.16133868999995
1533259800,7343.27,7364.7,7355.01,7355.0,120.90075558000004
1533260700,7330.0,7359.14,7354.99,7342.97,91.54384605
1533261600,7332.02,7345.0,7342.05,7339.99,120.11212704000003
1533262500,7312.0,7340.0,7339.99,7330.99,148.95465267
1533263400,7320.0,7331.0,7330.99,7326.0,81.97224969999999
1533264300,7325.99,7363.22,7326.0,7350.01,175.91825274000004
1533265200,7338.01,7355.0,7350.0,7354.99,73.76981165999999
1533266100,7341.6,7355.0,7354.99,7341.6,76.7019022
1533267000,7341.6,7351.63,7341.6,7342.36,68.92720962999998
1533267900,7328.33,7342.36,7342.36,7328.34,33.60629359
1533268800,7285.0,7328.34,7328.33,7291.0,305.05530444000004
1533269700,7285.0,7321.14,7290.99,7317.06,134.31834360000002
1533270600,7285.0,7317.06,7317.06,7285.02,93.01820133999999
1533271500,7285.0,7359.99,7285.02,7359.98,185.94797693
1533272400,7340.27,7360.0,7359.99,7343.05,51.02469906999999
1533273300,7318.2,7343.06,7343.05,7335.0,73.41189003
1533274200,7328.0,7340.0,7334.99,7340.0,23.893522159999993
1533275100,7324.66,7340.0,7340.0,7325.01,44.86308901999999
1533276000,7315.0,7328.54,7325.01,7321.05,30.750619279999995
1533276900,7321.04,7347.89,7321.05,7335.01,46.00481699
1533277800,7335.0,7340.0,7335.0,7340.0,30.887137019999997
1533278700,7339.99,7360.0,7339.99,7351.3,24.2178234
1533279600,7312.14,7352.48,7352.47,7326.22,36.15989222999999
1533280500,7308.99,7331.99,7326.22,7320.08,54.13829178
1533281400,7320.07,7374.44,7320.08,7357.72,87.55447662999998
1533282300,7345.36,7391.86,7357.71,7391.86,59.519011780000014
1533283200,7375.22,7417.0,7391.85,7405.99,138.91813472999996
1533284100,7368.52,7406.0,7406.0,7368.52,109.16736126000002
1533285000,7367.31,7381.24,7368.51,7378.02,16.33863513
1533285900,7376.77,7389.21,7378.02,7377.14,84.05040583000002
1533286800,7335.2,7377.14,7377.14,7340.0,84.18873233999999
1533287700,7334.22,7355.0,7340.0,7334.87,19.93397107
1533288600,7334.86,7355.0,7334.86,7349.67,30.577128159999987
1533289500,7349.66,7354.93,7349.67,7349.99,37.87400144999999
1533290400,7349.99,7370.0,7349.99,7364.19,33.998483590000006
1533291300,7351.45,7367.65,7364.18,7351.46,32.350796700000004
1533292200,7341.71,7355.0,7351.45,7343.76,31.00722801
1533293100,7334.06,7350.0,7343.77,7350.0,61.18041261000002
1533294000,7344.98,7352.67,7350.0,7344.99,27.35759556
1533294900,7329.29,7344.99,7344.98,7330.01,94.08698210999998
1533295800,7330.0,7344.55,7330.01,7343.99,41.18769219000001
1533296700,7342.95,7372.76,7342.95,7361.33,110.19286746
1533297600,7349.51,7361.33,7361.33,7352.9,23.790632359999993
1533298500,7352.89,7358.27,7352.9,7356.12,37.21127621
1533299400,7356.12,7380.0,7356.13,7379.99,75.42015089999998
1533300300,7375.0,7405.87,7380.0,7400.31,294.82092792000003
1533301200,7385.08,7400.32,7400.32,7385.66,137.84671292000004
1533302100,7363.27,7385.66,7385.66,7368.42,80.87251891999999
1533303000,7368.41,7385.05,7368.41,7377.95,53.19891863999999
1533303900,7377.94,7438.88,7377.95,7438.26,231.46964761000004
1533304800,7429.0,7460.0,7438.27,7457.33,217.18661247000003
1533305700,7442.22,7477.8,7457.33,7477.6,184.98060939000004
1533306600,7461.09,7493.0,7477.61,7485.0,383.5507540499999
1533307500,7470.0,7491.95,7485.0,7472.24,125.68685817
1533308400,7454.05,7472.24,7472.24,7459.72,116.18820118999997
1533309300,7459.7,7470.0,7459.71,7470.0,109.68154426
1533310200,7470.0,7478.26,7470.0,7470.0,80.87040975
1533311100,7470.0,7475.0,7470.01,7475.0,64.63046915000001
1533312000,7470.0,7479.99,7475.0,7470.01,98.51393852000001
1533312900,7461.03,7475.93,7470.01,7475.93,85.54005140000001
1533313800,7475.92,7481.71,7475.93,7478.45,106.24934002
1533314700,7466.0,7479.99,7478.45,7479.99,95.81969905999999
1533315600,7479.98,7489.99,7479.99,7489.99,86.30022198999998
1533316500,7486.0,7489.99,7489.98,7486.89,93.84699126
1533317400,7485.75,7536.06,7486.9,7521.83,257.2303084699999
1533318300,7521.82,7538.53,7521.82,7536.25,144.59704323
1533319200,7516.03,7536.25,7536.24,7517.92,119.76816232999995
1533320100,7510.49,7529.5,7517.91,7529.5,78.35941914999998
1533321000,7527.77,7529.99,7529.49,7528.6,61.96086644999998
1533321900,7460.32,7529.23,7528.61,7469.99,258.4197927000002
1533322800,7381.94,7469.99,7469.99,7415.0,352.19079934999996
1533323700,7381.0,7415.0,7415.0,7404.99,131.64681165000002
1533324600,7382.0,7405.0,7405.0,7400.0,147.62243175
1533325500,7355.0,7400.01,7400.01,7372.83,159.22986589
1533326400,7372.82,7407.75,7372.82,7404.0,91.56242501
1533327300,7388.31,7410.0,7404.01,7390.01,132.95966837
1533328200,7370.0,7391.92,7390.0,7381.35,73.60861928
1533329100,7381.34,7397.0,7381.35,7393.52,83.23944324000003
1533330000,7393.51,7408.0,7393.52,7408.0,65.39028758999999
1533330900,7407.99,7447.16,7408.0,7422.0,158.11965209000005
1533331800,7422.0,7448.37,7422.0,7447.16,62.24832071
1533332700,7420.0,7447.16,7447.16,7420.2,71.88915726
1533333600,7415.45,7429.99,7420.2,7425.97,50.29178003999999
1533334500,7414.34,7435.0,7425.96,7416.6,82.75786913000002
1533335400,7416.11,7434.75,7416.59,7434.74,38.17017045
1533336300,7424.29,7441.3,7434.75,7430.0,140.23074645
1533337200,7360.0,7430.01,7430.0,7391.09,157.76145181999996
1533338100,7383.69,7421.59,7391.09,7418.35,66.78141552
1533339000,7405.68,7427.71,7418.35,7427.71,55.93848011
1533339900,7408.0,7431.15,7427.7,7414.08,44.893686699999996
1533340800,7391.0,7414.08,7414.08,7412.64,40.23950033
1533341700,7404.37,7414.08,7412.64,7410.14,17.82044455
1533342600,7414.99,7421.91,7416.92,7417.92,44.96527558999999
1533343500,7415.12,7470.0,7419.36,7456.82,116.54605345000003
1533344400,7436.24,7468.14,7456.81,7436.25,70.33638915
1533345300,7436.24,7459.76,7436.25,7446.1,44.1952966
1533346200,7440.22,7454.0,7446.1,7454.0,48.18312044
1533347100,7453.99,7466.0,7454.0,7466.0,57.98686660000002
1533348000,7463.08,7485.09,7466.0,7469.01,95.97605963000005
1533348900,7469.0,7495.0,7469.01,7495.0,97.50056472
1533349800,7471.6,7494.99,7494.99,7484.41,53.222891059999995
1533350700,7470.0,7484.41,7484.41,7474.98,78.15828554000002
1533351600,7472.36,7480.0,7474.98,7478.07,26.147965549999995
