1550637900,3888.45,3892.5,3892.5,3888.46,25.08
1550638800,3880.0,3890.0,3888.46,3882.68,66.16
1550639700,3871.4,3882.59,3882.58,3874.01,223.81
1550640600,3874.01,3884.54,3874.02,3879.99,41.16
1550641500,3879.99,3883.88,3880.0,3883.88,34.32
1550642400,3883.21,3891.41,3883.88,3885.26,36.63
1550643300,3878.0,3885.25,3885.25,3882.35,43.24
1550644200,3879.83,3882.36,3882.36,3880.0,31.95
1550645100,3880.0,3884.89,3880.01,3884.06,33.82
1550646000,3884.05,3889.36,3884.06,3889.36,62.0
1550646900,3889.35,3890.0,3889.36,3890.0,26.36
1550647800,3889.99,3894.5,3890.0,3894.5,24.28
1550648700,3889.36,3903.47,3894.49,3893.7,76.98
1550649600,3887.31,3893.7,3893.7,3891.01,28.05
1550650500,3891.0,3899.99,3891.0,3899.99,54.0
1550651400,3899.98,3905.97,3899.98,3905.97,43.85
1550652300,3906.13,3917.76,3906.13,3917.75,97.13
1550653200,3910.0,3917.75,3917.75,3910.01,24.3
1550654100,3906.13,3910.01,3910.01,3908.91,49.73
1550655000,3906.23,3915.0,3908.91,3914.21,82.65
1550655900,3905.0,3914.21,3914.21,3913.0,26.84
1550656800,3906.43,3932.98,3913.0,3929.07,184.01
1550657700,3922.0,3939.99,3929.07,3938.75,173.6
1550658600,3935.0,3947.48,3938.75,3936.82,174.17
1550659500,3933.38,3944.66,3936.81,3936.94,63.69
1550660400,3922.13,3938.04,3936.95,3922.13,87.31
1550661300,3922.0,3929.0,3922.05,3924.32,25.47
1550662200,3923.67,3930.03,3924.32,3929.2,39.15
1550663100,3920.49,3929.2,3929.2,3926.01,46.89
1550664000,3921.18,3929.2,3926.01,3923.29,49.02
1550664900,3923.0,3929.2,3924.05,3929.01,47.44
1550665800,3929.0,3941.87,3929.01,3940.0,85.14
1550666700,3935.0,3946.46,3940.0,3946.46,195.47
1550667600,3942.07,3967.19,3946.53,3947.66,319.45
1550668500,3927.0,3947.66,3947.66,3927.34,115.24
1550669400,3915.0,3933.13,3927.34,3915.01,82.83
1550670300,3907.27,3919.5,3915.01,3915.4,71.29
1550671200,3908.13,3920.85,3915.41,3912.1,66.58
1550672100,3910.0,3917.0,3910.81,3916.99,52.08
1550673000,3912.62,3922.93,3916.99,3919.0,66.97
1550673900,3915.76,3923.0,3919.01,3923.0,78.21
1550674800,3918.25,3928.13,3923.0,3918.26,81.14
1550675700,3914.21,3919.98,3918.25,3919.98,49.02
1550676600,3908.13,3919.98,3919.97,3908.33,84.43
1550677500,3902.5,3909.0,3908.32,3908.82,104.17
1550678400,3908.0,3915.95,3908.82,3914.76,90.96
1550679300,3914.75,3923.04,3914.76,3923.03,207.11
1550680200,3919.52,3925.0,3923.04,3920.0,173.9
1550681100,3916.29,3920.0,3920.0,3917.17,83.85
1550682000,3917.17,3926.0,3917.18,3924.11,153.78
1550682900,3924.1,3927.58,3924.11,3927.51,99.18
1550683800,3918.54,3928.48,3927.52,3919.38,94.46
1550684700,3915.0,3919.46,3919.39,3915.02,61.34
1550685600,3914.34,3917.0,3915.01,3916.26,89.51
1550686500,3911.01,3918.74,3916.27,3911.01,72.81
1550687400,3909.99,3920.0,3911.01,3919.11,180.68
1550688300,3918.95,3924.0,3919.11,3923.91,61.1
1550689200,3915.0,3923.91,3923.91,3915.01,84.68
1550690100,3913.01,3919.97,3915.0,3919.86,99.47
1550691000,3919.85,3923.91,3919.85,3923.61,78.98
1550691900,3921.04,3924.0,3923.61,3923.99,104.76
1550692800,3923.99,3929.99,3924.0,3925.76,185.39
1550693700,3925.77,3930.0,3925.77,3929.26,93.36
1550694600,3928.75,3936.6,3929.26,3936.59,158.11
1550695500,3928.75,3936.6,3936.6,3931.38,133.24
1550696400,3931.38,3938.01,3931.39,3936.58,119.34
1550697300,3930.08,3939.17,3936.59,3930.94,124.99
1550698200,3923.99,3930.94,3930.93,3924.0,220.85
1550699100,3914.13,3924.0,3924.0,3914.14,113.6
1550700000,3913.01,3920.96,3914.14,3919.99,70.46
1550700900,3919.98,3925.76,3919.99,3925.76,89.79
1550701800,3925.75,3929.98,3925.76,3928.18,58.09
1550702700,3924.8,3929.92,3928.18,3925.52,57.37
1550703600,3921.06,3927.31,3925.52,3922.07,100.53
1550704500,3921.2,3934.99,3922.07,3932.18,218.35
1550705400,3924.99,3934.99,3932.18,3933.48,144.17
1550706300,3928.0,3945.45,3933.48,3938.99,369.88
1550707200,3915.0,3939.0,3939.0,3927.0,358.81
1550708100,3921.47,3927.99,3927.0,3926.74,104.89
1550709000,3916.18,3926.74,3926.74,3918.48,123.64
1550709900,3916.84,3925.0,3918.48,3925.0,52.64
1550710800,3920.57,3925.08,3925.0,3922.53,76.84
1550711700,3919.34,3923.0,3922.53,3921.04,77.47
1550712600,3915.6,3921.97,3921.03,3918.42,208.99
1550713500,3918.42,3922.81,3918.43,3919.9,49.69
1550714400,3919.89,3928.0,3919.9,3925.28,86.2
1550715300,3921.0,3925.8,3925.28,3924.47,46.08
1550716200,3920.0,3924.47,3924.47,3920.96,43.03
1550717100,3920.0,3922.35,3920.96,3922.29,40.71
1550718000,3921.0,3924.39,3922.45,3922.01,51.62
1550718900,3917.54,3922.1,3922.01,3917.63,76.86
1550719800,3917.62,3931.89,3917.62,3930.47,65.93
1550720700,3929.03,3944.42,3930.76,3942.0,232.93
1550721600,3935.08,3942.01,3942.01,3936.57,69.97
1550722500,3930.56,3938.64,3936.57,3933.47,79.66
1550723400,3929.0,3934.97,3933.48,3930.7,47.06
1550724300,3929.0,3932.74,3930.69,3931.1,44.64
1550725200,3931.68,3939.97,3932.42,3939.97,87.5
1550726100,3933.12,3947.0,3939.97,3940.02,189.31
1550727000,3936.39,3953.82,3942.51,3944.05,437.36
1550727900,3942.44,3951.98,3944.05,3951.12,96.24
1550728800,3924.36,3988.0,3951.12,3925.99,813.52
1550729700,3917.02,3929.99,3926.0,3929.98,327.96
1550730600,3929.98,3932.32,3929.99,3932.32,33.67
1550731500,3925.01,3932.32,3932.32,3925.57,37.94
1550732400,3925.01,3928.0,3925.58,3927.99,24.09
1550733300,3927.99,3934.95,3928.0,3934.94,55.91
1550734200,3932.99,3934.94,3934.94,3933.11,25.16
1550735100,3930.97,3933.97,3933.11,3931.89,26.92
1550736000,3922.4,3931.89,3931.88,3924.03,37.44
1550736900,3918.37,3924.03,3924.03,3924.02,58.38
1550737800,3922.15,3930.0,3924.03,3929.41,45.39
1550738700,3902.01,3929.41,3929.41,3912.49,182.24
1550739600,3880.0,3913.64,3912.49,3913.64,403.37
1550740500,3912.74,3919.66,3913.63,3919.28,77.57
1550741400,3903.65,3919.28,3919.28,3911.46,75.46
1550742300,3894.07,3911.46,3911.46,3896.03,91.55
1550743200,3892.0,3898.01,3894.08,3896.06,30.59
1550744100,3890.06,3896.07,3896.06,3894.66,56.48
1550745000,3891.49,3900.0,3894.66,3891.5,29.64
1550745900,3889.67,3897.0,3891.49,3896.99,41.95
1550746800,3883.93,3896.99,3896.98,3883.93,74.71
1550747700,3869.45,3888.93,3883.94,3884.38,291.42
1550748600,3884.37,3893.95,3884.38,3893.94,62.98
1550749500,3890.0,3893.95,3893.95,3892.99,20.27
1550750400,3892.99,3900.0,3893.0,3894.28,76.08
1550751300,3893.0,3897.0,3894.28,3897.0,32.13
1550752200,3890.15,3897.0,3897.0,3890.15,57.16
1550753100,3888.5,3895.5,3890.93,3892.82,65.0
1550754000,3887.7,3893.91,3891.65,3892.0,49.9
1550754900,3892.0,3907.34,3892.0,3903.86,98.29
1550755800,3903.03,3911.92,3903.86,3907.0,53.74
1550756700,3907.0,3910.01,3907.01,3910.01,41.36
1550757600,3900.29,3910.01,3910.01,3902.34,58.96
1550758500,3898.45,3903.07,3902.34,3902.0,73.28
1550759400,3899.2,3902.49,3902.0,3902.49,57.12
1550760300,3899.01,3902.49,3902.49,3899.11,53.28
1550761200,3894.85,3900.0,3899.1,3894.86,99.98
1550762100,3891.47,3894.86,3894.86,3893.94,51.23
1550763000,3891.73,3894.95,3893.94,3894.01,69.93
1550763900,3893.63,3894.8,3894.0,3894.8,36.42
1550764800,3888.04,3894.8,3894.8,3888.34,120.23
1550765700,3883.98,3890.0,3888.33,3890.0,135.27
1550766600,3884.0,3890.0,3890.0,3887.21,90.35
1550767500,3885.04,3887.21,3887.21,3886.05,43.82
1550768400,3886.04,3889.93,3886.04,3889.0,84.71
1550769300,3886.85,3889.0,3889.0,3887.3,47.83
1550770200,3886.8,3892.88,3887.29,3892.87,100.8
1550771100,3892.41,3893.0,3892.87,3892.41,72.43
1550772000,3889.91,3892.42,3892.42,3889.92,43.62
1550772900,3889.91,3890.0,3889.92,3889.99,46.39
1550773800,3885.0,3890.0,3890.0,3885.01,52.43
1550774700,3878.0,3885.01,3885.0,3880.51,64.18
1550775600,3880.51,3883.69,3880.52,3883.01,57.78
1550776500,3880.0,3884.99,3883.01,3884.98,70.3
1550777400,3883.3,3885.97,3884.98,3885.6,58.62
1550778300,3885.59,3887.44,3885.6,3887.44,25.48
1550779200,3887.43,3900.0,3887.44,3891.17,117.22
1550780100,3891.16,3895.0,3891.17,3895.0,48.98
1550781000,3894.99,3895.2,3894.99,3895.18,83.29
1550781900,3891.5,3895.18,3895.17,3891.51,39.67
1550782800,3891.5,3893.99,3891.51,3893.55,66.74
1550783700,3893.54,3899.24,3893.54,3898.8,41.81
1550784600,3898.01,3901.53,3898.8,3899.6,66.3
1550785500,3897.5,3900.52,3900.01,3897.55,81.28
1550786400,3894.0,3898.74,3897.55,3894.0,59.68
1550787300,3890.32,3895.0,3894.01,3891.16,59.28
1550788200,3888.0,3891.17,3891.17,3888.01,53.69
1550789100,3885.93,3889.99,3888.01,3886.31,72.53
1550790000,3886.01,3892.1,3886.01,3889.82,68.2
1550790900,3888.11,3892.15,3889.17,3889.46,56.95
1550791800,3889.45,3891.38,3889.46,3890.72,46.62
1550792700,3889.86,3897.71,3890.71,3897.71,58.29
1550793600,3897.7,3902.55,3897.71,3902.55,123.03
1550794500,3901.61,3904.36,3902.55,3903.36,51.67
1550795400,3902.96,3904.33,3903.36,3903.73,40.54
1550796300,3897.05,3903.73,3903.73,3898.66,50.37
1550797200,3897.54,3903.75,3898.67,3903.31,56.66
1550798100,3899.93,3904.0,3903.31,3904.0,88.5
1550799000,3902.98,3909.0,3904.0,3903.3,82.68
1550799900,3902.12,3907.4,3903.3,3907.4,55.78
1550800800,3907.19,3917.69,3907.72,3917.0,71.21
1550801700,3914.76,3920.97,3916.99,3920.97,41.91
1550802600,3917.0,3923.81,3920.97,3917.01,229.14
1550803500,3915.47,3920.0,3917.0,3919.99,56.0
1550804400,3915.46,3922.15,3920.0,3915.51,87.7
1550805300,3912.86,3916.0,3915.51,3915.0,42.11
1550806200,3913.65,3915.49,3915.0,3915.2,43.3
1550807100,3914.0,3915.69,3915.19,3914.01,49.89
1550808000,3914.0,3915.0,3914.01,3914.99,46.35
1550808900,3914.98,3915.0,3914.99,3915.0,32.12
1550809800,3913.99,3915.0,3915.0,3914.01,68.65
1550810700,3914.01,3916.62,3914.02,3915.92,54.63
1550811600,3915.91,3922.0,3915.91,3921.27,50.73
1550812500,3919.5,3923.6,3921.26,3921.5,51.31
1550813400,3917.15,3922.01,3921.51,3918.0,26.17
1550814300,3914.5,3918.0,3917.99,3914.51,46.9
1550815200,3914.5,3917.25,3914.51,3915.82,33.24
