1535758200,282.65,283.0,282.86,283.0,46.59115378000001
1535758500,281.5,283.0,282.99,281.64,209.8383448999998
1535758800,281.63,282.03,281.64,282.0,55.62620773
1535759100,281.99,282.43,282.0,282.15,257.54760324000006
1535759400,281.67,282.16,282.15,281.82,38.6162416
1535759700,281.81,282.08,281.82,281.94,61.5489336
1535760000,281.94,282.93,281.95,282.76,244.59840981
1535760300,282.76,283.85,282.76,283.74,243.92382719000005
1535760600,282.87,283.74,283.74,282.96,164.99877920000006
1535760900,282.96,283.39,282.97,283.38,109.61549625999999
1535761200,283.07,283.39,283.39,283.21,183.80043522999995
1535761500,283.21,283.27,283.22,283.26,71.64161383
1535761800,283.26,284.0,283.27,283.9,183.89915806
1535762100,283.27,283.9,283.9,283.27,2.76870524
