1538758200,222.27,222.28,222.28,222.27,141.37164140000004
1538758500,222.09,222.28,222.27,222.27,143.42731343
1538758800,222.18,222.28,222.28,222.18,165.98861264000004
1538759100,222.18,222.19,222.18,222.18,85.82642701
1538759400,222.09,222.19,222.18,222.09,233.37696544
1538759700,222.01,222.09,222.08,222.01,196.44398369000004
1538760000,222.01,222.02,222.02,222.02,55.39932623
1538760300,222.0,222.02,222.02,222.01,342.13530966
1538760600,221.22,222.0,222.0,221.55,406.2414858199998
1538760900,221.38,221.56,221.56,221.39,76.31433036
1538761200,221.38,221.5,221.38,221.4,150.17433096
1538761500,221.39,221.75,221.39,221.73,156.78365752
1538761800,221.59,221.74,221.74,221.6,121.55410261000002
1538762100,221.5,221.6,221.6,221.5,33.842632869999996
1538762400,221.4,221.58,221.51,221.41,189.30118951000003
1538762700,221.1,221.41,221.41,221.21,170.07735744
1538763000,221.11,221.76,221.12,221.52,188.15030652000002
1538763300,221.52,221.71,221.52,221.71,88.48206647
1538763600,221.58,221.78,221.71,221.58,67.48662919
1538763900,221.58,221.63,221.59,221.58,73.30392096
1538764200,221.58,221.6,221.59,221.59,81.48874033999999
1538764500,221.58,221.59,221.59,221.58,21.17934315
1538764800,221.58,221.59,221.58,221.58,53.62505827999999
1538765100,221.59,221.76,221.59,221.76,41.68957889
