1547763300,121.4,121.54,121.43,121.51,296.35
1547763600,121.4,121.55,121.51,121.47,161.67
1547763900,121.47,121.61,121.48,121.61,119.16
1547764200,121.6,121.75,121.62,121.73,154.2
1547764500,121.72,121.89,121.74,121.89,90.94
1547764800,121.89,121.99,121.89,121.94,50.07
1547765100,121.8,121.95,121.95,121.88,318.88
1547765400,121.78,122.03,121.88,122.03,307.4
1547765700,121.83,122.23,122.03,121.96,366.75
1547766000,121.87,122.37,121.87,122.37,351.54
1547766300,122.35,122.48,122.37,122.48,1019.77
1547766600,122.48,123.1,122.48,123.1,1078.51
1547766900,123.09,123.33,123.09,123.3,684.51
1547767200,122.58,123.31,123.31,123.02,1363.23
1547767500,122.75,123.01,123.01,122.85,309.08
1547767800,122.78,122.98,122.85,122.97,127.44
1547768100,122.5,123.27,122.95,122.5,787.98
1547768400,122.32,122.67,122.51,122.67,182.79
1547768700,122.47,122.71,122.67,122.5,48.26
1547769000,122.4,122.62,122.53,122.62,264.12
1547769300,122.53,122.62,122.59,122.55,338.22
1547769600,122.44,122.72,122.53,122.72,311.03
1547769900,122.52,122.88,122.68,122.54,286.42
1547770200,121.99,122.53,122.52,122.08,894.6
1547770500,121.76,122.08,122.08,121.97,1176.07
1547770800,121.97,122.04,121.98,121.99,132.29
1547771100,121.83,121.99,121.99,121.93,314.13
1547771400,121.86,122.22,121.93,122.22,118.83
1547771700,121.99,122.23,122.19,122.05,141.14
1547772000,121.94,122.05,121.98,121.96,64.44
1547772300,121.82,122.0,122.0,121.82,279.58
1547772600,121.81,122.06,121.82,122.05,352.38
1547772900,121.9,122.06,122.04,121.98,99.67
1547773200,121.99,122.56,121.99,122.39,158.6
1547773500,122.27,122.39,122.33,122.34,35.84
1547773800,122.25,122.35,122.34,122.35,54.03
1547774100,122.25,122.38,122.33,122.35,78.84
1547774400,122.24,122.35,122.31,122.24,397.98
1547774700,122.16,122.25,122.25,122.16,52.09
1547775000,121.97,122.17,122.17,121.97,250.75
1547775300,121.9,121.98,121.98,121.9,191.8
1547775600,121.9,121.91,121.91,121.91,316.4
1547775900,121.9,121.91,121.9,121.9,57.67
1547776200,121.85,121.91,121.9,121.88,483.14
1547776500,121.88,121.99,121.88,121.97,173.13
1547776800,121.97,122.37,121.97,122.13,236.61
1547777100,121.96,122.18,122.12,122.01,123.76
1547777400,121.95,122.05,122.02,122.04,108.85
1547777700,121.99,122.19,121.99,122.12,217.3
1547778000,121.95,122.12,122.12,121.97,57.3
1547778300,121.97,122.12,121.97,122.12,32.76
1547778600,122.08,122.16,122.12,122.11,48.64
1547778900,122.1,122.19,122.11,122.18,46.59
1547779200,122.14,122.2,122.19,122.18,60.6
1547779500,122.16,122.18,122.17,122.16,171.3
1547779800,122.1,122.14,122.14,122.12,21.09
1547780100,122.0,122.12,122.12,122.05,295.39
1547780400,122.05,122.17,122.05,122.14,177.52
1547780700,122.07,122.13,122.13,122.11,58.7
1547781000,121.99,122.16,122.09,122.12,41.4
1547781300,122.04,122.15,122.14,122.09,154.53
1547781600,122.02,122.14,122.09,122.14,45.97
1547781900,122.0,122.11,122.11,122.06,158.12
1547782200,121.95,122.06,122.06,122.03,132.6
1547782500,121.95,122.02,122.0,122.0,40.57
1547782800,121.88,122.0,121.96,121.94,111.28
1547783100,121.87,121.95,121.94,121.9,59.03
1547783400,121.79,121.93,121.87,121.8,105.98
1547783700,121.68,121.89,121.79,121.83,121.04
1547784000,121.82,121.89,121.84,121.89,182.2
1547784300,121.84,121.94,121.88,121.88,313.18
1547784600,121.84,121.87,121.86,121.87,106.08
1547784900,121.86,121.87,121.87,121.86,73.57
1547785200,121.75,121.87,121.87,121.87,139.75
1547785500,121.75,121.82,121.82,121.8,21.78
1547785800,121.74,121.79,121.79,121.76,26.05
1547786100,121.5,121.78,121.76,121.59,241.67
1547786400,120.82,121.69,121.59,121.29,1589.12
1547786700,121.11,121.32,121.29,121.2,68.0
1547787000,120.9,121.23,121.21,121.05,125.84
1547787300,121.01,121.24,121.01,121.2,169.27
1547787600,121.05,121.43,121.18,121.4,264.32
1547787900,121.35,121.4,121.35,121.4,5.38
1547788200,121.2,121.4,121.4,121.22,142.01
1547788500,121.2,121.31,121.22,121.2,157.26
1547788800,121.2,121.27,121.21,121.27,19.79
1547789100,121.0,121.33,121.27,121.0,133.32
1547789400,121.0,121.08,121.01,121.08,86.35
1547789700,121.06,121.28,121.08,121.28,22.36
1547790000,121.07,121.31,121.31,121.07,154.59
1547790300,120.95,121.14,121.09,120.95,132.39
1547790600,120.94,121.06,120.95,121.04,66.66
1547790900,120.98,121.17,121.04,121.11,121.89
1547791200,121.1,121.23,121.11,121.16,117.86
1547791500,121.16,121.32,121.16,121.28,44.62
1547791800,121.2,121.28,121.28,121.2,32.65
1547792100,121.22,121.37,121.23,121.37,114.67
1547792400,121.36,121.38,121.36,121.37,108.68
1547792700,121.36,121.55,121.38,121.55,137.05
1547793000,121.57,121.6,121.57,121.57,13.29
1547793300,121.57,121.69,121.58,121.68,151.23
1547793600,121.58,121.77,121.58,121.7,131.88
1547793900,121.72,121.89,121.73,121.89,42.62
1547794200,121.86,121.89,121.89,121.87,193.45
1547794500,121.82,121.87,121.87,121.84,37.7
1547794800,121.82,121.87,121.85,121.85,128.31
1547795100,121.75,121.86,121.86,121.76,43.09
1547795400,121.75,121.76,121.76,121.76,41.01
1547795700,121.56,121.76,121.76,121.58,101.71
1547796000,121.51,121.62,121.57,121.51,141.4
1547796300,121.37,121.51,121.51,121.44,50.25
1547796600,121.42,121.59,121.5,121.54,23.43
1547796900,121.47,121.71,121.49,121.7,54.52
1547797200,121.72,121.86,121.73,121.85,53.31
1547797500,121.84,121.88,121.86,121.88,9.33
1547797800,121.86,121.88,121.87,121.87,36.68
1547798100,121.86,121.89,121.87,121.89,48.62
1547798400,121.82,121.91,121.89,121.83,617.73
1547798700,121.73,121.85,121.85,121.75,72.37
1547799000,121.7,121.75,121.75,121.75,17.29
1547799300,121.73,121.77,121.75,121.77,31.46
1547799600,121.7,121.77,121.76,121.77,130.12
1547799900,121.73,121.77,121.77,121.77,19.59
1547800200,121.75,121.77,121.75,121.76,41.78
1547800500,121.76,121.77,121.77,121.77,236.09
1547800800,121.77,121.92,121.77,121.9,975.45
1547801100,121.9,121.91,121.9,121.91,30.84
1547801400,121.79,121.91,121.91,121.79,85.62
1547801700,121.7,121.8,121.8,121.7,185.69
1547802000,121.79,121.9,121.8,121.85,94.4
1547802300,121.76,121.85,121.83,121.81,19.03
1547802600,121.76,121.82,121.82,121.82,30.68
1547802900,121.8,121.82,121.8,121.82,14.86
1547803200,121.81,121.91,121.82,121.91,24.33
1547803500,121.83,122.5,121.91,121.95,1811.64
1547803800,121.95,122.2,121.95,122.1,118.92
1547804100,122.13,122.22,122.13,122.17,29.94
1547804400,122.1,122.13,122.13,122.11,41.5
1547804700,122.02,122.11,122.1,122.02,131.89
1547805000,122.0,122.1,122.04,122.1,58.02
1547805300,121.84,122.1,122.1,121.84,150.07
1547805600,121.8,121.91,121.85,121.82,95.74
1547805900,121.8,122.02,121.83,121.93,247.9
1547806200,121.85,121.93,121.88,121.86,9.72
1547806500,121.32,121.92,121.86,121.56,802.75
1547806800,121.18,121.56,121.56,121.36,145.83
1547807100,121.03,121.41,121.41,121.23,146.85
1547807400,121.0,121.29,121.18,121.22,257.08
1547807700,121.29,121.4,121.36,121.37,10.77
1547808000,121.14,121.37,121.37,121.14,48.2
1547808300,121.13,121.2,121.13,121.16,21.64
1547808600,120.52,121.17,121.17,120.73,965.13
1547808900,120.21,120.82,120.73,120.43,1088.65
1547809200,120.23,120.42,120.42,120.23,0.634
