1544461200,0.054268,0.05583,0.05583,0.054268,10101.0
1544464800,0.055504,0.057,0.057,0.055504,25228.0
1544468400,0.054268,0.057,0.057,0.054268,49279.0
1544472000,0.054524,0.054989,0.054919,0.054549,1985.0
1544475600,0.05465,0.055049,0.0549,0.05465,36997.0
1544479200,0.054016,0.055932,0.054476,0.055525,1997.0
1544482800,0.0557,0.0579,0.0557,0.057,12244.0
1544486400,0.056,0.056789,0.056789,0.0564,1340.0
1544490000,0.055,0.056461,0.0564,0.055,5493.0
1544493600,0.054276,0.054504,0.054504,0.054354,14864.0
1544497200,0.054515,0.054831,0.054515,0.054755,249.0
1544500800,0.05466,0.054998,0.05466,0.054998,6658.0
1544504400,0.055101,0.055242,0.055101,0.055242,62.0
1544508000,0.055043,0.055481,0.055477,0.055043,752.0
1544511600,0.053815,0.055001,0.055001,0.053815,10001.0
1544515200,0.053721,0.053882,0.053816,0.053777,3987.0
1544518800,0.053633,0.053777,0.053777,0.053633,10020.0
1544522400,0.05268,0.053451,0.05335,0.053451,11724.0
1544526000,0.052972,0.053451,0.053451,0.05345,308.0
