1556797500,0.384863,0.388869,0.38556,0.388792,15818.0
1556797800,0.386751,0.389248,0.388184,0.389096,7548.0
1556798100,0.387673,0.389142,0.389027,0.387819,1990.0
1556798400,0.387704,0.389309,0.387828,0.387704,6040.0
1556798700,0.385835,0.387703,0.387703,0.385851,4544.0
1556799000,0.384617,0.3868,0.3868,0.385678,5824.0
1556799300,0.383044,0.38495,0.38454,0.38495,8454.0
1556799600,0.383043,0.38499,0.383043,0.38499,3031.0
1556799900,0.382314,0.384587,0.384587,0.384128,1209.0
1556800200,0.382992,0.384547,0.383988,0.382992,1909.0
1556800500,0.383011,0.384559,0.38454,0.38303,2644.0
1556800800,0.38237,0.384163,0.383031,0.38238,2993.0
1556801100,0.381551,0.383849,0.382465,0.381722,78317.0
1556801400,0.381833,0.383809,0.383091,0.381998,3249.0
1556801700,0.382357,0.383665,0.382357,0.382366,3517.0
1556802000,0.382365,0.382366,0.382365,0.382365,2211.0
1556802300,0.378233,0.382366,0.382366,0.379961,93184.0
1556802600,0.372607,0.379852,0.378562,0.373706,269482.0
1556802900,0.373988,0.375996,0.374003,0.375,27352.0
1556803200,0.374343,0.377828,0.374417,0.375502,21654.0
1556803500,0.375503,0.37817,0.375503,0.377924,30436.0
1556803800,0.375659,0.377991,0.376205,0.376213,2695.0
1556804100,0.37625,0.37758,0.377568,0.37625,6366.0
1556804400,0.375,0.377387,0.377324,0.375,10988.0
1556804700,0.374205,0.376362,0.375,0.375955,33543.0
1556805000,0.374662,0.376884,0.37638,0.374935,4787.0
1556805300,0.37502,0.377903,0.37502,0.377535,15135.0
1556805600,0.374941,0.3777,0.3774,0.374943,8147.0
1556805900,0.374603,0.376248,0.374936,0.374891,7126.0
1556806200,0.374891,0.375357,0.374891,0.3749,10313.0
1556806500,0.3749,0.375874,0.375108,0.3749,32559.0
1556806800,0.375,0.376067,0.375164,0.375158,32771.0
1556807100,0.373752,0.375158,0.375158,0.374903,43420.0
1556807400,0.373752,0.37535,0.374854,0.37378,17276.0
1556807700,0.373821,0.375081,0.375081,0.374256,4619.0
1556808000,0.373146,0.375854,0.375847,0.374567,10326.0
1556808300,0.3711,0.374489,0.373424,0.371661,131141.0
1556808600,0.370261,0.373695,0.373202,0.3705,134463.0
1556808900,0.371299,0.373668,0.371299,0.373048,2846.0
1556809200,0.369358,0.373058,0.37298,0.371159,33417.0
1556809500,0.368677,0.371159,0.369951,0.371159,68805.0
1556809800,0.369497,0.371997,0.369513,0.371315,24282.0
1556810100,0.369497,0.370387,0.370027,0.369845,26345.0
1556810400,0.368378,0.369779,0.369779,0.3693,15746.0
1556810700,0.369267,0.3693,0.36927,0.3693,19378.0
1556811000,0.369299,0.371217,0.3693,0.369452,29781.0
1556811300,0.370005,0.371822,0.370005,0.371822,8965.0
1556811600,0.370933,0.375,0.371822,0.374999,38430.0
1556811900,0.374804,0.376379,0.374998,0.3759,29342.0
1556812200,0.372418,0.375901,0.3759,0.373574,2939.0
1556812500,0.373539,0.375542,0.373539,0.373666,18847.0
1556812800,0.371943,0.375175,0.373692,0.373631,30778.0
1556813100,0.370411,0.372887,0.3719,0.372098,22253.0
1556813400,0.36965,0.37322,0.370341,0.37322,18958.0
1556813700,0.37035,0.372959,0.371744,0.372381,10734.0
1556814000,0.369303,0.372784,0.371758,0.3718,23505.0
1556814300,0.370012,0.373079,0.370012,0.372914,12994.0
1556814600,0.370805,0.373227,0.370805,0.373227,6370.0
1556814900,0.370342,0.373111,0.371589,0.371501,14062.0
1556815200,0.37,0.371328,0.370341,0.370563,2298.0
1556815500,0.370278,0.37317,0.370711,0.37256,12974.0
1556815800,0.370018,0.372391,0.371318,0.370018,24686.0
1556816100,0.370001,0.371657,0.371657,0.371451,4929.0
1556816400,0.37007,0.371877,0.371444,0.370475,5110.0
1556816700,0.370944,0.37188,0.370944,0.371138,1488.0
1556817000,0.371379,0.373247,0.37188,0.373138,13619.0
1556817300,0.370506,0.373257,0.372153,0.371054,63906.0
1556817600,0.37009,0.373091,0.371221,0.371,54147.0
1556817900,0.37095,0.372998,0.372601,0.372998,8100.0
1556818200,0.372911,0.373269,0.372999,0.372911,13225.0
1556818500,0.37,0.373999,0.373085,0.371947,114937.0
1556818800,0.370628,0.37194,0.370631,0.371462,3177.0
1556819100,0.369902,0.37113,0.370612,0.369935,4515.0
1556819400,0.369945,0.371058,0.369945,0.3701,1624.0
1556819700,0.369996,0.370615,0.3701,0.37,604.0
1556820000,0.369791,0.370393,0.370393,0.370355,4512.0
1556820300,0.369792,0.371243,0.370355,0.371243,8794.0
1556820600,0.370167,0.373,0.370167,0.373,45474.0
1556820900,0.37149,0.372999,0.371526,0.371589,7142.0
1556821200,0.371637,0.373,0.373,0.372107,13156.0
1556821500,0.372107,0.373567,0.372107,0.37223,6727.0
1556821800,0.372133,0.373445,0.37223,0.372186,5397.0
1556822100,0.372001,0.37346,0.372188,0.372001,1413.0
1556822400,0.371,0.37254,0.37254,0.371,7887.0
1556822700,0.371,0.372016,0.371,0.371,13804.0
1556823000,0.370166,0.371357,0.371,0.371175,2777.0
1556823300,0.370166,0.37116,0.370166,0.370166,7595.0
1556823600,0.370166,0.371125,0.370166,0.370172,21328.0
1556823900,0.369792,0.372849,0.370172,0.371184,76450.0
1556824200,0.371198,0.374996,0.371198,0.372213,74879.0
1556824500,0.371361,0.372987,0.372209,0.371412,4049.0
1556824800,0.371329,0.3734,0.371418,0.373234,11871.0
1556825100,0.371076,0.373238,0.371328,0.371235,17542.0
1556825400,0.371321,0.373,0.37292,0.371719,14982.0
1556825700,0.371721,0.373673,0.371721,0.372095,1357.0
1556826000,0.371802,0.373566,0.373318,0.372765,4731.0
1556826300,0.371584,0.372505,0.371584,0.371852,2353.0
1556826600,0.371865,0.373367,0.371865,0.373025,3644.0
1556826900,0.371005,0.373025,0.372161,0.371024,2868.0
1556827200,0.370484,0.371974,0.371023,0.371818,16357.0
1556827500,0.370493,0.372864,0.370493,0.372781,11688.0
1556827800,0.37075,0.372613,0.37129,0.371084,6294.0
1556828100,0.370883,0.3732,0.371089,0.37113,15627.0
1556828400,0.370812,0.372123,0.371179,0.370812,14173.0
1556828700,0.3708,0.372205,0.370813,0.372071,3043.0
1556829000,0.370818,0.372832,0.370818,0.370972,29077.0
1556829300,0.371678,0.374,0.373285,0.372736,21032.0
1556829600,0.372545,0.373984,0.372736,0.372877,2071.0
1556829900,0.371281,0.374,0.373947,0.371281,44449.0
1556830200,0.372294,0.373811,0.373698,0.372563,3216.0
1556830500,0.372219,0.373777,0.373333,0.372219,857.0
1556830800,0.372219,0.374467,0.372219,0.374399,24080.0
1556831100,0.372244,0.374662,0.372923,0.373006,2359.0
1556831400,0.373074,0.374999,0.373074,0.374999,2491.0
1556831700,0.374027,0.374999,0.374027,0.374905,241.0
1556832000,0.373067,0.374999,0.374999,0.374913,3026.0
1556832300,0.373713,0.374999,0.373713,0.374999,3350.0
1556832600,0.374998,0.374999,0.374999,0.374998,4542.0
1556832900,0.374998,0.376,0.374998,0.375516,11099.0
1556833200,0.375451,0.37655,0.375516,0.37563,1042.0
1556833500,0.374728,0.377126,0.375451,0.376681,9318.0
1556833800,0.375003,0.3759,0.3759,0.375107,2671.0
1556834100,0.375007,0.375853,0.375007,0.375014,11039.0
1556834400,0.374572,0.37511,0.375012,0.374572,7904.0
1556834700,0.374914,0.37644,0.375,0.375375,4744.0
1556835000,0.375571,0.377091,0.376341,0.375849,4551.0
1556835300,0.37498,0.376848,0.37498,0.375756,2041.0
1556835600,0.375369,0.376982,0.375795,0.37549,1738.0
1556835900,0.374583,0.376827,0.375509,0.375154,2626.0
1556836200,0.375168,0.376454,0.376454,0.375211,1670.0
1556836500,0.375341,0.376878,0.375341,0.376646,3106.0
1556836800,0.375016,0.376752,0.375791,0.375491,20732.0
1556837100,0.375511,0.376689,0.376619,0.375632,8817.0
1556837400,0.375014,0.376528,0.375014,0.375657,5406.0
1556837700,0.375433,0.375683,0.37568,0.375433,1813.0
1556838000,0.375366,0.376499,0.376476,0.375402,8909.0
1556838300,0.374463,0.376338,0.375361,0.374524,23579.0
1556838600,0.37375,0.375517,0.374439,0.374441,4274.0
1556838900,0.374059,0.375861,0.374646,0.374097,2175.0
1556839200,0.37408,0.376478,0.374109,0.374581,2504.0
1556839500,0.373758,0.375931,0.374617,0.373802,5599.0
1556839800,0.373517,0.374917,0.374917,0.374081,1352.0
1556840100,0.373517,0.374081,0.374081,0.373517,3914.0
1556840400,0.373517,0.37381,0.37381,0.373795,2319.0
1556840700,0.372811,0.374128,0.373517,0.372811,14590.0
1556841000,0.3715,0.373425,0.372811,0.371566,17706.0
1556841300,0.371002,0.372897,0.371566,0.372806,12612.0
1556841600,0.371054,0.373493,0.372795,0.371536,5877.0
1556841900,0.371051,0.372621,0.371207,0.37156,1395.0
1556842200,0.37156,0.374228,0.37156,0.372267,1326.0
1556842500,0.371252,0.372997,0.372209,0.371343,5839.0
1556842800,0.371402,0.373694,0.371402,0.373635,16027.0
1556843100,0.372096,0.373717,0.372096,0.373717,1843.0
1556843400,0.372212,0.374496,0.372853,0.372226,4338.0
1556843700,0.371371,0.373387,0.372209,0.37211,5985.0
1556844000,0.37142,0.3731,0.372143,0.371518,6028.0
1556844300,0.371253,0.372729,0.371524,0.371605,5448.0
1556844600,0.371531,0.373332,0.373332,0.371547,3980.0
1556844900,0.371251,0.372752,0.371553,0.371369,3592.0
1556845200,0.370843,0.371388,0.371361,0.371388,2226.0
1556845500,0.370114,0.371969,0.371648,0.370472,46487.0
1556845800,0.369291,0.371707,0.370473,0.369291,6750.0
1556846100,0.3692,0.370362,0.370333,0.369226,4472.0
1556846400,0.369001,0.370725,0.369236,0.370629,11476.0
1556846700,0.37,0.370003,0.37,0.370002,1205.0
1556847000,0.37,0.372206,0.37,0.3715,21923.0
1556847300,0.3715,0.372152,0.372137,0.372151,1666.0
1556847600,0.371518,0.373435,0.372151,0.373162,5267.0
1556847900,0.372,0.374847,0.373103,0.374847,11249.0
1556848200,0.37317,0.374999,0.37317,0.373943,1048.0
1556848500,0.373943,0.375946,0.373943,0.374263,4347.0
1556848800,0.373067,0.374999,0.374337,0.373132,2342.0
1556849100,0.372541,0.375,0.373161,0.374204,8630.0
1556849400,0.374022,0.376,0.374022,0.376,36210.0
1556849700,0.375619,0.3775,0.375619,0.3775,6615.0
1556850000,0.375,0.3775,0.376901,0.375715,2651.0
1556850300,0.375,0.375001,0.375,0.375,2212.0
1556850600,0.373385,0.375001,0.375,0.373398,4133.0
1556850900,0.373394,0.374533,0.373402,0.373398,14617.0
1556851200,0.3734,0.374814,0.3734,0.374814,2479.0
1556851500,0.373385,0.374737,0.373613,0.373385,11816.0
1556851800,0.373385,0.375986,0.373664,0.375176,10901.0
1556852100,0.373512,0.37498,0.374172,0.373512,20092.0
1556852400,0.37356,0.37459,0.37356,0.373772,7383.0
1556852700,0.373501,0.374762,0.3737,0.374264,7692.0
1556853000,0.372209,0.374075,0.373501,0.372254,12598.0
1556853300,0.372256,0.373825,0.372256,0.373178,6955.0
1556853600,0.37203,0.374314,0.37248,0.372382,11462.0
1556853900,0.3722,0.373397,0.372441,0.3722,15534.0
1556854200,0.372,0.373478,0.3722,0.373478,17126.0
1556854500,0.372018,0.373459,0.372244,0.372095,741.0
1556854800,0.372167,0.373546,0.373224,0.372538,7611.0
1556855100,0.372037,0.373544,0.372558,0.373444,546.0
1556855400,0.372,0.373426,0.373426,0.372,5036.0
1556855700,0.372,0.372902,0.372001,0.372456,2270.0
1556856000,0.372,0.372401,0.372401,0.3724,53372.0
1556856300,0.370732,0.374841,0.372,0.371795,48477.0
1556856600,0.371338,0.372115,0.371795,0.371356,229.0
1556856900,0.371357,0.372978,0.372343,0.371392,3072.0
1556857200,0.371421,0.373357,0.371421,0.372009,4223.0
1556857500,0.372082,0.372884,0.372082,0.37226,1468.0
1556857800,0.372518,0.373349,0.373349,0.372607,1128.0
1556858100,0.372643,0.374768,0.373349,0.373465,670.0
1556858400,0.373607,0.375735,0.374642,0.373698,1343.0
1556858700,0.372766,0.374631,0.374631,0.372831,4942.0
1556859000,0.372993,0.374188,0.372993,0.373574,1096.0
1556859300,0.373234,0.373813,0.373813,0.373234,56.0
1556859600,0.373002,0.37389,0.373234,0.373772,1188.0
1556859900,0.373,0.373766,0.373012,0.373,384.0
1556860200,0.371997,0.373696,0.373341,0.372333,5549.0
1556860500,0.372342,0.373196,0.372342,0.372348,1952.0
1556860800,0.372964,0.374153,0.373717,0.373199,749.0
1556861100,0.372592,0.374276,0.374276,0.372878,861.0
1556861400,0.372948,0.374034,0.372948,0.372968,1334.0
1556861700,0.372985,0.374005,0.374005,0.373012,332.0
1556862000,0.373037,0.373942,0.373942,0.373037,2200.0
1556862300,0.372808,0.37421,0.373037,0.373028,1734.0
1556862600,0.372416,0.374,0.37313,0.372416,1076.0
1556862900,0.372058,0.373254,0.372058,0.372477,3273.0
1556863200,0.372325,0.372488,0.372488,0.372336,169.0
1556863500,0.372342,0.373343,0.372342,0.372371,766.0
1556863800,0.371031,0.373528,0.372365,0.37112,20136.0
1556864100,0.371164,0.3725,0.372497,0.372357,2847.0
1556864400,0.371316,0.372867,0.37236,0.372867,1090.0
1556864700,0.37,0.372608,0.371646,0.370924,17970.0
1556865000,0.369027,0.37092,0.37,0.369353,35593.0
1556865300,0.369,0.37,0.369682,0.369332,77786.0
1556865600,0.36761,0.369188,0.369188,0.368475,67608.0
1556865900,0.367611,0.369945,0.367611,0.3693,15020.0
1556866200,0.36761,0.368928,0.367755,0.368928,1086.0
1556866500,0.366725,0.369802,0.368929,0.3685,82898.0
1556866800,0.368528,0.37,0.368528,0.37,3040.0
1556867100,0.369406,0.37,0.37,0.37,9555.0
1556867400,0.369068,0.37,0.369629,0.369587,4638.0
1556867700,0.369464,0.37,0.369711,0.369711,2375.0
1556868000,0.369,0.37,0.369005,0.369,16010.0
1556868300,0.368,0.368908,0.3687,0.368,13694.0
1556868600,0.366959,0.368525,0.368,0.36829,3673.0
1556868900,0.367769,0.369005,0.36829,0.368701,19496.0
1556869200,0.367087,0.368995,0.368125,0.367798,4375.0
1556869500,0.365026,0.367308,0.367308,0.36599,13365.0
1556869800,0.365025,0.365845,0.365026,0.365025,8014.0
1556870100,0.365,0.365967,0.365025,0.365957,23540.0
1556870400,0.365001,0.366,0.365952,0.366,5264.0
1556870700,0.365001,0.365999,0.365999,0.365001,1915.0
1556871000,0.365001,0.366,0.365994,0.365999,3073.0
1556871300,0.365,0.366,0.365999,0.365995,12903.0
1556871600,0.365011,0.365999,0.365996,0.365026,1499.0
1556871900,0.36516,0.366,0.36516,0.365591,9139.0
1556872200,0.365002,0.366,0.365979,0.366,332.0
1556872500,0.365277,0.366,0.365914,0.365934,33021.0
1556872800,0.365,0.365982,0.365007,0.365,14911.0
1556873100,0.365,0.365992,0.365,0.36505,17434.0
1556873400,0.365241,0.367672,0.365241,0.365876,275441.0
1556873700,0.365,0.368417,0.365876,0.368009,12533.0
1556874000,0.365066,0.367974,0.36761,0.365491,12730.0
1556874300,0.36505,0.367859,0.367859,0.36668,9679.0
1556874600,0.36613,0.369005,0.366976,0.369005,51409.0
1556874900,0.368319,0.372272,0.369005,0.369825,21981.0
1556875200,0.37125,0.374279,0.372762,0.374279,39045.0
1556875500,0.373799,0.376437,0.374279,0.373985,33233.0
1556875800,0.374303,0.37645,0.3759,0.374973,22781.0
1556876100,0.375005,0.377254,0.375005,0.377254,28143.0
1556876400,0.376302,0.380179,0.376302,0.378782,54386.0
1556876700,0.3769,0.38011,0.38011,0.378968,27637.0
1556877000,0.375398,0.378819,0.377366,0.375398,32886.0
1556877300,0.375477,0.378626,0.376199,0.376225,5948.0
1556877600,0.374987,0.379241,0.375634,0.378999,142484.0
1556877900,0.375969,0.378999,0.378999,0.377207,14939.0
1556878200,0.376195,0.377896,0.376195,0.376354,3074.0
1556878500,0.375524,0.378,0.376354,0.377992,20095.0
1556878800,0.376506,0.378,0.377,0.378,5958.0
1556879100,0.375737,0.3782,0.377109,0.376106,32954.0
1556879400,0.376248,0.377995,0.376248,0.37721,6618.0
1556879700,0.377149,0.377995,0.377994,0.377995,13671.0
1556880000,0.37715,0.378,0.377153,0.378,7734.0
1556880300,0.376944,0.378012,0.377999,0.377846,12728.0
1556880600,0.375828,0.378004,0.376947,0.376005,25796.0
1556880900,0.375122,0.37702,0.3758,0.375416,33665.0
1556881200,0.375808,0.377,0.376,0.376464,6558.0
1556881500,0.376376,0.377999,0.377,0.376755,7149.0
1556881800,0.377054,0.378013,0.378,0.377373,10877.0
1556882100,0.377047,0.378,0.377999,0.377452,4546.0
1556882400,0.377047,0.377999,0.377452,0.377048,5859.0
1556882700,0.375361,0.377796,0.377514,0.376639,40313.0
1556883000,0.376604,0.37799,0.37799,0.377986,9020.0
1556883300,0.376913,0.379996,0.37696,0.377068,148100.0
1556883600,0.377051,0.379056,0.379056,0.377051,35222.0
1556883900,0.375092,0.377995,0.376556,0.377063,21374.0
1556884200,0.375807,0.377997,0.377983,0.377761,5422.0
1556884500,0.375661,0.37768,0.37768,0.375891,4697.0
1556884800,0.375932,0.376998,0.375932,0.376998,11768.0
1556885100,0.376341,0.378749,0.376998,0.377259,47473.0
1556885400,0.376698,0.378619,0.377263,0.378467,3465.0
1556885700,0.376854,0.378208,0.378208,0.376878,33038.0
1556886000,0.376837,0.37869,0.377985,0.376963,5079.0
1556886300,0.376631,0.378728,0.376966,0.377476,29913.0
1556886600,0.376984,0.377999,0.377986,0.377045,9580.0
1556886900,0.376826,0.377999,0.377049,0.376972,11157.0
1556887200,0.37663,0.377995,0.376913,0.377246,4654.0
1556887500,0.375245,0.377483,0.37722,0.376099,10126.0
1556887800,0.376123,0.377498,0.376147,0.37721,32772.0
1556888100,0.3762,0.377225,0.377224,0.376244,6863.0
1556888400,0.376206,0.377498,0.377017,0.376901,9306.0
1556888700,0.3769,0.3775,0.376901,0.3769,4515.0
1556889000,0.374869,0.377397,0.377397,0.374869,44937.0
1556889300,0.375451,0.377766,0.375451,0.37752,15546.0
1556889600,0.37692,0.377812,0.377429,0.377228,21499.0
1556889900,0.377005,0.377998,0.377005,0.377488,9162.0
1556890200,0.375989,0.377959,0.377673,0.375989,9188.0
1556890500,0.376219,0.377953,0.377678,0.376252,19058.0
1556890800,0.376275,0.377541,0.376275,0.377457,22950.0
1556891100,0.376988,0.377896,0.377,0.376988,38697.0
1556891400,0.375301,0.377696,0.377079,0.377272,19091.0
1556891700,0.37537,0.377071,0.37707,0.37537,11514.0
1556892000,0.374189,0.376111,0.376111,0.375109,30849.0
1556892300,0.374188,0.375478,0.374188,0.374939,13178.0
1556892600,0.372917,0.375262,0.375262,0.373936,32498.0
1556892900,0.372912,0.374849,0.374177,0.373082,31981.0
1556893200,0.372874,0.37419,0.373118,0.373349,9520.0
1556893500,0.372,0.374134,0.373355,0.372524,79081.0
1556893800,0.372,0.373946,0.373428,0.372583,13779.0
1556894100,0.372508,0.374999,0.372672,0.374092,31812.0
1556894400,0.372952,0.374999,0.374999,0.374871,17998.0
1556894700,0.373435,0.374999,0.373438,0.37448,2462.0
1556895000,0.374245,0.374999,0.374999,0.374677,13547.0
1556895300,0.372889,0.374989,0.3742,0.373758,17800.0
1556895600,0.371805,0.375,0.373817,0.373026,21766.0
1556895900,0.373084,0.375679,0.374955,0.373737,15244.0
1556896200,0.37301,0.376215,0.373828,0.37301,33328.0
1556896500,0.371,0.372979,0.3727,0.372698,15932.0
1556896800,0.371217,0.372985,0.371217,0.372913,6647.0
1556897100,0.371537,0.372999,0.372972,0.372627,7045.0
1556897400,0.37169,0.372935,0.372935,0.37169,4892.0
1556897700,0.37169,0.372906,0.37169,0.37169,10017.0
1556898000,0.366931,0.371974,0.37169,0.368014,74196.0
1556898300,0.367809,0.370358,0.368039,0.367809,20660.0
1556898600,0.36802,0.37,0.369435,0.369999,8387.0
1556898900,0.367792,0.369936,0.369304,0.367976,22750.0
1556899200,0.366733,0.368,0.367852,0.367998,19028.0
1556899500,0.366993,0.36847,0.367998,0.368302,19276.0
1556899800,0.367012,0.368,0.367832,0.368,11007.0
1556900100,0.366993,0.368987,0.368,0.367005,9843.0
1556900400,0.366732,0.367996,0.366991,0.367906,21720.0
1556900700,0.366733,0.367943,0.367,0.367858,6900.0
1556901000,0.366916,0.368621,0.366916,0.368171,32608.0
1556901300,0.367281,0.368827,0.368159,0.368689,37110.0
1556901600,0.366879,0.368941,0.368,0.367047,34341.0
1556901900,0.366733,0.36792,0.36792,0.367,20217.0
1556902200,0.366732,0.367,0.366732,0.367,8517.0
1556902500,0.365757,0.367,0.366999,0.367,4903.0
1556902800,0.36659,0.368725,0.367,0.36668,47769.0
1556903100,0.36571,0.367781,0.367781,0.366165,42854.0
1556903400,0.363532,0.367357,0.365604,0.366465,148820.0
1556903700,0.365483,0.366607,0.365615,0.365971,8632.0
1556904000,0.363846,0.365994,0.365962,0.363846,2287.0
1556904300,0.362662,0.365664,0.365636,0.365078,72186.0
1556904600,0.362756,0.365935,0.363532,0.363138,21089.0
1556904900,0.363129,0.364884,0.364361,0.363679,4115.0
1556905200,0.363508,0.36485,0.364644,0.36375,11893.0
1556905500,0.363717,0.364972,0.363734,0.363745,4959.0
1556905800,0.362856,0.364974,0.363749,0.363356,18896.0
1556906100,0.363483,0.364913,0.363486,0.363688,8646.0
1556906400,0.362743,0.363994,0.362743,0.363306,11100.0
1556906700,0.362767,0.363989,0.363014,0.363595,22145.0
1556907000,0.361056,0.363,0.362892,0.361056,54725.0
1556907300,0.361057,0.363,0.361057,0.362158,20515.0
1556907600,0.362472,0.36496,0.362472,0.363181,68034.0
1556907900,0.363157,0.36489,0.363999,0.36489,35766.0
1556908200,0.363198,0.364814,0.363198,0.363389,6475.0
1556908500,0.363157,0.364556,0.363355,0.363165,11363.0
1556908800,0.363359,0.365,0.363999,0.363359,14434.0
1556909100,0.363164,0.36456,0.363523,0.36385,15025.0
1556909400,0.363167,0.364,0.363788,0.364,11695.0
1556909700,0.363006,0.363999,0.363999,0.36305,41462.0
1556910000,0.363471,0.367438,0.364,0.365841,16899.0
1556910300,0.365338,0.367467,0.367176,0.366638,8548.0
1556910600,0.366837,0.371237,0.366854,0.3695,21884.0
1556910900,0.369695,0.372207,0.369695,0.370103,17222.0
1556911200,0.3678,0.370103,0.370103,0.36786,3715.0
1556911500,0.367801,0.369267,0.369108,0.368365,1535.0
1556911800,0.3678,0.369046,0.367805,0.369038,12139.0
1556912100,0.367803,0.369395,0.368991,0.369083,744.0
1556912400,0.367801,0.369887,0.369887,0.367876,14293.0
1556912700,0.3678,0.368551,0.3678,0.3678,12817.0
1556913000,0.367801,0.369217,0.368628,0.368248,7697.0
1556913300,0.3678,0.368162,0.3678,0.367801,18562.0
1556913600,0.3678,0.367801,0.367801,0.367801,4074.0
1556913900,0.3678,0.368647,0.367801,0.368431,17981.0
1556914200,0.368039,0.370656,0.369065,0.370483,38868.0
1556914500,0.368611,0.370227,0.370227,0.369643,6318.0
1556914800,0.367912,0.370052,0.370052,0.369433,2904.0
1556915100,0.367805,0.370049,0.36939,0.369548,24045.0
1556915400,0.3679,0.369613,0.368012,0.3679,23652.0
1556915700,0.367901,0.370033,0.367901,0.36872,4806.0
1556916000,0.368309,0.37006,0.369958,0.37,47135.0
1556916300,0.369074,0.370062,0.369074,0.36914,2606.0
1556916600,0.36894,0.370534,0.370062,0.369103,8885.0
1556916900,0.369008,0.370447,0.369008,0.370435,1293.0
1556917200,0.369113,0.370537,0.370358,0.370141,11127.0
1556917500,0.369162,0.370541,0.370507,0.370529,2674.0
1556917800,0.369208,0.371092,0.370513,0.37,16152.0
1556918100,0.37,0.371051,0.370661,0.37005,2232.0
1556918400,0.369348,0.370736,0.37005,0.369348,12353.0
1556918700,0.369113,0.370495,0.370495,0.370322,2200.0
1556919000,0.369001,0.370349,0.370157,0.370349,5637.0
1556919300,0.369008,0.371499,0.37045,0.37053,6509.0
1556919600,0.369001,0.370725,0.369249,0.370694,9872.0
1556919900,0.370601,0.371981,0.370707,0.370601,22553.0
1556920200,0.369998,0.371712,0.370418,0.370354,4083.0
1556920500,0.370365,0.371914,0.370365,0.371869,5110.0
1556920800,0.370925,0.371931,0.371788,0.371241,9692.0
1556921100,0.369825,0.372884,0.371219,0.369825,29391.0
1556921400,0.369772,0.372129,0.372078,0.37158,22513.0
1556921700,0.369859,0.372999,0.371463,0.372063,27960.0
1556922000,0.370732,0.372794,0.372204,0.372781,13510.0
1556922300,0.370757,0.37291,0.371243,0.371159,4627.0
1556922600,0.37156,0.37355,0.372761,0.372028,268.0
1556922900,0.371061,0.37356,0.372917,0.371061,7120.0
1556923200,0.371014,0.373902,0.372553,0.373902,6418.0
1556923500,0.371366,0.373522,0.373522,0.371648,11069.0
1556923800,0.371867,0.373207,0.373207,0.373191,1785.0
1556924100,0.37172,0.374,0.371721,0.373997,3682.0
1556924400,0.372281,0.373886,0.373886,0.372448,4245.0
1556924700,0.371959,0.373999,0.372455,0.372429,6813.0
1556925000,0.372652,0.374,0.373997,0.372774,3292.0
1556925300,0.372361,0.373997,0.373949,0.373997,2231.0
1556925600,0.372307,0.374845,0.372307,0.374366,12686.0
1556925900,0.372279,0.374251,0.374251,0.372319,1262.0
1556926200,0.372,0.373715,0.373677,0.372001,17707.0
1556926500,0.371389,0.372002,0.372002,0.372002,304.0
1556926800,0.371,0.372002,0.372002,0.371199,1198.0
1556927100,0.370726,0.371001,0.371001,0.370726,19560.0
1556927400,0.37,0.371,0.371,0.370799,1134.0
1556927700,0.37,0.3708,0.370076,0.3708,10254.0
1556928000,0.370031,0.371001,0.370072,0.370999,31315.0
1556928300,0.370004,0.371001,0.370184,0.370354,24717.0
1556928600,0.370582,0.372898,0.371001,0.372898,68617.0
1556928900,0.371468,0.374214,0.371468,0.374214,23924.0
1556929200,0.372219,0.374271,0.372224,0.372314,9796.0
1556929500,0.371321,0.373378,0.373095,0.372265,15626.0
1556929800,0.36925,0.37135,0.371327,0.371095,45646.0
1556930100,0.369968,0.371676,0.371008,0.370952,8728.0
1556930400,0.369701,0.371534,0.371534,0.370304,14440.0
1556930700,0.369,0.371334,0.371334,0.369523,76209.0
1556931000,0.369584,0.370647,0.369584,0.369888,3742.0
1556931300,0.369751,0.371852,0.3705,0.371852,10479.0
1556931600,0.369879,0.371623,0.369911,0.371607,2850.0
1556931900,0.369354,0.371499,0.371443,0.371154,18812.0
1556932200,0.369454,0.371432,0.371411,0.369803,1192.0
1556932500,0.371345,0.371498,0.371392,0.371345,9101.0
1556932800,0.371345,0.372348,0.371499,0.371345,31322.0
1556933100,0.371345,0.373748,0.372362,0.371345,38482.0
1556933400,0.369001,0.372144,0.372143,0.369004,39991.0
1556933700,0.369001,0.369984,0.369004,0.369712,4773.0
1556934000,0.3678,0.369606,0.369004,0.3678,33206.0
1556934300,0.3678,0.368,0.367801,0.3678,34526.0
1556934600,0.367,0.367988,0.3678,0.3675,25823.0
1556934900,0.361634,0.367823,0.367823,0.361816,103690.0
1556935200,0.361708,0.363403,0.363034,0.361708,18342.0
1556935500,0.361154,0.364235,0.3631,0.363589,61299.0
1556935800,0.362468,0.364722,0.363416,0.364551,34527.0
1556936100,0.363456,0.365937,0.364693,0.364895,27542.0
1556936400,0.362803,0.366675,0.364496,0.366181,278535.0
1556936700,0.364966,0.367198,0.366157,0.365277,62325.0
1556937000,0.364418,0.365,0.365,0.364572,4677.0
1556937300,0.364999,0.366001,0.365,0.366001,9778.0
1556937600,0.364999,0.367379,0.365001,0.367303,6387.0
1556937900,0.364499,0.367067,0.367067,0.36472,58789.0
1556938200,0.36486,0.366967,0.366313,0.365571,10601.0
1556938500,0.366261,0.367995,0.367266,0.367991,7961.0
1556938800,0.366377,0.367961,0.367934,0.36755,3830.0
1556939100,0.36662,0.368,0.366623,0.368,9115.0
1556939400,0.366732,0.36853,0.368,0.366838,11563.0
1556939700,0.366718,0.368474,0.368363,0.368474,22119.0
1556940000,0.367333,0.368478,0.368251,0.368456,12875.0
1556940300,0.367336,0.368545,0.36747,0.368383,13478.0
1556940600,0.365899,0.367867,0.367867,0.367074,14527.0
1556940900,0.366313,0.367987,0.367692,0.366889,758.0
1556941200,0.365679,0.366608,0.366608,0.365679,16356.0
1556941500,0.363811,0.365504,0.364854,0.365504,34053.0
1556941800,0.364388,0.366284,0.365599,0.366284,2860.0
1556942100,0.364721,0.36628,0.36519,0.36611,726.0
1556942400,0.362489,0.366308,0.366308,0.363324,171165.0
1556942700,0.360512,0.364667,0.363328,0.360512,86876.0
1556943000,0.36111,0.363718,0.361111,0.361308,67553.0
1556943300,0.360915,0.363213,0.361979,0.361727,13622.0
1556943600,0.361619,0.363699,0.361619,0.363596,4121.0
1556943900,0.360829,0.363681,0.362565,0.360829,4003.0
1556944200,0.357154,0.361453,0.361451,0.359988,464709.0
1556944500,0.358754,0.36,0.359995,0.359997,6382.0
1556944800,0.359416,0.36,0.359416,0.359995,90866.0
1556945100,0.359477,0.36,0.359995,0.359477,6448.0
1556945400,0.359477,0.359999,0.359999,0.359477,5108.0
1556945700,0.357153,0.359925,0.359708,0.357153,62079.0
1556946000,0.355,0.357336,0.357153,0.355,48294.0
1556946300,0.352781,0.355244,0.355005,0.354098,112064.0
1556946600,0.352893,0.354097,0.353881,0.353999,8648.0
1556946900,0.352838,0.3541,0.353999,0.3541,72895.0
1556947200,0.353336,0.3541,0.3541,0.353342,4989.0
1556947500,0.35125,0.3541,0.354097,0.35125,18130.0
1556947800,0.351283,0.35246,0.351283,0.352431,5566.0
1556948100,0.351113,0.35246,0.352402,0.351573,14089.0
1556948400,0.3505,0.35246,0.352431,0.3505,52318.0
1556948700,0.350334,0.351667,0.350498,0.350499,35390.0
1556949000,0.350353,0.352155,0.350499,0.352153,40785.0
1556949300,0.350335,0.35202,0.35202,0.351355,5036.0
1556949600,0.350411,0.352418,0.350413,0.352418,18283.0
1556949900,0.351932,0.35479,0.352419,0.354589,58275.0
1556950200,0.354674,0.356,0.354954,0.354674,3360.0
1556950500,0.354563,0.356,0.356,0.355567,2500.0
1556950800,0.354331,0.355998,0.355567,0.355991,28846.0
1556951100,0.355991,0.355991,0.355991,0.355991,14458.0
1556951400,0.355998,0.358628,0.355999,0.358625,43954.0
1556951700,0.356519,0.358218,0.356519,0.358158,1444.0
1556952000,0.355315,0.35795,0.356242,0.35763,2265.0
1556952300,0.356329,0.357934,0.356329,0.356552,2451.0
1556952600,0.357207,0.35856,0.35856,0.357811,4034.0
1556952900,0.358104,0.359856,0.35875,0.3589,3925.0
1556953200,0.358248,0.359407,0.359407,0.358989,653.0
1556953500,0.354086,0.358997,0.358268,0.358684,153693.0
1556953800,0.358073,0.358437,0.358224,0.358368,151.0
1556954100,0.357693,0.358477,0.357693,0.358477,1059.0
1556954400,0.356087,0.358278,0.358076,0.356695,6594.0
1556954700,0.356449,0.358389,0.358015,0.358,8367.0
1556955000,0.356074,0.357569,0.356591,0.357216,434.0
1556955300,0.355543,0.356922,0.35604,0.356011,7186.0
1556955600,0.35503,0.356902,0.356902,0.355106,4439.0
1556955900,0.355,0.356412,0.355037,0.356412,6526.0
1556956200,0.354322,0.355876,0.355876,0.355363,2431.0
1556956500,0.354,0.355469,0.354609,0.354124,18288.0
1556956800,0.354,0.355084,0.355058,0.355084,8785.0
1556957100,0.354,0.355235,0.355235,0.354128,12925.0
1556957400,0.354,0.355779,0.354159,0.355779,10261.0
1556957700,0.355491,0.355782,0.355491,0.355781,640.0
1556958000,0.354326,0.355618,0.35531,0.35457,4283.0
1556958300,0.354256,0.355763,0.354256,0.354868,4900.0
1556958600,0.3549,0.355776,0.355771,0.355776,1895.0
1556958900,0.355119,0.35578,0.355768,0.355776,513.0
1556959200,0.355177,0.355766,0.355177,0.355235,1687.0
1556959500,0.355379,0.357194,0.355379,0.357194,6608.0
1556959800,0.356577,0.357991,0.357199,0.356686,671.0
1556960100,0.358015,0.358351,0.358015,0.358351,33.0
1556960400,0.357148,0.357151,0.357148,0.357151,89.0
1556960700,0.357515,0.358977,0.35853,0.358977,3642.0
1556961000,0.35904,0.361455,0.35904,0.361455,9741.0
1556961300,0.361577,0.363,0.36159,0.362412,35640.0
1556961600,0.361873,0.363,0.362126,0.362995,929.0
1556961900,0.362194,0.363,0.363,0.363,81.0
1556962200,0.35875,0.362996,0.362455,0.35936,10354.0
1556962500,0.359194,0.359508,0.359272,0.359508,1085.0
1556962800,0.358247,0.360278,0.358247,0.359615,1797.0
1556963100,0.358451,0.359201,0.358451,0.3592,6507.0
1556963400,0.357178,0.359548,0.358336,0.357178,1341.0
1556963700,0.359162,0.361227,0.359162,0.361,8386.0
1556964000,0.361083,0.362,0.36125,0.362,2350.0
1556964300,0.361059,0.362997,0.36199,0.362907,2314.0
1556964600,0.361466,0.362901,0.361466,0.362901,4925.0
1556964900,0.35875,0.361728,0.36,0.35875,3495.0
1556965200,0.358751,0.36042,0.359907,0.359685,7903.0
1556965500,0.357638,0.359471,0.35875,0.359304,14421.0
1556965800,0.356323,0.358439,0.357702,0.358354,7026.0
1556966100,0.356669,0.357918,0.357431,0.356669,1034.0
1556966400,0.35723,0.357904,0.357903,0.35723,12336.0
1556966700,0.356128,0.357897,0.357897,0.356349,609.0
1556967000,0.355945,0.357055,0.357055,0.356889,6428.0
1556967300,0.355188,0.356774,0.355783,0.355895,32033.0
1556967600,0.355512,0.356624,0.355895,0.355578,4927.0
1556967900,0.355548,0.356459,0.356459,0.35563,12789.0
1556968200,0.354859,0.35644,0.35644,0.354859,21382.0
1556968500,0.354861,0.355821,0.355821,0.354861,766.0
1556968800,0.354735,0.356381,0.355806,0.356381,6125.0
1556969100,0.354823,0.35597,0.35597,0.354893,6263.0
1556969400,0.355107,0.35623,0.35623,0.355107,1652.0
1556969700,0.355005,0.356631,0.356233,0.356492,1108.0
1556970000,0.355437,0.357396,0.356994,0.356788,1137.0
1556970300,0.356157,0.357593,0.357269,0.356157,12669.0
1556970600,0.355997,0.357725,0.356274,0.357598,4996.0
1556970900,0.356278,0.357909,0.357551,0.357909,2760.0
1556971200,0.356806,0.359103,0.3579,0.359015,7197.0
1556971500,0.35781,0.359594,0.358946,0.359103,4583.0
1556971800,0.357353,0.35855,0.35855,0.357353,8930.0
1556972100,0.356534,0.358714,0.358227,0.356534,3447.0
1556972400,0.356624,0.359181,0.356624,0.357694,3821.0
1556972700,0.35683,0.358353,0.358261,0.358353,5391.0
1556973000,0.357281,0.358723,0.357281,0.358417,3395.0
1556973300,0.356462,0.358335,0.358323,0.356521,53398.0
1556973600,0.354001,0.357367,0.356521,0.354604,50117.0
1556973900,0.3549,0.356819,0.356801,0.35522,48820.0
1556974200,0.35442,0.356081,0.35522,0.354999,10496.0
1556974500,0.355004,0.356199,0.355722,0.356199,8255.0
1556974800,0.355083,0.355969,0.355969,0.355647,747.0
1556975100,0.354044,0.355636,0.355636,0.354044,1442.0
1556975400,0.354,0.355313,0.355313,0.354349,2939.0
1556975700,0.352407,0.354342,0.354,0.352407,15393.0
1556976000,0.352,0.35394,0.353507,0.352886,5897.0
1556976300,0.34999,0.352995,0.352995,0.350343,59506.0
1556976600,0.346067,0.350257,0.34999,0.348593,141272.0
1556976900,0.347497,0.348599,0.348002,0.347614,25332.0
1556977200,0.347409,0.3486,0.347629,0.348598,44989.0
1556977500,0.343232,0.348597,0.348597,0.34355,54553.0
1556977800,0.342,0.3435,0.343232,0.343499,113513.0
1556978100,0.339102,0.343321,0.343,0.343321,210952.0
1556978400,0.34069,0.344613,0.343497,0.343354,126239.0
1556978700,0.340469,0.34348,0.343326,0.340502,44538.0
1556979000,0.33838,0.343415,0.343021,0.343298,75514.0
1556979300,0.339058,0.346227,0.339058,0.346,50322.0
1556979600,0.342647,0.346904,0.345962,0.346592,69868.0
1556979900,0.345244,0.348517,0.346592,0.346215,31976.0
1556980200,0.3455,0.3479,0.347598,0.34784,22572.0
1556980500,0.345825,0.348746,0.345826,0.346776,62508.0
1556980800,0.34618,0.348997,0.348,0.348997,11510.0
1556981100,0.347628,0.349875,0.349,0.348547,55890.0
1556981400,0.347834,0.34964,0.3485,0.347918,3614.0
1556981700,0.348238,0.34974,0.349552,0.349609,11593.0
1556982000,0.349,0.34983,0.349,0.349474,10794.0
1556982300,0.349,0.3499,0.349458,0.349,1840.0
1556982600,0.348285,0.35043,0.349,0.350341,38584.0
1556982900,0.348396,0.350339,0.348731,0.350331,14434.0
1556983200,0.349003,0.35034,0.350337,0.349498,2539.0
1556983500,0.349016,0.350329,0.349498,0.349808,3838.0
1556983800,0.346552,0.349019,0.349019,0.346552,23396.0
1556984100,0.346556,0.351,0.347475,0.351,18705.0
1556984400,0.349362,0.352757,0.35125,0.350501,18735.0
1556984700,0.348859,0.352192,0.351958,0.349749,32828.0
1556985000,0.349201,0.352228,0.349201,0.35061,96676.0
1556985300,0.352473,0.35455,0.352996,0.35455,9010.0
1556985600,0.352658,0.355304,0.354442,0.355304,28673.0
1556985900,0.353465,0.35569,0.355655,0.353465,7603.0
1556986200,0.354,0.356887,0.354,0.356871,25651.0
1556986500,0.355323,0.356741,0.355324,0.356741,5870.0
1556986800,0.355,0.356992,0.356745,0.355015,28463.0
1556987100,0.355,0.356303,0.356303,0.355386,4062.0
1556987400,0.355002,0.35629,0.355373,0.35629,18014.0
1556987700,0.3559,0.3577,0.35629,0.356598,10111.0
1556988000,0.355355,0.356899,0.355494,0.355405,8818.0
1556988300,0.355366,0.357203,0.355366,0.35662,8426.0
1556988600,0.355364,0.356992,0.356353,0.356992,6447.0
1556988900,0.356001,0.35723,0.356992,0.357077,7579.0
1556989200,0.355001,0.356683,0.356343,0.356683,5217.0
1556989500,0.355015,0.356919,0.356616,0.355186,6570.0
1556989800,0.355203,0.356986,0.35533,0.355203,617.0
1556990100,0.35534,0.357535,0.35534,0.356199,4687.0
1556990400,0.355753,0.357155,0.357129,0.356301,482.0
1556990700,0.356723,0.357905,0.357346,0.357905,27615.0
1556991000,0.357905,0.358636,0.357905,0.358636,3781.0
1556991300,0.358367,0.358696,0.358636,0.358367,5837.0
1556991600,0.358327,0.359988,0.358696,0.3593,8206.0
1556991900,0.359988,0.362,0.359988,0.362,26193.0
1556992200,0.3621,0.367987,0.3621,0.367916,74511.0
1556992500,0.366461,0.368636,0.367914,0.368327,45709.0
1556992800,0.366463,0.368623,0.368216,0.366463,5578.0
1556993100,0.367574,0.37,0.3678,0.37,11867.0
1556993400,0.37,0.372769,0.37,0.371606,78169.0
1556993700,0.370276,0.372,0.371577,0.370292,81248.0
1556994000,0.370276,0.371926,0.371687,0.37159,2952.0
1556994300,0.370277,0.371316,0.371316,0.370285,1622.0
1556994600,0.361849,0.370712,0.370679,0.362027,22504.0
1556994900,0.362107,0.36414,0.363332,0.363986,8438.0
1556995200,0.363097,0.364732,0.363097,0.364,11491.0
1556995500,0.362108,0.366969,0.364403,0.366648,5216.0
1556995800,0.364052,0.366628,0.366628,0.365857,3697.0
1556996100,0.364209,0.366551,0.364209,0.366148,5971.0
1556996400,0.364746,0.366916,0.364746,0.366773,247.0
1556996700,0.366041,0.366705,0.366041,0.366705,586.0
1556997000,0.365452,0.36647,0.365454,0.3655,2535.0
1556997300,0.363911,0.366083,0.364122,0.364922,7777.0
1556997600,0.36371,0.365674,0.363799,0.364047,4445.0
1556997900,0.363908,0.3662,0.363908,0.364036,1070.0
1556998200,0.363702,0.364826,0.36398,0.364003,1802.0
1556998500,0.361851,0.365456,0.364692,0.36298,55062.0
1556998800,0.36379,0.365432,0.364952,0.364158,7604.0
1556999100,0.364583,0.36547,0.364583,0.36547,2332.0
1556999400,0.36525,0.366696,0.36547,0.365301,10596.0
1556999700,0.364209,0.367037,0.366438,0.366039,2431.0
1557000000,0.363859,0.367071,0.367069,0.365736,22956.0
1557000300,0.365906,0.366631,0.366627,0.366378,1696.0
1557000600,0.364984,0.366378,0.366378,0.366276,2450.0
1557000900,0.362439,0.363863,0.363863,0.362439,1587.0
1557001200,0.361359,0.363354,0.362439,0.362652,8236.0
1557001500,0.362375,0.363705,0.363467,0.362641,7409.0
1557001800,0.358996,0.36349,0.36349,0.358996,13176.0
1557002100,0.358977,0.360519,0.359262,0.360087,7017.0
1557002400,0.359207,0.361489,0.360229,0.361362,5260.0
1557002700,0.35926,0.361459,0.361459,0.359662,12093.0
1557003000,0.358978,0.360989,0.35939,0.360439,17016.0
1557003300,0.357012,0.359244,0.359244,0.358624,2841.0
1557003600,0.357615,0.359386,0.357629,0.357953,10795.0
1557003900,0.35955,0.359999,0.35955,0.359999,491.0
1557004200,0.358,0.36,0.359999,0.36,62276.0
1557004500,0.358068,0.361246,0.359248,0.358562,23180.0
1557004800,0.358791,0.361527,0.359997,0.360371,4266.0
1557005100,0.358885,0.359193,0.359192,0.359193,42356.0
1557005400,0.35875,0.359193,0.358753,0.359192,5613.0
1557005700,0.358502,0.360911,0.359193,0.358989,7205.0
1557006000,0.358989,0.360411,0.359125,0.358989,1353.0
1557006300,0.356001,0.359977,0.358989,0.357966,43171.0
1557006600,0.356872,0.358826,0.357966,0.358826,1736.0
1557006900,0.356871,0.358572,0.358505,0.358405,2556.0
1557007200,0.356699,0.3584,0.358251,0.356841,12384.0
1557007500,0.356847,0.358869,0.357933,0.358378,2588.0
1557007800,0.3579,0.358954,0.358314,0.358764,6780.0
1557008100,0.358074,0.359188,0.35866,0.359138,608.0
1557008400,0.3579,0.358696,0.358039,0.358497,2057.0
1557008700,0.3558,0.358966,0.358391,0.357967,20033.0
1557009000,0.3574,0.358071,0.358067,0.3574,260.0
1557009300,0.355003,0.358617,0.3574,0.35768,27323.0
1557009600,0.356689,0.358975,0.358733,0.357523,8135.0
1557009900,0.356816,0.358956,0.357516,0.3581,5641.0
1557010200,0.356353,0.358221,0.356836,0.356671,3416.0
1557010500,0.356759,0.358566,0.356759,0.357667,3129.0
1557010800,0.357305,0.358973,0.357755,0.358473,3091.0
1557011100,0.355003,0.357292,0.356282,0.355003,3267.0
1557011400,0.355034,0.356194,0.356029,0.355339,5548.0
1557011700,0.355484,0.357,0.356433,0.355557,232.0
1557012000,0.356,0.357492,0.357,0.356,2823.0
1557012300,0.356,0.35734,0.35734,0.356212,262.0
1557012600,0.355008,0.356845,0.356713,0.356845,4268.0
1557012900,0.355473,0.356899,0.355655,0.3568,16307.0
1557013200,0.355808,0.3568,0.355808,0.355878,22481.0
1557013500,0.355878,0.3568,0.355878,0.356185,1865.0
1557013800,0.355973,0.3568,0.3568,0.356772,1120.0
1557014100,0.355802,0.357974,0.355811,0.357501,279.0
1557014400,0.356237,0.357899,0.356592,0.356237,1637.0
1557014700,0.355702,0.358103,0.356998,0.358103,13631.0
1557015000,0.355696,0.357272,0.357272,0.355696,7289.0
1557015300,0.355241,0.358439,0.355669,0.358415,794.0
1557015600,0.356169,0.358014,0.356848,0.356169,1545.0
1557015900,0.355656,0.358295,0.356847,0.358246,15388.0
1557016200,0.357308,0.358747,0.358478,0.357308,8108.0
1557016500,0.357155,0.35874,0.357155,0.358341,1830.0
1557016800,0.358341,0.359236,0.358703,0.359236,7513.0
1557017100,0.359302,0.361247,0.359878,0.360049,20475.0
1557017400,0.360459,0.362847,0.360459,0.362831,740.0
1557017700,0.3604,0.362849,0.361136,0.360477,666.0
1557018000,0.359531,0.360963,0.359849,0.360963,1860.0
1557018300,0.35981,0.361724,0.35981,0.359927,1152.0
1557018600,0.359938,0.361499,0.361463,0.361124,2906.0
1557018900,0.359515,0.359617,0.359515,0.359617,121.0
1557019200,0.35943,0.360859,0.360448,0.35943,635.0
1557019500,0.358053,0.360199,0.359325,0.358053,1049.0
1557019800,0.357772,0.359718,0.359718,0.359376,171.0
1557020100,0.357456,0.358946,0.357456,0.358946,528.0
1557020400,0.357324,0.35745,0.357448,0.35745,1968.0
1557020700,0.357325,0.358267,0.35745,0.358267,439.0
1557021000,0.357345,0.36013,0.357345,0.36013,15023.0
1557021300,0.360283,0.361845,0.360641,0.361845,869.0
1557021600,0.361081,0.362185,0.361848,0.361742,512.0
1557021900,0.360455,0.362491,0.360455,0.362491,1487.0
1557022200,0.362499,0.362499,0.362499,0.362499,136.0
1557022500,0.361223,0.362505,0.362499,0.362497,1366.0
1557022800,0.36142,0.362505,0.36142,0.362505,189.0
1557023100,0.3624,0.365159,0.362505,0.362744,37152.0
1557023400,0.362673,0.365058,0.363774,0.364358,8180.0
1557023700,0.36233,0.364623,0.363122,0.363559,3177.0
1557024000,0.363089,0.36493,0.363559,0.364551,1150.0
1557024300,0.362615,0.364855,0.3638,0.364824,2818.0
1557024600,0.362868,0.364597,0.364572,0.364053,1521.0
1557024900,0.361849,0.363866,0.363866,0.362611,2486.0
1557025200,0.361688,0.362972,0.362572,0.362972,318.0
1557025500,0.361486,0.362668,0.361861,0.361486,609.0
1557025800,0.361252,0.362529,0.361252,0.361542,5364.0
1557026100,0.363,0.36417,0.363,0.363668,1092.0
1557026400,0.362008,0.364095,0.363988,0.362008,26159.0
1557026700,0.362097,0.363768,0.36218,0.362097,951.0
1557027000,0.361695,0.363323,0.361937,0.361695,4267.0
1557027300,0.361696,0.363633,0.361696,0.363633,1585.0
1557027600,0.361901,0.36369,0.36366,0.361901,2505.0
1557027900,0.361904,0.36333,0.361904,0.363319,1199.0
1557028200,0.361254,0.363023,0.363023,0.361254,994.0
1557028500,0.361281,0.362726,0.361281,0.361529,90.0
1557028800,0.361254,0.361981,0.361254,0.361289,3598.0
1557029100,0.361256,0.361988,0.361988,0.361256,101.0
1557029400,0.361,0.361712,0.361712,0.361,765.0
1557029700,0.360001,0.361001,0.361,0.360001,10644.0
1557030000,0.36,0.360446,0.36,0.36,63755.0
1557030300,0.36,0.360439,0.360439,0.36,1693.0
1557030600,0.36,0.360352,0.36,0.36,506.0
1557030900,0.360075,0.360222,0.360115,0.360075,5552.0
1557031200,0.36,0.360001,0.36,0.36,11290.0
1557031500,0.36,0.360676,0.360001,0.36,705.0
1557031800,0.36,0.360651,0.360651,0.360001,2195.0
1557032100,0.36,0.360001,0.360001,0.36,6261.0
1557032400,0.36,0.360001,0.360001,0.36,1828.0
1557032700,0.36,0.361452,0.36069,0.360997,6066.0
1557033000,0.36,0.360099,0.360099,0.36,17070.0
1557033300,0.358201,0.360001,0.360001,0.358201,22982.0
1557033600,0.358378,0.360094,0.358378,0.360094,7782.0
1557033900,0.359886,0.360198,0.359968,0.359976,2121.0
1557034200,0.358745,0.359702,0.359512,0.359668,5778.0
1557034500,0.358584,0.359242,0.359242,0.358584,306.0
1557034800,0.358619,0.360136,0.358619,0.35909,13726.0
1557035100,0.359574,0.360926,0.359574,0.359688,5039.0
1557035400,0.359767,0.361,0.359767,0.361,4600.0
1557035700,0.360668,0.361,0.361,0.361,987.0
1557036000,0.360771,0.362586,0.361215,0.362586,1251.0
1557036300,0.362194,0.3631,0.36226,0.363097,2880.0
1557036600,0.362631,0.364298,0.3632,0.364298,1247.0
1557036900,0.363151,0.364385,0.363151,0.364385,3497.0
1557037200,0.364744,0.366887,0.364744,0.366863,2626.0
1557037500,0.362625,0.366426,0.366426,0.362625,1413.0
1557037800,0.361849,0.363413,0.362451,0.361849,30825.0
1557038100,0.361251,0.362505,0.361849,0.362505,690.0
1557038400,0.361251,0.361251,0.361251,0.361251,565.0
1557038700,0.36125,0.36125,0.36125,0.36125,30.0
1557039000,0.360233,0.361563,0.360233,0.361563,122.0
1557039300,0.361549,0.361549,0.361549,0.361549,264.0
1557039600,0.361375,0.3617,0.361608,0.361375,978.0
1557039900,0.360306,0.361398,0.361375,0.361398,1102.0
1557040200,0.359258,0.361221,0.361221,0.359258,2976.0
1557040500,0.359589,0.360913,0.360416,0.359986,5244.0
1557040800,0.356772,0.360476,0.360476,0.356772,11569.0
1557041100,0.357261,0.358206,0.357261,0.357356,1043.0
1557041400,0.357833,0.357833,0.357833,0.357833,5.0
1557041700,0.356852,0.357564,0.357356,0.356852,3024.0
1557042000,0.356781,0.357765,0.357765,0.357393,307.0
1557042300,0.357299,0.359418,0.357299,0.358521,11568.0
1557042600,0.356773,0.358081,0.358081,0.357631,3561.0
1557042900,0.356796,0.358041,0.358041,0.356796,171.0
1557043200,0.35679,0.35679,0.35679,0.35679,14.0
1557043500,0.356287,0.357406,0.356769,0.357406,3199.0
1557043800,0.356129,0.357454,0.357454,0.356417,1763.0
1557044100,0.353,0.356128,0.356128,0.353789,17186.0
1557044400,0.35257,0.353569,0.353,0.353569,2120.0
1557044700,0.35257,0.35347,0.35257,0.35347,1474.0
1557045000,0.353582,0.353582,0.353582,0.353582,135.0
1557045300,0.352612,0.354084,0.352612,0.35318,11963.0
1557045600,0.353181,0.354449,0.353184,0.353476,1573.0
1557045900,0.353494,0.354714,0.35445,0.353494,6961.0
1557046200,0.353259,0.354832,0.353481,0.354402,6397.0
1557046500,0.353318,0.35466,0.354424,0.35466,3639.0
1557046800,0.353348,0.354714,0.353348,0.35351,1332.0
1557047100,0.35442,0.356062,0.354892,0.355695,671.0
1557047400,0.354425,0.356979,0.355588,0.356979,21379.0
1557047700,0.355283,0.355283,0.355283,0.355283,26.0
1557048000,0.356067,0.356067,0.356067,0.356067,33.0
1557048300,0.356243,0.356243,0.356243,0.356243,6539.0
1557048600,0.356243,0.356855,0.356855,0.356374,1390.0
1557048900,0.356243,0.356243,0.356243,0.356243,23.0
1557049200,0.356243,0.356979,0.356243,0.356971,38.0
1557049500,0.355067,0.356924,0.356509,0.355067,2733.0
1557049800,0.355065,0.355065,0.355065,0.355065,28.0
1557050100,0.355073,0.355073,0.355073,0.355073,338.0
1557050400,0.355197,0.356497,0.355197,0.356497,480.0
1557050700,0.354893,0.356464,0.355598,0.356464,418.0
1557051000,0.354365,0.355943,0.354428,0.354738,6352.0
1557051300,0.354971,0.356703,0.35498,0.356703,2032.0
1557051600,0.35548,0.356747,0.356636,0.35548,7531.0
1557052200,0.35562,0.357,0.355847,0.357,1526.0
1557052500,0.356593,0.359072,0.357462,0.358969,4720.0
1557052800,0.357659,0.357659,0.357659,0.357659,28.0
1557053100,0.357905,0.357905,0.357905,0.357905,26.0
1557053400,0.357816,0.359306,0.359306,0.357816,56.0
1557053700,0.358113,0.359517,0.359517,0.358121,440.0
1557054000,0.356952,0.359282,0.359282,0.356952,373.0
1557054300,0.356255,0.35751,0.356985,0.35751,1568.0
1557054600,0.356268,0.357773,0.356881,0.35627,512.0
1557054900,0.356276,0.356541,0.35628,0.356541,3289.0
1557055200,0.357328,0.358471,0.357328,0.35735,273.0
1557055500,0.357129,0.35885,0.358482,0.358735,402.0
1557055800,0.358735,0.359836,0.358735,0.358735,1981.0
1557056100,0.357356,0.359176,0.357356,0.359099,1989.0
1557056400,0.357547,0.35907,0.358964,0.357547,3010.0
1557056700,0.357907,0.358912,0.357907,0.358912,318.0
1557057000,0.358922,0.359026,0.359026,0.358923,2850.0
1557057300,0.357154,0.3584,0.3584,0.357867,1160.0
1557057600,0.356302,0.35709,0.35709,0.356302,192.0
1557057900,0.357316,0.357316,0.357316,0.357316,2.0
1557058200,0.356386,0.357792,0.356386,0.357792,6739.0
1557058500,0.356456,0.356741,0.356741,0.356456,231.0
1557058800,0.356525,0.359297,0.358021,0.357677,15536.0
1557059100,0.359079,0.359132,0.359132,0.359079,585.0
1557059400,0.356841,0.358915,0.357864,0.356889,2422.0
1557059700,0.35714,0.358574,0.35714,0.358574,1274.0
1557060000,0.35744,0.358782,0.358542,0.358588,989.0
1557060300,0.35698,0.358591,0.358442,0.357445,4526.0
1557060600,0.356405,0.358395,0.358395,0.357279,1818.0
1557060900,0.356289,0.358343,0.357639,0.356289,102.0
1557061200,0.356422,0.358381,0.356422,0.358381,97.0
1557061500,0.357206,0.358369,0.357889,0.358369,782.0
1557061800,0.357111,0.358482,0.358246,0.358482,2017.0
1557062100,0.358254,0.3593,0.358254,0.359013,3168.0
1557062400,0.357975,0.35955,0.357975,0.359539,1835.0
1557062700,0.356791,0.3598,0.359526,0.356791,5264.0
1557063000,0.35789,0.358415,0.358046,0.358292,5058.0
1557063300,0.35703,0.358253,0.358253,0.35703,7750.0
1557063600,0.356373,0.357905,0.357904,0.357451,1763.0
1557063900,0.35625,0.357689,0.356634,0.356522,1481.0
1557064200,0.355755,0.357603,0.357023,0.357251,1880.0
1557064500,0.356309,0.357712,0.356702,0.356983,460.0
1557064800,0.356089,0.357884,0.35695,0.357884,807.0
1557065100,0.35543,0.357814,0.356825,0.356405,3517.0
1557065400,0.354119,0.356098,0.356098,0.3545,1741.0
1557065700,0.354119,0.355631,0.3545,0.354204,5081.0
1557066000,0.354165,0.356999,0.354165,0.356414,79962.0
1557066300,0.356067,0.357376,0.356206,0.357296,1432.0
1557066600,0.356088,0.358,0.356262,0.356088,16685.0
1557066900,0.356177,0.357674,0.356619,0.357674,877.0
1557067200,0.356977,0.358391,0.356977,0.357824,6344.0
1557067500,0.3564,0.357811,0.357811,0.356459,1145.0
1557067800,0.356359,0.357866,0.357723,0.35692,3603.0
1557068100,0.356753,0.35763,0.356753,0.357497,164.0
1557068400,0.356684,0.359039,0.356684,0.357573,58081.0
1557068700,0.357548,0.357566,0.357566,0.357548,100.0
1557069000,0.355584,0.357425,0.356769,0.355743,3735.0
1557069300,0.355066,0.356093,0.355729,0.355588,1070.0
1557069600,0.355378,0.356403,0.355378,0.355898,2744.0
1557069900,0.355138,0.356991,0.355782,0.35607,1980.0
1557070200,0.356202,0.35847,0.356225,0.357242,10266.0
1557070500,0.356773,0.358247,0.356773,0.357213,1150.0
1557070800,0.356537,0.358478,0.35802,0.357835,8516.0
1557071100,0.356598,0.358029,0.356598,0.357719,2695.0
1557071400,0.357113,0.35811,0.357113,0.357347,5275.0
1557071700,0.357482,0.358109,0.358109,0.357602,2813.0
1557072000,0.355474,0.357474,0.357474,0.357093,4542.0
1557072300,0.355096,0.35847,0.356568,0.356968,10197.0
1557072600,0.357478,0.36125,0.357478,0.360498,7622.0
1557072900,0.360208,0.362358,0.360462,0.360322,826.0
1557073200,0.360368,0.362492,0.360463,0.362452,10047.0
1557073500,0.361488,0.364,0.362334,0.364,27588.0
1557073800,0.363459,0.364,0.363459,0.363801,3436.0
1557074100,0.363535,0.364742,0.364,0.363535,9788.0
1557074400,0.363452,0.366009,0.364739,0.363918,17238.0
1557074700,0.365105,0.367,0.365109,0.365657,27761.0
1557075000,0.365868,0.367,0.366,0.367,8676.0
1557075300,0.366999,0.368999,0.367,0.367735,9554.0
1557075600,0.365876,0.367742,0.367742,0.3659,43026.0
1557075900,0.366074,0.367698,0.366074,0.36652,15470.0
1557076200,0.364001,0.367323,0.3669,0.364001,43232.0
1557076500,0.36375,0.365267,0.365267,0.36375,586.0
1557076800,0.361869,0.3635,0.363,0.363441,4211.0
1557077100,0.361997,0.3636,0.362234,0.361997,2525.0
1557077400,0.360625,0.363387,0.363038,0.361603,31485.0
1557077700,0.3619,0.36347,0.36324,0.3619,3604.0
1557078000,0.360218,0.363015,0.362184,0.360425,12262.0
1557078300,0.360279,0.362314,0.362314,0.360279,41.0
1557078600,0.360644,0.362378,0.361968,0.361843,1837.0
1557078900,0.359304,0.361634,0.3608,0.360151,1922.0
1557079200,0.360314,0.362989,0.360314,0.362977,3370.0
1557079500,0.360966,0.362989,0.362989,0.361508,7315.0
1557079800,0.361478,0.363,0.362799,0.362704,380.0
1557080100,0.362532,0.362852,0.362852,0.362552,92.0
1557080400,0.363,0.364072,0.363,0.364072,3064.0
1557080700,0.364503,0.364888,0.364503,0.364888,780.0
1557081000,0.363411,0.364885,0.364501,0.363513,9315.0
1557081300,0.361912,0.364434,0.363583,0.361912,11827.0
1557081600,0.362,0.364651,0.362,0.363064,675.0
1557081900,0.363168,0.364792,0.364789,0.363472,18737.0
1557082200,0.361966,0.364591,0.363131,0.362381,6799.0
1557082500,0.3619,0.36388,0.362286,0.363637,2751.0
1557082800,0.361914,0.36349,0.36349,0.361914,2086.0
1557083100,0.362337,0.362367,0.362337,0.362367,1931.0
1557083400,0.361849,0.362998,0.362998,0.36261,2225.0
1557083700,0.361002,0.362844,0.362551,0.362517,1712.0
1557084000,0.361094,0.362715,0.36213,0.362715,1891.0
1557084300,0.361648,0.362921,0.362856,0.361849,334.0
1557084600,0.361849,0.362861,0.361849,0.362559,361.0
1557084900,0.3605,0.36254,0.36254,0.3605,4753.0
1557085200,0.3605,0.361037,0.361037,0.3605,160.0
1557085500,0.359907,0.360977,0.360977,0.360672,4975.0
1557085800,0.359001,0.360302,0.359904,0.359005,4903.0
1557086100,0.359,0.360028,0.360026,0.359,535.0
1557086400,0.35911,0.361027,0.359587,0.360882,1548.0
1557086700,0.359857,0.361812,0.359857,0.361577,441.0
1557087000,0.360326,0.3619,0.360778,0.360568,313.0
1557087300,0.360135,0.362697,0.361855,0.360178,5247.0
1557087600,0.360077,0.362064,0.361055,0.360077,1213.0
1557087900,0.360109,0.361245,0.360991,0.360109,234.0
1557088200,0.360124,0.361221,0.360124,0.361221,2170.0
1557088500,0.361,0.36187,0.36106,0.36187,774.0
1557088800,0.360123,0.361646,0.361646,0.360125,3326.0
1557089100,0.352617,0.361499,0.361,0.352632,1120747.0
1557089400,0.354313,0.35869,0.356235,0.356898,32635.0
1557089700,0.357544,0.357763,0.357763,0.357545,33301.0
1557090000,0.356821,0.358965,0.357545,0.358961,5448.0
1557090300,0.357022,0.358913,0.357581,0.357094,481.0
1557090600,0.356268,0.358523,0.358523,0.356315,13966.0
1557090900,0.355053,0.357759,0.357759,0.356187,13550.0
1557091200,0.356361,0.35827,0.35827,0.356562,9550.0
1557091500,0.356273,0.357111,0.356273,0.356452,11976.0
1557091800,0.356011,0.356829,0.356011,0.356273,1899.0
1557092100,0.355477,0.356715,0.356715,0.355477,13284.0
1557092400,0.356109,0.356692,0.356645,0.356674,3162.0
1557092700,0.356148,0.356772,0.356148,0.35665,26211.0
1557093000,0.356171,0.356709,0.35669,0.356171,5595.0
1557093300,0.356171,0.356779,0.356171,0.356779,16705.0
1557093600,0.356083,0.356775,0.356761,0.356083,4063.0
1557093900,0.35567,0.356108,0.356083,0.35567,3891.0
1557094200,0.35605,0.356779,0.35605,0.356779,12604.0
1557094500,0.355023,0.356699,0.356387,0.355023,964.0
1557094800,0.355002,0.35602,0.355031,0.35522,201.0
1557095100,0.355598,0.356313,0.355598,0.356313,593.0
1557095400,0.355598,0.356779,0.355598,0.356444,2664.0
1557095700,0.355,0.356778,0.355618,0.356778,30893.0
1557096000,0.35507,0.35657,0.355589,0.356558,3198.0
1557096300,0.355154,0.356669,0.356553,0.356669,10147.0
1557096900,0.35301,0.355871,0.355223,0.353609,37855.0
1557097200,0.353593,0.355232,0.353613,0.355122,18733.0
1557097500,0.352723,0.355299,0.35529,0.352723,5913.0
1557097800,0.352724,0.35335,0.35335,0.353349,6364.0
1557098100,0.353338,0.35335,0.353338,0.35335,4632.0
1557098400,0.352588,0.354888,0.35335,0.354888,11235.0
1557098700,0.352752,0.354679,0.35434,0.354312,14816.0
1557099000,0.352962,0.354345,0.35389,0.352962,818.0
1557099300,0.352718,0.354294,0.352977,0.352718,925.0
1557099600,0.352076,0.355588,0.354377,0.353988,38850.0
1557099900,0.352007,0.354845,0.353143,0.352007,8122.0
1557100200,0.352826,0.354238,0.353852,0.352826,435.0
1557100500,0.352835,0.35398,0.353501,0.35394,2771.0
1557100800,0.352835,0.354703,0.352835,0.354065,2176.0
1557101100,0.352858,0.354741,0.353808,0.354459,352.0
1557101400,0.353343,0.354452,0.354452,0.353343,120.0
1557101700,0.352836,0.354132,0.353343,0.35406,7805.0
1557102000,0.353209,0.354009,0.354009,0.353708,15234.0
1557102300,0.353245,0.353708,0.353708,0.353245,914.0
1557102600,0.352834,0.354219,0.353245,0.352835,6627.0
1557102900,0.35199,0.353081,0.35285,0.35199,17089.0
1557103200,0.352608,0.352608,0.352608,0.352608,692.0
1557103500,0.351892,0.352799,0.352411,0.352382,1546.0
1557103800,0.3501,0.352921,0.352921,0.350698,17477.0
1557104100,0.347003,0.35,0.35,0.347171,16651.0
1557104400,0.347486,0.350291,0.348386,0.349066,10682.0
1557104700,0.34875,0.351884,0.349686,0.34875,84698.0
1557105000,0.345661,0.349841,0.348773,0.34786,45985.0
1557105300,0.345,0.348606,0.346998,0.346043,16010.0
1557105600,0.34305,0.346144,0.346043,0.346144,33335.0
1557105900,0.34,0.345678,0.345222,0.34221,83166.0
1557106200,0.34,0.344721,0.340755,0.342347,70214.0
1557106500,0.343123,0.34531,0.344555,0.344016,15281.0
1557106800,0.344051,0.346778,0.344051,0.34667,11602.0
1557107100,0.344918,0.347309,0.346409,0.344918,51744.0
1557107400,0.344913,0.347484,0.346001,0.347484,2234.0
1557107700,0.345727,0.34771,0.347478,0.346859,21547.0
1557108000,0.345027,0.346986,0.34689,0.345535,1240.0
1557108300,0.344595,0.347406,0.347154,0.344923,18505.0
1557108600,0.346,0.346959,0.346646,0.346,12310.0
1557108900,0.346,0.347118,0.346462,0.347087,1940.0
1557109200,0.343,0.347561,0.346005,0.345178,79282.0
1557109500,0.343004,0.347242,0.347242,0.344272,6080.0
1557109800,0.342219,0.345998,0.34434,0.345874,36389.0
1557110100,0.345368,0.347354,0.345368,0.34688,9284.0
1557110400,0.345873,0.346907,0.345873,0.345906,1461.0
1557110700,0.345974,0.347654,0.347005,0.346588,1898.0
1557111000,0.346236,0.347329,0.346236,0.346413,4229.0
1557111300,0.346446,0.34731,0.34731,0.346682,4048.0
1557111600,0.345893,0.347419,0.345893,0.346762,959.0
1557111900,0.346069,0.347487,0.346985,0.347128,14441.0
1557112200,0.346387,0.347715,0.347497,0.347412,10046.0
1557112500,0.346147,0.347684,0.347397,0.347085,2625.0
1557112800,0.345841,0.347063,0.347063,0.345841,2025.0
1557113100,0.345955,0.347257,0.347257,0.345969,3089.0
1557113400,0.345504,0.346519,0.346519,0.345541,2869.0
1557113700,0.34604,0.346983,0.346876,0.346732,346.0
1557114000,0.345633,0.347249,0.345633,0.347085,2553.0
1557114300,0.346266,0.347,0.347,0.3467,1710.0
1557114600,0.345323,0.346714,0.346714,0.345516,6008.0
1557114900,0.345637,0.346665,0.345637,0.346665,9149.0
1557115200,0.345473,0.346567,0.345755,0.346153,2756.0
1557115500,0.345038,0.345505,0.345505,0.345067,2384.0
1557115800,0.345248,0.346447,0.346133,0.345358,4248.0
1557116100,0.345358,0.346656,0.346412,0.345458,5715.0
1557116400,0.345488,0.346931,0.345488,0.346931,4250.0
1557116700,0.345237,0.347138,0.34709,0.345237,2126.0
1557117000,0.345554,0.346351,0.346351,0.345554,320.0
1557117300,0.345112,0.346365,0.345112,0.346088,20494.0
1557117600,0.345103,0.346429,0.345398,0.346429,3112.0
1557117900,0.345638,0.347003,0.346429,0.345638,2168.0
1557118200,0.34375,0.346643,0.34652,0.344441,10036.0
1557118500,0.343488,0.345146,0.345146,0.344166,9314.0
1557118800,0.343295,0.344854,0.344854,0.344834,3125.0
1557119100,0.3441,0.344816,0.344676,0.3441,15155.0
1557119400,0.3439,0.344683,0.344,0.344445,12621.0
1557119700,0.34,0.344196,0.344196,0.342528,49016.0
1557120000,0.34,0.343017,0.34235,0.342363,79153.0
1557120300,0.341033,0.34301,0.341033,0.343005,33037.0
1557120600,0.343,0.343741,0.343001,0.343741,17200.0
1557120900,0.343,0.343743,0.343743,0.343,7520.0
1557121200,0.341701,0.342591,0.342591,0.342341,6713.0
1557121500,0.340207,0.34234,0.34234,0.340896,2186.0
1557121800,0.335727,0.34064,0.34064,0.337832,194154.0
1557122100,0.337869,0.34063,0.337869,0.34063,7335.0
1557122400,0.338534,0.34054,0.34054,0.338538,8897.0
1557122700,0.338538,0.340326,0.338538,0.3399,4869.0
1557123000,0.33701,0.340469,0.338765,0.33793,42184.0
1557123300,0.337963,0.340154,0.34015,0.339793,8367.0
1557123600,0.337268,0.339509,0.338105,0.338955,52901.0
1557123900,0.334342,0.338414,0.338414,0.336386,35597.0
1557124200,0.336386,0.337784,0.336387,0.337258,2510.0
1557124500,0.334001,0.337135,0.337135,0.334759,10236.0
1557124800,0.332,0.335892,0.334029,0.335309,122854.0
1557125100,0.333014,0.335592,0.334296,0.334999,10630.0
1557125400,0.334224,0.338097,0.334999,0.336719,115909.0
1557125700,0.335981,0.337587,0.336626,0.337479,4849.0
1557126000,0.336298,0.338845,0.336298,0.338845,46206.0
1557126300,0.337387,0.339248,0.337387,0.337853,1816.0
1557126600,0.339,0.339998,0.339502,0.339427,3350.0
1557126900,0.338508,0.339927,0.339498,0.339411,14308.0
1557127200,0.338087,0.339639,0.338534,0.339333,24754.0
1557127500,0.338253,0.339143,0.338253,0.339143,11791.0
1557127800,0.339175,0.339946,0.339175,0.339661,4682.0
1557128100,0.339661,0.340484,0.34,0.339661,1545.0
1557128400,0.338343,0.339909,0.339661,0.339466,6219.0
1557128700,0.338195,0.339227,0.33876,0.339227,4413.0
1557129000,0.336808,0.338355,0.338355,0.336808,456.0
1557129300,0.335001,0.337732,0.337676,0.336323,2856.0
1557129600,0.331,0.335128,0.335128,0.334908,112255.0
1557129900,0.336001,0.33689,0.336179,0.33689,4887.0
1557130200,0.336743,0.337072,0.336842,0.337072,160.0
1557130500,0.33622,0.336929,0.336277,0.33622,551.0
1557130800,0.336259,0.336892,0.336259,0.336892,1613.0
1557131100,0.335088,0.33679,0.33679,0.335196,8035.0
1557131400,0.335384,0.336219,0.336219,0.335441,2980.0
1557131700,0.333758,0.335412,0.335412,0.334096,6570.0
1557132000,0.332436,0.335098,0.334144,0.334675,25982.0
1557132300,0.332631,0.334713,0.334713,0.332631,18073.0
1557132600,0.332473,0.334808,0.334808,0.332473,33969.0
1557132900,0.3281,0.33229,0.332,0.330105,137585.0
1557133200,0.326607,0.331179,0.330113,0.328299,19879.0
1557133500,0.33,0.331201,0.330119,0.331201,5419.0
1557133800,0.328755,0.332426,0.330342,0.332426,31136.0
1557134100,0.331578,0.334128,0.332422,0.333008,12629.0
1557134400,0.334063,0.335286,0.334063,0.335286,12651.0
1557134700,0.333147,0.335758,0.333684,0.335757,8754.0
1557135000,0.336052,0.338747,0.336052,0.338747,9619.0
1557135300,0.337377,0.338355,0.338344,0.338355,21497.0
1557135600,0.337559,0.338355,0.338355,0.337673,1096.0
1557135900,0.336423,0.338355,0.337791,0.337353,22500.0
1557136200,0.336416,0.338081,0.337064,0.336592,11380.0
1557136500,0.334337,0.337436,0.336593,0.33739,10982.0
1557136800,0.336467,0.338038,0.336467,0.337889,1304.0
1557137100,0.334688,0.337924,0.336888,0.337924,12105.0
1557137400,0.337339,0.339484,0.337921,0.339255,5629.0
1557137700,0.338209,0.338712,0.338712,0.338209,414.0
1557138000,0.336266,0.338532,0.337422,0.337678,6344.0
1557138300,0.337108,0.339377,0.338888,0.337886,20928.0
1557138600,0.333751,0.338411,0.338411,0.333751,29767.0
1557138900,0.336667,0.338089,0.336775,0.337,18820.0
1557139200,0.335868,0.337306,0.337306,0.335993,2218.0
1557139500,0.338109,0.339255,0.338109,0.338519,3898.0
1557139800,0.335664,0.337682,0.336898,0.336528,7239.0
1557140100,0.33556,0.337243,0.337243,0.336298,6734.0
1557140400,0.33602,0.337636,0.337001,0.337636,8710.0
1557140700,0.336267,0.337963,0.337664,0.336623,3519.0
1557141000,0.335463,0.337292,0.337292,0.336875,4518.0
1557141300,0.335738,0.33754,0.335738,0.336465,17211.0
1557141600,0.336548,0.337624,0.336548,0.337529,2804.0
1557141900,0.335984,0.337194,0.336138,0.335984,2445.0
1557142200,0.336242,0.336985,0.336985,0.336976,2336.0
1557142500,0.336273,0.3383,0.336273,0.337699,7041.0
1557142800,0.338152,0.339413,0.3383,0.339039,11170.0
1557143100,0.338653,0.3391,0.3391,0.338665,3017.0
1557143400,0.338783,0.340738,0.339099,0.339266,5125.0
1557143700,0.338733,0.340054,0.3393,0.338733,51641.0
1557144000,0.3387,0.339562,0.339562,0.3387,7168.0
1557144300,0.336835,0.339355,0.339129,0.339048,7850.0
1557144600,0.339,0.339423,0.339009,0.339,4249.0
1557144900,0.337443,0.339,0.339,0.338953,5112.0
1557145200,0.33706,0.338312,0.337547,0.337238,8764.0
1557145500,0.336958,0.338709,0.338416,0.33829,4382.0
1557145800,0.336813,0.338157,0.338156,0.336914,15749.0
1557146100,0.335649,0.337146,0.337042,0.33694,6440.0
1557146400,0.335072,0.337195,0.337195,0.335072,3434.0
1557146700,0.335197,0.335198,0.335197,0.335198,2246.0
1557147000,0.335198,0.335198,0.335198,0.335198,284.0
1557147300,0.335,0.3352,0.3352,0.3352,902.0
1557147600,0.335,0.3352,0.3352,0.3352,7508.0
1557147900,0.335,0.3352,0.3352,0.335,7925.0
1557148200,0.335,0.3352,0.335,0.3352,6942.0
1557148500,0.334336,0.335998,0.3352,0.334438,97806.0
1557148800,0.334438,0.335999,0.334438,0.335999,13939.0
1557149100,0.335336,0.337,0.335919,0.336614,10340.0
1557149400,0.336182,0.337,0.337,0.336235,3445.0
1557149700,0.335293,0.336909,0.336909,0.335751,30803.0
1557150000,0.335162,0.336865,0.336701,0.336865,1570.0
1557150300,0.332175,0.33648,0.335212,0.332175,28370.0
1557150600,0.334595,0.33589,0.334595,0.335592,7813.0
1557150900,0.334002,0.335686,0.335686,0.33468,11127.0
1557151200,0.332191,0.335574,0.33468,0.332215,36503.0
1557151500,0.332472,0.335571,0.335425,0.33557,3924.0
1557151800,0.334629,0.337492,0.334629,0.336487,61795.0
1557152100,0.336316,0.3375,0.337262,0.337499,11159.0
1557152400,0.336343,0.3375,0.337,0.337473,11345.0
1557152700,0.335446,0.337108,0.33634,0.337091,9200.0
1557153000,0.333114,0.336944,0.336944,0.336596,107765.0
1557153300,0.334392,0.336994,0.335927,0.33624,39053.0
1557153600,0.33624,0.337,0.33624,0.337,12357.0
1557153900,0.336531,0.339,0.336531,0.337349,88449.0
1557154200,0.33684,0.338185,0.337997,0.33684,2371.0
1557154500,0.336589,0.337923,0.336908,0.337492,2036.0
1557154800,0.336495,0.337721,0.337477,0.337721,2046.0
1557155100,0.337158,0.338595,0.337158,0.33856,12184.0
1557155400,0.337266,0.339,0.337266,0.338166,11708.0
1557155700,0.338079,0.339,0.338495,0.338773,10354.0
1557156000,0.338,0.338799,0.33853,0.338799,4521.0
1557156300,0.338,0.338806,0.338087,0.338647,8070.0
1557156600,0.338,0.338787,0.338,0.338383,3611.0
1557156900,0.338,0.338886,0.338,0.338,9113.0
1557157200,0.337258,0.338645,0.338,0.338149,9552.0
1557157500,0.337,0.337555,0.337507,0.337,1328.0
1557157800,0.337,0.338233,0.337059,0.338219,16038.0
1557158100,0.337393,0.338299,0.338219,0.338232,846.0
1557158400,0.337013,0.338615,0.337013,0.338268,20398.0
1557158700,0.3382,0.338651,0.338201,0.338427,63006.0
1557159000,0.337105,0.338554,0.3382,0.33832,45926.0
1557159300,0.33701,0.33789,0.337305,0.337091,13846.0
1557159600,0.335996,0.3377,0.337091,0.337569,45508.0
1557159900,0.337016,0.338007,0.337438,0.338007,65940.0
1557160200,0.337124,0.339,0.33875,0.338999,17081.0
1557160500,0.337509,0.338999,0.338992,0.338745,6753.0
1557160800,0.337573,0.338957,0.337573,0.338957,1312.0
1557161100,0.338329,0.339007,0.338888,0.339007,14940.0
1557161400,0.33866,0.34026,0.33866,0.340203,66506.0
1557161700,0.34,0.3401,0.34,0.3401,46192.0
1557162000,0.34,0.341694,0.34,0.341654,22077.0
1557162300,0.34165,0.342335,0.3417,0.34165,7533.0
1557162600,0.34215,0.342808,0.342262,0.342498,80755.0
1557162900,0.34215,0.34317,0.34215,0.34215,26748.0
1557163200,0.341191,0.343001,0.34267,0.34233,14660.0
1557163500,0.341725,0.343118,0.342093,0.341725,27685.0
1557163800,0.341504,0.342943,0.341504,0.3418,29646.0
1557164100,0.341725,0.343199,0.343199,0.341725,5407.0
1557164400,0.341526,0.3436,0.341546,0.343586,8240.0
1557164700,0.342405,0.343489,0.342405,0.343,1080.0
1557165000,0.342489,0.3436,0.343344,0.343085,2331.0
1557165300,0.343085,0.3436,0.343587,0.3436,9071.0
1557165600,0.343085,0.344195,0.343088,0.343631,3206.0
1557165900,0.343,0.344188,0.343352,0.343,14679.0
1557166200,0.342,0.343421,0.343,0.342875,30135.0
1557166500,0.341819,0.34345,0.342788,0.343419,12850.0
1557166800,0.34239,0.34345,0.34239,0.34345,9271.0
1557167100,0.343316,0.34345,0.34345,0.34345,79298.0
1557167400,0.34403,0.346289,0.344231,0.346287,4897.0
1557167700,0.346289,0.3465,0.346289,0.346295,14984.0
1557168000,0.3463,0.3479,0.3463,0.3479,3309.0
1557168300,0.34726,0.348655,0.347899,0.3475,33699.0
1557168600,0.3475,0.348999,0.3475,0.348673,19645.0
1557168900,0.3475,0.349,0.348673,0.348736,45832.0
1557169200,0.347502,0.348788,0.34873,0.347502,368.0
1557169500,0.346295,0.347647,0.347647,0.346296,90776.0
1557169800,0.346295,0.347471,0.347471,0.346295,74215.0
1557170100,0.343238,0.346295,0.346295,0.34345,159435.0
1557170400,0.343482,0.345733,0.344648,0.344256,4107.0
1557170700,0.343577,0.345302,0.34436,0.343721,4657.0
1557171000,0.343,0.344408,0.343753,0.344408,16818.0
1557171300,0.343754,0.344519,0.344045,0.344159,3495.0
1557171600,0.343193,0.344242,0.344101,0.343193,636.0
1557171900,0.343,0.343937,0.343819,0.343937,4215.0
1557172200,0.343,0.344426,0.343001,0.343,1786.0
1557172500,0.341701,0.344112,0.343,0.342995,47229.0
1557172800,0.343167,0.343987,0.343167,0.343987,1883.0
1557173100,0.342119,0.343987,0.343981,0.342119,3027.0
1557173400,0.342156,0.344481,0.342156,0.343396,5635.0
1557173700,0.340073,0.342198,0.342198,0.340756,44318.0
1557174000,0.340073,0.341842,0.3412,0.340087,57844.0
1557174300,0.340073,0.340418,0.340155,0.340073,1156.0
1557174600,0.34007,0.340073,0.340073,0.34007,4772.0
1557174900,0.34007,0.341,0.34007,0.340998,55672.0
1557175200,0.34007,0.340443,0.340443,0.34007,4241.0
1557175500,0.339213,0.340434,0.34007,0.339366,8786.0
1557175800,0.339366,0.340836,0.339366,0.340836,9335.0
1557176100,0.3397,0.340836,0.340835,0.34065,8096.0
1557176400,0.339543,0.340804,0.340568,0.339828,2560.0
1557176700,0.339835,0.341,0.340833,0.3405,49983.0
1557177000,0.34,0.340491,0.340039,0.3401,1077.0
1557177300,0.34,0.3401,0.3401,0.3401,3531.0
1557177600,0.34,0.340991,0.340991,0.34,990.0
1557177900,0.339378,0.340001,0.340001,0.339467,4977.0
1557178200,0.3393,0.340244,0.339469,0.339379,2626.0
1557178500,0.339158,0.34007,0.34007,0.339352,3829.0
1557178800,0.339161,0.340478,0.340001,0.340188,7456.0
1557179100,0.337418,0.340099,0.340099,0.339757,67616.0
1557179400,0.339271,0.340468,0.339271,0.340338,13733.0
1557179700,0.339337,0.33946,0.339362,0.33946,5736.0
1557180000,0.339553,0.341749,0.339553,0.341549,68344.0
1557180300,0.339589,0.341983,0.341537,0.341983,22192.0
1557180600,0.34013,0.342716,0.341981,0.342716,22813.0
1557180900,0.340027,0.34196,0.341429,0.340614,1169.0
1557181200,0.340406,0.3417,0.340406,0.340805,2718.0
1557181500,0.341061,0.342,0.341061,0.342,11243.0
1557181800,0.341713,0.343047,0.341715,0.342516,721.0
1557182100,0.342399,0.343505,0.343047,0.343298,4094.0
1557182400,0.3425,0.343298,0.343298,0.3425,1722.0
1557182700,0.34177,0.343033,0.3425,0.341967,18987.0
1557183000,0.341588,0.342487,0.342487,0.341588,4902.0
1557183300,0.341743,0.343507,0.341743,0.343507,3625.0
1557183600,0.343281,0.345321,0.343281,0.345313,16547.0
1557183900,0.345041,0.346063,0.345276,0.346063,5465.0
1557184200,0.344754,0.345978,0.34502,0.344992,14494.0
1557184500,0.344181,0.345845,0.345845,0.344181,1882.0
1557184800,0.342715,0.343983,0.343642,0.342715,1260.0
1557185400,0.342376,0.343748,0.342497,0.343723,13251.0
1557185700,0.342933,0.34415,0.342933,0.343719,398.0
1557186000,0.342596,0.344556,0.344556,0.343,15519.0
1557186300,0.342453,0.343669,0.342453,0.342518,930.0
1557186600,0.342248,0.343845,0.343089,0.343845,6442.0
1557186900,0.342218,0.343416,0.343416,0.342587,5412.0
1557187200,0.342218,0.343784,0.342867,0.343756,1579.0
1557187500,0.342638,0.345968,0.342638,0.345968,5792.0
1557187800,0.345999,0.34678,0.345999,0.346586,12179.0
1557188100,0.346608,0.34771,0.34678,0.34725,17642.0
1557188400,0.345788,0.347242,0.347242,0.346495,35717.0
1557188700,0.345463,0.346488,0.345613,0.345463,4165.0
1557189000,0.345486,0.345999,0.34594,0.345949,3993.0
1557189300,0.345464,0.346473,0.345949,0.346473,18935.0
1557189600,0.345466,0.345998,0.345466,0.345486,4108.0
1557189900,0.345129,0.345999,0.345999,0.345962,8115.0
1557190200,0.342201,0.345919,0.345919,0.344611,105406.0
1557190500,0.343459,0.345344,0.343994,0.344476,21783.0
1557190800,0.343987,0.345069,0.343987,0.345004,338.0
1557191100,0.344586,0.34505,0.345044,0.344626,6063.0
1557191400,0.343862,0.345275,0.3448,0.344172,27138.0
1557191700,0.342353,0.344876,0.344876,0.342675,30925.0
1557192000,0.342001,0.343948,0.342807,0.343931,11328.0
1557192300,0.342703,0.343897,0.343882,0.343601,2682.0
1557192600,0.342249,0.343589,0.343589,0.343144,6112.0
1557192900,0.341412,0.343153,0.343127,0.341412,458.0
1557193200,0.341359,0.342581,0.342001,0.341359,1971.0
1557193500,0.34101,0.342447,0.342333,0.342447,8162.0
1557193800,0.341664,0.343699,0.341664,0.343531,22760.0
1557194100,0.342263,0.343798,0.343445,0.343018,19067.0
1557194400,0.342576,0.343866,0.342917,0.343749,9770.0
1557194700,0.342693,0.343952,0.343726,0.342962,2915.0
1557195000,0.342771,0.343928,0.343928,0.34363,3425.0
1557195300,0.341983,0.34363,0.34363,0.341983,11221.0
1557195600,0.340101,0.343947,0.343925,0.340101,27620.0
1557195900,0.340364,0.343024,0.342054,0.343024,3269.0
1557196200,0.340006,0.343086,0.341971,0.342195,22423.0
1557196500,0.340053,0.342639,0.342049,0.34149,6902.0
1557196800,0.340008,0.342476,0.341186,0.342432,4440.0
1557197100,0.33923,0.342254,0.342254,0.341396,46177.0
1557197400,0.339001,0.34073,0.340098,0.339299,30260.0
1557197700,0.339299,0.341405,0.339299,0.340622,33506.0
1557198000,0.340376,0.343741,0.34183,0.341931,53237.0
1557198300,0.340351,0.342484,0.341832,0.34052,33363.0
1557198600,0.3405,0.341278,0.3405,0.341165,3397.0
1557198900,0.3405,0.341662,0.3405,0.3405,5469.0
1557199200,0.339543,0.340742,0.340186,0.340742,16540.0
1557199500,0.339141,0.34075,0.340638,0.34075,38731.0
1557199800,0.34,0.34075,0.340733,0.340208,22728.0
1557200100,0.340208,0.340748,0.340208,0.340748,13708.0
1557200400,0.340208,0.34074,0.3405,0.340208,13358.0
1557200700,0.340208,0.340723,0.340208,0.340656,4675.0
1557201000,0.340209,0.34075,0.340209,0.34061,6372.0
1557201300,0.340209,0.340589,0.340589,0.340338,6902.0
1557201600,0.340208,0.340733,0.340209,0.3405,17717.0
1557201900,0.340208,0.34075,0.3405,0.340655,27254.0
1557202200,0.336355,0.340643,0.340209,0.339274,181911.0
1557202500,0.33963,0.34037,0.340235,0.340221,11237.0
1557202800,0.338354,0.340571,0.340219,0.338707,9849.0
1557203100,0.337877,0.340247,0.340247,0.337906,12493.0
1557203400,0.337752,0.339902,0.33867,0.33879,1949.0
1557203700,0.337836,0.339337,0.338346,0.338887,35532.0
1557204000,0.337901,0.339917,0.339194,0.339566,12351.0
1557204300,0.338023,0.339211,0.339204,0.339175,8205.0
1557204600,0.335002,0.338808,0.338435,0.335002,25574.0
1557204900,0.336561,0.338111,0.338111,0.337727,9838.0
1557205200,0.336545,0.339149,0.336791,0.339149,44300.0
1557205500,0.337826,0.338679,0.3384,0.3386,7966.0
1557205800,0.336672,0.33858,0.337087,0.338265,1962.0
1557206100,0.337228,0.338449,0.337443,0.338449,5981.0
1557206400,0.335001,0.33866,0.337361,0.337457,53912.0
1557206700,0.335095,0.337094,0.336121,0.33567,43020.0
1557207000,0.334052,0.337004,0.335724,0.335874,26533.0
1557207300,0.335022,0.336024,0.336024,0.335034,12855.0
1557207600,0.335033,0.335034,0.335034,0.335033,7566.0
1557207900,0.333958,0.336791,0.335034,0.333958,35268.0
1557208200,0.333958,0.33549,0.333958,0.335115,6902.0
1557208500,0.33037,0.334972,0.334227,0.333381,73496.0
1557208800,0.332289,0.333,0.332425,0.332988,4339.0
1557209100,0.332806,0.333746,0.333,0.333201,13502.0
1557209400,0.3332,0.335013,0.3332,0.334897,34519.0
1557209700,0.333202,0.334735,0.333336,0.333203,13647.0
1557210000,0.333201,0.334416,0.334416,0.333201,3825.0
1557210300,0.333201,0.334031,0.333624,0.333431,2352.0
1557210600,0.3332,0.334522,0.333363,0.333207,1784.0
1557210900,0.333223,0.334764,0.333749,0.334247,2471.0
1557211200,0.33402,0.335572,0.33402,0.3348,3974.0
1557211500,0.3348,0.335575,0.33531,0.335263,582.0
1557211800,0.3348,0.335539,0.335539,0.3348,2128.0
1557212100,0.335092,0.335317,0.335317,0.335092,258.0
1557212400,0.33558,0.337076,0.33558,0.337076,14440.0
1557212700,0.335837,0.336014,0.335837,0.336014,1082.0
1557213000,0.336411,0.336989,0.336989,0.336411,1680.0
1557213300,0.3348,0.335328,0.335328,0.3348,38862.0
1557213600,0.333999,0.33475,0.33475,0.334272,6691.0
1557213900,0.333201,0.333999,0.333999,0.333757,13940.0
1557214200,0.3332,0.3332,0.3332,0.3332,50238.0
1557214500,0.333,0.333205,0.333001,0.333,689.0
1557214800,0.333,0.333908,0.333433,0.333808,459.0
1557215100,0.333801,0.333857,0.333857,0.333801,900.0
1557215400,0.333428,0.335,0.333801,0.335,31756.0
1557215700,0.334999,0.335,0.334999,0.335,5083.0
1557216000,0.334999,0.335,0.335,0.334999,1887.0
1557216300,0.334999,0.335,0.334999,0.334999,254.0
1557216600,0.334999,0.335316,0.335,0.334999,1236.0
1557216900,0.33457,0.335174,0.335174,0.33457,3952.0
1557217200,0.333462,0.334001,0.334,0.333812,9601.0
1557217500,0.333462,0.334564,0.333462,0.333745,2472.0
1557217800,0.333544,0.335473,0.334368,0.333544,25070.0
1557218100,0.333465,0.335608,0.334752,0.333898,5291.0
1557218400,0.333543,0.335392,0.334822,0.333813,7512.0
1557218700,0.335065,0.335264,0.335065,0.335264,964.0
1557219000,0.333479,0.33503,0.334762,0.333707,924.0
1557219300,0.33409,0.336684,0.335231,0.335612,9620.0
1557219600,0.336406,0.339722,0.336796,0.338149,3124.0
1557219900,0.336954,0.339631,0.339631,0.338583,6568.0
1557220200,0.33681,0.337982,0.336811,0.337981,2594.0
1557220500,0.337597,0.339842,0.3376,0.338796,2811.0
1557220800,0.338498,0.339792,0.338498,0.339513,1217.0
1557221100,0.337865,0.339184,0.338853,0.339139,1885.0
1557221400,0.338344,0.339864,0.339498,0.338351,13004.0
1557221700,0.339168,0.339862,0.339168,0.339845,2530.0
1557222000,0.338497,0.339838,0.339546,0.339838,2461.0
1557222300,0.339154,0.339864,0.339862,0.339863,2758.0
1557222600,0.3381,0.339655,0.339655,0.33891,3545.0
1557222900,0.338313,0.33839,0.33839,0.338313,3475.0
1557223200,0.336826,0.3465,0.338312,0.3465,33277.0
1557223500,0.344637,0.3493,0.3465,0.348885,22201.0
1557223800,0.346267,0.347852,0.347852,0.346873,1965.0
1557224100,0.339728,0.346683,0.346683,0.339793,34860.0
1557224400,0.339548,0.342595,0.339548,0.340777,802.0
1557224700,0.339621,0.341401,0.340777,0.340544,19137.0
1557225000,0.339502,0.340328,0.33962,0.339502,965.0
1557225300,0.339102,0.34272,0.340393,0.34272,22155.0
1557225600,0.341418,0.344,0.342846,0.343136,3579.0
1557225900,0.341265,0.343789,0.342041,0.342794,6137.0
1557226200,0.341499,0.34276,0.3415,0.34276,1647.0
1557226500,0.339508,0.342189,0.342189,0.339508,3413.0
1557226800,0.339502,0.34,0.339991,0.3399,7566.0
1557227100,0.339499,0.339999,0.3399,0.339499,6092.0
1557227400,0.339551,0.34,0.339786,0.34,3700.0
1557227700,0.34,0.341355,0.34,0.341344,1525.0
1557228000,0.341048,0.342918,0.34136,0.341595,3692.0
1557228300,0.341623,0.342944,0.341778,0.342821,2140.0
1557228600,0.341075,0.342929,0.341342,0.341416,7821.0
1557228900,0.341787,0.343749,0.341787,0.343749,1764.0
1557229200,0.34375,0.34548,0.34375,0.345471,15825.0
1557229500,0.344341,0.345689,0.344463,0.34565,14209.0
1557229800,0.342269,0.346118,0.346118,0.344376,312.0
1557230100,0.343683,0.345194,0.344149,0.345194,1608.0
1557230400,0.343933,0.345645,0.345193,0.345376,3083.0
1557230700,0.342262,0.344991,0.344096,0.342277,4418.0
1557231000,0.342221,0.343657,0.342221,0.342508,5071.0
1557231300,0.341748,0.342862,0.3425,0.341748,1285.0
1557231600,0.341346,0.342871,0.341701,0.342492,638.0
1557231900,0.340743,0.342703,0.342371,0.342703,13896.0
1557232200,0.341372,0.342605,0.342574,0.342605,568.0
1557232500,0.342,0.343607,0.342587,0.343607,60703.0
1557232800,0.342357,0.343591,0.343564,0.343591,5968.0
1557233100,0.342,0.343607,0.343569,0.342,11798.0
1557233400,0.341378,0.342664,0.342009,0.341933,22300.0
1557233700,0.341932,0.342989,0.34194,0.342989,1176.0
1557234000,0.342081,0.344586,0.342996,0.344503,79815.0
1557234300,0.34242,0.34426,0.344257,0.342655,10147.0
1557234600,0.34253,0.344171,0.34253,0.344121,12315.0
1557234900,0.342763,0.344216,0.342814,0.342775,595.0
1557235200,0.342196,0.343989,0.342795,0.34352,46757.0
1557235500,0.342371,0.34345,0.342371,0.342445,2721.0
1557235800,0.342314,0.343,0.342573,0.342999,2085.0
1557236100,0.342467,0.343,0.342467,0.342961,3823.0
1557236400,0.343033,0.344216,0.343417,0.3435,13230.0
1557236700,0.3413,0.343588,0.34268,0.3413,30606.0
1557237000,0.3413,0.341858,0.3413,0.34171,4181.0
1557237300,0.3413,0.342276,0.3413,0.342162,3707.0
1557237600,0.341,0.3433,0.342276,0.341,52482.0
1557237900,0.338762,0.340708,0.340708,0.34014,68339.0
1557238200,0.331819,0.340104,0.340104,0.333118,127657.0
1557238500,0.331487,0.334873,0.333113,0.334873,54701.0
1557238800,0.332214,0.335078,0.334873,0.333992,35384.0
1557239100,0.334284,0.336607,0.334284,0.335625,22684.0
1557239400,0.335146,0.337115,0.336599,0.337,10044.0
1557239700,0.335238,0.337,0.337,0.335471,8528.0
1557240000,0.335824,0.337,0.335824,0.33632,5724.0
1557240300,0.335171,0.337,0.337,0.336385,16767.0
1557240600,0.335318,0.336769,0.335318,0.335529,9068.0
1557240900,0.335115,0.33662,0.336525,0.335119,5051.0
1557241200,0.335176,0.336934,0.336934,0.336105,4214.0
1557241500,0.335586,0.336997,0.336105,0.33605,12083.0
1557241800,0.333652,0.336585,0.336585,0.334803,264746.0
1557242100,0.335346,0.336029,0.336001,0.335473,18958.0
1557242400,0.335271,0.336183,0.336183,0.335952,5184.0
1557242700,0.335315,0.336258,0.335315,0.336258,11727.0
1557243000,0.33514,0.336,0.335941,0.336,3125.0
1557243300,0.335009,0.335989,0.335301,0.33525,3977.0
1557243600,0.33543,0.337,0.33543,0.336368,45604.0
1557243900,0.3355,0.336,0.335859,0.335502,401.0
1557244200,0.335008,0.336,0.335502,0.335008,3605.0
1557244500,0.335237,0.335997,0.335997,0.335467,2012.0
1557244800,0.335199,0.335799,0.335575,0.335201,19557.0
1557245100,0.335097,0.335696,0.3355,0.335097,25368.0
1557245400,0.335001,0.335001,0.335001,0.335001,2.0
