1553790300,0.229123,0.23003,0.23003,0.229184,16743.0
1553790600,0.229001,0.230018,0.229434,0.229985,56179.0
1553790900,0.229982,0.230018,0.229982,0.230018,18413.0
1553791200,0.229005,0.230018,0.229755,0.229005,6334.0
1553791500,0.2291,0.230018,0.230014,0.2291,7706.0
1553791800,0.2291,0.230018,0.229292,0.230018,12781.0
1553792100,0.23,0.231122,0.23,0.2304,8352.0
1553792400,0.230402,0.230976,0.230402,0.230404,3946.0
1553792700,0.230404,0.231358,0.230898,0.231199,10559.0
1553793000,0.230405,0.2319,0.230481,0.230613,17632.0
1553793300,0.230419,0.231631,0.23101,0.231333,4431.0
1553793600,0.2305,0.231378,0.230502,0.230518,10061.0
1553793900,0.230502,0.233496,0.230518,0.230637,7631.0
1553794200,0.230631,0.232745,0.231791,0.23125,3481.0
1553794500,0.230662,0.232067,0.23125,0.232,4167.0
1553794800,0.2313,0.23549,0.231985,0.232295,40852.0
1553795100,0.23138,0.232399,0.232177,0.231989,12651.0
1553795400,0.2313,0.232246,0.231368,0.231995,12756.0
1553795700,0.231003,0.235,0.231363,0.231985,45468.0
1553796000,0.23152,0.233442,0.231533,0.231554,4952.0
1553796300,0.231557,0.232829,0.231557,0.232299,16711.0
1553796600,0.23221,0.234334,0.232443,0.233362,13311.0
1553796900,0.232891,0.233358,0.233357,0.233334,7775.0
1553797200,0.232501,0.23335,0.233,0.23335,25204.0
1553797500,0.2325,0.234699,0.233334,0.233812,29327.0
1553797800,0.233539,0.234581,0.233812,0.233677,5017.0
1553798100,0.234499,0.235492,0.2345,0.235457,71494.0
1553798400,0.235457,0.239988,0.235457,0.236143,130802.0
1553798700,0.23599,0.239749,0.236,0.237077,43914.0
1553799000,0.236019,0.238066,0.237077,0.237831,33941.0
1553799300,0.2362,0.238067,0.237016,0.236502,41762.0
1553799600,0.236517,0.238067,0.236517,0.2372,23882.0
1553799900,0.237,0.239883,0.237888,0.237341,54699.0
1553800200,0.236503,0.237435,0.237,0.236923,18038.0
1553800500,0.2362,0.237098,0.236897,0.236802,15319.0
1553800800,0.236253,0.237202,0.236449,0.237198,7710.0
1553801100,0.236647,0.237302,0.236706,0.237302,5442.0
1553801400,0.236201,0.237899,0.237302,0.237745,12347.0
1553801700,0.2376,0.247,0.237699,0.237861,292037.0
1553802000,0.237089,0.25,0.237861,0.24454,190119.0
1553802300,0.238923,0.255,0.2445,0.24,238567.0
1553802600,0.239107,0.2615,0.246619,0.248208,183471.0
1553802900,0.24872,0.26,0.259999,0.24872,239986.0
1553803200,0.244097,0.250193,0.248721,0.246998,121817.0
1553803500,0.246998,0.250578,0.246998,0.24943,111055.0
1553803800,0.240797,0.256817,0.24943,0.242156,326628.0
1553804100,0.240758,0.247,0.242155,0.242999,191666.0
1553804400,0.240741,0.244,0.242999,0.242244,165845.0
1553804700,0.241234,0.246,0.241234,0.245204,41282.0
1553805000,0.245052,0.248,0.245052,0.247394,118734.0
1553805300,0.245932,0.248,0.247394,0.247899,73021.0
1553805600,0.246,0.249,0.24774,0.247353,95784.0
1553805900,0.245175,0.249,0.246826,0.247403,35944.0
1553806200,0.246712,0.249,0.246827,0.249,20650.0
1553806500,0.246689,0.2498,0.248666,0.247,116496.0
1553806800,0.2463,0.24719,0.24719,0.247183,25202.0
1553807100,0.2463,0.247183,0.247183,0.247101,23723.0
1553807400,0.244,0.247101,0.247101,0.244321,43671.0
1553807700,0.244,0.246689,0.244,0.245502,49632.0
1553808000,0.245502,0.2479,0.246,0.247899,64256.0
1553808300,0.2478,0.2498,0.2479,0.249565,73764.0
1553808600,0.249001,0.2498,0.249537,0.2498,66977.0
1553808900,0.2477,0.2498,0.249799,0.249,184393.0
1553809200,0.247001,0.2498,0.248997,0.247888,41460.0
1553809500,0.24787,0.25,0.24787,0.24928,47648.0
1553809800,0.249077,0.253123,0.249945,0.250122,56118.0
1553810100,0.250122,0.2545,0.250122,0.254121,64982.0
1553810400,0.251504,0.254669,0.253925,0.254669,66580.0
1553810700,0.254018,0.257145,0.254669,0.256062,76362.0
1553811000,0.254418,0.257699,0.255289,0.256448,73761.0
1553811300,0.250001,0.256284,0.256284,0.253476,155719.0
1553811600,0.251381,0.256115,0.253571,0.25416,28643.0
1553811900,0.254239,0.258534,0.256198,0.257993,158448.0
1553812200,0.254991,0.2585,0.2575,0.256952,87492.0
1553812500,0.2545,0.258534,0.256888,0.256545,81709.0
1553812800,0.255035,0.257744,0.256497,0.256793,41978.0
1553813100,0.2545,0.256786,0.256786,0.254963,81454.0
1553813400,0.2537,0.254935,0.2545,0.254343,69297.0
1553813700,0.251502,0.2539,0.25375,0.252,73743.0
1553814000,0.247056,0.251536,0.250515,0.248,167664.0
1553814300,0.24615,0.249077,0.248,0.248731,77253.0
1553814600,0.247376,0.249292,0.24873,0.247376,38637.0
1553814900,0.2473,0.248743,0.248389,0.2473,26316.0
1553815200,0.246779,0.248954,0.247849,0.2475,40745.0
1553815500,0.247,0.248972,0.247499,0.24804,57324.0
1553815800,0.247751,0.248994,0.248885,0.2485,92777.0
1553816100,0.246,0.248829,0.2485,0.246496,59821.0
1553816400,0.246016,0.24806,0.246016,0.247782,19796.0
1553816700,0.247003,0.248,0.247107,0.247999,12420.0
1553817000,0.2477,0.249942,0.2477,0.249942,22429.0
1553817300,0.24883,0.252935,0.248833,0.252239,37576.0
1553817600,0.252239,0.2575,0.252239,0.2575,80560.0
1553817900,0.257424,0.259643,0.2575,0.2582,174671.0
1553818200,0.254272,0.258498,0.257558,0.25826,37157.0
1553818500,0.258101,0.263,0.25826,0.262488,312607.0
1553818800,0.261534,0.265,0.26249,0.264913,74296.0
1553819100,0.259974,0.265,0.264913,0.263622,104775.0
1553819400,0.260502,0.263836,0.26362,0.260502,135811.0
1553819700,0.258065,0.26156,0.26052,0.260999,100822.0
1553820000,0.259997,0.263232,0.259997,0.261877,82949.0
1553820300,0.25696,0.261501,0.261,0.256997,57617.0
1553820600,0.254,0.257057,0.256001,0.256134,112563.0
1553820900,0.2545,0.258716,0.25516,0.257065,57453.0
1553821200,0.253001,0.257428,0.257061,0.253808,43102.0
1553821500,0.253002,0.255029,0.253871,0.253989,36665.0
1553821800,0.250895,0.253988,0.253988,0.252112,50802.0
1553822100,0.25211,0.256471,0.252809,0.256455,26847.0
1553822400,0.256,0.258,0.256447,0.258,21974.0
1553822700,0.256646,0.2588,0.258,0.257844,12075.0
1553823000,0.256987,0.25885,0.257197,0.258225,70704.0
1553823300,0.253856,0.258086,0.258086,0.256972,22485.0
1553823600,0.255173,0.2575,0.25631,0.257448,60886.0
1553823900,0.256733,0.258345,0.257448,0.2577,69383.0
1553824200,0.2576,0.259297,0.2576,0.259,25553.0
1553824500,0.257803,0.259977,0.259,0.259009,46973.0
1553824800,0.259125,0.261134,0.259693,0.260731,38531.0
1553825100,0.259812,0.261773,0.260726,0.260999,55467.0
1553825400,0.260206,0.26212,0.260999,0.262066,24533.0
1553825700,0.261128,0.264,0.261128,0.264,47859.0
1553826000,0.264,0.266384,0.264,0.266384,117851.0
1553826300,0.265582,0.27,0.265582,0.26815,220824.0
1553826600,0.264779,0.269999,0.269886,0.265839,117735.0
1553826900,0.2658,0.268667,0.266011,0.268426,41851.0
1553827200,0.266136,0.27,0.266291,0.27,67988.0
1553827500,0.268705,0.275,0.27,0.270723,187974.0
1553827800,0.26916,0.2715,0.270795,0.270043,65986.0
1553828100,0.269725,0.275307,0.271498,0.274032,57137.0
1553828400,0.269,0.275252,0.275028,0.269778,294679.0
1553828700,0.2665,0.269899,0.269,0.266544,49358.0
1553829000,0.264998,0.267953,0.267953,0.265,43885.0
1553829300,0.263003,0.266758,0.265,0.263003,110269.0
1553829600,0.263001,0.264999,0.2632,0.264999,38969.0
1553829900,0.2635,0.265,0.263748,0.265,60023.0
1553830200,0.265,0.269631,0.265,0.26798,56648.0
1553830500,0.267499,0.268998,0.268378,0.268997,29302.0
1553830800,0.266,0.269398,0.268991,0.267225,80635.0
1553831100,0.263,0.267051,0.267,0.263498,33606.0
1553831400,0.261,0.263459,0.263459,0.263,50725.0
1553831700,0.263137,0.264999,0.26429,0.264929,11663.0
1553832000,0.263782,0.266462,0.2644,0.264907,18281.0
1553832300,0.262999,0.265344,0.264755,0.263,64190.0
1553832600,0.261638,0.263,0.262993,0.262999,25530.0
1553832900,0.2625,0.263,0.262999,0.262501,11682.0
1553833200,0.263,0.264889,0.263,0.264889,23037.0
1553833500,0.26316,0.266132,0.26477,0.264646,32474.0
1553833800,0.263202,0.266457,0.26553,0.265652,40772.0
1553834100,0.2638,0.26558,0.26558,0.2638,34144.0
1553834400,0.262538,0.26496,0.264636,0.262539,25290.0
1553834700,0.2625,0.263646,0.263645,0.262501,23123.0
1553835000,0.2612,0.262501,0.262501,0.261201,59834.0
1553835300,0.2612,0.261201,0.2612,0.2612,19712.0
1553835600,0.25649,0.261202,0.2612,0.2575,155736.0
1553835900,0.256579,0.257702,0.257692,0.256877,21043.0
1553836200,0.2553,0.257941,0.256805,0.256976,95432.0
1553836500,0.256859,0.258,0.25686,0.258,9259.0
1553836800,0.257066,0.258,0.257083,0.258,9299.0
1553837100,0.25763,0.2588,0.257999,0.2588,19192.0
1553837400,0.2585,0.261201,0.2588,0.2595,45551.0
1553837700,0.259503,0.26142,0.260403,0.260039,31066.0
1553838000,0.26,0.261296,0.26022,0.260249,29422.0
1553838300,0.26,0.264747,0.260305,0.260552,85758.0
1553838600,0.260021,0.262812,0.260479,0.261781,29823.0
1553838900,0.2604,0.26263,0.261504,0.262259,11310.0
1553839200,0.260322,0.263436,0.262201,0.263407,54447.0
1553839500,0.2615,0.263521,0.263503,0.2615,25213.0
1553839800,0.2595,0.261534,0.2615,0.260608,26536.0
1553840100,0.259041,0.260582,0.260582,0.260022,8567.0
1553840400,0.257514,0.259965,0.259178,0.259061,29509.0
1553840700,0.257379,0.259714,0.25903,0.259626,30329.0
1553841000,0.258092,0.259559,0.259528,0.259057,13096.0
1553841300,0.257307,0.259258,0.258993,0.258682,14757.0
1553841600,0.257529,0.259068,0.25787,0.258576,22373.0
1553841900,0.2573,0.258793,0.258487,0.257583,21323.0
1553842200,0.2573,0.258049,0.257726,0.2573,19620.0
1553842500,0.257,0.257398,0.257398,0.257,23836.0
1553842800,0.257,0.257715,0.257299,0.257339,5803.0
1553843100,0.255015,0.25734,0.257338,0.255558,47266.0
1553843400,0.255448,0.2567,0.256168,0.2567,15219.0
1553843700,0.255823,0.2567,0.256699,0.256191,2248.0
1553844000,0.25547,0.256699,0.256091,0.256697,9551.0
1553844300,0.255613,0.256698,0.256698,0.25585,3569.0
1553844600,0.25508,0.256698,0.256638,0.255176,11294.0
1553844900,0.253702,0.256072,0.256072,0.254415,56562.0
1553845200,0.254323,0.25498,0.254938,0.254977,6798.0
1553845500,0.254668,0.254979,0.254977,0.254979,3731.0
1553845800,0.25496,0.255999,0.254979,0.255773,5581.0
1553846100,0.254801,0.256696,0.254917,0.2557,8221.0
1553846400,0.255206,0.256101,0.256101,0.255206,14554.0
1553846700,0.2548,0.255202,0.255183,0.25516,12067.0
1553847000,0.252126,0.254946,0.254342,0.25338,22371.0
1553847300,0.253174,0.259955,0.253174,0.25876,23122.0
1553847600,0.2586,0.260956,0.258628,0.259973,94992.0
1553847900,0.257837,0.259996,0.259965,0.257837,6633.0
1553848200,0.257837,0.25882,0.257837,0.258654,6925.0
1553848500,0.256488,0.260956,0.258653,0.260813,38983.0
1553848800,0.2608,0.262882,0.2608,0.262882,7516.0
1553849100,0.262011,0.264499,0.26227,0.2635,17315.0
1553849400,0.2635,0.265,0.2635,0.264999,8699.0
1553849700,0.2649,0.265,0.265,0.264999,9737.0
1553850000,0.261395,0.264999,0.264995,0.261395,12431.0
1553850300,0.260834,0.264,0.261806,0.263063,22652.0
1553850600,0.262206,0.264,0.263964,0.264,19224.0
1553850900,0.26075,0.265,0.264,0.26075,27207.0
1553851200,0.260616,0.264417,0.260749,0.262384,11242.0
1553851500,0.2606,0.262274,0.262193,0.261256,13300.0
1553851800,0.260125,0.261249,0.261249,0.261,19494.0
1553852100,0.260999,0.264663,0.260999,0.264663,11334.0
1553852400,0.2615,0.265,0.264549,0.262726,15261.0
1553852700,0.2615,0.263803,0.2615,0.263149,17542.0
1553853000,0.2625,0.263998,0.263149,0.262594,7059.0
1553853300,0.262035,0.264648,0.262901,0.26325,20317.0
1553853600,0.262561,0.264857,0.262561,0.264415,5782.0
1553853900,0.264414,0.265769,0.264414,0.264866,10746.0
1553854200,0.264805,0.265769,0.265769,0.265769,5630.0
1553854500,0.265768,0.267757,0.265769,0.2676,4588.0
1553854800,0.266223,0.267598,0.266812,0.266951,12346.0
1553855100,0.266499,0.269,0.266951,0.268415,19029.0
1553855400,0.268999,0.27,0.268999,0.27,44920.0
1553855700,0.268669,0.270006,0.27,0.268884,10818.0
1553856000,0.265662,0.269597,0.2692,0.265662,10743.0
1553856300,0.264001,0.268701,0.266737,0.264001,37797.0
1553856600,0.2621,0.26488,0.264,0.263959,12033.0
1553856900,0.26216,0.271,0.263696,0.267578,121773.0
1553857200,0.264289,0.267578,0.267578,0.266087,25629.0
1553857500,0.265138,0.269579,0.265141,0.268513,31629.0
1553857800,0.267188,0.268843,0.267188,0.268843,22179.0
1553858100,0.267622,0.268843,0.268842,0.268843,28948.0
1553858400,0.268814,0.270995,0.268842,0.269245,54918.0
1553858700,0.269285,0.271,0.270644,0.270064,17471.0
1553859000,0.270402,0.272999,0.271,0.27211,40446.0
1553859300,0.272998,0.274696,0.272998,0.274692,69285.0
1553859600,0.272385,0.2749,0.274207,0.274876,60685.0
1553859900,0.272111,0.274899,0.274844,0.274103,85657.0
1553860200,0.27053,0.273745,0.273055,0.273,87455.0
1553860500,0.2715,0.274112,0.273,0.2715,62747.0
1553860800,0.271004,0.273,0.27186,0.272,54858.0
1553861100,0.270781,0.272906,0.272,0.272584,61007.0
1553861400,0.270997,0.2749,0.271501,0.274899,78205.0
1553861700,0.27457,0.279988,0.274899,0.279988,174043.0
1553862000,0.279629,0.2889,0.279629,0.285425,297604.0
1553862300,0.285028,0.289987,0.2889,0.287284,159503.0
1553862600,0.287325,0.30211,0.287325,0.298266,518479.0
1553862900,0.2955,0.298901,0.298099,0.295909,94674.0
1553863200,0.292,0.300999,0.298447,0.2975,272297.0
1553863500,0.297474,0.3082,0.2975,0.304593,283306.0
1553863800,0.293002,0.306921,0.305702,0.29589,324525.0
1553864100,0.291297,0.296764,0.295893,0.294063,257333.0
1553864400,0.292,0.298,0.294004,0.296,199770.0
1553864700,0.293619,0.296,0.295199,0.294096,124772.0
1553865000,0.287526,0.295474,0.294096,0.289001,347635.0
1553865300,0.28678,0.28959,0.28959,0.287049,167431.0
1553865600,0.285001,0.289811,0.286103,0.287002,130397.0
1553865900,0.286589,0.288949,0.288032,0.288713,158310.0
1553866200,0.285024,0.28871,0.288685,0.287186,57022.0
1553866500,0.283911,0.292875,0.287186,0.292276,224456.0
1553866800,0.289238,0.293361,0.292255,0.292305,179938.0
1553867100,0.28901,0.293361,0.290988,0.293361,91438.0
1553867400,0.288038,0.293361,0.29336,0.289979,63670.0
1553867700,0.286,0.289774,0.289774,0.286015,68347.0
1553868000,0.284904,0.289254,0.287525,0.28605,51385.0
1553868300,0.279519,0.286011,0.286011,0.281566,151706.0
1553868600,0.279165,0.284197,0.281485,0.282,65245.0
1553868900,0.282,0.284676,0.282699,0.282,41071.0
1553869200,0.281165,0.284,0.282049,0.282606,124893.0
1553869500,0.282623,0.29,0.282626,0.2874,71025.0
1553869800,0.28275,0.28948,0.28948,0.283565,43149.0
1553870100,0.282675,0.284925,0.284796,0.284391,46415.0
1553870400,0.283,0.284336,0.284336,0.283051,9034.0
1553870700,0.283053,0.286,0.28399,0.285989,56864.0
1553871000,0.284444,0.289998,0.285895,0.288676,26101.0
1553871300,0.285236,0.28959,0.288676,0.288507,182099.0
1553871600,0.286681,0.29,0.288497,0.29,24468.0
1553871900,0.289909,0.2928,0.289999,0.291262,80000.0
1553872200,0.290501,0.293361,0.292637,0.292977,117851.0
1553872500,0.292975,0.296,0.292975,0.295588,49368.0
1553872800,0.292412,0.296,0.295587,0.295774,74609.0
1553873100,0.291685,0.295907,0.295773,0.291691,77355.0
1553873400,0.29,0.291694,0.291688,0.291694,99180.0
1553873700,0.289048,0.291694,0.290687,0.289552,84094.0
1553874000,0.289837,0.292989,0.291456,0.291994,27497.0
1553874300,0.289001,0.292901,0.291953,0.290002,72940.0
1553874600,0.289,0.291606,0.290941,0.291497,61275.0
1553874900,0.290075,0.294214,0.291494,0.292134,26991.0
1553875200,0.29,0.2935,0.292003,0.290898,41478.0
1553875500,0.287701,0.290756,0.289132,0.288179,79741.0
1553875800,0.285,0.289,0.289,0.285268,72907.0
1553876100,0.285017,0.288908,0.286961,0.288875,37867.0
1553876400,0.285202,0.288978,0.28787,0.285885,38813.0
1553876700,0.2858,0.287332,0.286756,0.286974,388563.0
1553877000,0.285928,0.288975,0.285928,0.286504,55795.0
1553877300,0.286503,0.287964,0.2876,0.287964,31539.0
1553877600,0.28728,0.290456,0.287964,0.288665,45044.0
1553877900,0.285146,0.288611,0.288611,0.287881,89428.0
1553878200,0.285075,0.288066,0.287852,0.285115,103444.0
1553878500,0.285,0.285998,0.285992,0.285278,57086.0
1553878800,0.2836,0.286,0.285899,0.2836,66999.0
1553879100,0.2801,0.283878,0.283507,0.280694,126494.0
1553879400,0.280712,0.284606,0.281467,0.284606,24781.0
1553879700,0.281361,0.287891,0.284595,0.281361,42107.0
1553880000,0.2808,0.282654,0.282418,0.281637,19106.0
1553880300,0.276554,0.281498,0.281498,0.279001,95809.0
1553880600,0.277274,0.282797,0.277454,0.279592,110141.0
1553880900,0.277137,0.28,0.279565,0.279998,55731.0
1553881200,0.279989,0.281691,0.279998,0.280903,63949.0
1553881500,0.278768,0.280991,0.28099,0.279016,31780.0
1553881800,0.279017,0.28058,0.28003,0.279897,17602.0
1553882100,0.27698,0.279881,0.279881,0.277996,31429.0
1553882400,0.275715,0.278946,0.277972,0.277087,64210.0
1553882700,0.273998,0.277626,0.277626,0.274145,57660.0
1553883000,0.274,0.279,0.274,0.278605,67556.0
1553883300,0.279969,0.282,0.27997,0.281948,55131.0
1553883600,0.28032,0.284699,0.281989,0.284698,42711.0
1553883900,0.280004,0.2846,0.2846,0.280969,24200.0
1553884200,0.28,0.2815,0.280969,0.281489,31030.0
1553884500,0.276632,0.281082,0.280011,0.276656,31988.0
1553884800,0.276997,0.278759,0.278557,0.278759,18018.0
1553885100,0.276648,0.278425,0.27795,0.27717,17745.0
1553885400,0.278091,0.279826,0.278743,0.279,24906.0
1553885700,0.279,0.279973,0.279,0.279005,24547.0
1553886000,0.279005,0.28,0.279818,0.2795,28052.0
1553886300,0.279008,0.28,0.279891,0.279856,13558.0
1553886600,0.279115,0.281944,0.279852,0.281944,23200.0
1553886900,0.279333,0.283778,0.281571,0.283248,54051.0
1553887200,0.280919,0.28324,0.28324,0.280919,12962.0
1553887500,0.279205,0.281453,0.281395,0.281345,71622.0
1553887800,0.279215,0.28377,0.281344,0.283424,160517.0
1553888100,0.280417,0.283641,0.283247,0.283591,112376.0
1553888400,0.282232,0.283513,0.282704,0.282515,9160.0
1553888700,0.281481,0.2834,0.283221,0.282679,3794.0
1553889000,0.281088,0.28309,0.28257,0.282152,4775.0
1553889300,0.28043,0.282,0.281914,0.282,16185.0
1553889600,0.282,0.284867,0.282,0.284864,23847.0
1553889900,0.283084,0.284833,0.284265,0.283431,20067.0
1553890200,0.282654,0.286,0.284328,0.284722,47689.0
1553890500,0.283595,0.286164,0.283631,0.286164,31261.0
1553890800,0.285011,0.287509,0.286,0.286,21300.0
1553891100,0.286,0.287488,0.287293,0.2873,18500.0
1553891400,0.287401,0.288,0.287496,0.288,17380.0
1553891700,0.285,0.288,0.288,0.285,26908.0
1553892000,0.28335,0.294485,0.285092,0.289326,205723.0
1553892300,0.287791,0.289326,0.289188,0.289326,21594.0
1553892600,0.287512,0.293688,0.289326,0.288015,25176.0
1553892900,0.285,0.28879,0.288015,0.288026,21019.0
1553893200,0.285,0.287366,0.285128,0.286618,20282.0
1553893500,0.285017,0.286616,0.286616,0.286443,12242.0
1553893800,0.285,0.28643,0.28643,0.286049,13579.0
1553894100,0.28446,0.286049,0.28604,0.285989,15582.0
1553894400,0.284607,0.287447,0.285039,0.287447,9188.0
1553894700,0.285701,0.287423,0.287333,0.286002,8058.0
1553895000,0.286,0.287119,0.286003,0.286908,10199.0
1553895300,0.286096,0.289997,0.286905,0.289725,17933.0
1553895600,0.288888,0.29,0.289725,0.289694,47982.0
1553895900,0.288761,0.29,0.289693,0.288907,83220.0
1553896200,0.288946,0.29,0.289999,0.29,12183.0
1553896500,0.289997,0.2915,0.29,0.291,56423.0
1553896800,0.291143,0.292999,0.291527,0.292999,53780.0
1553897100,0.292067,0.293,0.292992,0.293,15579.0
1553897400,0.292999,0.293,0.293,0.293,19897.0
1553897700,0.288015,0.293,0.292999,0.289618,35065.0
1553898000,0.286286,0.29021,0.288493,0.290166,48166.0
1553898300,0.288,0.290293,0.29,0.288,27061.0
1553898600,0.286,0.288844,0.288,0.286,69542.0
1553898900,0.284826,0.287547,0.286,0.287547,114926.0
1553899200,0.286402,0.288728,0.286855,0.288646,13724.0
1553899500,0.285091,0.288646,0.288646,0.286146,24172.0
1553899800,0.284924,0.2882,0.28615,0.285552,39911.0
1553900100,0.285557,0.289996,0.285557,0.286976,100666.0
1553900400,0.284,0.289988,0.28575,0.28441,141906.0
1553900700,0.284013,0.285989,0.28592,0.285117,19713.0
1553901000,0.284002,0.287816,0.285658,0.284046,57686.0
1553901300,0.284099,0.28763,0.284898,0.284769,6622.0
1553901600,0.284853,0.289321,0.28715,0.285572,52146.0
1553901900,0.284202,0.288049,0.286447,0.284386,19121.0
1553902200,0.284,0.285608,0.284386,0.284,27360.0
1553902500,0.284,0.284712,0.284712,0.284295,37824.0
1553902800,0.284001,0.286,0.284293,0.28497,10168.0
1553903100,0.282404,0.284907,0.284906,0.282404,35573.0
1553903400,0.281956,0.282999,0.282992,0.281956,22457.0
1553903700,0.28155,0.283,0.281956,0.282509,16786.0
1553904000,0.281555,0.283283,0.282596,0.283013,47253.0
1553904300,0.280604,0.283327,0.283012,0.280604,8616.0
1553904600,0.2795,0.280915,0.280915,0.2795,23192.0
1553904900,0.27663,0.2795,0.2795,0.277026,81934.0
1553905200,0.27663,0.280479,0.277387,0.279565,21704.0
1553905500,0.2764,0.283764,0.279584,0.278001,57154.0
1553905800,0.272129,0.279261,0.278,0.273892,150672.0
1553906100,0.272077,0.274011,0.272281,0.272603,35617.0
1553906400,0.2725,0.273987,0.273,0.27356,27699.0
1553906700,0.273,0.274861,0.273002,0.274861,5686.0
1553907000,0.273501,0.274556,0.274556,0.274175,32216.0
1553907300,0.2735,0.274489,0.274,0.2735,13605.0
1553907600,0.2735,0.277815,0.274258,0.277782,54749.0
1553907900,0.276351,0.279,0.277766,0.278228,47186.0
1553908200,0.275,0.278885,0.277597,0.278561,32465.0
1553908500,0.276607,0.279,0.278559,0.2777,38579.0
1553908800,0.276466,0.278979,0.278974,0.278,15460.0
1553909100,0.27501,0.278744,0.277982,0.27501,40908.0
1553909400,0.275497,0.277443,0.275497,0.27744,21275.0
1553909700,0.275829,0.278169,0.275829,0.276218,14305.0
1553910000,0.2751,0.278163,0.27665,0.2755,40387.0
1553910300,0.273502,0.275169,0.2751,0.273601,27972.0
1553910600,0.272001,0.274329,0.274307,0.273434,68213.0
1553910900,0.272,0.274137,0.272001,0.272806,16413.0
1553911200,0.272001,0.274206,0.272818,0.272003,18676.0
1553911500,0.272,0.273874,0.273473,0.272,35521.0
1553911800,0.270801,0.274999,0.272906,0.270801,43171.0
1553912100,0.270795,0.273503,0.270917,0.270795,23562.0
1553912400,0.270258,0.270796,0.270796,0.27035,5379.0
1553912700,0.2701,0.272044,0.270795,0.271869,13530.0
1553913000,0.270531,0.272617,0.271844,0.270734,8707.0
1553913300,0.27,0.272202,0.270736,0.271248,36757.0
1553913600,0.269798,0.27137,0.271137,0.27,33430.0
1553913900,0.269012,0.27,0.269801,0.269573,33226.0
1553914200,0.268048,0.269606,0.269606,0.269015,61376.0
1553914500,0.268089,0.27,0.2695,0.269898,18999.0
1553914800,0.268697,0.27,0.26984,0.269601,19757.0
1553915100,0.2696,0.27,0.269997,0.2696,35341.0
1553915400,0.268193,0.269659,0.269601,0.268261,53025.0
1553915700,0.267019,0.269257,0.269257,0.267932,13708.0
1553916000,0.264301,0.268214,0.267019,0.264865,165478.0
1553916300,0.264866,0.266282,0.264934,0.266282,10192.0
1553916600,0.263003,0.268672,0.26488,0.266278,56355.0
1553916900,0.265509,0.267344,0.266,0.2665,18899.0
1553917200,0.266198,0.267958,0.267327,0.267958,17985.0
1553917500,0.266513,0.269447,0.267689,0.268072,34647.0
1553917800,0.267016,0.271277,0.268148,0.271274,73322.0
1553918100,0.269929,0.272023,0.271277,0.272023,16343.0
1553918400,0.268535,0.272091,0.271877,0.269,504035.0
1553918700,0.268999,0.270104,0.270104,0.270062,13958.0
1553919000,0.267854,0.269494,0.269494,0.268723,3631.0
1553919300,0.265597,0.2694,0.268751,0.267763,31570.0
1553919600,0.2642,0.266716,0.265914,0.264864,17900.0
1553919900,0.255748,0.26476,0.26476,0.261537,479890.0
1553920200,0.257886,0.2621,0.2621,0.25903,231716.0
1553920500,0.259574,0.263447,0.260068,0.262981,69489.0
1553920800,0.261076,0.2634,0.262213,0.261138,59756.0
1553921100,0.259111,0.262448,0.260274,0.259588,29935.0
1553921400,0.25985,0.261257,0.260062,0.261224,30207.0
1553921700,0.260157,0.261999,0.260958,0.261992,10270.0
1553922000,0.259829,0.262,0.261866,0.262,63891.0
1553922300,0.261989,0.263999,0.261989,0.262078,416570.0
1553922600,0.263007,0.26442,0.263869,0.264412,20698.0
1553922900,0.263369,0.264401,0.264,0.264153,82226.0
1553923200,0.263981,0.264424,0.264151,0.264424,9533.0
1553923500,0.264014,0.265391,0.264424,0.26527,12491.0
1553923800,0.264445,0.268404,0.265267,0.26815,23310.0
1553924100,0.267939,0.269475,0.268778,0.2685,13665.0
1553924400,0.268462,0.268836,0.2685,0.268831,8870.0
1553924700,0.267827,0.270499,0.267827,0.270406,9843.0
1553925000,0.27,0.271354,0.27,0.270501,20892.0
1553925300,0.270555,0.272368,0.27113,0.270555,8020.0
1553925600,0.27055,0.2706,0.2706,0.2706,6486.0
1553925900,0.2705,0.271783,0.2706,0.271612,21226.0
1553926200,0.2705,0.271553,0.271553,0.2705,32302.0
1553926500,0.2705,0.27145,0.27145,0.271112,11958.0
1553926800,0.2705,0.271003,0.2705,0.271003,1390.0
1553927100,0.2705,0.270997,0.2705,0.2705,30551.0
1553927400,0.267538,0.27,0.27,0.269661,4568.0
1553927700,0.267,0.269462,0.269462,0.2672,6915.0
1553928000,0.263387,0.267064,0.267,0.265244,8304.0
1553928300,0.263378,0.264476,0.263444,0.264476,4329.0
1553928600,0.263364,0.265504,0.264427,0.263364,6375.0
1553928900,0.262,0.263791,0.263364,0.262152,43788.0
1553929200,0.262569,0.26376,0.263491,0.262569,3754.0
1553929500,0.2625,0.263522,0.262523,0.2625,8791.0
1553929800,0.262535,0.263506,0.262535,0.263474,1390.0
1553930100,0.263771,0.26511,0.264094,0.263783,13774.0
1553930400,0.263684,0.265193,0.264942,0.265021,6936.0
1553930700,0.264451,0.265503,0.265021,0.265481,5526.0
1553931000,0.264028,0.265456,0.265197,0.265456,9172.0
1553931300,0.263729,0.265492,0.263901,0.265426,5759.0
1553931600,0.265,0.265783,0.265502,0.265653,20725.0
1553931900,0.263274,0.265707,0.265306,0.263274,1658.0
1553932200,0.264011,0.265509,0.264651,0.265509,6836.0
1553932500,0.262169,0.265462,0.2645,0.262962,26870.0
1553932800,0.26306,0.264538,0.263283,0.263785,1993.0
1553933100,0.263777,0.266472,0.263777,0.264857,3994.0
1553933400,0.264234,0.265974,0.265927,0.264534,23220.0
1553933700,0.264199,0.265782,0.265343,0.264199,6850.0
1553934000,0.264331,0.265581,0.265581,0.264331,4216.0
1553934300,0.264154,0.265794,0.265794,0.264154,704.0
1553934600,0.265369,0.267036,0.26582,0.266721,81099.0
1553934900,0.265813,0.267562,0.266721,0.267562,12205.0
1553935200,0.266103,0.267572,0.267572,0.26721,1693.0
1553935500,0.267209,0.268974,0.267209,0.268,2940.0
1553935800,0.266725,0.268159,0.266725,0.267997,11033.0
1553936100,0.266943,0.268263,0.268045,0.267612,15969.0
1553936400,0.265036,0.267389,0.267389,0.266,690.0
1553936700,0.265167,0.267779,0.26594,0.265167,14959.0
1553937000,0.265444,0.267201,0.265444,0.266272,2540.0
1553937300,0.266377,0.267837,0.267201,0.267499,8525.0
1553937600,0.266764,0.267719,0.267499,0.267698,4275.0
1553937900,0.266876,0.2677,0.267697,0.2677,4765.0
1553938200,0.267252,0.2677,0.2677,0.267252,45887.0
1553938500,0.26502,0.266369,0.266209,0.266,3544.0
1553938800,0.265,0.266201,0.265099,0.266201,3612.0
1553939100,0.26356,0.266869,0.266869,0.264589,9957.0
1553939400,0.263647,0.264687,0.263647,0.264245,9824.0
1553939700,0.263659,0.264658,0.264658,0.263665,516.0
1553940000,0.262328,0.264591,0.264307,0.262328,12781.0
1553940300,0.263042,0.264481,0.263042,0.264481,3190.0
1553940600,0.262018,0.263915,0.263612,0.262384,12163.0
1553940900,0.262,0.263,0.262998,0.262,12036.0
1553941200,0.26051,0.262,0.262,0.260719,21957.0
1553941500,0.257,0.260781,0.26006,0.257,47669.0
1553941800,0.257,0.25779,0.257,0.257022,13697.0
1553942100,0.257378,0.258509,0.257886,0.258509,11566.0
1553942400,0.258069,0.259778,0.2583,0.259778,27722.0
1553942700,0.2575,0.262294,0.259,0.2575,26206.0
1553943000,0.2575,0.257999,0.2575,0.257501,1811.0
1553943300,0.256448,0.2575,0.2575,0.256481,19959.0
1553943600,0.256446,0.2568,0.256479,0.256606,39280.0
1553943900,0.256443,0.2568,0.256646,0.2568,21059.0
1553944200,0.256326,0.258274,0.2568,0.258274,10179.0
1553944500,0.256372,0.260869,0.256718,0.260269,46210.0
1553944800,0.255829,0.258934,0.257551,0.257153,247386.0
1553945100,0.256068,0.259497,0.258441,0.259497,67292.0
1553945400,0.258083,0.26,0.258231,0.26,56373.0
1553945700,0.259803,0.262003,0.26,0.2605,43058.0
1553946000,0.258162,0.260196,0.259144,0.259325,18103.0
1553946300,0.257938,0.259853,0.259853,0.259748,6844.0
1553946600,0.258455,0.260153,0.258782,0.259618,13666.0
1553946900,0.257858,0.260493,0.259616,0.260493,29486.0
1553947200,0.25848,0.259816,0.259816,0.259533,4688.0
1553947500,0.257577,0.260834,0.259528,0.258456,65812.0
1553947800,0.256709,0.258456,0.258074,0.258453,27034.0
1553948100,0.256709,0.258007,0.257598,0.256742,9689.0
1553948400,0.256715,0.259726,0.25791,0.259726,17523.0
1553948700,0.25816,0.259868,0.25957,0.259239,17120.0
1553949000,0.259058,0.265,0.259867,0.264996,63260.0
1553949300,0.26212,0.265,0.264,0.26387,193628.0
1553949600,0.261448,0.264704,0.26387,0.262255,24096.0
1553949900,0.262194,0.26466,0.262288,0.262194,7252.0
1553950200,0.263352,0.265,0.263375,0.264875,14721.0
1553950500,0.264579,0.268199,0.265,0.268138,78444.0
1553950800,0.267068,0.2689,0.268196,0.268863,8107.0
1553951100,0.267424,0.269911,0.268,0.26958,47989.0
1553951400,0.26825,0.26985,0.268501,0.269842,13706.0
1553951700,0.268145,0.269639,0.268248,0.268892,23194.0
1553952000,0.267427,0.269639,0.268892,0.267427,12695.0
1553952300,0.267854,0.26928,0.269048,0.269027,28680.0
1553952600,0.267337,0.269132,0.268925,0.267337,14799.0
1553952900,0.26707,0.269334,0.267458,0.267589,23256.0
1553953200,0.267353,0.269342,0.268,0.268132,8446.0
1553953500,0.268052,0.269283,0.268352,0.269199,5210.0
1553953800,0.269,0.269554,0.269,0.269499,1277.0
1553954100,0.269499,0.269987,0.269499,0.269987,2584.0
1553954400,0.269,0.269988,0.2695,0.269883,5452.0
1553954700,0.267768,0.269649,0.269,0.268004,8526.0
1553955000,0.267769,0.269235,0.26801,0.267769,6003.0
1553955300,0.267767,0.268248,0.26777,0.268048,5393.0
1553955600,0.267768,0.269033,0.269033,0.268491,2168.0
1553955900,0.267768,0.269319,0.268482,0.268899,23192.0
1553956200,0.266801,0.26812,0.268,0.26685,7627.0
1553956500,0.266758,0.268375,0.268037,0.266758,8182.0
1553956800,0.266,0.268451,0.268234,0.266,9122.0
1553957100,0.264389,0.268917,0.265738,0.265177,69121.0
1553957400,0.264993,0.266172,0.265219,0.26597,3277.0
1553957700,0.264973,0.268719,0.26603,0.264981,16685.0
1553958000,0.264994,0.268274,0.26573,0.264994,24508.0
1553958300,0.264994,0.265787,0.265012,0.265621,10964.0
1553958600,0.264994,0.265801,0.265431,0.265477,10175.0
1553958900,0.262065,0.265198,0.264994,0.262065,16398.0
1553959200,0.263239,0.26431,0.264306,0.26431,3377.0
1553959500,0.264251,0.26555,0.26431,0.265354,7294.0
1553959800,0.264769,0.266145,0.2649,0.265709,1026.0
1553960100,0.264954,0.26589,0.264959,0.2651,15735.0
1553960400,0.2651,0.265724,0.2651,0.265724,13700.0
1553960700,0.2651,0.266,0.2651,0.266,3536.0
1553961000,0.264323,0.267904,0.26596,0.26576,63423.0
1553961300,0.26528,0.266778,0.266778,0.266441,1122.0
1553961600,0.265358,0.268,0.266609,0.266031,25734.0
1553961900,0.266515,0.26897,0.267397,0.26897,22987.0
1553962200,0.268998,0.272005,0.268998,0.272005,31025.0
1553962500,0.271218,0.274198,0.272005,0.271402,20602.0
1553962800,0.271192,0.2742,0.2714,0.271919,61403.0
1553963100,0.270015,0.273664,0.271854,0.271114,6368.0
1553963400,0.271086,0.274,0.271114,0.27178,28943.0
1553963700,0.273,0.27398,0.27398,0.273946,6855.0
1553964000,0.272719,0.273814,0.273001,0.2733,18170.0
1553964300,0.2733,0.276,0.273755,0.274768,46578.0
1553964600,0.275127,0.2765,0.275998,0.276,18003.0
1553964900,0.275867,0.2771,0.276493,0.276919,19225.0
1553965200,0.275009,0.2771,0.275801,0.275009,40889.0
1553965500,0.270665,0.275009,0.275009,0.272035,24799.0
1553965800,0.271176,0.274978,0.272035,0.272461,66476.0
1553966100,0.27115,0.274383,0.2713,0.273084,5697.0
1553966400,0.273,0.273031,0.273,0.273031,3706.0
1553966700,0.27129,0.274813,0.273,0.274029,57021.0
1553967000,0.271135,0.274013,0.274013,0.271135,20445.0
1553967300,0.269679,0.27239,0.27239,0.271267,76830.0
1553967600,0.271227,0.27202,0.27202,0.272015,7180.0
1553967900,0.2712,0.272011,0.2712,0.272004,609.0
1553968200,0.2715,0.272316,0.2715,0.2723,873.0
1553968500,0.270732,0.272496,0.2716,0.270732,2649.0
1553968800,0.270796,0.271786,0.271,0.271439,1630.0
1553969100,0.270632,0.271127,0.270633,0.271127,2032.0
1553969400,0.2702,0.270916,0.270916,0.2702,8779.0
1553969700,0.269517,0.270653,0.2702,0.269769,3691.0
1553970000,0.269805,0.27092,0.270053,0.27,8181.0
1553970300,0.26923,0.271786,0.269517,0.271546,9236.0
1553970600,0.270809,0.27297,0.271543,0.270809,8827.0
1553970900,0.270836,0.27226,0.271327,0.272194,7401.0
1553971200,0.270808,0.271994,0.271991,0.271481,2725.0
1553971500,0.27153,0.271539,0.27153,0.27153,3936.0
1553971800,0.270004,0.271598,0.27153,0.270954,24128.0
1553972100,0.270001,0.275,0.270002,0.275,18156.0
1553972400,0.274835,0.279,0.274835,0.278504,94943.0
1553972700,0.277,0.278683,0.277,0.277469,2063.0
1553973000,0.277901,0.279279,0.278913,0.279279,53958.0
1553973300,0.279279,0.2839,0.279279,0.2839,89362.0
1553973600,0.280227,0.285668,0.283867,0.282067,130426.0
1553973900,0.2793,0.280928,0.280921,0.280006,26208.0
1553974200,0.280044,0.281,0.280871,0.280991,15178.0
1553974500,0.277095,0.280998,0.280991,0.277096,19227.0
1553974800,0.277096,0.279989,0.277096,0.279989,6814.0
1553975100,0.278282,0.279996,0.279968,0.278282,12889.0
1553975400,0.279009,0.279964,0.279845,0.27991,2893.0
1553975700,0.2792,0.28,0.2792,0.28,9587.0
1553976000,0.27925,0.28,0.27925,0.27943,12231.0
1553976300,0.279432,0.282998,0.279432,0.28,46147.0
1553976600,0.280283,0.2813,0.280283,0.2813,4727.0
1553976900,0.280639,0.2813,0.2813,0.28109,12617.0
1553977200,0.28083,0.281214,0.28083,0.281152,10081.0
1553977500,0.280421,0.2813,0.281,0.280444,15803.0
1553977800,0.280505,0.2813,0.281296,0.280507,3860.0
1553978100,0.280136,0.2813,0.28129,0.280167,3752.0
1553978400,0.280004,0.281248,0.280176,0.280418,2684.0
1553978700,0.280032,0.281223,0.281223,0.281099,1171.0
1553979000,0.280129,0.281099,0.281099,0.281046,505.0
1553979300,0.279121,0.281045,0.281045,0.279121,22913.0
1553979600,0.278674,0.279996,0.279991,0.279106,8994.0
1553979900,0.278732,0.27991,0.279106,0.278995,5341.0
1553980200,0.27801,0.278999,0.278994,0.278012,2969.0
1553980500,0.277468,0.283122,0.2782,0.27748,34113.0
1553980800,0.277002,0.27889,0.277465,0.27873,9773.0
1553981100,0.277178,0.279248,0.279248,0.277738,6129.0
1553981400,0.277733,0.27882,0.278653,0.278595,3394.0
1553981700,0.277725,0.278937,0.278867,0.278204,1266.0
1553982000,0.278199,0.2789,0.278204,0.278593,904.0
1553982300,0.27759,0.278592,0.278572,0.27759,4318.0
1553982600,0.276,0.278251,0.278251,0.276,22973.0
1553982900,0.276513,0.277769,0.277,0.277761,5920.0
1553983200,0.276464,0.278391,0.27776,0.276821,13697.0
1553983500,0.277582,0.278697,0.277986,0.278257,8837.0
1553983800,0.276914,0.277786,0.277786,0.277176,608.0
1553984100,0.27682,0.277951,0.276821,0.276947,12213.0
1553984400,0.276991,0.2787,0.277812,0.2785,13213.0
1553984700,0.276997,0.27858,0.2785,0.27858,6435.0
1553985000,0.2769,0.277431,0.2769,0.276915,3995.0
1553985300,0.27682,0.277299,0.2769,0.27682,27133.0
1553985600,0.274,0.277561,0.277199,0.274,21561.0
1553985900,0.273035,0.274518,0.273671,0.273932,3669.0
1553986200,0.273935,0.273935,0.273935,0.273935,1069.0
1553986500,0.273,0.273919,0.273001,0.273138,448.0
1553986800,0.273009,0.273914,0.273123,0.273009,2343.0
1553987100,0.273026,0.273914,0.273041,0.273914,5092.0
1553987400,0.2739,0.275277,0.274,0.274751,6400.0
1553987700,0.273,0.27475,0.27475,0.273,22257.0
1553988000,0.272485,0.273654,0.273471,0.273278,5827.0
1553988300,0.2712,0.272758,0.272758,0.2712,10680.0
1553988600,0.271,0.271201,0.271201,0.271,15814.0
1553988900,0.269968,0.270069,0.270068,0.270064,14255.0
1553989200,0.270053,0.270064,0.270064,0.270063,882.0
1553989500,0.269902,0.270064,0.270063,0.270064,7305.0
1553989800,0.269815,0.270064,0.270064,0.270064,7637.0
1553990100,0.269934,0.270063,0.270063,0.270063,6628.0
1553990400,0.270062,0.2707,0.270063,0.2707,14793.0
1553990700,0.27037,0.281,0.27069,0.273971,260730.0
1553991000,0.271892,0.273232,0.271892,0.271893,1846.0
1553991300,0.272192,0.273,0.272639,0.272192,2083.0
1553991600,0.272477,0.277308,0.273,0.277308,4296.0
1553991900,0.272567,0.274867,0.274867,0.272567,1385.0
1553992200,0.272502,0.2788,0.273567,0.272502,41679.0
1553992500,0.272002,0.274778,0.272503,0.272225,9015.0
1553992800,0.272015,0.275911,0.272224,0.2732,8184.0
1553993100,0.2732,0.2746,0.2732,0.273216,3773.0
1553993400,0.273874,0.275245,0.275245,0.274142,16370.0
1553993700,0.274459,0.275717,0.27507,0.2746,1769.0
1553994000,0.2732,0.275204,0.275204,0.2732,11941.0
1553994300,0.2732,0.273995,0.273995,0.273995,2070.0
1553994600,0.273286,0.274,0.2739,0.274,26073.0
1553994900,0.273999,0.27545,0.274,0.27545,4061.0
1553995200,0.276484,0.2778,0.276484,0.276697,19858.0
1553995500,0.276553,0.2778,0.276697,0.277392,5577.0
1553995800,0.277318,0.27739,0.27739,0.277318,3512.0
1553996100,0.277,0.2778,0.277326,0.27723,3170.0
1553996400,0.27723,0.27723,0.27723,0.27723,14851.0
1553996700,0.277,0.27723,0.27723,0.277,4786.0
1553997000,0.277004,0.277229,0.277004,0.27716,5653.0
1553997300,0.27716,0.2778,0.27716,0.2778,36368.0
1553997600,0.277532,0.2779,0.2778,0.2779,9223.0
1553997900,0.277558,0.2779,0.2779,0.2779,136.0
1553998200,0.277436,0.2779,0.277899,0.2779,4278.0
1553998500,0.277687,0.278859,0.2779,0.27877,10213.0
1553998800,0.277054,0.281,0.27877,0.277054,39260.0
1553999100,0.277071,0.278583,0.277071,0.277103,2122.0
1553999400,0.277002,0.278327,0.277927,0.277002,48402.0
1553999700,0.272,0.277882,0.277002,0.272,94526.0
1554000000,0.270066,0.27202,0.272,0.270066,51678.0
1554000300,0.271602,0.274639,0.271675,0.274015,3429.0
1554000600,0.274638,0.274639,0.274639,0.274639,1747.0
1554000900,0.273709,0.274,0.274,0.273709,6668.0
1554001200,0.273506,0.27538,0.274451,0.274052,363.0
1554001500,0.273133,0.275216,0.275216,0.274646,4408.0
1554001800,0.272455,0.274563,0.27456,0.272601,2861.0
1554002100,0.273116,0.275372,0.2739,0.273748,4267.0
1554002400,0.273854,0.275233,0.274441,0.27467,7544.0
1554002700,0.273667,0.275028,0.273668,0.273772,1988.0
1554003000,0.274006,0.274883,0.274682,0.274545,572.0
1554003300,0.274153,0.276777,0.274168,0.276777,13266.0
1554003600,0.275588,0.277,0.277,0.275588,6491.0
1554003900,0.276315,0.2775,0.276315,0.277495,25278.0
1554004200,0.277491,0.2775,0.277497,0.277492,1904.0
1554004500,0.276548,0.2775,0.277491,0.277499,5208.0
1554004800,0.277399,0.277499,0.277499,0.277499,5729.0
1554005100,0.276644,0.278661,0.277499,0.278661,15189.0
1554005400,0.278474,0.279,0.278478,0.278798,9214.0
1554005700,0.278001,0.278686,0.278686,0.278001,4086.0
1554006000,0.27679,0.278599,0.278,0.27679,7242.0
1554006300,0.277006,0.27799,0.277981,0.277677,2228.0
1554006600,0.275632,0.277674,0.277674,0.275632,2079.0
1554006900,0.2758,0.277192,0.27702,0.276,18718.0
1554007200,0.2745,0.277,0.27599,0.2746,50017.0
1554007500,0.273652,0.275115,0.2746,0.273652,3285.0
1554007800,0.274025,0.275226,0.275226,0.275087,1907.0
1554008100,0.272907,0.275198,0.274396,0.272907,45228.0
1554008400,0.272,0.274444,0.274135,0.272,8614.0
1554008700,0.27,0.273816,0.272,0.273816,56271.0
1554009000,0.268753,0.2699,0.2699,0.268753,6017.0
1554009300,0.268495,0.269709,0.268866,0.269705,1281.0
1554009600,0.26937,0.272189,0.269705,0.2699,2717.0
1554009900,0.269293,0.270085,0.270085,0.269293,1558.0
1554010200,0.270588,0.270588,0.270588,0.270588,500.0
1554010500,0.270215,0.271416,0.270215,0.27023,324.0
1554010800,0.27,0.270907,0.270278,0.27,14447.0
1554011100,0.27,0.27,0.27,0.27,1102.0
1554011400,0.27,0.270499,0.270342,0.27,563.0
1554011700,0.27,0.2705,0.270499,0.27,8710.0
1554012000,0.270499,0.270499,0.270499,0.270499,957.0
1554012300,0.270499,0.2705,0.270499,0.2705,142.0
1554012600,0.27,0.2705,0.2705,0.27,3215.0
1554012900,0.27,0.270499,0.27,0.270499,1837.0
1554013200,0.27,0.2705,0.270499,0.2705,4600.0
1554013500,0.270496,0.270499,0.270499,0.270496,715.0
1554013800,0.27,0.2705,0.2705,0.27,592.0
1554014100,0.268496,0.270171,0.27,0.268496,16040.0
1554014400,0.26903,0.2701,0.270085,0.2698,7465.0
1554014700,0.2698,0.2701,0.2698,0.270099,1475.0
1554015000,0.269565,0.2701,0.269565,0.2701,3769.0
1554015300,0.269511,0.2701,0.269511,0.2701,1074.0
1554015600,0.269272,0.269999,0.269275,0.269999,197.0
1554015900,0.269824,0.2705,0.269824,0.2705,3097.0
1554016200,0.269808,0.270499,0.270103,0.27015,6554.0
1554016500,0.27015,0.2705,0.27015,0.270467,874.0
1554016800,0.268898,0.270138,0.270138,0.268898,4015.0
1554017100,0.269111,0.27,0.269113,0.27,479.0
1554017400,0.269198,0.269925,0.269198,0.269925,1051.0
1554017700,0.269998,0.269998,0.269998,0.269998,483.0
1554018000,0.27,0.2705,0.270497,0.270497,4625.0
1554018300,0.27,0.270499,0.27,0.270499,540.0
1554018600,0.2699,0.2705,0.270499,0.2705,1379.0
1554018900,0.270347,0.272772,0.2705,0.272772,40322.0
1554019200,0.27275,0.27275,0.27275,0.27275,30.0
1554019500,0.272194,0.272821,0.272707,0.272194,1127.0
1554019800,0.270666,0.272897,0.272894,0.272294,4290.0
1554020100,0.270005,0.272294,0.272294,0.271203,13035.0
1554020400,0.271203,0.273277,0.272126,0.271343,15185.0
1554020700,0.270583,0.272899,0.272584,0.270583,1702.0
1554021000,0.27,0.272307,0.272307,0.27,10806.0
1554021300,0.2699,0.271459,0.27,0.2699,7497.0
1554021600,0.269,0.2699,0.2699,0.269507,2230.0
1554021900,0.267706,0.268409,0.268409,0.268049,9624.0
1554022200,0.265,0.268045,0.267865,0.265015,14366.0
1554022500,0.265151,0.267,0.265157,0.267,6358.0
1554022800,0.266999,0.268067,0.266999,0.268067,2929.0
1554023100,0.265817,0.267589,0.267589,0.265817,8600.0
1554023400,0.26669,0.26669,0.26669,0.26669,274.0
1554023700,0.266166,0.266797,0.266166,0.266791,455.0
1554024000,0.265,0.266251,0.265306,0.265505,13489.0
1554024300,0.265009,0.266405,0.266195,0.266199,7301.0
1554024600,0.266039,0.266961,0.266197,0.266039,6487.0
1554024900,0.265205,0.266497,0.266497,0.266304,1211.0
1554025200,0.2653,0.266679,0.266215,0.266572,1391.0
1554025500,0.265966,0.266809,0.266605,0.265966,1895.0
1554025800,0.266,0.267182,0.266,0.267174,267.0
1554026100,0.265307,0.267001,0.267,0.265309,4222.0
1554026400,0.265318,0.26689,0.266548,0.266517,4588.0
1554026700,0.2666,0.266966,0.266966,0.2666,45.0
1554027000,0.265592,0.266748,0.2666,0.26665,4975.0
1554027300,0.266865,0.266865,0.266865,0.266865,31.0
1554027600,0.265964,0.266732,0.266732,0.265964,973.0
1554027900,0.266274,0.267144,0.266274,0.267144,161.0
1554028200,0.266279,0.267118,0.267118,0.267111,221.0
1554028500,0.2662,0.267093,0.267093,0.267026,6298.0
1554028800,0.267049,0.26718,0.26718,0.267049,1340.0
1554029100,0.266,0.2662,0.2662,0.266019,143.0
1554029400,0.26601,0.266911,0.26691,0.26601,4813.0
1554029700,0.26601,0.2705,0.26601,0.2705,14680.0
1554030000,0.266108,0.267835,0.267835,0.267145,5259.0
1554030300,0.266233,0.267413,0.266233,0.267,1682.0
1554030600,0.266187,0.267564,0.266187,0.267413,1869.0
1554030900,0.266257,0.267342,0.267342,0.266257,701.0
1554031200,0.26704,0.267354,0.267325,0.267354,1278.0
1554031500,0.266036,0.267162,0.266318,0.266847,3641.0
1554031800,0.265842,0.267167,0.266091,0.265842,7120.0
1554032100,0.265306,0.265941,0.2654,0.265306,5601.0
1554032400,0.264406,0.265957,0.265957,0.264406,41296.0
1554032700,0.265607,0.265792,0.265608,0.265767,3473.0
1554033000,0.2654,0.267364,0.2654,0.267286,18997.0
1554033300,0.266014,0.267692,0.267505,0.26748,6248.0
1554033600,0.266646,0.268209,0.267432,0.268209,4409.0
1554033900,0.267382,0.268209,0.268209,0.268183,5958.0
1554034200,0.266647,0.268011,0.2677,0.26793,7099.0
1554034500,0.267744,0.267811,0.267811,0.267744,265.0
1554034800,0.267632,0.268208,0.267632,0.268208,985.0
1554035100,0.268149,0.268207,0.268149,0.268207,55.0
1554035400,0.268201,0.268984,0.268201,0.268983,2054.0
1554035700,0.268279,0.27,0.268982,0.269566,12567.0
1554036000,0.267927,0.269499,0.269499,0.268156,4714.0
1554036300,0.267675,0.268998,0.268998,0.2684,2609.0
1554036600,0.26816,0.268499,0.268174,0.268499,4600.0
1554036900,0.266515,0.268493,0.267721,0.268436,8063.0
1554037200,0.267058,0.2685,0.268426,0.267572,6037.0
1554037500,0.268485,0.2685,0.2685,0.268485,1593.0
1554037800,0.267822,0.2685,0.2685,0.268048,2139.0
1554038100,0.268121,0.269341,0.2685,0.269341,7211.0
1554038400,0.26787,0.269135,0.269012,0.268989,2391.0
1554038700,0.2682,0.269365,0.269124,0.269364,11244.0
1554039000,0.269012,0.27,0.269364,0.269051,9270.0
1554039300,0.269991,0.274,0.269991,0.271416,22311.0
1554039600,0.2705,0.27165,0.271416,0.270933,5922.0
1554039900,0.2708,0.270877,0.270801,0.270801,12567.0
1554040200,0.270557,0.271441,0.2708,0.270557,7277.0
1554040500,0.270434,0.276,0.27129,0.271512,32821.0
1554040800,0.271315,0.275,0.271512,0.271999,10114.0
1554041100,0.270564,0.271955,0.271626,0.271006,8703.0
1554041400,0.271284,0.273862,0.271906,0.27287,36869.0
1554041700,0.272132,0.273881,0.273332,0.273277,1342.0
1554042000,0.271953,0.273092,0.272009,0.271953,657.0
1554042300,0.271533,0.273499,0.273034,0.273499,22908.0
1554042600,0.272817,0.273893,0.273498,0.273893,15961.0
1554042900,0.273898,0.276,0.273898,0.274,33015.0
1554043200,0.274,0.277,0.275861,0.274802,73693.0
1554043500,0.274802,0.276,0.274802,0.275994,11907.0
1554043800,0.275101,0.276,0.275998,0.276,9905.0
1554044100,0.276,0.277,0.276,0.277,38835.0
1554044400,0.274523,0.276479,0.276414,0.275922,30673.0
1554044700,0.272375,0.276105,0.27592,0.272375,24067.0
1554045000,0.272071,0.274532,0.272361,0.273577,5353.0
1554045300,0.272827,0.274507,0.273019,0.274507,11548.0
1554045600,0.274175,0.277,0.274501,0.275201,42698.0
1554045900,0.275067,0.275765,0.275201,0.275683,5728.0
1554046200,0.27458,0.275798,0.275509,0.274687,3423.0
1554046500,0.274304,0.275792,0.275791,0.274304,4063.0
1554046800,0.273508,0.275324,0.274303,0.274202,3051.0
1554047100,0.274,0.275183,0.275182,0.275095,13020.0
1554047400,0.274,0.2746,0.274597,0.274572,7880.0
1554047700,0.273515,0.27454,0.2741,0.274404,24386.0
1554048000,0.273,0.274311,0.273516,0.27307,9203.0
1554048300,0.271555,0.27354,0.27354,0.273242,1501.0
1554048600,0.272505,0.275244,0.273243,0.273763,8120.0
1554048900,0.273171,0.2745,0.273745,0.274492,2717.0
1554049200,0.274173,0.2745,0.2745,0.2745,709.0
1554049500,0.274499,0.2745,0.274499,0.2745,7678.0
1554049800,0.274188,0.276,0.274479,0.275997,12000.0
1554050100,0.27487,0.275997,0.275997,0.275014,7221.0
1554050400,0.275076,0.275992,0.275991,0.27596,11275.0
1554050700,0.275069,0.275991,0.275988,0.275986,3843.0
1554051000,0.2757,0.275991,0.275991,0.275991,2894.0
1554051300,0.275591,0.276012,0.275594,0.275591,9125.0
1554051600,0.275591,0.276012,0.276012,0.275591,3450.0
1554051900,0.275591,0.276011,0.275591,0.276011,13474.0
1554052200,0.275584,0.2761,0.275591,0.275584,16780.0
1554052500,0.275584,0.275743,0.275584,0.275589,32678.0
1554052800,0.275584,0.276065,0.275589,0.275584,32733.0
1554053100,0.275584,0.276355,0.275584,0.275585,2519.0
1554053400,0.275584,0.27684,0.275584,0.276528,3460.0
1554053700,0.276712,0.277,0.276713,0.277,21918.0
1554054000,0.276999,0.2775,0.277,0.277499,61927.0
1554054300,0.277499,0.279,0.277499,0.279,37031.0
1554054600,0.278999,0.281,0.278999,0.281,44643.0
1554054900,0.279654,0.281578,0.281,0.280556,19594.0
1554055200,0.279716,0.281,0.280999,0.281,15960.0
1554055500,0.278807,0.280787,0.280787,0.279931,37519.0
1554055800,0.279017,0.27995,0.279919,0.279416,3327.0
1554056100,0.279351,0.281599,0.279351,0.281307,41198.0
1554056400,0.280232,0.281263,0.280237,0.2806,9953.0
1554056700,0.280111,0.2806,0.2806,0.280111,1255.0
1554057000,0.280104,0.282105,0.280104,0.282105,11476.0
1554057300,0.281,0.282321,0.282097,0.281132,7140.0
1554057600,0.281559,0.2833,0.282318,0.283297,27522.0
1554057900,0.282007,0.2833,0.282007,0.28223,42808.0
1554058200,0.281447,0.283584,0.282228,0.282727,28056.0
1554058500,0.28199,0.282843,0.281998,0.281991,7660.0
1554058800,0.2819,0.282495,0.28199,0.2819,12869.0
1554059100,0.280874,0.284774,0.281,0.284774,60388.0
1554059400,0.278592,0.283781,0.283346,0.283195,38035.0
1554059700,0.281202,0.282863,0.282527,0.281202,11429.0
1554060000,0.28,0.282376,0.281217,0.280001,52169.0
1554060300,0.277302,0.2801,0.28,0.278,25780.0
1554060600,0.27809,0.280116,0.278173,0.279257,12856.0
1554060900,0.278,0.279235,0.279235,0.278357,10235.0
1554061200,0.276845,0.278334,0.278334,0.278229,420.0
1554061500,0.277239,0.279071,0.277239,0.278604,7958.0
1554061800,0.2789,0.279872,0.2789,0.278916,6312.0
1554062100,0.278924,0.280581,0.279802,0.28048,5352.0
1554062400,0.278911,0.281116,0.28,0.278911,3661.0
1554062700,0.277952,0.27891,0.27891,0.278607,2658.0
1554063000,0.276863,0.278895,0.278894,0.276866,11179.0
1554063300,0.275671,0.278097,0.278097,0.275695,8470.0
1554063600,0.275584,0.276957,0.275695,0.275584,19539.0
1554063900,0.275584,0.276797,0.2764,0.276797,2345.0
1554064200,0.275588,0.279164,0.275588,0.279164,16989.0
1554064500,0.278,0.279455,0.278001,0.279359,1042.0
1554064800,0.278142,0.281999,0.27935,0.279628,13617.0
1554065100,0.278029,0.279447,0.278029,0.278277,6365.0
1554065400,0.27559,0.277846,0.276903,0.275599,8231.0
1554065700,0.275638,0.277732,0.277732,0.275643,3508.0
1554066000,0.275069,0.276128,0.27559,0.2761,16024.0
1554066300,0.275166,0.276126,0.275288,0.2758,8893.0
1554066600,0.2758,0.275819,0.2758,0.275819,1702.0
1554066900,0.274797,0.275801,0.275801,0.274797,18425.0
1554067200,0.274178,0.2746,0.274221,0.274505,2262.0
1554067500,0.274202,0.275212,0.274527,0.274202,2819.0
1554067800,0.2742,0.275256,0.275095,0.2742,4858.0
1554068100,0.2742,0.275041,0.27485,0.275041,812.0
1554068400,0.273592,0.274593,0.274593,0.2736,3151.0
1554068700,0.274205,0.274889,0.274889,0.274205,365.0
1554069000,0.274,0.274204,0.274204,0.274,5874.0
1554069300,0.274203,0.27595,0.274203,0.27595,2560.0
1554069600,0.27593,0.276898,0.275933,0.27593,12404.0
1554069900,0.27526,0.278593,0.27526,0.27712,13889.0
1554070200,0.27712,0.278999,0.27712,0.278999,3463.0
1554070500,0.277102,0.278125,0.2776,0.277243,10454.0
1554070800,0.2771,0.277517,0.277105,0.277101,11392.0
1554071100,0.2771,0.278207,0.277101,0.277107,1824.0
1554071400,0.277108,0.27895,0.278224,0.277559,6745.0
1554071700,0.277471,0.279491,0.277471,0.279491,5588.0
1554072000,0.277951,0.279492,0.278386,0.279486,7366.0
1554072300,0.278021,0.279492,0.279436,0.2793,1680.0
1554072600,0.277922,0.279295,0.279057,0.2782,3054.0
1554072900,0.277423,0.278707,0.278302,0.278497,22601.0
1554073200,0.278393,0.279399,0.278496,0.278582,7296.0
1554073500,0.27832,0.28,0.279383,0.2798,6818.0
1554073800,0.277804,0.28,0.2798,0.279823,34193.0
1554074100,0.279242,0.28,0.279805,0.279992,3591.0
1554074400,0.279993,0.28,0.279993,0.279999,26612.0
1554074700,0.28,0.281,0.28,0.281,9183.0
1554075000,0.280944,0.2833,0.281,0.282669,26348.0
1554075300,0.281643,0.283978,0.282681,0.283978,49139.0
1554075600,0.283866,0.289696,0.283978,0.286309,62065.0
1554075900,0.285,0.287,0.287,0.286997,32075.0
1554076200,0.286885,0.29,0.286999,0.288513,88408.0
1554076500,0.286008,0.29,0.289599,0.286274,47190.0
1554076800,0.287312,0.29,0.287315,0.288054,45351.0
1554077100,0.287996,0.289982,0.289586,0.28991,9688.0
1554077400,0.288375,0.294,0.289903,0.294,49063.0
1554077700,0.291392,0.294011,0.294011,0.293809,19235.0
1554078000,0.29062,0.294,0.293517,0.291427,29894.0
1554078300,0.286711,0.291387,0.291387,0.2898,116971.0
1554078600,0.2878,0.290587,0.287963,0.290587,7369.0
1554078900,0.29069,0.2989,0.291475,0.298166,211471.0
1554079200,0.298532,0.304,0.298899,0.303,242359.0
1554079500,0.298965,0.305,0.303,0.302,179557.0
1554079800,0.297248,0.301984,0.301984,0.297406,64109.0
1554080100,0.295971,0.299454,0.297673,0.295972,28121.0
1554080400,0.295225,0.299975,0.295972,0.29657,82926.0
1554080700,0.29417,0.297517,0.296854,0.294685,64327.0
1554081000,0.29351,0.298012,0.29585,0.298,45187.0
1554081300,0.298,0.299814,0.298001,0.29956,88274.0
1554081600,0.2943,0.299591,0.29956,0.294301,28120.0
1554081900,0.293,0.296655,0.294757,0.296655,95769.0
1554082200,0.292168,0.297236,0.297236,0.293594,60721.0
1554082500,0.2922,0.294614,0.292615,0.293308,10945.0
1554082800,0.289332,0.293803,0.293154,0.2901,60616.0
1554083100,0.290012,0.290999,0.290999,0.290048,13110.0
1554083400,0.290011,0.291,0.290999,0.290994,13200.0
1554083700,0.2899,0.291,0.291,0.2899,13315.0
1554084000,0.2899,0.290906,0.289934,0.290905,21462.0
1554084300,0.2908,0.291,0.291,0.290999,7874.0
1554084600,0.290998,0.291,0.290999,0.290999,56790.0
1554084900,0.290999,0.291,0.291,0.291,20984.0
1554085200,0.290999,0.294227,0.291,0.294213,36550.0
1554085500,0.295018,0.2955,0.2955,0.295498,25151.0
1554085800,0.2929,0.2955,0.295145,0.295497,5519.0
1554086100,0.293845,0.2955,0.295425,0.295062,19830.0
1554086400,0.294779,0.297997,0.295217,0.297997,44950.0
1554086700,0.296996,0.298278,0.297999,0.298278,13102.0
1554087000,0.296758,0.298819,0.298275,0.297997,14592.0
1554087300,0.295,0.296994,0.296994,0.295623,6189.0
1554087600,0.293564,0.296,0.29435,0.29491,19404.0
1554087900,0.29402,0.296,0.296,0.295989,62863.0
1554088200,0.295163,0.29599,0.2958,0.295384,15813.0
1554088500,0.295268,0.295989,0.295642,0.295574,3756.0
1554088800,0.295268,0.297,0.295268,0.297,12502.0
1554089100,0.297749,0.298,0.297787,0.298,13561.0
1554089400,0.298,0.3,0.298,0.299999,63027.0
1554089700,0.299999,0.30119,0.299999,0.30119,52824.0
1554090000,0.30119,0.304797,0.30119,0.304319,69141.0
1554090300,0.303,0.3048,0.303105,0.3045,41964.0
1554090600,0.302779,0.3045,0.304499,0.3045,22784.0
1554090900,0.298001,0.303875,0.303875,0.302515,658079.0
1554091200,0.301501,0.302999,0.301674,0.301501,52593.0
1554091500,0.297401,0.301724,0.301501,0.301,199499.0
1554091800,0.300561,0.301586,0.300685,0.300953,9285.0
1554092100,0.298177,0.301339,0.301339,0.300878,60385.0
1554092400,0.300038,0.301017,0.300493,0.300829,19702.0
1554092700,0.299591,0.300766,0.300766,0.299718,11756.0
1554093000,0.30033,0.301255,0.300336,0.30043,25395.0
1554093300,0.297605,0.30119,0.30043,0.300832,38912.0
1554093600,0.297448,0.299999,0.299999,0.297882,11437.0
1554093900,0.29766,0.29892,0.298626,0.298688,17527.0
1554094200,0.297443,0.298486,0.298403,0.297481,23865.0
1554094500,0.297569,0.301993,0.298399,0.299931,43207.0
1554094800,0.297682,0.299907,0.299907,0.298,14666.0
1554095100,0.297682,0.29805,0.297684,0.29805,11619.0
1554095400,0.29805,0.299935,0.29805,0.299224,22296.0
1554095700,0.298312,0.300257,0.299221,0.300257,9864.0
1554096000,0.29904,0.300208,0.300208,0.299969,1752.0
1554096300,0.299022,0.299967,0.299967,0.299894,2377.0
1554096600,0.299355,0.299896,0.299374,0.299895,18987.0
1554096900,0.297453,0.299895,0.299895,0.297455,16014.0
1554097200,0.297443,0.298317,0.298316,0.297861,57112.0
1554097500,0.2974,0.297828,0.297444,0.29746,8025.0
1554097800,0.292246,0.297446,0.297446,0.292246,56952.0
1554098100,0.292404,0.294033,0.292419,0.293259,30282.0
1554098400,0.292206,0.293241,0.292717,0.292206,21298.0
1554098700,0.291001,0.29305,0.29305,0.291001,34129.0
1554099000,0.290012,0.291,0.291,0.290979,26791.0
1554099300,0.290022,0.292345,0.290582,0.291109,17446.0
1554099600,0.290223,0.29221,0.291109,0.290223,13953.0
1554099900,0.290559,0.291009,0.290578,0.29059,5326.0
1554100200,0.290596,0.291009,0.290596,0.290987,6251.0
1554100500,0.290791,0.290984,0.290983,0.290982,5506.0
1554100800,0.29079,0.29101,0.29101,0.29101,5733.0
1554101100,0.29079,0.291005,0.29079,0.290876,11065.0
1554101400,0.290011,0.290823,0.290823,0.290126,21470.0
1554101700,0.289351,0.290125,0.290124,0.289448,42555.0
1554102000,0.288794,0.289798,0.289449,0.288794,27632.0
1554102300,0.288794,0.2891,0.288972,0.288794,19727.0
1554102600,0.287,0.288813,0.288785,0.287259,9248.0
1554102900,0.285676,0.287013,0.287013,0.2858,5896.0
1554103200,0.2858,0.286894,0.286181,0.286894,19638.0
1554103500,0.286894,0.288,0.286894,0.288,16089.0
1554103800,0.286715,0.289633,0.288,0.288564,36793.0
1554104100,0.288004,0.288681,0.288542,0.28816,698.0
1554104400,0.288,0.288655,0.288655,0.288387,7689.0
1554104700,0.288408,0.29,0.288408,0.2894,1633.0
1554105000,0.288484,0.2894,0.2894,0.2894,1509.0
1554105300,0.288488,0.29,0.2894,0.288488,3446.0
1554105600,0.289361,0.290961,0.289724,0.289361,1936.0
1554105900,0.290932,0.295,0.290932,0.294394,6123.0
1554106200,0.293669,0.295811,0.294998,0.295806,7649.0
1554106500,0.29395,0.295908,0.295,0.29451,10421.0
1554106800,0.294307,0.295875,0.295875,0.294495,55814.0
1554107100,0.29201,0.294489,0.294489,0.292384,13020.0
1554107400,0.289063,0.292981,0.292981,0.290122,18448.0
1554107700,0.289653,0.2913,0.291281,0.291296,2553.0
1554108000,0.290622,0.292741,0.2913,0.291078,3390.0
1554108300,0.291058,0.292668,0.292101,0.292587,4051.0
1554108600,0.291622,0.29327,0.291622,0.292999,6369.0
1554108900,0.291751,0.292993,0.292993,0.292,1451.0
1554109200,0.291633,0.292,0.292,0.292,2659.0
1554109500,0.291058,0.29269,0.292,0.292596,56165.0
1554109800,0.291327,0.293799,0.291329,0.293799,5122.0
1554110100,0.293619,0.295264,0.29415,0.295111,5524.0
1554110400,0.293352,0.295032,0.29376,0.293352,2035.0
1554110700,0.290215,0.29432,0.293032,0.2915,9212.0
1554111000,0.29115,0.292496,0.29115,0.29248,1795.0
1554111300,0.291746,0.293857,0.293128,0.293809,9737.0
1554111600,0.292751,0.293734,0.293734,0.292751,4032.0
1554111900,0.292,0.292734,0.292,0.292,11386.0
1554112200,0.291212,0.292399,0.291519,0.291359,4801.0
1554112500,0.291498,0.292398,0.292346,0.292398,4406.0
1554112800,0.292298,0.2923,0.292298,0.2923,1377.0
1554113100,0.291667,0.2923,0.291667,0.292296,740.0
1554113400,0.291335,0.292299,0.292293,0.292299,1451.0
1554113700,0.29094,0.292299,0.292299,0.292158,5266.0
1554114000,0.291565,0.292298,0.291565,0.292298,735.0
1554114300,0.291722,0.292299,0.292298,0.292239,1398.0
1554114600,0.291998,0.292,0.291999,0.292,1739.0
1554114900,0.291804,0.2923,0.292,0.2923,1617.0
1554115200,0.2918,0.2923,0.2923,0.292,5008.0
1554115500,0.291368,0.292298,0.291511,0.292298,4304.0
1554115800,0.29188,0.2924,0.292265,0.2924,6156.0
1554116100,0.291634,0.292398,0.291634,0.29229,1272.0
1554116400,0.291699,0.2928,0.292284,0.2928,3249.0
1554116700,0.292308,0.293,0.2928,0.292308,1812.0
1554117000,0.286612,0.293767,0.292994,0.287597,61533.0
1554117300,0.286,0.288353,0.286612,0.288353,19206.0
1554117600,0.2865,0.288547,0.288544,0.287365,6420.0
1554117900,0.2865,0.28759,0.28759,0.287259,7022.0
1554118200,0.2865,0.287679,0.287259,0.287585,18152.0
1554118500,0.2865,0.287555,0.287555,0.286501,28093.0
1554118800,0.286392,0.287185,0.2865,0.286931,38937.0
1554119100,0.286003,0.288643,0.286003,0.286006,39018.0
1554119400,0.286,0.287788,0.287788,0.286,6647.0
1554119700,0.284859,0.286465,0.286,0.285,15229.0
1554120000,0.284862,0.288541,0.284862,0.28849,8227.0
1554120300,0.28759,0.289286,0.289286,0.289127,1075.0
1554120600,0.2876,0.289304,0.289304,0.288991,1263.0
1554120900,0.286815,0.289077,0.288371,0.288999,10414.0
1554121200,0.287448,0.289319,0.288994,0.28766,6806.0
1554121500,0.286602,0.28888,0.287628,0.287138,14456.0
1554121800,0.286605,0.288255,0.287209,0.287783,23254.0
1554122100,0.286684,0.287898,0.287731,0.286959,8218.0
1554122400,0.286959,0.288786,0.287865,0.287202,9094.0
1554122700,0.28827,0.289295,0.288299,0.28827,7466.0
1554123000,0.287623,0.288794,0.28827,0.287667,13759.0
1554123300,0.287714,0.288625,0.288625,0.287714,2413.0
1554123600,0.28861,0.288617,0.28861,0.288616,8238.0
1554123900,0.288022,0.288617,0.288616,0.288616,4488.0
1554124200,0.288061,0.289401,0.288061,0.289192,9433.0
1554124500,0.288295,0.289192,0.289192,0.289174,30785.0
1554124800,0.288137,0.289353,0.28828,0.289353,1805.0
1554125100,0.287582,0.289177,0.288146,0.28906,5828.0
1554125400,0.287853,0.289388,0.287853,0.288053,1938.0
1554125700,0.288008,0.289595,0.288211,0.288151,7986.0
1554126000,0.289144,0.289667,0.289147,0.289588,30929.0
1554126300,0.288371,0.289494,0.289494,0.288575,2069.0
1554126600,0.288881,0.289668,0.289,0.289251,11118.0
1554126900,0.289617,0.290925,0.289668,0.290925,9468.0
1554127200,0.2903,0.29095,0.290924,0.290949,14171.0
1554127500,0.290358,0.29095,0.290945,0.290397,8895.0
1554127800,0.289287,0.29095,0.29095,0.289292,10061.0
1554128100,0.289299,0.291479,0.290281,0.290952,50796.0
1554128400,0.289905,0.291612,0.289905,0.291612,3228.0
1554128700,0.290019,0.291476,0.291,0.290902,3504.0
1554129000,0.290057,0.291989,0.29075,0.291417,25238.0
1554129300,0.289224,0.291516,0.291134,0.291516,8421.0
1554129600,0.289723,0.291506,0.291506,0.29,7997.0
1554129900,0.288012,0.29,0.289598,0.289245,34631.0
1554130200,0.288011,0.289445,0.289245,0.28803,10524.0
1554130500,0.286602,0.288011,0.288011,0.286975,46621.0
1554130800,0.286,0.287409,0.286602,0.286014,6273.0
1554131100,0.286,0.286513,0.286116,0.286513,6245.0
1554131400,0.286047,0.288783,0.286513,0.288227,11933.0
1554131700,0.285859,0.288792,0.287865,0.285859,22289.0
1554132000,0.284862,0.288336,0.286778,0.286028,42258.0
1554132300,0.284815,0.286328,0.285414,0.284877,3663.0
1554132600,0.2846,0.286314,0.284893,0.285838,17833.0
1554132900,0.284751,0.286589,0.285659,0.285892,20649.0
1554133200,0.284626,0.286268,0.284826,0.285056,3865.0
1554133500,0.286,0.287999,0.286168,0.286,41499.0
1554133800,0.285997,0.286847,0.286847,0.285997,13637.0
1554134100,0.285135,0.287999,0.285497,0.287285,23625.0
1554134400,0.285408,0.287956,0.287213,0.286002,17451.0
1554134700,0.286014,0.28775,0.286881,0.286172,3464.0
1554135000,0.286014,0.287377,0.286199,0.286998,15736.0
1554135300,0.286159,0.287105,0.2869,0.287105,14843.0
1554135600,0.286911,0.287105,0.287105,0.287101,11975.0
1554135900,0.286911,0.288,0.287098,0.286941,11281.0
1554136200,0.286919,0.28918,0.287697,0.287508,39121.0
1554136500,0.2875,0.288304,0.287506,0.288157,5802.0
1554136800,0.287502,0.288596,0.287502,0.287601,3176.0
1554137100,0.288085,0.289179,0.289043,0.288257,6589.0
1554137400,0.288119,0.289227,0.288289,0.289003,9632.0
1554137700,0.28915,0.289945,0.289227,0.289805,18727.0
1554138000,0.288645,0.289732,0.289732,0.289632,6426.0
1554138300,0.288328,0.28963,0.288328,0.289609,6334.0
1554138600,0.289032,0.289947,0.289612,0.289936,14491.0
1554138900,0.288789,0.289906,0.288889,0.289637,19628.0
1554139200,0.28879,0.289571,0.289554,0.28879,7072.0
1554139500,0.28788,0.28937,0.28877,0.289346,5901.0
1554139800,0.28807,0.28934,0.28934,0.288394,12099.0
1554140100,0.28807,0.288394,0.288394,0.288071,7518.0
1554140400,0.28807,0.288986,0.288071,0.2882,20881.0
1554140700,0.28807,0.288999,0.288111,0.288999,12775.0
1554141000,0.288701,0.294999,0.288999,0.292095,108505.0
1554141300,0.290928,0.292051,0.291338,0.291806,6921.0
1554141600,0.290969,0.29418,0.29179,0.29418,7908.0
1554141900,0.291412,0.293609,0.291412,0.291625,29141.0
1554142200,0.291641,0.29369,0.291642,0.29303,24956.0
1554142500,0.29303,0.293031,0.29303,0.29303,27332.0
1554142800,0.2925,0.293031,0.29303,0.292742,31767.0
1554143100,0.2925,0.292756,0.2925,0.292509,5384.0
1554143400,0.291536,0.2927,0.2927,0.291541,11469.0
1554143700,0.29141,0.292454,0.291541,0.29165,11358.0
1554144000,0.292138,0.292624,0.292462,0.292138,654.0
1554144300,0.291277,0.292238,0.292167,0.291277,7900.0
1554144600,0.29118,0.292238,0.292238,0.29207,6797.0
1554144900,0.292229,0.2927,0.29223,0.2927,43613.0
1554145200,0.292348,0.29451,0.29451,0.292476,15994.0
1554145500,0.292229,0.293837,0.293837,0.292229,7225.0
1554145800,0.290857,0.292677,0.29262,0.292599,32794.0
1554146100,0.288402,0.292601,0.292585,0.288402,11408.0
1554146400,0.288073,0.289925,0.289925,0.289645,2712.0
1554146700,0.288952,0.290036,0.290036,0.288952,4445.0
1554147000,0.28807,0.289892,0.289892,0.288454,1341.0
1554147300,0.288499,0.289245,0.288511,0.289,3209.0
1554147600,0.289,0.289609,0.289,0.289608,4320.0
1554147900,0.289603,0.2897,0.289603,0.289698,2811.0
1554148200,0.289698,0.2897,0.2897,0.2897,10512.0
1554148500,0.289698,0.2897,0.289698,0.289698,3114.0
1554148800,0.289699,0.2897,0.2897,0.289699,5936.0
1554149100,0.289699,0.2897,0.2897,0.289699,4783.0
1554149400,0.289699,0.2897,0.2897,0.2897,13021.0
1554149700,0.289699,0.2897,0.2897,0.289699,4332.0
1554150000,0.288619,0.2897,0.2897,0.289,16050.0
1554150300,0.288071,0.289,0.288281,0.28899,6184.0
1554150600,0.28807,0.28872,0.288126,0.288071,22730.0
1554150900,0.287859,0.28872,0.288071,0.287859,18099.0
