1545242400,0.068,0.08,0.08,0.068,7470.0
1545246000,0.0672,0.068,0.068,0.0675,17519.0
1545249600,0.066,0.0675,0.0675,0.067,58775.0
1545253200,0.065,0.067,0.067,0.065,25400.0
1545256800,0.064197,0.068849,0.065,0.06501,2178.0
1545260400,0.064,0.065192,0.065192,0.064,19581.0
1545264000,0.064,0.0666,0.064,0.0641,10486.0
1545267600,0.065,0.066711,0.065,0.0651,1512.0
1545271200,0.065,0.065697,0.0653,0.065,12169.0
1545274800,0.065,0.066,0.066,0.065,1150.0
1545278400,0.064505,0.065152,0.06471,0.064505,1689.0
1545282000,0.064477,0.065,0.065,0.064477,5770.0
1545285600,0.0643,0.064476,0.064476,0.0643,5750.0
1545292800,0.067335,0.072,0.067335,0.071,61835.0
1545296400,0.0705,0.071109,0.071,0.071109,2321.0
1545300000,0.0709,0.0723,0.0723,0.0709,686.0
1545303600,0.07055,0.072391,0.072391,0.07055,10818.0
1545307200,0.0715,0.0715,0.0715,0.0715,4297.0
1545310800,0.068863,0.0724,0.0705,0.06985,34750.0
1545314400,0.07,0.07058,0.07058,0.07,2503.0
1545318000,0.0705,0.072399,0.072399,0.07126,9923.0
1545321600,0.0705,0.07224,0.0705,0.0722,8427.0
1545325200,0.06999,0.0724,0.07224,0.072177,232201.0
1545328800,0.0702,0.072177,0.072177,0.0702,5411.0
1545332400,0.07,0.0715,0.0715,0.07,106448.0
1545336000,0.067001,0.069612,0.069612,0.067469,25286.0
1545339600,0.067823,0.06885,0.067823,0.068619,495.0
1545343200,0.07,0.07087,0.07086,0.070783,30945.0
1545346800,0.07,0.0707,0.0707,0.07,49738.0
1545350400,0.07,0.070973,0.070589,0.07,20694.0
1545354000,0.069802,0.0715,0.07,0.0715,50165.0
1545357600,0.06891,0.0715,0.0715,0.07099,59243.0
1545361200,0.06969,0.069901,0.069901,0.0697,4540.0
1545364800,0.0695,0.07,0.069701,0.0697,2898.0
1545368400,0.067667,0.0697,0.0697,0.067667,45003.0
1545379200,0.069703,0.069703,0.069703,0.069703,717.0
1545382800,0.069,0.069673,0.069673,0.069,1549.0
1545386400,0.0685,0.0685,0.0685,0.0685,100.0
1545390000,0.069,0.069,0.069,0.069,100.0
1545393600,0.069,0.07,0.069,0.07,37022.0
1545397200,0.071201,0.072219,0.071201,0.072219,21288.0
1545400800,0.070903,0.0726,0.072219,0.0726,17632.0
1545404400,0.07,0.071,0.071,0.07,169.0
1545408000,0.07,0.070999,0.0703,0.07,7961.0
1545411600,0.0695,0.07,0.07,0.0699,1149.0
1545415200,0.06897,0.069063,0.069063,0.06897,26629.0
1545418800,0.067201,0.069,0.069,0.067201,25248.0
1545422400,0.065571,0.0675,0.0675,0.066413,18478.0
1545426000,0.06545,0.068369,0.06545,0.067296,38485.0
1545429600,0.066621,0.0669,0.066621,0.0669,2690.0
1545433200,0.06659,0.0669,0.0669,0.06659,1491.0
1545436800,0.0662,0.067046,0.0669,0.067046,722.0
1545440400,0.0665,0.067046,0.0667,0.067046,1881.0
1545444000,0.067046,0.0672,0.067046,0.0672,300.0
1545447600,0.067,0.067,0.067,0.067,5.0
1545451200,0.066159,0.0668,0.0668,0.066163,7006.0
1545454800,0.066163,0.066721,0.066163,0.066536,959.0
1545465600,0.067,0.067,0.067,0.067,100.0
1545469200,0.06705,0.068,0.06705,0.068,105.0
1545472800,0.06851,0.06851,0.06851,0.06851,298.0
1545476400,0.068,0.06851,0.06851,0.068,1947.0
1545480000,0.068,0.068,0.068,0.068,236.0
1545483600,0.068,0.068,0.068,0.068,100.0
1545487200,0.0668,0.067001,0.067001,0.0668,1473.0
1545490800,0.06699,0.0678,0.06699,0.0675,3297.0
1545494400,0.067,0.068999,0.067002,0.068999,36135.0
1545501600,0.06899,0.069969,0.06899,0.069969,5263.0
1545505200,0.070991,0.071,0.070991,0.071,7786.0
1545508800,0.0716,0.072,0.071854,0.0716,61076.0
1545512400,0.071987,0.072,0.071993,0.071991,69956.0
1545516000,0.071,0.071424,0.071001,0.071424,47624.0
1545519600,0.071428,0.072,0.071428,0.072,171705.0
1545523200,0.072,0.0726,0.072,0.0726,39444.0
1545526800,0.072,0.073,0.0726,0.072,8892.0
1545530400,0.071511,0.0729,0.072,0.0729,6047.0
1545534000,0.072364,0.073,0.072364,0.072767,3786.0
1545537600,0.073,0.07384,0.073455,0.073802,54390.0
1545541200,0.073,0.073301,0.0733,0.073301,22492.0
1545544800,0.0733,0.073301,0.0733,0.0733,12525.0
1545548400,0.072,0.0733,0.0733,0.072,25459.0
1545552000,0.0727,0.072876,0.072876,0.0727,14975.0
1545555600,0.0717,0.0717,0.0717,0.0717,139.0
1545559200,0.071701,0.071701,0.071701,0.071701,57.0
1545566400,0.0717,0.071719,0.071719,0.0717,1176.0
1545570000,0.0717,0.072907,0.0717,0.072834,23894.0
1545573600,0.071651,0.071651,0.071651,0.071651,45841.0
1545577200,0.071,0.071758,0.0715,0.071,5615.0
1545580800,0.071,0.073,0.071,0.073,63342.0
1545584400,0.072,0.073226,0.073,0.073226,8780.0
1545588000,0.073,0.073613,0.073,0.073613,7103.0
1545591600,0.072,0.073057,0.073057,0.072,21755.0
1545595200,0.0718,0.072,0.0718,0.072,5615.0
1545598800,0.07192,0.0724,0.0724,0.07192,4080.0
1545602400,0.0715,0.07246,0.07246,0.0715,21225.0
1545609600,0.0725,0.077,0.0725,0.07699,104106.0
1545613200,0.0769,0.077,0.077,0.0769,7897.0
1545616800,0.07654,0.077821,0.07654,0.0772,17549.0
1545620400,0.077413,0.077979,0.077413,0.077979,11441.0
1545624000,0.077,0.077001,0.077001,0.077,20598.0
1545627600,0.0774,0.078049,0.0774,0.078049,789.0
1545631200,0.078868,0.079,0.079,0.07887,30808.0
1545634800,0.0786,0.078601,0.078601,0.0786,22129.0
1545638400,0.0786,0.079818,0.0786,0.079818,26762.0
1545642000,0.079999,0.0808,0.079999,0.080793,2244.0
1545645600,0.076519,0.080958,0.080957,0.076695,99599.0
1545656400,0.0783,0.079185,0.0783,0.079185,8404.0
1545660000,0.07918,0.079185,0.079185,0.07918,720.0
1545663600,0.078,0.080595,0.080595,0.078,7701.0
1545667200,0.07601,0.077,0.077,0.0769,16182.0
1545670800,0.076521,0.076521,0.076521,0.076521,1649.0
1545674400,0.076,0.077,0.077,0.076,9740.0
1545678000,0.075,0.0764,0.0764,0.075,3462.0
1545681600,0.0751,0.0751,0.0751,0.0751,450.0
1545685200,0.075256,0.075531,0.075256,0.075531,23399.0
1545688800,0.0755,0.075533,0.075533,0.0755,5510.0
1545692400,0.074723,0.075675,0.075675,0.074723,1508.0
1545696000,0.0702,0.0753,0.0753,0.0702,54660.0
1545699600,0.06897,0.07,0.07,0.06897,11126.0
1545703200,0.068485,0.06892,0.068803,0.06892,584.0
1545706800,0.065036,0.0685,0.0685,0.065036,36950.0
1545710400,0.065,0.066,0.06529,0.066,9828.0
1545714000,0.066,0.066797,0.066,0.066795,53461.0
1545717600,0.065799,0.065967,0.065967,0.0658,41166.0
1545721200,0.065523,0.066,0.066,0.066,29587.0
1545724800,0.0655,0.0655,0.0655,0.0655,10.0
1545728400,0.066036,0.066504,0.066036,0.066504,29032.0
1545732000,0.0668,0.0668,0.0668,0.0668,11213.0
1545735600,0.06598,0.066875,0.066295,0.066875,803.0
1545742800,0.06689,0.0669,0.0669,0.06689,1500.0
1545750000,0.06598,0.066515,0.066515,0.06598,2017.0
1545753600,0.06598,0.06598,0.06598,0.06598,235.0
1545757200,0.064858,0.065202,0.065202,0.064858,3593.0
1545760800,0.0656,0.065882,0.065831,0.0656,32.0
1545764400,0.0659,0.0659,0.0659,0.0659,350.0
1545768000,0.0668,0.068,0.0668,0.0679,618.0
1545771600,0.0665,0.06801,0.067619,0.06801,3884.0
1545775200,0.067334,0.0682,0.06816,0.067334,52.0
1545778800,0.066037,0.0662,0.0662,0.066037,4427.0
1545782400,0.068039,0.068039,0.068039,0.068039,4597.0
1545786000,0.067607,0.069,0.067607,0.069,570.0
1545789600,0.069,0.0692,0.0692,0.069,1821.0
1545793200,0.069301,0.069301,0.069301,0.069301,8627.0
1545796800,0.068518,0.068519,0.068519,0.068518,13747.0
1545800400,0.06771,0.068202,0.06771,0.0682,55163.0
1545804000,0.0672,0.067954,0.067954,0.0672,141.0
1545807600,0.065822,0.067024,0.067024,0.065822,6054.0
1545811200,0.0656,0.066638,0.066638,0.0656,12581.0
1545814800,0.0649,0.0655,0.0655,0.0649,560.0
1545818400,0.06482,0.0661,0.06484,0.0661,2271.0
1545829200,0.066,0.066371,0.066371,0.066,4550.0
1545832800,0.065,0.065523,0.065049,0.065523,5301.0
1545836400,0.0646,0.064815,0.064815,0.0646,189.0
1545843600,0.066385,0.066385,0.066385,0.066385,5547.0
1545850800,0.0668,0.0676,0.0668,0.0676,1309.0
1545854400,0.0666,0.067,0.067,0.0666,578.0
1545858000,0.066427,0.0666,0.0666,0.066427,11299.0
1545865200,0.0675,0.0675,0.0675,0.0675,141.0
1545868800,0.067021,0.0676,0.067021,0.0676,37686.0
1545872400,0.066348,0.067154,0.067154,0.066348,1468.0
1545876000,0.066292,0.066292,0.066292,0.066292,142.0
1545879600,0.0658,0.0663,0.0663,0.0658,9808.0
1545886800,0.065105,0.065851,0.065851,0.065115,15830.0
1545894000,0.0658,0.066,0.0658,0.066,71531.0
1545897600,0.065948,0.066,0.066,0.065948,627.0
1545904800,0.066526,0.066526,0.066526,0.066526,556.0
1545908400,0.066072,0.066072,0.066072,0.066072,142.0
1545912000,0.0666,0.066924,0.0666,0.066669,17559.0
1545915600,0.06699,0.067025,0.067025,0.06699,4629.0
1545919200,0.066,0.066331,0.066159,0.06633,26029.0
1545922800,0.066,0.06671,0.06671,0.066,2089.0
1545930000,0.065784,0.065784,0.065784,0.065784,1000.0
1545933600,0.065783,0.065783,0.065783,0.065783,285.0
1545937200,0.062201,0.06558,0.06558,0.0625,54106.0
1545940800,0.061741,0.0624,0.0624,0.061741,45188.0
1545944400,0.063,0.063,0.063,0.063,1.0
1545948000,0.062273,0.063651,0.062273,0.063651,17013.0
1545951600,0.0633,0.0634,0.0634,0.0633,5786.0
1545955200,0.062509,0.062709,0.062709,0.062509,27481.0
1545958800,0.062402,0.062403,0.062403,0.062402,7149.0
1545962400,0.062739,0.062739,0.062739,0.062739,10000.0
1545966000,0.0625,0.0625,0.0625,0.0625,343.0
1545969600,0.0625,0.062601,0.0625,0.0625,22682.0
1545973200,0.0625,0.0628,0.0625,0.0625,17389.0
1545976800,0.062354,0.062354,0.062354,0.062354,58.0
1545980400,0.062355,0.06255,0.062355,0.06255,1866.0
1545984000,0.062535,0.06309,0.06309,0.062535,105.0
1545991200,0.063786,0.0642,0.063786,0.0642,20650.0
1545994800,0.0644,0.0644,0.0644,0.0644,50.0
1545998400,0.0646,0.064632,0.0646,0.064632,2236.0
1546009200,0.06464,0.06825,0.06464,0.06825,29338.0
1546012800,0.0684,0.0686,0.0684,0.0686,100.0
1546016400,0.0688,0.068843,0.0688,0.068843,14622.0
1546020000,0.0689,0.0692,0.0689,0.0692,9558.0
1546023600,0.069264,0.070399,0.069377,0.069264,10293.0
1546027200,0.069,0.06994,0.069,0.069025,1854.0
1546034400,0.0694,0.06945,0.0694,0.06945,8634.0
1546038000,0.068999,0.069493,0.068999,0.069493,9907.0
1546041600,0.069493,0.069493,0.069493,0.069493,3797.0
1546045200,0.069573,0.069573,0.069573,0.069573,462.0
1546048800,0.0695,0.069873,0.069873,0.0695,38524.0
1546052400,0.069526,0.069658,0.069526,0.069658,7360.0
1546056000,0.069187,0.070194,0.069187,0.070194,41795.0
1546059600,0.069346,0.071546,0.0704,0.071546,118594.0
1546063200,0.0716,0.0797,0.0716,0.078001,168248.0
1546066800,0.076275,0.07825,0.078,0.076275,96745.0
1546070400,0.075,0.076,0.076,0.075,1324.0
1546074000,0.07397,0.07397,0.07397,0.07397,1889.0
1546077600,0.072065,0.073024,0.073024,0.072065,1501.0
1546084800,0.073,0.074999,0.073,0.074,501.0
1546088400,0.072007,0.073,0.073,0.07267,15852.0
1546092000,0.072,0.07288,0.072,0.072816,1960.0
1546095600,0.071,0.071237,0.071,0.071237,2190.0
1546099200,0.0696,0.07111,0.07111,0.070009,36044.0
1546102800,0.070375,0.070375,0.070375,0.070375,293.0
1546106400,0.07038,0.07038,0.07038,0.07038,900.0
1546110000,0.07001,0.0702,0.0702,0.07001,2848.0
1546113600,0.070176,0.0709,0.070177,0.070176,106.0
1546117200,0.071,0.0722,0.071,0.0722,400.0
1546120800,0.0724,0.0728,0.0724,0.0728,150.0
1546124400,0.069,0.072801,0.072801,0.069,31483.0
1546128000,0.06828,0.069,0.069,0.06828,9672.0
1546131600,0.069016,0.069016,0.069016,0.069016,1556.0
1546135200,0.069004,0.0714,0.069004,0.0714,35588.0
1546138800,0.070601,0.073,0.0715,0.070601,2200.0
1546142400,0.071,0.074,0.071,0.072415,25508.0
1546146000,0.071844,0.072,0.072,0.071844,14114.0
1546153200,0.0706,0.072595,0.071,0.0706,43871.0
1546156800,0.0704,0.071112,0.0705,0.0704,6751.0
1546160400,0.07194,0.072,0.072,0.07194,7683.0
1546167600,0.07194,0.07194,0.07194,0.07194,300.0
1546171200,0.0702,0.070833,0.070833,0.0702,879.0
1546174800,0.0716,0.0716,0.0716,0.0716,19107.0
1546178400,0.071579,0.072,0.071579,0.071999,3606.0
1546182000,0.0715,0.0715,0.0715,0.0715,3000.0
1546185600,0.07158,0.071966,0.07158,0.071966,47439.0
1546189200,0.07004,0.07111,0.07111,0.07004,99735.0
1546192800,0.0685,0.0702,0.0702,0.0689,377328.0
1546196400,0.069377,0.069972,0.069972,0.069377,1523.0
1546203600,0.069999,0.070158,0.069999,0.070054,12719.0
1546210800,0.0695,0.070097,0.07005,0.0695,22373.0
1546214400,0.0702,0.070599,0.0702,0.070599,1689.0
1546218000,0.069102,0.06994,0.06994,0.0694,27887.0
1546221600,0.0682,0.0691,0.0691,0.0682,216.0
1546225200,0.0687,0.0688,0.0688,0.06875,8327.0
1546239600,0.068747,0.068747,0.068747,0.068747,200.0
1546243200,0.06835,0.068352,0.068352,0.06835,1222.0
1546246800,0.0678,0.068,0.068,0.0678,278.0
1546250400,0.0678,0.068987,0.0678,0.068987,892.0
1546254000,0.0668,0.068904,0.0676,0.068904,70653.0
1546257600,0.0664,0.0666,0.0666,0.0664,202.0
1546264800,0.068,0.068,0.068,0.068,1500.0
1546272000,0.067,0.067,0.067,0.067,241.0
1546275600,0.066635,0.066637,0.066637,0.066635,6526.0
1546279200,0.066245,0.066245,0.066245,0.066245,107.0
1546282800,0.064175,0.0662,0.0662,0.064175,95259.0
1546286400,0.06494,0.06494,0.06494,0.06494,1.0
1546290000,0.0646,0.06493,0.06493,0.0646,26.0
1546293600,0.06441,0.06477,0.06477,0.06441,32039.0
1546297200,0.064551,0.064551,0.064551,0.064551,10650.0
1546300800,0.06455,0.0649,0.064551,0.0649,8338.0
1546304400,0.0648,0.06495,0.06495,0.0648,3500.0
1546308000,0.06441,0.0645,0.0645,0.06441,113.0
1546311600,0.0636,0.064307,0.06421,0.0636,31241.0
1546315200,0.06397,0.064,0.06397,0.064,3482.0
1546318800,0.064858,0.065588,0.0651,0.064858,154.0
1546322400,0.0644,0.0644,0.0644,0.0644,50.0
1546326000,0.0646,0.0646,0.0646,0.0646,50.0
1546329600,0.0648,0.0648,0.0648,0.0648,1038.0
1546333200,0.064599,0.064601,0.064601,0.064599,122.0
1546336800,0.064599,0.064599,0.064599,0.064599,13076.0
1546344000,0.065,0.065,0.065,0.065,50.0
1546347600,0.0652,0.0656,0.0652,0.0656,152.0
1546351200,0.065289,0.065289,0.065289,0.065289,1.0
1546354800,0.06452,0.065289,0.065289,0.06452,1588.0
1546358400,0.06499,0.06499,0.06499,0.06499,2379.0
1546362000,0.064871,0.06512,0.06512,0.064871,308.0
1546365600,0.0645,0.065004,0.0645,0.065004,3825.0
1546369200,0.065289,0.065289,0.065289,0.065289,1.0
1546372800,0.0658,0.066995,0.0658,0.066995,4787.0
1546380000,0.066,0.066,0.066,0.066,51490.0
1546383600,0.065882,0.0679,0.065882,0.0679,400.0
1546394400,0.0668,0.06859,0.067246,0.0668,26766.0
1546398000,0.0675,0.0686,0.0686,0.0675,33.0
1546408800,0.066889,0.066889,0.066889,0.066889,1.0
1546412400,0.068,0.0698,0.068,0.0698,24224.0
1546416000,0.069,0.07,0.07,0.069,5120.0
1546423200,0.068185,0.068282,0.068282,0.068185,294.0
1546430400,0.06846,0.0702,0.06846,0.069933,45399.0
1546434000,0.06939,0.069933,0.069933,0.06939,166.0
1546437600,0.068796,0.069449,0.069449,0.068796,814.0
1546444800,0.069228,0.06999,0.069228,0.06999,2284.0
1546452000,0.068796,0.069,0.069,0.068796,450.0
1546455600,0.068745,0.068745,0.068745,0.068745,754.0
1546459200,0.069035,0.070597,0.069035,0.0696,98410.0
1546462800,0.069799,0.0698,0.069799,0.0698,25416.0
1546466400,0.07,0.07,0.07,0.07,6035.0
1546470000,0.070517,0.07057,0.070517,0.07057,15443.0
1546473600,0.0693,0.0695,0.0695,0.0693,33161.0
1546477200,0.06933,0.070571,0.06933,0.069466,482.0
1546480800,0.069001,0.069001,0.069001,0.069001,867.0
1546488000,0.069014,0.069586,0.069014,0.069586,6873.0
1546491600,0.069,0.069053,0.069053,0.069,10571.0
1546502400,0.068425,0.069,0.069,0.068445,2244.0
1546509600,0.0683,0.068371,0.068371,0.0683,242.0
1546513200,0.067605,0.068568,0.068568,0.067605,6291.0
1546516800,0.0676,0.0676,0.0676,0.0676,18.0
1546520400,0.068553,0.068553,0.068553,0.068553,709.0
1546524000,0.0676,0.068552,0.068552,0.0676,70399.0
1546531200,0.06675,0.0677,0.0677,0.06675,12925.0
1546534800,0.066601,0.066601,0.066601,0.066601,2.0
1546538400,0.0665,0.0665,0.0665,0.0665,140.0
1546545600,0.067,0.067676,0.067,0.067676,29677.0
1546552800,0.06699,0.06699,0.06699,0.06699,6.0
1546556400,0.067319,0.067319,0.067319,0.067319,427.0
1546560000,0.067,0.06777,0.067318,0.067344,2489.0
1546563600,0.067254,0.067254,0.067254,0.067254,2.0
1546570800,0.067,0.067,0.067,0.067,409.0
1546574400,0.0668,0.067001,0.067001,0.0668,10216.0
1546581600,0.066645,0.0667,0.0667,0.066645,16009.0
1546585200,0.066866,0.0675,0.066866,0.0675,4699.0
1546588800,0.067723,0.0696,0.067723,0.0696,65305.0
1546592400,0.068674,0.068771,0.068771,0.068674,3061.0
1546596000,0.0689,0.072,0.0689,0.072,50967.0
1546599600,0.0722,0.076061,0.0722,0.0745,40380.0
1546603200,0.070574,0.07419,0.07419,0.0713,16508.0
1546606800,0.0703,0.0712,0.0712,0.0703,10353.0
1546610400,0.0696,0.070601,0.0705,0.0696,21854.0
1546614000,0.0692,0.0695,0.0695,0.0694,955.0
1546617600,0.0691,0.07023,0.0691,0.07023,15992.0
1546621200,0.071,0.0725,0.071,0.072,99150.0
1546624800,0.072189,0.07219,0.072189,0.07219,13034.0
1546628400,0.071,0.0714,0.0714,0.071,1492.0
1546632000,0.0704,0.07052,0.07052,0.0704,121.0
1546635600,0.071661,0.0721,0.0721,0.071662,6700.0
1546639200,0.07124,0.071662,0.071662,0.07124,576.0
1546646400,0.0718,0.072663,0.072025,0.0718,40717.0
1546650000,0.0715,0.0717,0.0717,0.0715,1002.0
1546653600,0.0715,0.0715,0.0715,0.0715,7673.0
1546657200,0.071,0.0713,0.0713,0.071,3864.0
1546660800,0.070552,0.070552,0.070552,0.070552,70.0
1546664400,0.071,0.071,0.071,0.071,158.0
1546668000,0.071,0.07101,0.07101,0.071,1973.0
1546671600,0.071,0.071,0.071,0.071,150.0
1546678800,0.070526,0.070527,0.070526,0.070526,22885.0
1546682400,0.07049,0.070526,0.070526,0.07049,2176.0
1546686000,0.0704,0.070508,0.07049,0.070508,763.0
1546693200,0.070506,0.070506,0.070506,0.070506,1928.0
1546700400,0.0705,0.0708,0.0708,0.0705,16400.0
1546704000,0.070421,0.071045,0.071045,0.070421,623.0
1546707600,0.070004,0.070399,0.070399,0.070004,4263.0
1546711200,0.069985,0.070006,0.070006,0.06999,14489.0
1546714800,0.0704,0.0704,0.0704,0.0704,217.0
1546718400,0.0704,0.0706,0.0706,0.0704,2068.0
1546722000,0.0703,0.0703,0.0703,0.0703,916.0
1546725600,0.0694,0.0705,0.0705,0.0694,3403.0
1546729200,0.069321,0.069503,0.069503,0.069321,720.0
1546740000,0.0692,0.07,0.069526,0.07,852.0
1546743600,0.0695,0.0695,0.0695,0.0695,2415.0
1546747200,0.07,0.07,0.07,0.07,1614.0
1546750800,0.0694,0.0694,0.0694,0.0694,144.0
1546754400,0.069206,0.069266,0.069266,0.069206,96.0
1546758000,0.0692,0.069205,0.069205,0.0692,7689.0
1546761600,0.06936,0.06936,0.06936,0.06936,12091.0
1546765200,0.069301,0.06937,0.06937,0.069301,24769.0
1546776000,0.06961,0.06961,0.06961,0.06961,45.0
1546779600,0.069925,0.069925,0.069925,0.069925,1.0
1546783200,0.0693,0.06961,0.06961,0.0693,33487.0
1546790400,0.069665,0.0703,0.0697,0.07,23176.0
1546794000,0.071,0.072212,0.071,0.071861,81080.0
1546797600,0.07196,0.07196,0.07196,0.07196,21662.0
1546801200,0.072,0.072,0.072,0.072,8145.0
1546804800,0.071801,0.072,0.072,0.072,19336.0
1546808400,0.07179,0.0719,0.0719,0.07179,6280.0
1546812000,0.0715,0.0717,0.0717,0.0715,4.0
1546815600,0.0714,0.0719,0.0714,0.0715,141.0
1546819200,0.0716,0.072,0.0716,0.072,11830.0
1546822800,0.071892,0.072,0.072,0.071892,41511.0
1546830000,0.0714,0.0714,0.0714,0.0714,100.0
1546833600,0.0713,0.0713,0.0713,0.0713,101.0
1546840800,0.0715,0.0715,0.0715,0.0715,2.0
1546844400,0.071792,0.072,0.071792,0.072,29520.0
1546848000,0.072,0.072,0.072,0.072,35956.0
1546851600,0.070783,0.0712,0.0712,0.070783,12867.0
1546855200,0.07211,0.07211,0.07211,0.07211,255.0
1546866000,0.070805,0.071999,0.071999,0.070805,1335.0
1546869600,0.071809,0.071826,0.071809,0.071826,3600.0
1546876800,0.0705,0.0707,0.0705,0.0706,702.0
1546880400,0.070199,0.0705,0.0705,0.070199,509.0
1546884000,0.071,0.071,0.071,0.071,100.0
1546887600,0.07155,0.0716,0.0716,0.07155,80.0
1546891200,0.071,0.071,0.071,0.071,150.0
1546894800,0.070992,0.071,0.071,0.070992,16338.0
1546902000,0.071101,0.071714,0.0715,0.071714,37566.0
1546905600,0.071714,0.071916,0.071714,0.071803,43046.0
1546912800,0.070959,0.071402,0.071402,0.070959,28143.0
1546920000,0.070326,0.07034,0.07034,0.070326,13.0
1546923600,0.070539,0.070539,0.070539,0.070539,495.0
1546938000,0.07046,0.07046,0.07046,0.07046,3159.0
1546941600,0.070879,0.070879,0.070879,0.070879,50.0
1546952400,0.071872,0.072,0.071872,0.072,140.0
1546956000,0.072,0.072,0.072,0.072,2710.0
1546959600,0.072224,0.07375,0.072224,0.07375,29688.0
1546963200,0.072014,0.0726,0.0726,0.072117,64947.0
1546966800,0.072117,0.072117,0.072117,0.072117,8888.0
1546970400,0.072403,0.072762,0.072404,0.072403,22369.0
1546974000,0.072501,0.073483,0.072501,0.073126,41757.0
1546977600,0.071508,0.073,0.073,0.071509,13954.0
1546981200,0.071682,0.072269,0.072269,0.072068,41848.0
1546984800,0.072251,0.073342,0.073066,0.073342,11847.0
1546988400,0.072,0.072,0.072,0.072,2777.0
1546992000,0.071899,0.071899,0.071899,0.071899,458.0
1546995600,0.072107,0.073407,0.072107,0.072795,14468.0
1546999200,0.072786,0.073336,0.072787,0.073248,21548.0
1547002800,0.072883,0.07359,0.073248,0.073261,53066.0
1547006400,0.07265,0.074,0.073223,0.073,69602.0
1547010000,0.072711,0.073608,0.072919,0.072711,63922.0
1547013600,0.072851,0.074797,0.073841,0.072851,36184.0
1547017200,0.073233,0.073233,0.073233,0.073233,7192.0
1547020800,0.072742,0.073241,0.073163,0.07315,72248.0
1547024400,0.073236,0.073604,0.073603,0.073236,26317.0
1547028000,0.073776,0.074027,0.073776,0.074027,5815.0
1547031600,0.074263,0.074563,0.074563,0.074263,29470.0
1547035200,0.073511,0.074262,0.074262,0.073511,22826.0
1547042400,0.073,0.07301,0.07301,0.073,200.0
1547046000,0.073894,0.074798,0.073894,0.074563,38656.0
1547049600,0.0742,0.074544,0.0743,0.074544,3.0
1547053200,0.073581,0.074527,0.074527,0.074047,7775.0
1547056800,0.073774,0.073774,0.073774,0.073774,512.0
1547060400,0.074247,0.074254,0.074247,0.074254,2.0
1547064000,0.074213,0.0743,0.074277,0.074213,19002.0
1547067600,0.0735,0.0741,0.074,0.073878,6538.0
1547071200,0.073884,0.073987,0.073884,0.0739,73360.0
1547074800,0.073875,0.073875,0.073875,0.073875,5.0
1547078400,0.073444,0.073444,0.073444,0.073444,1.0
1547082000,0.073837,0.074432,0.073987,0.07407,7545.0
1547085600,0.073818,0.073989,0.073818,0.073989,202.0
1547092800,0.0739,0.0739,0.0739,0.0739,1211.0
1547096400,0.073952,0.073952,0.073952,0.073952,10323.0
1547100000,0.0678,0.073955,0.073637,0.0678,269834.0
1547103600,0.0672,0.070551,0.0677,0.067784,13419.0
1547107200,0.0675,0.0678,0.0678,0.0675,4461.0
1547110800,0.06625,0.0671,0.0671,0.06625,105557.0
1547114400,0.065,0.066999,0.0662,0.065882,2407.0
1547118000,0.065806,0.066902,0.065806,0.066199,17618.0
1547121600,0.066197,0.066399,0.066199,0.066209,8139.0
1547125200,0.065439,0.065984,0.065984,0.065573,10006.0
1547128800,0.065527,0.065569,0.065569,0.065527,3347.0
1547132400,0.065492,0.067658,0.065727,0.06633,4289.0
1547136000,0.062341,0.06632,0.06632,0.0628,176801.0
1547139600,0.06251,0.062899,0.062899,0.06251,4963.0
1547143200,0.062341,0.06297,0.062501,0.06297,10009.0
1547146800,0.062,0.063,0.0625,0.062772,6654.0
1547150400,0.063,0.063428,0.063,0.063428,1536.0
1547154000,0.0632,0.0632,0.0632,0.0632,150.0
1547157600,0.0628,0.0631,0.0631,0.0628,16732.0
1547161200,0.06329,0.06329,0.06329,0.06329,25.0
1547164800,0.063,0.0632,0.0632,0.063,2104.0
1547175600,0.063,0.063,0.063,0.063,5811.0
1547179200,0.0628,0.063,0.063,0.0628,10823.0
1547182800,0.0628,0.062911,0.0628,0.0628,30349.0
1547186400,0.063,0.064,0.063,0.06339,34485.0
1547190000,0.063001,0.063001,0.063001,0.063001,68.0
1547197200,0.0635,0.0635,0.0635,0.0635,536.0
1547200800,0.0631,0.0631,0.0631,0.0631,1680.0
1547208000,0.06438,0.06438,0.06438,0.06438,825.0
1547211600,0.0645,0.065,0.065,0.0645,22560.0
1547215200,0.064072,0.064072,0.064072,0.064072,300.0
1547218800,0.064071,0.0649,0.0649,0.064071,1638.0
1547222400,0.06407,0.064071,0.064071,0.06407,753.0
1547226000,0.0655,0.0655,0.0655,0.0655,1141.0
1547229600,0.064619,0.0654,0.0654,0.064619,3782.0
1547233200,0.064572,0.064985,0.064985,0.064572,1258.0
1547244000,0.064,0.064571,0.064571,0.064,792.0
1547247600,0.063083,0.0631,0.0631,0.063083,2556.0
