1543600800,78.0,80.29,79.58,78.0,238.62
1543604400,78.5,80.0,78.5,79.0,130.25
1543608000,78.05,79.0,78.7,78.97,53.15
1543611600,75.67,78.79,78.79,76.34,142.31
1543615200,75.53,76.88,76.0,76.88,93.98
1543618800,77.5,81.95,77.5,80.56,101.83
1543622400,78.86,81.24,80.01,79.3,68.54
1543626000,79.02,79.62,79.52,79.42,67.67
1543629600,79.07,79.33,79.24,79.2,25.01
1543633200,78.8,79.2,79.2,78.96,9.12
1543636800,78.0,78.7,78.7,78.05,14.48
1543640400,78.04,78.3,78.1,78.3,67.46
1543644000,77.0,79.2,78.3,77.0,25.81
1543647600,77.85,78.4,77.85,78.4,17.35
1543651200,78.41,80.71,78.41,79.51,130.16
1543654800,79.31,80.0,79.62,79.51,26.67
1543658400,79.67,82.18,79.77,81.54,88.01
1543662000,81.5,82.23,81.55,81.5,91.17
1543665600,81.42,81.99,81.86,81.42,20.78
1543669200,80.81,81.99,81.47,81.99,37.81
1543672800,81.08,82.17,81.08,81.6,30.98
1543676400,81.55,82.1,81.99,82.1,17.93
1543680000,82.19,84.73,82.19,83.0,127.97
1543683600,79.93,83.41,83.02,79.93,144.0
1543687200,81.24,83.74,81.24,81.26,588.04
1543690800,81.32,81.51,81.51,81.34,29.52
1543694400,79.52,81.53,81.52,80.01,65.57
1543698000,79.5,80.57,80.36,79.51,24.57
1543701600,79.61,79.99,79.99,79.66,32.4
1543705200,79.04,80.25,79.92,79.34,88.91
1543708800,79.49,79.74,79.67,79.59,5.59
1543712400,79.34,80.37,79.34,80.11,23.76
1543716000,80.28,80.93,80.35,80.55,12.56
1543719600,79.04,80.22,80.22,79.04,17.57
1543723200,79.43,79.43,79.43,79.43,1.26
1543726800,77.02,79.05,79.05,77.81,131.21
1543730400,77.03,78.25,78.0,78.25,51.06
1543734000,77.8,78.5,78.1,78.5,9.69
1543737600,77.93,78.06,77.93,77.95,7.17
1543741200,77.55,79.11,78.51,77.55,27.27
1543744800,76.12,77.5,77.5,76.12,17.49
1543748400,76.0,76.76,76.04,76.72,4.16
1543752000,76.41,76.57,76.56,76.41,16.1
1543755600,76.5,76.95,76.66,76.74,24.38
1543759200,76.79,77.18,76.95,76.95,18.26
1543762800,76.25,77.0,77.0,76.25,17.87
1543766400,76.98,77.49,77.26,77.43,60.39
1543770000,77.0,77.5,77.26,77.5,3.79
1543773600,77.5,78.9,77.5,78.9,38.94
1543777200,78.51,80.0,79.45,78.51,39.12
1543780800,78.53,79.79,79.29,79.41,10.35
1543784400,78.91,79.74,79.53,79.19,21.17
1543788000,78.5,78.79,78.79,78.5,1.25
1543791600,77.52,78.49,78.49,77.65,2.83
1543795200,77.5,78.28,78.27,77.92,40.06
1543798800,77.5,78.47,77.5,77.84,2.72
1543802400,74.65,77.82,77.82,75.65,278.35
1543806000,75.64,76.5,75.64,76.5,22.43
1543809600,76.04,76.44,76.44,76.39,19.01
1543813200,76.49,76.5,76.49,76.5,6.51
1543816800,76.24,76.99,76.5,76.24,39.66
1543824000,75.5,76.0,76.0,75.95,3.1
1543827600,75.93,76.31,75.93,76.31,1.22
1543831200,75.9,75.98,75.98,75.9,26.76
1543834800,75.03,75.56,75.5,75.03,17.69
1543838400,75.07,75.55,75.15,75.55,80.64
1543842000,74.31,75.26,75.26,74.44,36.42
1543845600,73.5,74.68,74.49,73.5,113.19
1543849200,68.68,73.25,73.25,69.31,171.3
1543852800,68.0,68.93,68.93,68.83,58.15
1543856400,68.82,69.5,68.82,69.43,22.63
1543860000,69.52,69.9,69.84,69.52,2.99
1543863600,69.36,69.76,69.36,69.76,36.34
1543867200,69.37,69.75,69.51,69.65,32.3
1543870800,70.18,71.47,70.18,71.47,17.39
1543874400,69.98,71.44,71.44,70.03,94.0
1543878000,70.25,70.37,70.28,70.25,5.71
1543881600,69.98,70.8,70.0,70.56,16.8
1543885200,71.21,71.22,71.21,71.22,0.906
1543888800,70.1,71.06,71.06,70.1,0.756
1543892400,69.0,70.14,70.14,69.78,36.6
1543896000,69.26,69.45,69.45,69.26,2.04
1543899600,69.26,69.65,69.52,69.27,11.73
1543903200,68.7,73.5,69.26,73.5,27.63
1543906800,73.75,73.75,73.75,73.75,0.608
1543914000,73.16,73.4,73.31,73.4,2.88
1543917600,73.57,74.05,73.74,73.85,24.82
1543921200,74.1,74.1,74.1,74.1,1.0
1543924800,75.55,75.55,75.55,75.55,1.62
1543928400,75.21,76.27,75.7,76.18,34.42
1543932000,76.25,77.11,76.25,76.77,161.18
1543935600,75.5,77.72,76.94,75.5,79.54
1543939200,74.14,75.18,75.18,74.87,26.27
1543942800,73.46,74.84,74.84,74.17,27.27
1543946400,73.8,74.41,74.15,74.41,10.08
1543950000,73.59,74.14,74.1,73.59,33.65
1543953600,71.99,73.02,73.0,72.01,69.77
1543957200,72.4,74.0,72.44,74.0,7.02
1543960800,73.39,73.93,73.93,73.39,11.61
1543968000,73.45,73.78,73.78,73.71,0.109
1543971600,72.66,73.53,73.3,72.66,4.5
1543975200,70.99,72.65,72.65,71.79,53.67
1543978800,71.76,73.67,71.76,72.64,20.97
1543982400,71.36,72.26,72.01,71.6,51.57
1543986000,71.38,71.62,71.38,71.57,25.91
1543989600,71.42,71.48,71.42,71.42,9.34
1543993200,70.5,71.44,71.44,70.5,20.8
1543996800,70.26,70.26,70.26,70.26,5.21
1544000400,70.45,71.42,70.47,71.42,50.61
1544004000,70.2,72.0,71.99,70.21,15.8
1544007600,70.28,70.49,70.49,70.49,3.18
1544011200,71.0,71.19,71.18,71.0,5.3
1544014800,71.4,71.69,71.4,71.54,12.28
1544018400,70.5,70.93,70.93,70.63,5.97
1544022000,70.21,70.57,70.57,70.33,7.22
1544025600,69.24,70.77,70.28,69.36,98.89
1544029200,68.69,69.88,68.82,69.65,22.76
1544032800,66.67,73.38,69.87,67.2,869.77
1544036400,65.1,68.19,67.2,65.1,786.56
1544040000,64.23,66.47,65.12,65.32,1088.51
1544043600,64.99,66.27,65.46,65.31,753.27
1544047200,64.53,65.86,65.3,65.86,853.73
1544050800,65.28,66.26,65.89,65.34,408.74
1544054400,65.0,65.98,65.34,65.81,475.45
1544058000,65.2,66.36,65.73,66.31,676.05
1544061600,64.62,66.49,66.31,64.62,464.62
1544065200,64.39,65.79,64.39,65.2,387.02
1544068800,64.29,65.54,65.2,64.54,307.9
1544072400,63.46,67.66,64.34,66.85,715.04
1544076000,66.28,66.99,66.86,66.56,386.39
1544079600,66.36,66.7,66.36,66.7,134.32
1544083200,66.9,67.7,66.9,67.62,146.89
1544086800,67.15,67.6,67.51,67.29,141.79
1544090400,65.59,67.27,67.27,65.63,109.19
1544094000,64.61,65.68,65.68,64.95,290.68
1544097600,64.01,65.72,65.07,64.21,199.27
1544101200,62.47,64.29,64.29,62.62,263.12
1544104800,60.02,63.12,62.82,62.08,1420.18
1544108400,60.08,62.33,62.06,61.08,789.48
1544112000,60.15,62.47,61.08,61.98,1072.57
1544115600,60.43,61.81,61.49,61.67,356.93
1544119200,60.28,62.18,61.7,61.8,414.81
1544122800,61.53,62.68,61.9,62.29,214.98
1544126400,61.22,62.4,62.4,61.73,323.01
1544130000,60.31,61.89,61.75,60.31,411.55
1544133600,59.38,60.83,60.49,59.69,325.1
1544137200,56.66,60.49,59.68,57.0,320.07
1544140800,54.53,57.91,57.45,54.53,400.44
1544144400,52.85,55.51,54.53,54.04,792.12
1544148000,52.44,55.37,53.91,53.57,645.7
1544151600,52.45,53.63,53.5,53.11,386.52
1544155200,52.84,53.73,53.25,53.45,504.26
1544158800,53.15,55.35,53.4,54.76,404.26
1544162400,53.19,54.77,54.77,53.52,258.98
1544166000,53.36,55.49,53.4,53.58,786.42
1544169600,52.71,54.41,53.38,52.71,281.62
1544173200,52.51,53.22,53.06,53.06,216.94
1544176800,52.79,53.71,52.86,53.04,284.41
1544180400,51.61,53.78,52.86,52.42,275.62
1544184000,51.56,53.32,52.42,52.3,558.67
1544187600,51.86,53.35,52.26,52.99,448.31
1544191200,52.05,53.77,52.99,53.29,435.92
1544194800,51.45,53.39,53.28,51.69,486.75
1544198400,49.41,52.19,51.7,50.52,664.35
1544202000,50.15,51.98,50.48,51.39,640.79
1544205600,50.94,51.99,51.4,51.26,410.29
1544209200,51.47,57.87,51.47,57.34,845.38
1544212800,53.67,57.29,56.86,53.83,417.82
1544216400,53.39,55.95,54.08,55.43,289.1
1544220000,55.36,56.6,55.74,56.38,288.03
1544223600,56.12,58.83,56.58,58.59,407.15
1544227200,58.34,61.0,58.96,61.0,380.16
1544230800,59.06,61.51,61.0,59.26,373.45
1544234400,57.63,59.83,59.79,59.15,214.28
1544238000,59.21,61.67,59.36,59.48,316.99
1544241600,58.51,60.36,59.34,58.51,171.74
1544245200,57.24,59.64,58.26,57.34,244.27
1544248800,57.06,58.92,57.53,57.11,203.28
1544252400,57.01,59.7,57.12,58.72,263.44
1544256000,56.8,58.99,58.99,57.26,205.23
1544259600,56.89,57.72,57.2,57.72,93.39
1544263200,56.6,57.75,57.56,56.83,145.72
1544266800,56.87,58.0,56.87,57.99,66.47
1544270400,56.33,57.86,57.86,56.5,115.51
1544274000,55.83,56.78,56.53,56.07,128.75
1544277600,55.28,56.44,56.05,56.11,243.38
1544281200,55.49,57.18,56.01,56.63,251.63
1544284800,56.35,57.42,56.69,56.36,186.46
1544288400,55.81,57.77,56.36,56.65,147.0
1544292000,56.0,57.48,56.6,56.41,300.7
1544295600,55.03,56.75,56.56,55.5,285.84
1544299200,54.4,56.52,55.47,54.64,190.09
1544302800,52.53,55.05,54.57,53.95,285.9
1544306400,52.86,56.49,54.03,56.47,479.84
1544310000,56.09,57.08,56.86,56.09,161.62
1544313600,55.78,57.46,56.04,56.55,144.86
1544317200,56.6,57.45,57.15,56.82,160.77
1544320800,56.9,57.47,57.0,57.2,136.25
1544324400,55.35,57.24,57.15,56.57,174.74
1544328000,56.38,57.19,56.66,56.42,149.14
1544331600,56.13,58.08,56.35,56.51,605.66
1544335200,56.46,58.26,56.51,58.17,367.36
1544338800,56.96,58.37,58.37,56.96,41.38
1544342400,56.75,57.23,56.84,56.9,49.39
1544346000,57.18,57.65,57.28,57.18,21.21
1544349600,56.74,57.63,57.25,57.57,103.23
1544353200,57.15,58.46,57.61,58.01,28.14
1544356800,58.15,58.99,58.15,58.95,131.63
1544360400,58.68,59.77,58.79,59.41,198.09
1544364000,59.7,60.54,59.74,59.89,185.03
1544367600,58.93,60.63,60.22,60.55,164.43
1544371200,59.8,61.19,60.48,61.19,289.41
1544374800,60.28,62.34,60.96,60.36,939.83
1544378400,60.25,60.93,60.4,60.54,271.96
1544382000,59.91,60.81,60.7,60.39,374.77
1544385600,60.16,60.62,60.4,60.6,249.07
1544389200,59.16,60.65,60.33,59.41,787.37
1544392800,58.99,59.8,59.1,59.52,118.21
1544396400,59.01,59.71,59.01,59.71,136.51
1544400000,59.6,60.37,59.6,60.1,73.74
1544403600,60.03,60.59,60.13,60.12,143.14
1544407200,58.92,60.14,60.03,59.58,65.29
1544410800,58.72,59.45,59.45,58.84,217.13
1544414400,58.52,59.0,59.0,58.79,118.75
1544418000,58.3,58.8,58.79,58.3,102.55
1544421600,56.86,58.42,58.42,57.85,127.4
1544425200,57.41,58.01,57.67,57.82,44.16
1544428800,56.55,57.62,57.62,56.55,65.8
1544432400,55.6,56.66,56.55,56.66,55.22
1544436000,56.5,56.73,56.66,56.73,31.03
1544439600,56.59,57.1,56.7,56.78,62.64
1544443200,56.24,56.78,56.78,56.24,200.27
1544446800,56.37,56.66,56.47,56.58,94.31
1544450400,56.1,56.58,56.58,56.22,158.0
1544454000,54.65,56.1,56.1,55.01,226.4
1544457600,54.68,56.66,54.98,56.29,263.19
1544461200,54.42,56.14,56.14,55.13,180.14
1544464800,55.1,56.18,55.2,55.41,409.46
1544468400,54.01,55.42,55.15,54.6,498.43
1544472000,54.37,55.5,54.61,55.5,217.01
1544475600,55.0,56.57,55.5,56.15,799.57
1544479200,54.84,56.79,56.14,55.36,558.51
1544482800,55.0,55.36,55.36,55.12,250.62
1544486400,54.61,55.24,55.17,55.04,156.99
1544490000,54.55,55.0,54.83,54.81,125.79
1544493600,54.58,55.11,54.78,55.01,35.1
1544497200,54.52,55.09,54.99,54.91,66.19
1544500800,54.82,55.42,54.91,55.22,80.39
1544504400,55.08,55.4,55.17,55.25,105.76
1544508000,54.87,55.68,55.24,55.35,220.69
1544511600,54.81,55.33,55.33,55.17,50.62
1544515200,55.0,55.42,55.14,55.18,42.96
1544518800,54.94,55.54,55.1,55.01,41.07
1544522400,52.59,55.23,55.15,52.64,211.3
1544526000,52.42,55.13,52.55,53.47,330.17
1544529600,52.42,53.39,53.22,52.82,218.58
1544533200,52.58,53.34,52.58,53.12,74.69
1544536800,52.28,53.27,53.27,52.57,176.98
1544540400,52.42,53.19,52.56,52.42,249.72
1544544000,52.0,53.18,52.42,52.87,244.18
1544547600,52.42,53.55,52.55,53.16,221.87
1544551200,52.72,53.24,53.16,52.83,132.18
1544554800,52.31,52.93,52.66,52.89,43.25
1544558400,52.57,53.98,52.75,53.98,288.33
1544562000,52.91,54.48,52.98,53.32,861.04
1544565600,53.09,53.4,53.37,53.23,52.28
1544569200,52.85,53.53,53.25,52.96,104.31
1544572800,52.51,52.96,52.95,52.94,197.93
1544576400,52.57,52.95,52.67,52.95,85.19
1544580000,52.75,52.96,52.91,52.81,94.08
1544583600,52.78,52.99,52.95,52.96,168.08
1544587200,52.81,53.14,52.95,53.14,181.06
1544590800,52.99,53.5,53.1,53.5,172.31
1544594400,53.21,53.88,53.5,53.48,76.56
1544598000,53.58,54.04,53.65,53.85,31.93
1544601600,53.61,53.99,53.73,53.91,65.94
1544605200,53.85,54.43,53.85,54.4,29.33
1544608800,54.46,55.72,54.46,55.7,269.63
1544612400,54.93,56.79,55.6,55.33,856.44
1544616000,54.41,55.98,55.21,54.93,231.8
1544619600,54.61,54.96,54.87,54.87,89.25
1544623200,54.77,56.28,54.86,55.37,161.53
1544626800,54.78,56.61,55.08,56.06,192.98
1544630400,55.61,57.31,56.21,55.78,868.55
1544634000,55.07,55.69,55.69,55.58,175.07
1544637600,55.23,56.67,55.41,56.62,274.17
1544641200,55.97,56.56,56.44,55.97,349.44
1544644800,55.2,55.96,55.92,55.34,91.19
1544648400,54.81,55.58,55.2,55.11,176.77
1544652000,54.1,55.09,55.09,54.29,118.06
1544655600,54.05,54.41,54.29,54.41,31.27
1544659200,53.86,54.48,54.41,54.06,174.68
1544662800,53.39,54.11,53.96,53.39,187.76
1544666400,53.32,53.59,53.32,53.46,104.67
1544670000,53.34,53.58,53.45,53.34,93.78
1544673600,53.1,53.53,53.52,53.12,129.34
1544677200,52.68,54.47,53.17,52.82,588.55
1544680800,52.53,53.0,52.9,52.59,87.15
1544684400,52.27,52.59,52.58,52.57,125.99
1544688000,52.24,52.63,52.58,52.63,100.53
1544691600,52.91,54.52,52.96,52.91,455.95
1544695200,52.7,53.1,52.8,52.97,46.49
1544698800,52.22,53.29,52.97,52.58,69.36
1544702400,52.12,53.54,52.63,53.29,291.49
1544706000,53.11,53.39,53.35,53.24,118.77
1544709600,52.98,53.25,53.25,53.06,64.57
1544713200,52.82,53.33,53.0,53.3,98.62
1544716800,52.95,54.13,53.32,52.95,157.69
1544720400,52.83,53.32,53.27,53.18,110.67
1544724000,53.13,53.54,53.3,53.54,104.66
1544727600,51.51,53.48,53.35,51.68,713.05
1544731200,49.72,51.83,51.62,50.44,965.3
1544734800,50.17,51.67,50.41,50.82,1398.75
1544738400,50.49,51.09,50.79,50.88,212.75
1544742000,50.75,51.27,51.07,50.98,91.36
1544745600,49.8,51.29,50.99,50.91,615.51
1544749200,51.03,51.68,51.03,51.45,1539.17
1544752800,50.76,51.49,51.45,50.87,132.31
1544756400,50.44,51.05,50.83,50.85,123.76
1544760000,50.88,51.16,50.89,50.88,53.75
1544763600,50.7,51.09,51.07,50.85,64.53
1544767200,50.46,51.01,50.94,50.68,62.54
1544770800,50.27,50.6,50.59,50.43,83.9
1544774400,50.28,50.87,50.54,50.45,47.36
1544778000,50.08,50.45,50.44,50.14,71.96
1544781600,50.06,50.32,50.12,50.3,44.33
1544785200,50.06,50.33,50.3,50.08,62.44
1544788800,49.89,50.26,50.01,50.1,222.74
1544792400,49.63,50.1,50.02,49.9,222.52
1544796000,49.61,50.4,49.82,50.18,188.41
1544799600,49.6,50.25,50.12,49.7,195.47
1544803200,48.38,50.08,49.94,48.71,454.63
1544806800,48.29,49.0,48.67,48.4,355.96
1544810400,48.49,48.92,48.57,48.92,204.21
1544814000,48.41,48.81,48.77,48.74,190.06
1544817600,48.13,48.84,48.58,48.46,1212.96
1544821200,46.87,48.6,48.43,47.94,782.85
1544824800,47.97,49.19,47.97,48.89,338.38
1544828400,48.48,48.89,48.69,48.7,238.34
1544832000,48.4,49.11,48.68,48.89,185.61
1544835600,48.59,49.01,48.9,48.71,143.96
1544839200,48.76,49.43,48.82,49.02,207.54
1544842800,49.02,50.1,49.02,49.95,133.95
1544846400,49.43,50.09,49.96,50.09,96.68
1544850000,49.34,50.09,50.09,49.42,219.59
1544853600,49.45,50.5,49.51,50.04,338.88
1544857200,48.67,50.14,50.14,48.71,99.91
1544860800,48.64,48.97,48.71,48.92,82.29
1544864400,48.08,49.6,48.94,48.26,170.08
1544868000,47.92,48.34,48.23,48.1,31.15
1544871600,47.98,48.58,48.05,48.46,59.38
1544875200,48.2,48.67,48.44,48.42,104.7
1544878800,47.72,48.99,48.37,48.11,103.24
1544882400,47.8,48.71,48.14,48.22,211.88
1544886000,47.75,48.94,48.22,47.96,94.44
1544889600,47.89,48.89,48.0,48.69,481.28
1544893200,48.39,48.99,48.73,48.92,204.18
1544896800,48.54,48.9,48.81,48.65,189.25
1544900400,48.63,49.34,48.71,49.21,298.68
1544904000,48.95,50.49,49.23,49.69,284.57
1544907600,49.25,50.43,49.63,50.05,245.71
1544911200,49.26,50.25,49.99,49.42,235.1
1544914800,49.0,49.4,49.25,49.18,168.91
1544918400,48.83,49.27,49.2,49.03,157.96
1544922000,48.99,49.51,48.99,49.16,62.43
1544925600,49.17,51.1,49.17,50.34,209.81
1544929200,50.34,51.2,50.34,50.98,194.74
1544932800,50.57,51.2,50.76,50.62,112.43
1544936400,50.08,50.75,50.62,50.75,157.16
1544940000,50.77,51.87,50.77,51.87,135.6
1544943600,50.55,51.93,51.83,51.45,92.28
1544947200,50.92,52.0,51.63,51.39,149.82
1544950800,51.24,52.41,51.25,52.16,207.44
1544954400,51.85,52.57,52.19,51.92,101.6
1544958000,51.49,52.52,51.93,52.3,312.67
1544961600,51.23,52.37,52.14,51.45,172.01
1544965200,51.11,51.52,51.33,51.45,137.38
1544968800,50.33,51.64,51.41,50.57,345.33
1544972400,50.3,51.04,50.64,50.62,116.36
1544976000,50.45,50.91,50.78,50.85,231.41
1544979600,50.76,51.09,50.88,50.92,94.4
1544983200,50.48,51.27,50.81,50.55,198.67
1544986800,50.25,51.83,50.39,51.27,287.66
1544990400,51.11,51.57,51.27,51.12,288.3
1544994000,50.0,51.13,51.12,50.0,177.59
1544997600,49.52,50.27,50.18,50.22,259.79
1545001200,50.19,51.03,50.29,50.41,273.79
1545004800,50.18,50.69,50.42,50.49,147.24
1545008400,50.64,52.01,50.78,51.2,118.76
1545012000,50.79,51.41,51.22,50.89,155.19
1545015600,50.65,50.98,50.89,50.65,127.11
1545019200,50.58,51.13,50.7,50.98,223.21
1545022800,50.71,51.0,50.85,50.82,81.61
1545026400,50.73,51.21,50.73,50.78,84.97
1545030000,50.77,51.74,50.77,51.74,106.41
1545033600,51.17,52.25,51.74,51.17,75.69
1545037200,51.47,52.12,51.47,52.06,68.76
1545040800,51.49,51.96,51.96,51.49,73.17
1545044400,51.57,52.43,51.57,52.08,27.14
1545048000,52.03,54.93,52.19,54.29,249.54
1545051600,53.82,55.21,54.36,54.6,591.7
1545055200,54.19,55.21,54.5,54.45,739.22
1545058800,53.91,54.61,54.26,54.31,318.33
1545062400,54.31,55.07,54.57,54.59,492.05
1545066000,54.4,55.29,54.59,55.22,322.86
1545069600,55.29,57.96,55.3,56.78,647.31
1545073200,55.81,57.21,56.78,56.58,722.1
1545076800,56.38,57.02,56.54,56.7,682.14
1545080400,55.28,56.68,56.66,55.88,431.21
1545084000,55.18,56.15,56.0,55.53,229.13
1545087600,55.53,56.02,55.53,55.78,176.53
1545091200,55.49,56.4,55.88,55.5,159.71
1545094800,54.3,55.76,55.49,55.22,508.22
1545098400,54.72,55.58,55.23,55.1,317.66
1545102000,55.02,55.97,55.02,55.93,428.02
1545105600,55.23,56.2,55.93,55.66,330.63
1545109200,54.5,55.67,55.59,54.5,222.02
1545112800,54.52,54.91,54.53,54.85,91.12
1545116400,54.67,55.06,54.8,54.67,80.9
1545120000,53.14,54.77,54.74,53.57,241.41
1545123600,53.36,53.85,53.68,53.65,66.67
1545127200,53.45,54.22,53.68,54.17,105.44
1545130800,53.61,55.51,54.17,54.16,144.04
1545134400,53.98,54.4,54.33,54.18,112.59
1545138000,54.17,55.61,54.21,55.18,366.55
1545141600,54.77,56.14,55.16,55.55,880.1
1545145200,54.9,56.07,55.74,55.15,216.11
1545148800,55.06,55.59,55.23,55.42,153.74
1545152400,54.81,55.6,55.59,55.53,346.21
1545156000,54.86,55.83,55.59,55.29,296.43
1545159600,54.5,55.32,54.98,55.25,217.75
1545163200,54.6,55.54,55.19,54.72,202.43
1545166800,54.73,55.3,54.73,55.02,116.86
1545170400,55.02,56.04,55.17,55.95,135.79
1545174000,55.95,58.52,55.95,58.09,692.86
1545177600,56.35,58.22,58.12,57.8,307.69
1545181200,57.52,58.99,57.8,58.69,413.97
1545184800,58.08,59.99,58.69,59.28,392.51
1545188400,58.63,59.73,59.2,59.36,546.44
1545192000,57.44,59.67,58.96,58.01,723.18
1545195600,57.88,58.73,58.05,58.13,240.1
1545199200,58.24,58.92,58.24,58.92,166.67
1545202800,57.49,58.92,58.75,58.32,608.0
1545206400,57.28,59.84,58.4,59.47,160.49
1545210000,58.58,60.0,59.82,59.0,287.01
1545213600,58.38,60.19,58.81,59.66,155.65
1545217200,59.1,60.07,59.65,59.35,412.63
1545220800,59.21,60.12,59.47,59.76,309.84
1545224400,59.42,61.85,59.77,60.0,1238.35
1545228000,57.66,60.24,60.01,58.18,1014.45
1545231600,57.81,59.65,58.17,58.32,284.49
1545235200,58.1,58.99,58.3,58.99,493.17
1545238800,58.2,59.98,59.05,59.49,315.1
1545242400,58.27,60.0,59.55,59.98,241.63
1545246000,57.82,59.87,59.53,57.94,422.49
1545249600,56.43,57.98,57.98,56.67,882.71
1545253200,55.25,56.98,56.66,55.25,443.59
1545256800,55.29,56.69,55.73,56.64,708.79
1545260400,56.11,56.87,56.66,56.39,164.64
1545264000,55.43,56.46,56.37,56.22,143.26
1545267600,56.14,57.11,56.44,56.39,377.43
1545271200,56.33,57.01,56.4,56.62,129.04
1545274800,56.12,57.52,56.62,57.19,85.45
1545278400,56.5,57.08,56.93,56.94,110.72
1545282000,55.98,56.91,56.91,56.55,186.11
1545285600,55.83,56.87,56.17,56.77,45.95
1545289200,56.48,57.33,56.72,57.26,81.76
1545292800,57.07,62.0,57.11,61.1,701.01
1545296400,60.94,62.88,61.01,62.85,398.01
1545300000,61.21,63.11,62.87,62.1,360.68
1545303600,61.47,63.11,62.29,62.41,435.85
1545307200,61.38,62.78,61.59,62.31,347.45
1545310800,60.25,62.83,62.49,61.61,401.75
1545314400,60.79,62.32,61.21,61.81,575.46
1545318000,60.77,62.81,62.44,61.17,955.66
1545321600,60.25,63.73,61.04,63.33,1211.7
1545325200,61.86,64.31,63.49,62.75,839.92
1545328800,62.28,63.3,62.87,62.81,509.06
1545332400,62.66,63.58,62.98,63.43,317.09
1545336000,59.7,63.52,63.52,60.32,365.31
1545339600,60.38,62.06,60.51,62.06,752.07
1545343200,62.06,63.57,62.06,63.36,352.24
1545346800,63.02,65.0,63.69,65.0,535.38
1545350400,62.59,65.0,65.0,63.72,424.28
1545354000,63.12,66.0,63.71,65.85,656.47
1545357600,62.62,66.24,65.88,63.76,1027.25
1545361200,61.42,63.74,63.74,62.4,376.34
1545364800,61.6,62.53,62.35,62.08,473.78
1545368400,60.26,63.12,62.07,61.03,234.34
1545372000,60.92,63.12,61.7,61.9,146.65
1545375600,61.69,62.98,62.08,62.45,324.33
1545379200,61.67,63.5,62.45,62.43,525.74
1545382800,61.08,62.63,62.15,61.08,266.81
1545386400,60.72,61.83,61.12,61.75,181.52
1545390000,61.73,64.09,62.09,63.27,151.23
1545393600,62.58,65.52,63.42,64.25,328.88
1545397200,64.05,65.42,64.55,64.62,447.87
1545400800,63.86,65.56,65.2,64.72,435.05
1545404400,62.39,64.7,64.7,62.73,556.42
1545408000,60.43,63.39,62.48,60.75,282.45
1545411600,60.45,61.82,60.7,60.57,346.52
1545415200,60.06,61.79,60.52,61.32,149.3
1545418800,59.55,61.95,61.33,59.61,258.59
1545422400,59.02,60.35,59.86,59.4,328.13
1545426000,58.98,61.35,59.17,61.12,272.78
1545429600,59.97,61.2,61.17,60.43,81.48
1545433200,60.09,61.12,60.32,60.89,150.63
1545436800,60.5,61.31,60.84,60.84,194.6
1545440400,59.6,61.06,61.06,59.91,95.86
1545444000,59.53,61.11,59.76,60.85,239.48
1545447600,60.01,61.6,61.12,60.1,132.95
1545451200,59.45,61.04,60.11,60.01,193.35
1545454800,59.78,61.26,59.81,60.36,273.76
1545458400,59.84,61.12,60.68,60.21,47.0
1545462000,59.61,61.01,60.04,60.19,240.87
1545465600,60.17,61.6,60.19,60.28,164.95
1545469200,60.28,62.52,60.28,62.13,193.9
1545472800,61.2,62.48,62.18,61.25,86.45
1545476400,60.66,61.93,61.27,61.23,151.42
1545480000,60.3,61.38,61.24,60.31,112.47
1545483600,60.05,61.33,60.3,61.14,129.71
1545487200,59.82,61.21,60.44,60.9,110.12
1545490800,60.35,61.59,60.73,60.86,400.37
1545494400,60.26,61.89,60.89,61.16,173.24
1545498000,60.41,61.56,61.28,60.74,178.83
1545501600,61.09,61.94,61.36,61.48,157.72
1545505200,61.0,62.29,61.87,62.0,193.54
1545508800,60.9,62.42,62.01,60.95,213.85
1545512400,60.99,61.91,60.99,61.18,236.57
1545516000,60.28,61.72,60.89,61.18,129.05
1545519600,61.09,63.23,61.1,63.0,210.18
1545523200,62.55,64.49,62.98,63.2,439.52
1545526800,63.37,64.99,63.38,64.29,500.3
1545530400,63.58,64.99,64.13,63.85,520.55
1545534000,63.62,65.24,63.97,65.23,279.99
1545537600,64.55,65.98,65.25,65.18,866.43
1545541200,64.79,65.79,65.19,65.58,179.71
1545544800,65.08,66.44,65.63,65.26,359.3
1545548400,63.94,66.43,65.97,64.78,173.06
1545552000,63.72,64.86,64.54,63.93,202.84
1545555600,63.96,64.8,63.99,64.41,111.73
1545559200,64.63,66.85,64.73,66.05,403.29
1545562800,65.69,66.78,65.96,65.82,161.63
1545566400,64.82,66.79,66.07,65.31,163.46
1545570000,64.84,66.45,65.22,65.16,228.46
1545573600,63.93,65.38,65.05,63.93,221.7
1545577200,63.16,64.79,64.13,63.46,274.91
1545580800,63.34,65.86,63.6,64.81,324.94
1545584400,63.82,64.75,64.24,64.32,128.39
1545588000,64.2,65.65,64.32,65.62,297.43
1545591600,64.48,65.82,65.18,64.64,318.26
1545595200,64.18,65.57,64.64,64.89,225.21
1545598800,64.63,65.91,64.89,65.37,436.86
1545602400,63.84,65.94,65.01,64.42,551.92
1545606000,64.03,64.76,64.74,64.69,153.58
1545609600,64.52,69.49,64.67,67.44,824.26
1545613200,67.23,69.37,67.9,69.06,464.97
1545616800,67.98,69.34,68.94,68.17,362.62
1545620400,68.15,69.03,68.45,68.63,238.96
1545624000,67.75,68.88,68.62,68.82,364.91
1545627600,68.2,69.66,68.6,69.65,745.38
1545631200,68.71,70.0,69.39,69.39,566.9
1545634800,68.62,69.75,69.54,69.75,412.7
1545638400,69.7,70.68,69.7,70.52,703.7
1545642000,70.12,71.4,70.52,71.29,312.18
1545645600,67.52,71.3,71.3,67.98,361.69
1545649200,67.57,69.17,67.8,68.37,360.61
1545652800,67.75,68.88,68.88,68.51,64.45
1545656400,68.33,69.84,68.46,69.51,211.05
1545660000,68.59,71.0,69.49,69.93,1484.75
1545663600,68.16,71.9,71.08,68.38,923.27
1545667200,67.76,69.23,68.38,69.07,581.62
1545670800,68.43,69.98,68.98,69.47,243.6
1545674400,67.3,69.25,68.89,67.79,479.32
1545678000,65.56,67.55,67.55,67.0,914.55
1545681600,66.34,68.19,67.26,67.0,168.16
1545685200,66.55,68.05,66.81,67.7,216.52
1545688800,67.12,68.36,67.93,67.75,498.15
1545692400,67.11,69.0,67.73,67.85,408.89
1545696000,61.0,68.39,67.78,61.05,610.06
1545699600,61.01,61.88,61.25,61.77,776.15
