1542883500,5.56,5.59,5.57,5.59,835.81
1542884400,5.58,5.58,5.58,5.58,132.44
1542885300,5.55,5.6,5.59,5.55,1068.1
1542886200,5.55,5.61,5.57,5.61,300.3
1542887100,5.59,5.64,5.6,5.61,3712.63
1542888000,5.59,5.61,5.6,5.59,601.89
1542888900,5.59,5.61,5.6,5.61,128.77
1542889800,5.58,5.6,5.59,5.58,989.37
1542890700,5.54,5.58,5.57,5.55,1447.36
1542891600,5.5,5.56,5.56,5.52,2373.53
1542892500,5.51,5.55,5.52,5.55,467.77
1542893400,5.53,5.58,5.54,5.56,422.73
1542894300,5.54,5.58,5.57,5.55,1954.7
1542895200,5.54,5.55,5.55,5.55,261.53
1542896100,5.55,5.59,5.55,5.59,468.26
1542897000,5.58,5.6,5.59,5.6,620.6
1542897900,5.59,5.6,5.59,5.6,301.67
1542898800,5.58,5.6,5.6,5.59,376.15
1542899700,5.57,5.59,5.59,5.58,1205.98
1542900600,5.57,5.6,5.57,5.6,3917.91
1542901500,5.58,5.61,5.6,5.59,1911.35
1542902400,5.57,5.6,5.6,5.58,1020.59
1542903300,5.54,5.58,5.58,5.56,1096.84
1542904200,5.54,5.56,5.56,5.56,1260.27
1542905100,5.55,5.58,5.56,5.56,1361.42
1542906000,5.56,5.6,5.58,5.6,1035.24
1542906900,5.59,5.6,5.6,5.6,324.62
1542907800,5.59,5.62,5.59,5.61,2503.06
1542908700,5.6,5.61,5.61,5.61,273.87
1542909600,5.6,5.62,5.61,5.61,826.23
1542910500,5.6,5.61,5.61,5.6,1103.43
1542911400,5.59,5.61,5.61,5.59,627.74
1542912300,5.59,5.61,5.6,5.6,555.57
1542913200,5.58,5.6,5.6,5.58,1029.2
1542914100,5.58,5.6,5.59,5.59,591.86
1542915000,5.53,5.59,5.59,5.54,2381.16
1542915900,5.53,5.54,5.53,5.54,957.96
1542916800,5.53,5.55,5.54,5.54,678.38
1542917700,5.53,5.55,5.55,5.55,968.51
1542918600,5.54,5.56,5.55,5.55,623.17
1542919500,5.54,5.56,5.55,5.54,299.63
1542920400,5.54,5.6,5.55,5.57,4177.7
1542921300,5.53,5.58,5.57,5.53,4110.13
1542922200,5.54,5.57,5.56,5.55,437.28
1542923100,5.54,5.58,5.54,5.56,2525.79
1542924000,5.51,5.58,5.56,5.51,3505.17
1542924900,5.47,5.54,5.53,5.47,3158.66
1542925800,5.45,5.48,5.47,5.47,1503.94
1542926700,5.45,5.48,5.48,5.46,651.98
1542927600,5.44,5.47,5.47,5.45,804.14
1542928500,5.26,5.45,5.44,5.32,4484.34
1542929400,5.28,5.32,5.3,5.28,648.21
1542930300,5.14,5.29,5.28,5.18,8759.43
1542931200,5.16,5.28,5.16,5.26,7158.24
1542932100,5.25,5.29,5.26,5.28,366.27
1542933000,5.22,5.27,5.27,5.25,1428.08
1542933900,5.2,5.25,5.23,5.22,2156.39
1542934800,5.08,5.23,5.22,5.1,4080.53
1542935700,5.03,5.14,5.04,5.12,2118.61
1542936600,5.1,5.16,5.1,5.16,1114.59
1542937500,5.09,5.16,5.16,5.1,5520.53
1542938400,5.01,5.11,5.11,5.07,3230.99
1542939300,5.05,5.12,5.07,5.09,1965.51
1542940200,5.07,5.09,5.09,5.08,1671.17
1542941100,5.05,5.09,5.07,5.09,928.77
1542942000,5.08,5.18,5.09,5.14,7365.81
1542942900,5.13,5.17,5.15,5.15,3976.15
1542943800,5.11,5.17,5.15,5.14,6050.14
1542944700,5.1,5.14,5.14,5.13,1265.69
1542945600,5.09,5.13,5.11,5.11,3268.06
1542946500,5.1,5.13,5.11,5.13,999.78
1542947400,5.09,5.13,5.13,5.09,2219.65
1542948300,5.06,5.12,5.09,5.12,3408.34
1542949200,5.01,5.12,5.12,5.03,5290.25
1542950100,5.0,5.17,5.04,5.13,8862.39
1542951000,5.1,5.15,5.14,5.15,1666.83
1542951900,5.13,5.17,5.15,5.15,1352.39
1542952800,5.14,5.18,5.15,5.18,1712.72
1542953700,5.18,5.22,5.18,5.21,1455.32
1542954600,5.19,5.22,5.22,5.21,448.51
1542955500,5.2,5.24,5.2,5.23,352.58
1542956400,5.21,5.28,5.24,5.23,3990.6
1542957300,5.15,5.22,5.22,5.16,879.78
1542958200,5.15,5.16,5.16,5.16,201.75
1542959100,5.11,5.13,5.12,5.13,152.8
1542960000,5.12,5.15,5.12,5.13,251.48
1542960900,5.05,5.14,5.14,5.06,7139.49
1542961800,5.05,5.07,5.06,5.06,927.58
1542962700,5.02,5.06,5.06,5.03,2492.2
1542963600,5.03,5.15,5.03,5.15,4744.06
1542964500,5.08,5.12,5.11,5.09,1032.02
1542965400,5.08,5.11,5.09,5.11,185.68
1542966300,5.06,5.11,5.09,5.09,860.09
1542967200,5.11,5.13,5.11,5.13,850.64
1542968100,5.11,5.14,5.12,5.13,903.74
1542969000,5.13,5.14,5.13,5.14,252.32
1542969900,5.07,5.13,5.13,5.07,1001.98
1542970800,5.03,5.09,5.09,5.04,1206.4
1542971700,5.02,5.05,5.02,5.05,1796.19
1542972600,5.03,5.06,5.05,5.04,760.67
1542973500,5.04,5.07,5.04,5.07,263.26
1542974400,5.06,5.09,5.06,5.06,440.33
1542975300,5.03,5.06,5.06,5.04,600.75
1542976200,5.02,5.05,5.05,5.02,1389.6
1542977100,5.02,5.05,5.02,5.03,3725.47
1542978000,5.01,5.06,5.03,5.06,2539.39
1542978900,5.04,5.06,5.06,5.04,2625.31
1542979800,4.99,5.05,5.05,5.01,4288.54
1542980700,5.01,5.03,5.02,5.03,1349.6
1542981600,5.01,5.06,5.02,5.06,3375.89
1542982500,5.03,5.06,5.06,5.03,1467.91
1542983400,5.03,5.07,5.04,5.07,1979.86
1542984300,5.06,5.1,5.06,5.09,4759.46
1542985200,5.04,5.09,5.09,5.08,2759.31
1542986100,5.05,5.08,5.07,5.06,1401.52
1542987000,5.02,5.06,5.06,5.05,1023.8
1542987900,5.03,5.03,5.03,5.03,78.67
1542988800,5.02,5.04,5.03,5.02,2367.62
1542989700,4.99,5.03,5.03,5.01,6623.4
1542990600,4.96,5.01,5.01,4.99,6484.66
1542991500,4.92,5.0,4.99,4.98,11812.93
1542992400,4.9,4.97,4.97,4.93,19603.59
1542993300,4.89,4.93,4.93,4.92,5250.07
1542994200,4.91,4.94,4.92,4.91,2380.53
1542995100,4.88,4.92,4.92,4.9,4446.88
1542996000,4.89,4.91,4.9,4.9,1747.06
1542996900,4.9,4.97,4.91,4.94,7942.9
1542997800,4.89,4.95,4.94,4.92,8803.96
1542998700,4.91,4.93,4.91,4.91,2227.64
1542999600,4.9,4.94,4.91,4.93,5969.73
1543000500,4.92,4.97,4.92,4.95,855.63
1543001400,4.93,4.95,4.94,4.94,3230.24
1543002300,4.93,4.95,4.93,4.94,1142.89
1543003200,4.92,4.94,4.94,4.92,2053.39
1543004100,4.92,4.97,4.92,4.93,8548.74
1543005000,4.92,4.95,4.93,4.95,1683.58
1543005900,4.94,4.96,4.94,4.94,3385.6
1543006800,4.91,5.03,4.94,4.99,7710.08
1543007700,4.97,5.0,4.99,4.98,1698.31
1543008600,4.99,5.04,5.0,5.03,3220.23
1543009500,5.02,5.09,5.03,5.07,6359.9
1543010400,5.06,5.09,5.08,5.07,9913.43
1543011300,5.06,5.08,5.07,5.06,470.66
1543012200,5.08,5.11,5.08,5.09,1430.01
1543013100,5.08,5.22,5.1,5.2,5344.33
1543014000,5.14,5.21,5.19,5.15,3246.47
1543014900,5.13,5.18,5.15,5.13,1642.08
1543015800,5.12,5.13,5.12,5.13,639.15
1543016700,5.1,5.13,5.13,5.12,646.22
1543017600,5.09,5.13,5.12,5.13,3571.94
1543018500,5.11,5.13,5.13,5.13,948.56
1543019400,5.13,5.18,5.13,5.18,3481.45
1543020300,5.18,5.28,5.18,5.23,7329.24
1543021200,5.19,5.24,5.23,5.23,2825.71
1543022100,5.17,5.23,5.22,5.19,3826.07
1543023000,5.18,5.19,5.19,5.19,591.88
1543023900,5.18,5.21,5.19,5.19,3095.12
1543024800,5.18,5.24,5.19,5.18,8310.65
1543025700,5.14,5.19,5.18,5.15,1447.85
1543026600,5.14,5.15,5.15,5.15,1438.29
1543027500,5.11,5.15,5.14,5.13,2175.07
1543028400,5.12,5.16,5.12,5.15,886.88
1543029300,5.14,5.15,5.14,5.15,538.3
1543030200,5.14,5.15,5.15,5.15,223.25
1543031100,5.14,5.15,5.15,5.14,155.57
1543032000,5.13,5.15,5.14,5.15,3667.49
1543032900,5.14,5.16,5.15,5.16,450.72
1543033800,5.15,5.16,5.16,5.16,355.23
1543034700,5.13,5.16,5.15,5.15,2382.91
1543035600,5.11,5.14,5.13,5.12,593.89
1543036500,5.12,5.13,5.12,5.12,200.07
1543037400,5.12,5.13,5.13,5.12,1553.45
1543038300,5.12,5.13,5.12,5.13,1500.04
1543039200,5.12,5.13,5.13,5.13,1065.25
1543040100,5.12,5.13,5.12,5.12,414.89
1543041000,5.12,5.13,5.12,5.12,1459.71
1543041900,5.11,5.13,5.12,5.12,5402.73
1543042800,5.05,5.12,5.12,5.05,3902.35
1543043700,5.03,5.05,5.05,5.04,1375.93
1543044600,5.03,5.04,5.04,5.04,316.34
1543045500,5.02,5.04,5.03,5.04,853.25
1543046400,5.03,5.05,5.03,5.04,222.94
1543047300,5.04,5.06,5.04,5.06,117.5
1543048200,5.05,5.06,5.06,5.06,292.33
1543049100,5.05,5.06,5.05,5.05,202.57
1543050000,5.05,5.06,5.06,5.05,136.97
1543050900,5.04,5.05,5.05,5.04,393.4
1543051800,5.03,5.05,5.04,5.03,449.37
1543052700,5.01,5.05,5.03,5.05,624.9
1543053600,5.03,5.07,5.06,5.03,1965.72
1543054500,5.02,5.03,5.03,5.03,546.64
1543055400,5.02,5.03,5.02,5.02,735.04
1543056300,5.0,5.03,5.03,5.0,500.09
1543057200,4.99,5.02,5.0,5.01,434.39
1543058100,5.0,5.02,5.02,5.0,373.77
1543059000,4.98,5.01,5.01,5.0,523.52
1543059900,4.99,5.0,5.0,5.0,224.73
1543060800,5.0,5.0,5.0,5.0,229.45
1543061700,4.97,5.0,5.0,4.99,466.42
1543062600,4.99,5.0,4.99,4.99,99.41
1543063500,4.99,5.0,5.0,5.0,79.94
1543064400,4.99,5.0,5.0,5.0,350.13
1543065300,4.99,5.0,5.0,5.0,68.79
1543066200,4.99,5.01,5.0,5.01,708.46
1543067100,5.0,5.02,5.01,5.01,2917.12
1543068000,5.0,5.02,5.01,5.02,501.08
1543068900,5.01,5.06,5.01,5.03,4235.89
1543069800,5.02,5.03,5.03,5.03,727.0
1543070700,5.02,5.03,5.02,5.03,1099.7
1543071600,5.01,5.04,5.03,5.01,2098.17
1543072500,4.98,5.01,5.01,4.98,2217.44
1543073400,4.98,5.0,4.99,4.99,962.01
1543074300,4.99,5.01,5.0,5.01,422.15
1543075200,4.98,5.01,5.01,5.0,959.08
1543076100,4.98,5.0,5.0,4.99,452.72
1543077000,4.96,4.99,4.99,4.96,2448.5
1543077900,4.96,4.99,4.97,4.99,1380.35
1543078800,4.98,5.01,4.99,5.0,4947.37
1543079700,5.0,5.01,5.01,5.01,663.7
1543080600,5.0,5.02,5.01,5.02,1602.22
1543081500,5.01,5.02,5.01,5.02,1436.99
1543082400,5.01,5.04,5.02,5.03,2027.24
1543083300,5.02,5.04,5.04,5.04,646.47
1543084200,5.02,5.04,5.04,5.03,522.74
1543085100,5.0,5.03,5.02,5.01,613.77
1543086000,4.99,5.01,5.01,5.0,2317.23
1543086900,4.98,5.0,5.0,4.99,913.58
1543087800,4.9,5.0,4.99,4.92,7119.68
1543088700,4.87,4.93,4.92,4.89,7916.14
1543089600,4.84,4.9,4.89,4.87,3117.75
1543090500,4.86,4.88,4.87,4.88,1408.44
1543091400,4.87,4.89,4.88,4.88,1795.22
1543092300,4.86,4.88,4.88,4.88,612.0
1543093200,4.86,4.89,4.88,4.87,2902.56
1543094100,4.49,4.88,4.88,4.53,46619.51
1543095000,4.39,4.57,4.51,4.44,26968.62
1543095900,4.3,4.49,4.42,4.48,19580.8
1543096800,4.4,4.49,4.46,4.42,16034.08
1543097700,4.33,4.47,4.41,4.36,8007.68
1543098600,4.07,4.45,4.36,4.45,10766.27
1543099500,4.4,4.48,4.45,4.48,5279.36
1543100400,4.44,4.57,4.46,4.57,10452.54
1543101300,4.57,4.76,4.57,4.69,10995.37
1543102200,4.6,4.72,4.68,4.71,9993.28
1543103100,4.65,4.75,4.71,4.66,4692.05
1543104000,4.66,4.71,4.66,4.68,2560.58
1543104900,4.54,4.69,4.69,4.56,4894.96
1543105800,4.53,4.56,4.55,4.56,4134.9
1543106700,4.55,4.64,4.55,4.6,11893.86
1543107600,4.56,4.6,4.6,4.57,1919.3
1543108500,4.57,4.61,4.58,4.59,3175.07
1543109400,4.56,4.59,4.59,4.56,1823.45
1543110300,4.54,4.57,4.57,4.56,3934.3
1543111200,4.47,4.56,4.56,4.48,3988.65
1543112100,4.41,4.48,4.47,4.46,6695.81
1543113000,4.44,4.47,4.46,4.45,2280.47
1543113900,4.38,4.46,4.46,4.4,7505.02
1543114800,4.38,4.42,4.4,4.38,3776.3
1543115700,4.38,4.42,4.39,4.41,2291.45
1543116600,4.31,4.41,4.4,4.33,4726.65
1543117500,4.31,4.36,4.33,4.32,5215.6
1543118400,4.3,4.35,4.32,4.34,7627.21
1543119300,4.33,4.38,4.35,4.35,5454.92
1543120200,4.34,4.39,4.35,4.36,9529.31
1543121100,4.33,4.37,4.37,4.34,2727.33
1543122000,4.3,4.35,4.33,4.33,6265.94
1543122900,4.31,4.36,4.34,4.35,2096.47
1543123800,4.34,4.39,4.34,4.35,3906.83
1543124700,4.34,4.36,4.36,4.35,1919.78
1543125600,4.35,4.39,4.36,4.39,1211.38
1543126500,4.37,4.39,4.39,4.38,995.52
1543127400,4.35,4.39,4.39,4.36,1930.2
1543128300,4.34,4.38,4.36,4.37,1688.81
1543129200,4.35,4.39,4.37,4.37,3858.93
1543130100,4.34,4.37,4.36,4.34,3000.57
1543131000,4.35,4.38,4.35,4.36,757.4
1543131900,4.35,4.4,4.37,4.4,2781.77
1543132800,4.38,4.41,4.4,4.4,2450.7
1543133700,4.39,4.42,4.4,4.42,1555.85
1543134600,4.36,4.42,4.42,4.36,2954.83
1543135500,4.33,4.38,4.36,4.34,805.0
1543136400,4.34,4.35,4.35,4.35,507.77
1543137300,4.32,4.34,4.34,4.32,209.39
1543138200,4.3,4.33,4.32,4.32,548.57
1543139100,4.25,4.31,4.3,4.27,3339.17
1543140000,4.15,4.27,4.27,4.17,7765.32
1543140900,4.1,4.18,4.18,4.15,45050.49
1543141800,4.15,4.21,4.16,4.2,5371.42
1543142700,4.2,4.46,4.2,4.34,13545.14
1543143600,4.35,4.77,4.36,4.5,14985.16
1543144500,4.45,4.55,4.5,4.48,5510.72
1543145400,4.41,4.48,4.47,4.43,2551.78
1543146300,4.44,4.48,4.46,4.48,3223.35
1543147200,4.43,4.5,4.5,4.47,3963.27
1543148100,4.44,4.48,4.47,4.46,2169.02
1543149000,4.45,4.51,4.46,4.5,1296.12
1543149900,4.43,4.52,4.48,4.45,1220.11
1543150800,4.44,4.47,4.45,4.46,2052.12
1543151700,4.42,4.49,4.46,4.48,6520.71
1543152600,4.45,4.48,4.45,4.47,1442.39
1543153500,4.46,4.52,4.47,4.48,3269.28
1543154400,4.43,4.5,4.49,4.47,2498.18
1543155300,4.41,4.46,4.46,4.43,2259.27
1543156200,4.43,4.46,4.43,4.46,476.18
1543157100,4.44,4.46,4.44,4.45,590.11
1543158000,4.4,4.45,4.45,4.42,2733.5
1543158900,4.37,4.43,4.42,4.37,6867.64
1543159800,4.31,4.41,4.38,4.31,7875.73
1543160700,4.31,4.34,4.33,4.33,1499.11
1543161600,4.32,4.36,4.32,4.34,9281.78
1543162500,4.26,4.33,4.33,4.33,3522.04
1543163400,4.31,4.36,4.31,4.34,2562.72
1543164300,4.3,4.34,4.34,4.3,1586.82
1543165200,4.24,4.32,4.3,4.24,6557.73
1543166100,4.2,4.28,4.28,4.21,10484.46
1543167000,4.19,4.26,4.24,4.23,5365.09
1543167900,4.19,4.23,4.22,4.21,4342.79
1543168800,4.22,4.32,4.22,4.26,8976.3
1543169700,4.25,4.28,4.26,4.27,2263.16
1543170600,4.26,4.29,4.27,4.29,1301.11
1543171500,4.28,4.33,4.29,4.31,6759.75
1543172400,4.3,4.43,4.32,4.43,4724.77
1543173300,4.4,4.49,4.44,4.45,7906.98
1543174200,4.45,4.52,4.45,4.5,4736.94
1543175100,4.42,4.5,4.48,4.46,5794.02
1543176000,4.44,4.48,4.46,4.47,1916.74
1543176900,4.46,4.5,4.47,4.49,1899.57
1543177800,4.47,4.6,4.49,4.56,6272.28
1543178700,4.55,4.71,4.58,4.61,11030.02
1543179600,4.6,4.64,4.62,4.63,3756.15
1543180500,4.62,4.7,4.63,4.7,4931.57
1543181400,4.63,4.7,4.69,4.69,8044.1
1543182300,4.68,4.86,4.69,4.77,21034.02
1543183200,4.7,4.77,4.76,4.76,14173.78
1543184100,4.73,4.79,4.77,4.77,6785.5
1543185000,4.71,4.77,4.77,4.76,5652.62
1543185900,4.66,4.76,4.76,4.69,3798.12
1543186800,4.62,4.69,4.66,4.68,12828.98
1543187700,4.63,4.69,4.68,4.67,1305.62
1543188600,4.66,4.7,4.66,4.7,2844.91
1543189500,4.65,4.73,4.7,4.66,2564.33
1543190400,4.71,4.75,4.71,4.74,2974.9
1543191300,4.71,4.75,4.73,4.74,5005.24
1543192200,4.72,4.78,4.74,4.74,7993.89
1543193100,4.71,4.75,4.74,4.71,3006.78
1543194000,4.65,4.72,4.71,4.67,2510.54
1543194900,4.65,4.7,4.66,4.69,2448.67
1543195800,4.69,4.73,4.7,4.73,1135.54
1543196700,4.69,4.73,4.73,4.71,1203.72
1543197600,4.64,4.71,4.71,4.64,3266.76
1543198500,4.63,4.65,4.64,4.64,580.25
1543199400,4.62,4.65,4.65,4.65,864.64
1543200300,4.63,4.66,4.65,4.66,1377.74
1543201200,4.65,4.69,4.66,4.68,2197.85
1543202100,4.66,4.68,4.68,4.66,2470.79
1543203000,4.66,4.68,4.67,4.66,2237.29
1543203900,4.65,4.72,4.67,4.71,4042.61
1543204800,4.67,4.7,4.68,4.69,1788.28
1543205700,4.63,4.69,4.69,4.65,1542.88
1543206600,4.62,4.66,4.65,4.66,2087.37
1543207500,4.64,4.67,4.65,4.65,2590.83
1543208400,4.62,4.7,4.65,4.67,3082.23
1543209300,4.66,4.72,4.67,4.67,2245.22
1543210200,4.65,4.7,4.66,4.68,1008.06
1543211100,4.68,4.71,4.68,4.69,1013.22
1543212000,4.68,4.69,4.69,4.68,437.57
1543212900,4.69,4.71,4.69,4.7,506.1
1543213800,4.7,4.81,4.7,4.77,6570.77
1543214700,4.76,4.79,4.79,4.78,619.71
1543215600,4.76,4.79,4.78,4.76,2885.2
1543216500,4.75,4.78,4.76,4.78,1645.46
1543217400,4.76,4.8,4.78,4.77,2679.42
1543218300,4.69,4.77,4.77,4.7,1469.94
1543219200,4.69,4.71,4.7,4.71,382.42
1543220100,4.65,4.71,4.71,4.68,539.78
1543221000,4.56,4.68,4.68,4.63,4472.78
1543221900,4.59,4.64,4.62,4.64,2164.69
1543222800,4.61,4.65,4.64,4.61,513.09
1543223700,4.58,4.61,4.61,4.58,580.95
1543224600,4.57,4.6,4.59,4.59,1274.48
1543225500,4.57,4.59,4.59,4.59,672.98
1543226400,4.59,4.63,4.59,4.63,553.08
1543227300,4.61,4.64,4.64,4.61,655.93
1543228200,4.6,4.64,4.62,4.62,824.66
1543229100,4.61,4.64,4.63,4.62,308.78
1543230000,4.57,4.62,4.61,4.58,311.03
1543230900,4.56,4.59,4.59,4.58,665.91
1543231800,4.58,4.61,4.58,4.61,290.21
1543232700,4.58,4.61,4.6,4.58,1179.76
1543233600,4.56,4.59,4.58,4.58,1140.48
1543234500,4.53,4.6,4.58,4.6,3224.09
1543235400,4.57,4.61,4.61,4.58,2733.43
1543236300,4.52,4.58,4.57,4.55,3003.67
1543237200,4.54,4.57,4.54,4.54,2115.62
1543238100,4.53,4.56,4.55,4.55,1893.93
1543239000,4.51,4.56,4.55,4.53,2218.94
1543239900,4.44,4.54,4.51,4.44,5328.16
1543240800,4.36,4.46,4.44,4.37,1853.78
1543241700,4.28,4.42,4.38,4.28,7117.75
1543242600,4.24,4.35,4.29,4.32,3719.79
1543243500,4.29,4.33,4.3,4.29,13910.21
1543244400,4.25,4.29,4.29,4.28,8482.33
1543245300,4.26,4.3,4.28,4.29,6519.49
1543246200,4.25,4.3,4.3,4.26,2220.18
1543247100,4.23,4.29,4.27,4.23,3193.84
1543248000,4.12,4.26,4.22,4.17,19580.51
1543248900,4.16,4.19,4.17,4.17,2454.8
1543249800,4.07,4.18,4.18,4.18,13757.27
1543250700,4.16,4.39,4.16,4.35,46230.78
1543251600,4.29,4.37,4.35,4.32,6687.78
1543252500,4.32,4.4,4.32,4.4,8199.51
1543253400,4.39,4.44,4.41,4.41,4622.21
1543254300,4.34,4.42,4.4,4.36,2527.37
1543255200,4.32,4.36,4.36,4.35,3865.43
1543256100,4.34,4.4,4.36,4.38,9135.47
1543257000,4.35,4.4,4.38,4.39,2469.77
1543257900,4.41,4.44,4.41,4.41,3105.16
1543258800,4.38,4.41,4.41,4.39,1873.65
1543259700,4.39,4.45,4.39,4.43,4840.39
1543260600,4.37,4.44,4.43,4.37,8295.2
1543261500,4.35,4.39,4.38,4.36,2820.71
1543262400,4.3,4.37,4.37,4.31,2772.07
1543263300,4.3,4.32,4.31,4.3,2308.08
1543264200,4.1,4.31,4.31,4.11,14492.04
1543265100,4.12,4.23,4.12,4.19,12692.76
1543266000,4.19,4.24,4.2,4.22,4717.92
1543266900,4.13,4.23,4.23,4.17,7992.85
1543267800,4.14,4.21,4.14,4.19,3994.93
1543268700,4.16,4.25,4.21,4.22,5400.4
1543269600,4.16,4.21,4.2,4.19,8638.21
1543270500,4.18,4.24,4.2,4.19,2995.35
1543271400,4.17,4.22,4.21,4.2,1942.86
1543272300,4.17,4.22,4.21,4.19,10401.73
1543273200,4.15,4.24,4.2,4.19,6894.3
1543274100,4.19,4.25,4.2,4.21,3026.77
1543275000,4.18,4.23,4.22,4.21,1440.83
1543275900,4.19,4.26,4.21,4.24,2111.39
1543276800,4.22,4.25,4.25,4.25,3173.52
1543277700,4.22,4.26,4.25,4.25,3305.45
1543278600,4.23,4.27,4.25,4.27,864.9
1543279500,4.26,4.34,4.27,4.3,3568.17
1543280400,4.26,4.3,4.29,4.27,2030.51
1543281300,4.2,4.27,4.27,4.21,4220.49
1543282200,4.19,4.23,4.21,4.2,3548.83
1543283100,4.19,4.24,4.2,4.24,1943.68
1543284000,4.19,4.24,4.24,4.2,3609.45
1543284900,4.2,4.22,4.21,4.21,1183.94
1543285800,4.2,4.23,4.21,4.23,1913.28
1543286700,4.22,4.26,4.23,4.23,1873.5
1543287600,4.22,4.28,4.25,4.25,4811.21
1543288500,4.21,4.25,4.25,4.22,2536.94
1543289400,4.21,4.23,4.21,4.22,1867.74
1543290300,4.18,4.23,4.22,4.2,4450.64
1543291200,4.17,4.19,4.18,4.19,2902.03
1543292100,4.22,4.24,4.23,4.23,720.96
1543293000,4.21,4.25,4.23,4.25,2061.8
1543293900,4.23,4.25,4.25,4.24,735.69
1543294800,4.23,4.29,4.23,4.25,3219.55
1543295700,4.24,4.3,4.25,4.28,5616.68
1543296600,4.25,4.29,4.27,4.26,527.23
1543297500,4.25,4.28,4.26,4.26,1538.34
1543298400,4.25,4.26,4.25,4.26,768.01
1543299300,4.24,4.26,4.26,4.26,1059.11
1543300200,4.25,4.28,4.26,4.27,499.57
1543301100,4.26,4.31,4.28,4.31,924.02
1543302000,4.29,4.32,4.32,4.3,1136.72
1543302900,4.28,4.3,4.3,4.28,924.1
1543303800,4.26,4.28,4.28,4.27,862.76
1543304700,4.26,4.29,4.28,4.28,1702.12
1543305600,4.25,4.27,4.26,4.26,347.88
1543306500,4.2,4.27,4.26,4.21,4477.63
1543307400,4.18,4.22,4.22,4.19,2397.49
1543308300,4.16,4.22,4.2,4.16,1122.9
1543309200,4.15,4.19,4.18,4.17,2339.15
1543310100,4.17,4.19,4.18,4.17,1047.45
1543311000,4.18,4.2,4.18,4.2,1729.56
1543311900,4.18,4.2,4.2,4.19,777.37
1543312800,4.15,4.21,4.18,4.16,2080.14
1543313700,4.1,4.27,4.15,4.24,9309.54
1543314600,4.2,4.27,4.23,4.23,611.13
1543315500,4.22,4.25,4.24,4.22,194.37
1543316400,4.24,4.25,4.25,4.24,15.45
1543317300,4.2,4.25,4.25,4.22,256.25
1543318200,4.22,4.23,4.22,4.22,301.36
1543319100,4.21,4.23,4.22,4.21,732.76
1543320000,4.19,4.23,4.21,4.21,798.88
1543320900,4.2,4.24,4.22,4.23,476.64
1543321800,4.21,4.24,4.24,4.21,857.15
1543322700,4.2,4.22,4.22,4.21,872.07
1543323600,4.2,4.3,4.2,4.26,2815.42
1543324500,4.2,4.27,4.26,4.2,1597.48
1543325400,4.18,4.23,4.2,4.22,3685.55
1543326300,4.23,4.26,4.23,4.26,5871.46
1543327200,4.23,4.27,4.26,4.26,3164.16
1543328100,4.24,4.29,4.26,4.27,1774.95
1543329000,4.25,4.27,4.25,4.27,171.29
1543329900,4.24,4.27,4.27,4.26,1591.5
1543330800,4.22,4.26,4.26,4.22,1518.6
1543331700,4.21,4.25,4.23,4.21,1931.89
1543332600,4.22,4.24,4.23,4.23,1847.06
1543333500,4.23,4.25,4.24,4.25,746.34
1543334400,4.23,4.26,4.25,4.24,983.42
1543335300,4.22,4.25,4.25,4.24,907.4
1543336200,4.21,4.25,4.24,4.25,2084.1
1543337100,4.24,4.27,4.25,4.27,2249.87
1543338000,4.23,4.27,4.27,4.24,2582.02
1543338900,4.24,4.28,4.26,4.25,3097.59
1543339800,4.23,4.25,4.25,4.24,2062.38
1543340700,4.23,4.25,4.24,4.25,1758.5
1543341600,4.23,4.26,4.25,4.25,3102.37
1543342500,4.23,4.29,4.25,4.27,4800.84
1543343400,4.26,4.3,4.27,4.28,2144.27
1543344300,4.26,4.31,4.28,4.31,2548.85
1543345200,4.28,4.36,4.28,4.36,2743.69
1543346100,4.33,4.37,4.34,4.37,1933.92
1543347000,4.31,4.36,4.36,4.32,3024.95
1543347900,4.33,4.38,4.33,4.35,4697.65
1543348800,4.33,4.35,4.34,4.34,930.01
1543349700,4.3,4.34,4.33,4.33,4826.84
1543350600,4.32,4.34,4.33,4.34,267.0
1543351500,4.34,4.38,4.34,4.38,7953.87
1543352400,4.37,4.4,4.38,4.4,4259.41
1543353300,4.39,4.49,4.4,4.48,13294.63
1543354200,4.48,4.6,4.48,4.51,15411.74
1543355100,4.48,4.57,4.52,4.55,4814.63
1543356000,4.49,4.6,4.55,4.51,8805.44
1543356900,4.46,4.53,4.51,4.52,5654.31
1543357800,4.5,4.56,4.52,4.56,5333.82
1543358700,4.51,4.55,4.54,4.52,5828.95
1543359600,4.48,4.54,4.52,4.5,3443.22
1543360500,4.47,4.5,4.48,4.49,2427.4
1543361400,4.48,4.5,4.48,4.49,1976.9
1543362300,4.45,4.5,4.5,4.47,2299.06
1543363200,4.46,4.49,4.48,4.47,1000.68
1543364100,4.47,4.5,4.47,4.5,1949.06
1543365000,4.49,4.52,4.5,4.51,4318.03
1543365900,4.48,4.51,4.51,4.49,622.09
1543366800,4.48,4.51,4.48,4.51,1667.76
1543367700,4.48,4.51,4.51,4.48,2566.77
1543368600,4.48,4.49,4.49,4.49,564.7
1543369500,4.48,4.51,4.49,4.51,841.75
1543370400,4.51,4.52,4.52,4.52,888.03
1543371300,4.51,4.56,4.52,4.56,2908.28
1543372200,4.52,4.56,4.56,4.52,3164.08
1543373100,4.5,4.53,4.53,4.51,2817.73
1543374000,4.5,4.53,4.5,4.52,4117.58
1543374900,4.5,4.53,4.53,4.52,1805.17
1543375800,4.5,4.52,4.52,4.52,708.79
1543376700,4.51,4.55,4.51,4.54,4412.3
1543377600,4.5,4.53,4.53,4.51,5381.93
1543378500,4.5,4.58,4.51,4.54,6435.56
1543379400,4.53,4.73,4.54,4.64,24906.13
1543380300,4.63,4.7,4.65,4.64,12046.88
1543381200,4.61,4.69,4.65,4.62,5355.15
1543382100,4.61,4.64,4.62,4.63,1812.24
1543383000,4.6,4.65,4.63,4.61,2997.85
1543383900,4.6,4.64,4.6,4.63,2349.63
1543384800,4.63,4.67,4.64,4.66,2194.65
1543385700,4.64,4.7,4.65,4.69,4789.38
1543386600,4.67,4.7,4.69,4.68,916.76
1543387500,4.67,4.7,4.68,4.68,1939.44
1543388400,4.67,4.7,4.69,4.68,3077.23
1543389300,4.66,4.69,4.69,4.69,1255.85
1543390200,4.68,4.75,4.68,4.74,2133.66
1543391100,4.74,4.77,4.75,4.76,2391.56
1543392000,4.71,4.77,4.76,4.71,2740.74
1543392900,4.67,4.71,4.71,4.68,1036.41
1543393800,4.64,4.7,4.7,4.67,7449.05
1543394700,4.66,4.68,4.66,4.67,438.72
1543395600,4.66,4.67,4.67,4.67,442.82
1543396500,4.66,4.68,4.67,4.67,2928.85
1543397400,4.66,4.7,4.67,4.7,2537.26
1543398300,4.67,4.7,4.7,4.68,910.68
1543399200,4.68,4.69,4.68,4.69,673.7
1543400100,4.69,4.71,4.69,4.71,1539.33
1543401000,4.7,4.73,4.72,4.72,1162.88
1543401900,4.72,4.73,4.72,4.73,250.12
1543402800,4.72,4.75,4.73,4.75,667.13
1543403700,4.69,4.75,4.75,4.72,1264.22
1543404600,4.67,4.72,4.72,4.68,3718.6
1543405500,4.69,4.73,4.69,4.73,5022.75
1543406400,4.68,4.73,4.73,4.71,909.14
1543407300,4.69,4.71,4.71,4.7,644.25
1543408200,4.67,4.7,4.7,4.69,1532.36
1543409100,4.66,4.8,4.67,4.78,10225.7
1543410000,4.72,4.79,4.78,4.78,5493.55
1543410900,4.75,4.8,4.78,4.76,4670.76
1543411800,4.74,4.78,4.75,4.76,4498.39
1543412700,4.74,4.77,4.77,4.77,2512.41
1543413600,4.76,4.78,4.77,4.77,2267.87
1543414500,4.77,4.84,4.78,4.84,7172.23
1543415400,4.82,4.88,4.82,4.86,7660.3
1543416300,4.85,4.96,4.86,4.94,8970.2
1543417200,4.89,4.96,4.94,4.9,9177.46
1543418100,4.87,4.92,4.89,4.9,7188.75
1543419000,4.89,4.92,4.89,4.9,2163.17
1543419900,4.89,4.94,4.89,4.94,3163.71
1543420800,4.9,4.95,4.92,4.91,10415.57
1543421700,4.84,4.91,4.91,4.86,5871.68
1543422600,4.85,4.88,4.87,4.87,3208.92
1543423500,4.77,4.8,4.8,4.79,5702.0
1543424400,4.74,4.78,4.78,4.78,3516.16
1543425300,4.77,4.84,4.77,4.84,8262.65
1543426200,4.83,4.89,4.84,4.85,6540.78
1543427100,4.83,4.87,4.84,4.86,2515.69
1543428000,4.85,4.88,4.86,4.88,2363.49
1543428900,4.86,4.9,4.88,4.88,5422.5
1543429800,4.86,4.88,4.87,4.88,4246.06
1543430700,4.87,4.89,4.88,4.89,2511.94
1543431600,4.87,4.97,4.89,4.97,8284.32
1543432500,4.95,5.05,4.97,5.03,17864.55
1543433400,4.94,5.04,5.02,4.97,21910.19
1543434300,4.93,5.02,4.97,5.01,10049.11
1543435200,4.97,5.03,5.01,5.03,6413.78
1543436100,5.01,5.07,5.03,5.03,14401.15
1543437000,5.03,5.1,5.04,5.07,11349.25
1543437900,5.04,5.09,5.08,5.06,12686.09
1543438800,4.99,5.06,5.06,5.02,4519.69
1543439700,4.99,5.02,5.02,5.01,2241.22
1543440600,5.0,5.06,5.01,5.05,5849.52
1543441500,4.98,5.06,5.05,4.98,4325.03
1543442400,4.88,5.0,4.98,4.9,14479.95
1543443300,4.89,4.93,4.9,4.93,3598.05
1543444200,4.87,4.94,4.93,4.89,16197.29
1543445100,4.87,4.92,4.87,4.9,3067.26
1543446000,4.91,4.95,4.92,4.92,3540.69
1543446900,4.91,4.94,4.92,4.93,3021.85
1543447800,4.93,4.94,4.94,4.94,657.23
1543448700,4.94,4.98,4.94,4.97,8533.55
1543449600,4.95,5.0,4.97,4.96,8182.64
1543450500,4.93,4.97,4.96,4.94,6164.14
1543451400,4.94,4.97,4.96,4.95,1153.79
1543452300,4.95,4.98,4.96,4.98,1860.74
1543453200,4.9,4.97,4.97,4.9,2334.2
1543454100,4.8,4.91,4.91,4.8,6323.68
1543455000,4.77,4.85,4.82,4.78,7666.47
1543455900,4.75,4.8,4.77,4.77,4583.92
1543456800,4.79,4.83,4.79,4.8,2470.0
1543457700,4.77,4.8,4.8,4.78,833.97
1543458600,4.77,4.79,4.77,4.78,1534.72
1543459500,4.78,4.82,4.78,4.82,5555.31
1543460400,4.81,4.84,4.82,4.83,4866.49
1543461300,4.81,4.84,4.83,4.82,4550.72
1543462200,4.8,4.82,4.82,4.8,1066.15
1543463100,4.8,4.82,4.82,4.82,1280.24
1543464000,4.75,4.82,4.81,4.78,8224.61
1543464900,4.76,4.8,4.78,4.79,1335.66
1543465800,4.77,4.8,4.8,4.79,999.36
1543466700,4.78,4.8,4.79,4.8,366.38
1543467600,4.79,4.81,4.8,4.81,1299.31
1543468500,4.79,4.9,4.81,4.89,7429.09
1543469400,4.86,4.89,4.89,4.88,679.25
1543470300,4.86,4.89,4.88,4.86,1671.55
1543471200,4.84,4.88,4.85,4.84,1386.95
1543472100,4.85,4.87,4.85,4.86,415.8
1543473000,4.83,4.86,4.86,4.84,3376.98
1543473900,4.83,4.84,4.83,4.84,515.36
1543474800,4.8,4.86,4.84,4.8,4891.05
1543475700,4.81,4.84,4.81,4.84,414.05
1543476600,4.82,4.84,4.84,4.84,2330.36
1543477500,4.81,4.86,4.82,4.84,517.31
1543478400,4.85,4.88,4.85,4.88,287.65
1543479300,4.87,4.89,4.88,4.89,772.43
1543480200,4.87,4.9,4.88,4.9,626.46
1543481100,4.89,4.92,4.89,4.92,2339.49
1543482000,4.93,4.99,4.93,4.97,2287.36
1543482900,4.98,5.05,4.98,5.02,1947.2
1543483800,4.96,5.04,5.0,4.99,1999.02
1543484700,4.97,5.0,4.98,4.97,453.15
1543485600,4.96,4.98,4.98,4.96,273.57
1543486500,4.93,4.96,4.95,4.96,1429.7
1543487400,4.96,4.99,4.96,4.98,756.95
1543488300,4.96,4.99,4.98,4.96,446.36
1543489200,4.95,5.01,4.96,5.0,1466.83
1543490100,5.0,5.04,5.0,5.03,1474.5
1543491000,5.02,5.05,5.03,5.05,1741.37
1543491900,4.98,5.05,5.05,4.99,2563.97
1543492800,4.95,4.99,4.98,4.95,803.68
1543493700,4.95,5.0,4.95,4.99,961.05
1543494600,4.93,4.97,4.95,4.93,3417.58
1543495500,4.82,4.95,4.93,4.83,3340.7
1543496400,4.8,4.86,4.83,4.81,6114.94
1543497300,4.76,4.82,4.81,4.82,6529.83
1543498200,4.8,4.85,4.82,4.83,1330.51
1543499100,4.8,4.85,4.84,4.82,2310.2
1543500000,4.84,4.87,4.84,4.87,29.95
1543500900,4.85,4.89,4.85,4.88,2778.55
1543501800,4.83,4.88,4.88,4.84,2353.53
1543502700,4.79,4.85,4.84,4.81,2787.76
1543503600,4.8,4.83,4.8,4.82,846.61
1543504500,4.79,4.83,4.82,4.83,12043.55
1543505400,4.82,4.87,4.82,4.85,3743.45
1543506300,4.82,4.84,4.84,4.83,819.76
1543507200,4.82,4.84,4.82,4.83,526.02
1543508100,4.83,4.87,4.84,4.86,874.99
1543509000,4.86,4.92,4.87,4.92,8830.3
1543509900,4.91,4.94,4.92,4.94,6999.03
1543510800,4.93,4.97,4.94,4.96,1446.8
1543511700,4.95,4.99,4.96,4.97,1785.3
1543512600,4.92,4.99,4.98,4.92,5499.41
1543513500,4.88,4.92,4.92,4.9,1103.84
1543514400,4.88,4.91,4.91,4.9,1342.02
1543515300,4.9,4.93,4.9,4.92,6613.43
1543516200,4.88,4.92,4.9,4.89,2327.35
1543517100,4.8,4.89,4.89,4.81,7250.35
1543518000,4.76,4.83,4.83,4.76,6166.19
1543518900,4.75,4.79,4.76,4.77,3415.27
1543519800,4.78,4.81,4.78,4.81,1687.95
1543520700,4.78,4.83,4.8,4.81,2378.25
1543521600,4.77,4.81,4.8,4.8,1088.85
1543522500,4.78,4.82,4.8,4.8,2197.76
1543523400,4.8,4.86,4.8,4.82,1498.4
1543524300,4.82,4.84,4.84,4.84,342.96
1543525200,4.75,4.83,4.83,4.77,3357.69
1543526100,4.75,4.8,4.79,4.77,2532.97
1543527000,4.77,4.82,4.77,4.8,1103.94
1543527900,4.8,4.82,4.8,4.82,1304.18
1543528800,4.77,4.82,4.82,4.77,5286.17
1543529700,4.79,4.82,4.79,4.82,1046.1
1543530600,4.81,4.83,4.83,4.81,405.76
1543531500,4.79,4.82,4.82,4.82,595.66
1543532400,4.82,4.89,4.82,4.89,2003.19
1543533300,4.86,4.9,4.88,4.88,854.53
1543534200,4.84,4.9,4.89,4.85,2128.04
1543535100,4.83,4.87,4.84,4.86,1426.08
1543536000,4.83,4.89,4.86,4.84,2488.68
1543536900,4.84,4.85,4.84,4.84,1458.8
1543537800,4.82,4.84,4.84,4.83,536.43
1543538700,4.83,4.87,4.84,4.86,1060.49
1543539600,4.83,4.87,4.86,4.85,447.83
1543540500,4.81,4.85,4.85,4.85,2385.76
1543541400,4.84,4.89,4.85,4.89,1352.13
1543542300,4.89,4.9,4.89,4.89,534.89
1543543200,4.88,4.93,4.89,4.93,1754.82
1543544100,4.9,4.93,4.92,4.91,856.69
1543545000,4.88,4.92,4.89,4.92,1399.32
1543545900,4.89,4.95,4.92,4.95,2136.77
1543546800,4.92,4.97,4.95,4.93,2882.64
1543547700,4.93,4.96,4.94,4.93,2575.23
1543548600,4.93,4.96,4.93,4.96,649.14
1543549500,4.92,4.96,4.95,4.92,1315.99
1543550400,4.87,4.92,4.92,4.88,3098.45
1543551300,4.88,4.9,4.89,4.89,1035.59
1543552200,4.88,4.91,4.89,4.91,816.0
1543553100,4.89,4.95,4.9,4.93,1440.09
1543554000,4.93,4.96,4.94,4.95,751.0
1543554900,4.93,4.96,4.95,4.93,1297.71
1543555800,4.91,4.94,4.93,4.93,2352.66
1543556700,4.89,4.93,4.92,4.9,479.86
1543557600,4.87,4.9,4.89,4.89,648.55
1543558500,4.89,4.92,4.9,4.91,813.22
1543559400,4.9,4.93,4.9,4.93,1301.99
1543560300,4.91,4.96,4.93,4.91,1228.11
1543561200,4.86,4.9,4.9,4.88,280.96
1543562100,4.86,4.88,4.87,4.88,426.73
1543563000,4.86,4.88,4.88,4.86,399.06
1543563900,4.87,4.89,4.88,4.89,459.97
1543564800,4.86,4.93,4.89,4.93,393.39
1543565700,4.9,4.96,4.94,4.9,522.49
1543566600,4.9,4.94,4.9,4.93,1787.81
1543567500,4.87,4.93,4.93,4.91,3824.74
1543568400,4.87,4.92,4.88,4.92,225.49
1543569300,4.9,4.92,4.92,4.9,330.21
1543570200,4.9,4.91,4.91,4.91,170.94
1543571100,4.87,4.91,4.91,4.89,329.73
1543572000,4.85,4.89,4.89,4.86,456.31
1543572900,4.73,4.84,4.84,4.75,12308.91
1543573800,4.74,4.75,4.74,4.75,142.49
1543574700,4.62,4.74,4.74,4.65,1444.69
1543575600,4.59,4.67,4.64,4.61,2563.24
1543576500,4.6,4.67,4.6,4.64,4516.0
1543577400,4.64,4.68,4.65,4.66,663.21
1543578300,4.62,4.67,4.66,4.63,604.76
1543579200,4.61,4.65,4.62,4.65,878.54
1543580100,4.63,4.65,4.64,4.65,1447.95
1543581000,4.59,4.65,4.65,4.59,4161.82
1543581900,4.58,4.67,4.6,4.67,2756.14
1543582800,4.64,4.69,4.67,4.67,1562.18
1543583700,4.65,4.69,4.68,4.68,2474.81
1543584600,4.67,4.73,4.69,4.71,1221.46
1543585500,4.67,4.71,4.71,4.68,2310.96
1543586400,4.65,4.7,4.69,4.68,2761.14
1543587300,4.67,4.71,4.68,4.71,503.37
1543588200,4.68,4.71,4.7,4.71,1154.11
1543589100,4.7,4.71,4.71,4.7,850.37
1543590000,4.66,4.71,4.71,4.68,3071.64
1543590900,4.65,4.69,4.69,4.67,4981.13
1543591800,4.62,4.67,4.67,4.63,1531.87
1543592700,4.61,4.72,4.62,4.68,5950.64
1543593600,4.67,4.71,4.69,4.69,5233.57
1543594500,4.68,4.7,4.68,4.68,1094.19
1543595400,4.68,4.7,4.69,4.7,978.56
1543596300,4.69,4.76,4.7,4.73,4948.56
1543597200,4.7,4.75,4.73,4.71,1000.64
1543598100,4.69,4.71,4.7,4.71,765.85
1543599000,4.68,4.71,4.71,4.7,6054.21
1543599900,4.68,4.7,4.7,4.69,661.02
1543600800,4.68,4.7,4.68,4.69,417.35
1543601700,4.65,4.69,4.69,4.65,664.26
1543602600,4.65,4.67,4.65,4.66,643.62
1543603500,4.65,4.66,4.65,4.65,719.47
1543604400,4.65,4.66,4.66,4.66,282.7
1543605300,4.65,4.66,4.66,4.66,825.19
1543606200,4.64,4.66,4.66,4.65,806.42
1543607100,4.64,4.65,4.64,4.64,386.68
1543608000,4.58,4.64,4.64,4.6,12856.61
1543608900,4.6,4.61,4.61,4.61,533.82
1543609800,4.6,4.63,4.61,4.63,760.26
1543610700,4.6,4.63,4.62,4.61,400.88
1543611600,4.6,4.63,4.61,4.61,3066.78
1543612500,4.6,4.62,4.6,4.6,450.06
1543613400,4.51,4.6,4.6,4.52,12840.32
1543614300,4.44,4.52,4.52,4.5,12455.95
1543615200,4.46,4.51,4.51,4.49,6702.9
1543616100,4.47,4.5,4.49,4.49,1300.26
1543617000,4.45,4.49,4.49,4.46,4693.52
1543617900,4.43,4.53,4.46,4.52,9347.75
1543618800,4.5,4.52,4.52,4.52,538.37
1543619700,4.51,4.56,4.52,4.55,1678.34
1543620600,4.54,4.57,4.55,4.56,1292.2
1543621500,4.54,4.56,4.56,4.56,260.71
1543622400,4.54,4.56,4.54,4.54,306.95
1543623300,4.48,4.54,4.54,4.5,3221.0
1543624200,4.51,4.55,4.51,4.55,1665.86
1543625100,4.54,4.56,4.54,4.56,1298.32
1543626000,4.55,4.58,4.56,4.58,1062.6
1543626900,4.58,4.59,4.58,4.59,100.23
1543627800,4.57,4.61,4.58,4.6,4385.51
1543628700,4.58,4.6,4.6,4.58,444.79
1543629600,4.57,4.58,4.57,4.58,794.72
1543630500,4.57,4.59,4.58,4.59,348.84
1543631400,4.58,4.6,4.59,4.6,748.12
1543632300,4.57,4.6,4.59,4.57,529.27
1543633200,4.55,4.58,4.58,4.58,3498.77
1543634100,4.56,4.6,4.56,4.6,715.06
1543635000,4.57,4.6,4.59,4.58,1059.63
1543635900,4.54,4.58,4.58,4.55,667.76
1543636800,4.49,4.56,4.55,4.5,6500.91
1543637700,4.47,4.5,4.5,4.47,3143.64
1543638600,4.44,4.48,4.48,4.45,1850.1
1543639500,4.44,4.48,4.45,4.47,2059.43
1543640400,4.48,4.52,4.48,4.52,1061.56
1543641300,4.46,4.51,4.51,4.47,2789.2
1543642200,4.42,4.46,4.46,4.46,2507.5
1543643100,4.44,4.5,4.46,4.5,647.44
1543644000,4.48,4.49,4.49,4.49,1105.8
1543644900,4.43,4.5,4.5,4.43,725.61
1543645800,4.42,4.45,4.43,4.45,828.63
1543646700,4.44,4.46,4.45,4.46,565.51
1543647600,4.46,4.47,4.47,4.47,872.5
1543648500,4.46,4.49,4.47,4.49,2254.34
1543649400,4.47,4.48,4.48,4.47,442.35
1543650300,4.48,4.52,4.48,4.52,496.05
1543651200,4.53,4.55,4.55,4.53,75.81
1543652100,4.54,4.56,4.55,4.54,133.03
1543653000,4.54,4.59,4.54,4.57,833.51
1543653900,4.55,4.58,4.58,4.55,1698.05
1543654800,4.54,4.58,4.55,4.57,1291.0
1543655700,4.55,4.57,4.57,4.56,203.1
1543656600,4.55,4.56,4.55,4.56,23.7
1543657500,4.57,4.59,4.57,4.58,71.75
1543658400,4.57,4.6,4.57,4.59,541.48
1543659300,4.6,4.69,4.6,4.65,2692.37
1543660200,4.66,4.69,4.67,4.68,1727.36
1543661100,4.68,4.8,4.69,4.74,5396.14
1543662000,4.74,4.78,4.74,4.78,1159.46
1543662900,4.74,4.81,4.79,4.77,2891.5
1543663800,4.75,4.8,4.78,4.77,789.68
1543664700,4.74,4.76,4.75,4.76,1416.2
1543665600,4.75,4.79,4.77,4.77,1256.01
1543666500,4.73,4.76,4.75,4.73,1026.94
1543667400,4.73,4.76,4.74,4.75,300.6
1543668300,4.73,4.76,4.75,4.75,3901.37
1543669200,4.74,4.76,4.75,4.76,525.24
1543670100,4.73,4.76,4.75,4.76,1253.14
1543671000,4.75,4.78,4.76,4.77,1083.1
1543671900,4.77,4.79,4.77,4.78,2744.44
1543672800,4.75,4.78,4.77,4.76,1372.59
1543673700,4.76,4.78,4.76,4.78,1391.49
1543674600,4.74,4.78,4.78,4.77,1785.33
1543675500,4.77,4.8,4.77,4.8,1351.64
1543676400,4.79,4.82,4.8,4.81,919.11
1543677300,4.78,4.81,4.8,4.8,1669.37
1543678200,4.78,4.85,4.81,4.84,3736.02
1543679100,4.83,4.86,4.85,4.86,1554.22
1543680000,4.86,4.93,4.86,4.9,4394.72
1543680900,4.89,4.91,4.9,4.9,222.17
1543681800,4.89,4.91,4.9,4.91,1818.76
1543682700,4.84,4.91,4.9,4.87,2790.75
1543683600,4.83,4.88,4.87,4.86,2965.8
1543684500,4.81,4.86,4.86,4.83,1989.91
1543685400,4.82,4.84,4.83,4.83,830.38
1543686300,4.82,4.86,4.82,4.86,985.41
1543687200,4.85,4.87,4.86,4.87,543.84
1543688100,4.86,4.9,4.86,4.89,1210.98
1543689000,4.86,4.89,4.89,4.86,2544.64
1543689900,4.82,4.87,4.87,4.82,1073.57
1543690800,4.82,4.84,4.83,4.84,1048.64
1543691700,4.83,4.86,4.84,4.86,1048.02
1543692600,4.84,4.86,4.86,4.85,623.2
1543693500,4.84,4.87,4.85,4.87,1759.81
1543694400,4.86,4.87,4.86,4.87,329.5
1543695300,4.85,4.87,4.87,4.86,690.79
1543696200,4.8,4.86,4.85,4.81,3035.04
1543697100,4.78,4.83,4.81,4.81,2312.99
1543698000,4.81,4.86,4.82,4.84,732.81
1543698900,4.8,4.84,4.84,4.82,654.21
1543699800,4.81,4.84,4.82,4.82,1873.75
1543700700,4.8,4.83,4.82,4.83,425.77
1543701600,4.8,4.83,4.82,4.81,2729.7
1543702500,4.79,4.82,4.81,4.82,1415.03
1543703400,4.81,4.83,4.82,4.83,438.15
1543704300,4.81,4.83,4.83,4.82,748.94
1543705200,4.81,4.82,4.82,4.82,126.16
1543706100,4.76,4.82,4.81,4.76,514.58
1543707000,4.76,4.79,4.77,4.79,1116.32
1543707900,4.77,4.8,4.79,4.8,557.37
1543708800,4.77,4.8,4.79,4.78,599.34
1543709700,4.79,4.81,4.79,4.81,132.13
1543710600,4.79,4.81,4.81,4.81,1535.82
1543711500,4.79,4.81,4.81,4.81,186.0
1543712400,4.79,4.81,4.79,4.79,208.65
1543713300,4.8,4.81,4.81,4.81,807.21
1543714200,4.81,4.86,4.81,4.85,3063.16
1543715100,4.85,4.87,4.86,4.87,1009.63
1543716000,4.86,4.89,4.87,4.89,1718.33
1543716900,4.88,4.92,4.88,4.9,3473.97
1543717800,4.87,4.89,4.89,4.88,610.86
1543718700,4.88,4.9,4.88,4.9,1182.66
1543719600,4.84,4.9,4.9,4.86,966.94
1543720500,4.82,4.86,4.86,4.83,689.03
1543721400,4.82,4.85,4.83,4.84,1354.5
1543722300,4.83,4.86,4.84,4.85,740.73
1543723200,4.85,4.86,4.85,4.86,191.42
1543724100,4.85,4.86,4.85,4.86,282.18
1543725000,4.85,4.87,4.86,4.87,150.3
1543725900,4.83,4.87,4.87,4.83,881.37
1543726800,4.76,4.84,4.84,4.79,2336.92
1543727700,4.76,4.79,4.78,4.78,1381.61
1543728600,4.8,4.8,4.8,4.8,500.0
1543729500,4.8,4.82,4.8,4.81,258.42
1543730400,4.78,4.81,4.81,4.81,777.31
1543731300,4.8,4.82,4.8,4.82,561.91
1543732200,4.81,4.82,4.82,4.81,273.15
1543733100,4.81,4.82,4.81,4.82,315.02
1543734000,4.78,4.81,4.81,4.79,754.13
1543734900,4.79,4.83,4.8,4.83,1289.27
1543735800,4.82,4.84,4.83,4.83,1651.65
1543736700,4.81,4.83,4.83,4.81,734.45
1543737600,4.76,4.8,4.8,4.79,929.22
1543738500,4.79,4.82,4.79,4.82,505.79
1543739400,4.81,4.82,4.82,4.82,328.01
1543740300,4.8,4.82,4.82,4.8,368.95
1543741200,4.82,4.86,4.82,4.85,765.97
1543742100,4.83,4.85,4.84,4.83,210.2
1543743000,4.83,4.85,4.85,4.84,140.88
1543743900,4.84,4.86,4.84,4.85,234.73
1543744800,4.78,4.85,4.84,4.8,1277.04
1543745700,4.79,4.81,4.79,4.81,79.85
1543746600,4.77,4.81,4.81,4.77,3082.26
1543747500,4.76,4.79,4.76,4.79,565.41
1543748400,4.77,4.81,4.78,4.8,559.79
1543749300,4.79,4.83,4.79,4.81,116.84
1543750200,4.79,4.82,4.81,4.81,101.67
1543751100,4.78,4.81,4.81,4.79,430.84
1543752000,4.79,4.81,4.8,4.8,43.72
1543752900,4.8,4.82,4.8,4.82,98.76
1543753800,4.81,4.83,4.81,4.83,403.92
1543754700,4.83,4.85,4.83,4.84,873.49
1543755600,4.84,4.86,4.85,4.84,310.04
1543756500,4.82,4.85,4.84,4.83,753.45
1543757400,4.79,4.83,4.83,4.81,704.37
1543758300,4.81,4.83,4.81,4.83,597.12
1543759200,4.82,4.84,4.83,4.84,383.74
1543760100,4.83,4.86,4.84,4.85,835.0
1543761000,4.85,4.89,4.86,4.89,595.03
1543761900,4.88,4.9,4.9,4.88,333.17
1543762800,4.88,4.89,4.89,4.89,1034.24
1543763700,4.88,4.89,4.89,4.89,456.69
1543764600,4.88,5.2,4.89,5.19,16483.25
1543765500,5.06,5.2,5.19,5.09,29119.34
1543766400,5.07,5.11,5.11,5.1,5781.13
1543767300,5.02,5.15,5.08,5.15,15578.18
1543768200,5.12,5.18,5.14,5.16,17198.03
1543769100,5.12,5.17,5.16,5.14,5731.85
1543770000,5.06,5.14,5.14,5.06,7515.19
1543770900,5.05,5.1,5.09,5.09,2718.06
1543771800,5.02,5.09,5.08,5.04,3148.42
1543772700,5.05,5.09,5.05,5.09,4019.18
1543773600,5.06,5.09,5.09,5.07,808.85
1543774500,5.06,5.08,5.07,5.07,1324.24
1543775400,5.08,5.16,5.08,5.16,6783.56
1543776300,5.1,5.16,5.16,5.12,4175.75
1543777200,5.08,5.12,5.12,5.09,1848.32
1543778100,5.07,5.1,5.09,5.09,2244.06
1543779000,5.07,5.1,5.09,5.09,646.3
1543779900,5.09,5.12,5.09,5.11,128.98
1543780800,5.08,5.15,5.11,5.15,3496.93
1543781700,5.14,5.16,5.15,5.14,819.29
1543782600,5.15,5.2,5.15,5.17,1938.62
1543783500,5.17,5.2,5.19,5.2,3187.7
1543784400,5.19,5.25,5.2,5.25,6904.33
1543785300,5.22,5.28,5.24,5.23,5216.71
1543786200,5.21,5.23,5.23,5.23,1821.22
1543787100,5.23,5.28,5.23,5.27,2908.3
1543788000,5.25,5.27,5.27,5.26,1785.96
1543788900,5.16,5.26,5.26,5.16,5010.36
1543789800,5.15,5.18,5.16,5.15,13529.01
1543790700,5.08,5.16,5.16,5.13,9138.8
1543791600,5.1,5.14,5.14,5.14,2325.95
1543792500,5.11,5.15,5.14,5.14,1210.49
1543793400,5.07,5.14,5.13,5.09,1819.0
1543794300,5.06,5.11,5.09,5.09,6550.93
1543795200,5.09,5.13,5.09,5.1,739.27
1543796100,5.08,5.1,5.09,5.08,1031.4
1543797000,5.06,5.09,5.07,5.09,2303.82
1543797900,5.08,5.11,5.09,5.1,913.59
1543798800,5.09,5.11,5.09,5.11,445.36
1543799700,5.11,5.14,5.12,5.13,794.89
1543800600,5.12,5.15,5.13,5.13,2563.09
1543801500,5.13,5.16,5.14,5.15,3472.22
1543802400,4.96,5.14,5.14,5.0,8342.57
1543803300,4.96,5.03,4.99,4.99,5729.74
1543804200,4.96,5.0,4.99,4.97,4424.11
1543805100,4.89,4.95,4.95,4.93,4909.89
1543806000,4.93,5.0,4.93,4.98,5230.28
1543806900,4.99,5.01,4.99,4.99,574.62
1543807800,4.99,5.02,5.0,5.01,2859.64
1543808700,5.0,5.02,5.02,5.01,1195.41
1543809600,5.0,5.01,5.01,5.0,1417.72
1543810500,4.98,5.01,5.01,4.99,1229.85
1543811400,4.96,4.99,4.99,4.97,671.62
1543812300,4.96,5.01,4.97,5.0,2084.82
1543813200,4.98,5.0,5.0,4.99,2482.39
1543814100,4.97,5.0,4.99,4.99,1222.21
1543815000,4.97,5.01,4.99,4.99,1983.16
1543815900,4.97,5.0,4.98,5.0,522.46
1543816800,4.96,5.0,4.99,4.97,1040.3
1543817700,4.96,4.97,4.96,4.96,402.56
1543818600,4.97,4.99,4.97,4.99,1239.43
1543819500,4.98,4.99,4.99,4.99,374.67
1543820400,4.96,4.99,4.99,4.96,1507.33
1543821300,4.95,4.96,4.95,4.96,1041.67
1543822200,4.96,4.97,4.96,4.96,334.7
1543823100,4.97,5.0,4.97,4.99,833.48
1543824000,4.98,5.01,4.99,4.98,2572.65
1543824900,4.93,4.98,4.98,4.95,646.52
1543825800,4.94,4.98,4.94,4.98,81.58
1543826700,4.91,5.0,4.98,5.0,765.11
1543827600,4.97,5.01,4.98,4.99,481.84
1543828500,5.0,5.03,5.0,5.03,721.59
1543829400,5.01,5.03,5.03,5.03,742.25
1543830300,4.99,5.03,5.02,5.0,2135.84
1543831200,4.99,5.01,4.99,5.01,195.47
1543832100,5.0,5.02,5.01,5.01,814.26
1543833000,5.0,5.02,5.01,5.02,138.52
1543833900,5.02,5.02,5.02,5.02,40.67
1543834800,4.95,5.01,5.01,4.98,906.73
1543835700,4.96,4.99,4.97,4.97,231.88
1543836600,4.93,4.98,4.98,4.95,2837.75
1543837500,4.95,4.97,4.95,4.97,314.37
1543838400,4.96,4.97,4.97,4.97,1161.76
1543839300,4.96,4.97,4.97,4.97,292.78
1543840200,4.96,5.01,4.97,4.99,2309.57
1543841100,4.95,5.0,4.99,4.97,1773.18
1543842000,4.96,4.97,4.96,4.96,315.61
1543842900,4.94,4.96,4.95,4.94,1334.84
1543843800,4.91,4.94,4.94,4.93,1532.97
1543844700,4.89,4.93,4.93,4.9,1111.27
1543845600,4.89,4.91,4.9,4.91,2431.44
1543846500,4.89,4.91,4.91,4.91,213.54
1543847400,4.76,4.91,4.91,4.76,12420.39
1543848300,4.7,4.78,4.76,4.76,8743.75
1543849200,4.54,4.74,4.74,4.56,13089.0
1543850100,4.55,4.64,4.56,4.64,12548.65
1543851000,4.57,4.64,4.64,4.57,9909.67
1543851900,4.59,4.65,4.61,4.64,6933.07
1543852800,4.6,4.66,4.64,4.61,12776.53
1543853700,4.56,4.63,4.61,4.63,4384.16
1543854600,4.59,4.63,4.61,4.61,7178.5
1543855500,4.59,4.61,4.6,4.61,3764.84
1543856400,4.6,4.62,4.62,4.61,2477.8
1543857300,4.56,4.62,4.6,4.57,4405.25
1543858200,4.55,4.58,4.56,4.55,3154.31
1543859100,4.54,4.57,4.55,4.54,6896.81
1543860000,4.56,4.57,4.57,4.57,161.97
1543860900,4.53,4.57,4.57,4.55,2219.4
1543861800,4.54,4.56,4.55,4.56,2554.2
1543862700,4.55,4.6,4.55,4.58,8787.68
1543863600,4.58,4.6,4.59,4.59,2063.58
1543864500,4.56,4.59,4.59,4.58,2980.47
1543865400,4.56,4.59,4.58,4.57,1243.06
1543866300,4.53,4.58,4.56,4.53,4242.05
1543867200,4.52,4.55,4.54,4.55,1651.57
1543868100,4.55,4.57,4.55,4.56,4151.51
1543869000,4.56,4.59,4.56,4.57,4272.24
1543869900,4.56,4.58,4.56,4.57,2016.28
1543870800,4.54,4.57,4.57,4.56,14250.79
1543871700,4.55,4.56,4.56,4.56,1114.74
1543872600,4.53,4.56,4.56,4.53,2842.07
1543873500,4.53,4.58,4.54,4.58,5505.81
1543874400,4.52,4.58,4.58,4.52,11686.94
1543875300,4.45,4.54,4.54,4.47,22057.67
1543876200,4.43,4.49,4.49,4.46,6115.12
1543877100,4.44,4.47,4.46,4.46,1647.32
1543878000,4.46,4.52,4.46,4.51,1897.89
1543878900,4.47,4.52,4.51,4.48,5758.11
1543879800,4.43,4.48,4.48,4.43,3713.19
1543880700,4.41,4.46,4.44,4.46,9649.45
1543881600,4.42,4.48,4.45,4.48,6642.99
1543882500,4.46,4.52,4.47,4.51,2849.28
1543883400,4.5,4.55,4.51,4.52,4803.08
1543884300,4.5,4.53,4.51,4.53,1347.91
1543885200,4.52,4.54,4.53,4.53,1618.54
1543886100,4.52,4.55,4.53,4.55,2139.87
1543887000,4.54,4.57,4.54,4.55,11088.32
1543887900,4.54,4.55,4.54,4.55,7521.2
1543888800,4.54,4.55,4.55,4.54,367.59
1543889700,4.52,4.55,4.55,4.53,7248.29
1543890600,4.51,4.55,4.53,4.54,4006.54
1543891500,4.53,4.55,4.54,4.54,823.71
1543892400,4.51,4.54,4.54,4.52,948.48
1543893300,4.48,4.52,4.52,4.48,3742.12
1543894200,4.42,4.47,4.47,4.44,8583.64
1543895100,4.44,4.52,4.44,4.52,5955.4
1543896000,4.48,4.52,4.5,4.51,3480.37
1543896900,4.5,4.53,4.51,4.53,900.53
1543897800,4.52,4.53,4.53,4.52,345.59
1543898700,4.48,4.53,4.53,4.51,4977.05
1543899600,4.5,4.52,4.52,4.52,968.11
1543900500,4.5,4.53,4.52,4.51,1157.07
1543901400,4.47,4.5,4.5,4.47,2904.25
1543902300,4.38,4.49,4.49,4.41,9197.19
1543903200,4.35,4.54,4.41,4.51,8730.98
1543904100,4.49,4.61,4.52,4.61,10225.96
1543905000,4.59,4.65,4.61,4.62,10543.18
1543905900,4.61,4.7,4.63,4.64,4204.2
1543906800,4.64,4.69,4.65,4.69,1500.71
1543907700,4.64,4.69,4.68,4.66,4137.25
1543908600,4.64,4.68,4.67,4.64,673.48
1543909500,4.63,4.66,4.64,4.66,728.02
1543910400,4.62,4.68,4.66,4.64,13849.6
1543911300,4.62,4.64,4.63,4.63,1818.54
1543912200,4.62,4.63,4.62,4.63,879.3
1543913100,4.6,4.63,4.63,4.61,957.75
1543914000,4.61,4.66,4.61,4.62,717.44
1543914900,4.64,4.66,4.64,4.66,377.4
1543915800,4.66,4.67,4.66,4.67,203.76
1543916700,4.66,4.67,4.66,4.67,341.0
1543917600,4.65,4.7,4.67,4.66,1855.66
1543918500,4.63,4.67,4.65,4.63,1694.42
1543919400,4.64,4.66,4.64,4.66,560.1
1543920300,4.65,4.66,4.65,4.66,789.61
1543921200,4.65,4.68,4.66,4.65,1934.3
1543922100,4.64,4.65,4.64,4.64,2084.22
1543923000,4.64,4.67,4.65,4.67,2459.01
1543923900,4.66,4.67,4.67,4.66,389.19
1543924800,4.64,4.67,4.67,4.65,1261.62
1543925700,4.64,4.65,4.64,4.65,191.01
1543926600,4.64,4.65,4.65,4.65,790.6
1543927500,4.64,4.65,4.65,4.64,764.23
1543928400,4.63,4.65,4.65,4.64,6200.56
1543929300,4.64,4.67,4.64,4.66,7280.16
1543930200,4.64,4.66,4.65,4.66,765.83
1543931100,4.65,4.67,4.66,4.65,4626.59
1543932000,4.64,4.65,4.65,4.65,1756.66
1543932900,4.64,4.67,4.65,4.66,5964.98
1543933800,4.65,4.67,4.66,4.65,1494.33
1543934700,4.64,4.67,4.66,4.64,2106.07
1543935600,4.66,4.7,4.66,4.7,10180.46
1543936500,4.66,4.73,4.71,4.67,4701.54
1543937400,4.63,4.68,4.67,4.64,3732.83
1543938300,4.6,4.63,4.6,4.63,4488.68
1543939200,4.56,4.63,4.61,4.57,8908.02
1543940100,4.51,4.57,4.57,4.53,4171.47
1543941000,4.51,4.55,4.53,4.52,2377.58
1543941900,4.48,4.53,4.51,4.49,5399.86
1543942800,4.46,4.51,4.5,4.48,3926.85
1543943700,4.45,4.49,4.48,4.47,6436.05
1543944600,4.42,4.47,4.47,4.42,4550.99
1543945500,4.41,4.44,4.43,4.43,3991.2
1543946400,4.43,4.47,4.43,4.46,3423.2
1543947300,4.46,4.47,4.47,4.46,1185.59
1543948200,4.43,4.47,4.47,4.44,2592.27
1543949100,4.43,4.44,4.43,4.43,2089.32
1543950000,4.43,4.45,4.44,4.43,3726.52
1543950900,4.43,4.44,4.43,4.44,1129.46
1543951800,4.41,4.45,4.43,4.42,6324.53
1543952700,4.39,4.43,4.43,4.39,8468.31
1543953600,4.38,4.4,4.4,4.39,7532.93
1543954500,4.38,4.39,4.39,4.38,891.14
1543955400,4.35,4.39,4.39,4.36,10896.56
1543956300,4.33,4.37,4.35,4.36,7819.08
1543957200,4.33,4.37,4.36,4.37,1485.37
1543958100,4.35,4.38,4.37,4.38,4453.09
1543959000,4.37,4.39,4.37,4.39,3509.9
1543959900,4.38,4.43,4.39,4.4,6005.76
1543960800,4.37,4.4,4.4,4.37,2914.3
1543961700,4.35,4.4,4.37,4.37,4258.48
1543962600,4.36,4.37,4.36,4.37,231.92
1543963500,4.36,4.38,4.37,4.37,2077.05
1543964400,4.34,4.37,4.36,4.34,8429.87
1543965300,4.31,4.34,4.34,4.31,7214.49
1543966200,4.29,4.33,4.3,4.32,14220.06
1543967100,4.32,4.35,4.33,4.34,922.55
1543968000,4.35,4.43,4.35,4.42,8401.49
1543968900,4.39,4.42,4.41,4.39,1966.8
1543969800,4.39,4.44,4.4,4.41,14702.08
1543970700,4.41,4.42,4.42,4.41,1319.78
1543971600,4.41,4.42,4.42,4.42,2009.38
1543972500,4.37,4.42,4.42,4.38,5371.54
1543973400,4.35,4.38,4.38,4.37,3915.1
1543974300,4.35,4.37,4.36,4.36,861.27
1543975200,4.33,4.36,4.35,4.35,1843.29
1543976100,4.32,4.35,4.35,4.33,1650.26
1543977000,4.31,4.34,4.34,4.34,1861.67
1543977900,4.32,4.34,4.33,4.33,1562.03
1543978800,4.32,4.34,4.32,4.32,915.5
1543979700,4.32,4.33,4.33,4.33,1131.22
1543980600,4.32,4.36,4.33,4.36,2258.83
1543981500,4.32,4.35,4.35,4.34,4523.05
1543982400,4.3,4.34,4.34,4.34,2226.4
1543983300,4.33,4.36,4.34,4.33,2576.54
1543984200,4.34,4.36,4.35,4.35,2842.71
1543985100,4.34,4.36,4.35,4.36,876.12
1543986000,4.34,4.36,4.36,4.34,3262.13
1543986900,4.34,4.36,4.36,4.36,910.51
1543987800,4.36,4.37,4.36,4.37,1126.62
1543988700,4.35,4.37,4.36,4.36,897.84
1543989600,4.35,4.36,4.36,4.36,168.65
1543990500,4.34,4.36,4.35,4.34,1275.7
1543991400,4.33,4.35,4.34,4.33,1297.2
1543992300,4.32,4.34,4.33,4.34,969.99
1543993200,4.31,4.34,4.33,4.32,640.13
1543994100,4.31,4.32,4.32,4.31,532.44
1543995000,4.22,4.32,4.32,4.23,3792.78
1543995900,4.09,4.22,4.21,4.09,8027.12
1543996800,4.09,4.16,4.1,4.15,11408.26
1543997700,4.16,4.18,4.16,4.18,4718.72
1543998600,4.13,4.17,4.15,4.17,745.83
1543999500,4.15,4.17,4.17,4.15,620.64
1544000400,4.15,4.16,4.16,4.16,488.84
1544001300,4.15,4.16,4.16,4.16,780.28
1544002200,4.15,4.22,4.15,4.21,1419.19
1544003100,4.21,4.25,4.22,4.25,337.4
1544004000,4.23,4.27,4.26,4.23,73.81
1544004900,4.22,4.25,4.23,4.22,1124.59
1544005800,4.22,4.23,4.23,4.23,1811.86
1544006700,4.17,4.23,4.22,4.18,4201.29
1544007600,4.19,4.21,4.19,4.21,4681.32
1544008500,4.18,4.21,4.2,4.18,1301.71
1544009400,4.17,4.19,4.19,4.18,454.52
1544010300,4.17,4.26,4.18,4.26,3130.67
1544011200,4.24,4.27,4.25,4.27,2467.54
1544012100,4.25,4.28,4.28,4.26,743.78
1544013000,4.24,4.26,4.25,4.25,842.78
1544013900,4.25,4.26,4.26,4.26,469.61
1544014800,4.25,4.26,4.26,4.26,1658.61
1544015700,4.25,4.26,4.26,4.25,1387.91
1544016600,4.25,4.29,4.25,4.28,3812.44
1544017500,4.26,4.29,4.29,4.26,1285.24
1544018400,4.24,4.26,4.26,4.26,936.18
1544019300,4.22,4.26,4.26,4.22,1077.34
1544020200,4.16,4.23,4.23,4.16,6466.43
1544021100,4.14,4.17,4.17,4.16,9353.17
1544022000,4.15,4.19,4.16,4.18,1992.74
1544022900,4.17,4.2,4.17,4.19,2762.97
1544023800,4.18,4.21,4.19,4.21,1653.37
1544024700,4.2,4.22,4.21,4.2,2210.12
1544025600,4.2,4.21,4.2,4.2,1582.35
1544026500,4.13,4.2,4.19,4.19,3588.03
1544027400,4.17,4.22,4.17,4.2,9858.98
1544028300,4.0,4.22,4.22,4.04,30795.55
1544029200,4.02,4.08,4.04,4.06,5689.52
1544030100,4.05,4.13,4.07,4.06,9743.35
1544031000,4.05,4.09,4.07,4.09,2633.04
1544031900,4.06,4.09,4.09,4.08,2756.51
1544032800,4.07,4.1,4.09,4.09,1198.89
1544033700,4.07,4.1,4.1,4.1,3714.15
1544034600,4.09,4.12,4.09,4.12,3284.27
1544035500,4.12,4.15,4.12,4.13,2079.93
1544036400,4.12,4.15,4.14,4.14,1562.05
1544037300,4.08,4.14,4.14,4.1,2337.64
1544038200,4.05,4.1,4.1,4.05,11057.29
1544039100,3.93,4.05,4.05,3.94,16180.76
1544040000,3.95,4.13,3.95,4.08,20364.28
1544040900,4.0,4.09,4.09,4.04,4193.95
1544041800,4.03,4.05,4.03,4.04,511.02
1544042700,4.01,4.06,4.05,4.06,4680.51
1544043600,4.03,4.07,4.07,4.05,5935.48
1544044500,4.04,4.07,4.04,4.07,2493.65
1544045400,4.06,4.08,4.08,4.06,987.31
1544046300,3.96,4.07,4.07,3.98,16141.67
1544047200,3.96,3.99,3.98,3.97,4742.57
1544048100,3.97,4.01,3.97,3.99,7262.41
1544049000,3.98,4.01,4.0,4.01,1391.31
1544049900,4.0,4.01,4.01,4.0,1071.07
1544050800,4.0,4.01,4.0,4.01,945.23
1544051700,3.99,4.02,4.01,4.01,2043.7
1544052600,3.95,4.02,4.02,3.95,5250.49
1544053500,3.93,3.97,3.94,3.97,3394.15
1544054400,3.96,4.05,3.97,4.04,8216.4
1544055300,3.99,4.05,4.05,4.0,3031.43
1544056200,3.99,4.04,4.0,4.02,2778.18
1544057100,4.01,4.03,4.02,4.03,1421.73
1544058000,4.0,4.04,4.03,4.02,1095.54
1544058900,4.01,4.04,4.01,4.04,2385.77
1544059800,4.03,4.05,4.03,4.04,1253.11
1544060700,4.03,4.04,4.04,4.04,501.61
1544061600,4.04,4.05,4.04,4.05,2051.59
1544062500,4.03,4.05,4.05,4.04,410.93
1544063400,4.03,4.04,4.04,4.04,812.47
1544064300,3.96,4.04,4.04,3.97,5639.96
1544065200,3.96,4.07,3.97,4.03,18087.62
1544066100,4.0,4.04,4.04,4.01,6926.35
1544067000,4.0,4.02,4.01,4.02,1093.35
1544067900,4.0,4.02,4.02,4.02,719.46
1544068800,4.02,4.04,4.02,4.04,408.84
1544069700,4.03,4.04,4.04,4.04,531.24
1544070600,4.01,4.04,4.04,4.02,422.76
1544071500,3.99,4.02,4.02,4.0,2223.39
1544072400,3.94,4.13,4.01,4.1,17333.76
1544073300,4.06,4.13,4.1,4.1,7262.84
1544074200,4.08,4.12,4.11,4.11,4582.17
1544075100,4.09,4.12,4.1,4.12,1118.43
1544076000,4.12,4.17,4.14,4.15,699.3
1544076900,4.1,4.15,4.15,4.11,1678.63
1544077800,4.1,4.11,4.11,4.11,289.68
1544078700,4.08,4.11,4.11,4.1,5884.06
1544079600,4.07,4.1,4.1,4.08,5399.25
1544080500,4.08,4.1,4.09,4.1,66.24
1544081400,4.07,4.1,4.1,4.08,1300.02
1544082300,4.08,4.08,4.08,4.08,704.45
1544083200,4.09,4.11,4.09,4.1,2823.43
1544084100,4.1,4.11,4.11,4.11,83.3
1544085000,4.1,4.11,4.11,4.1,1672.16
1544085900,4.09,4.11,4.11,4.11,3737.39
1544086800,4.07,4.1,4.1,4.07,1941.54
1544087700,4.08,4.11,4.09,4.11,74.6
1544088600,4.09,4.11,4.11,4.1,3021.86
1544089500,4.09,4.12,4.12,4.09,122.99
1544090400,4.05,4.1,4.09,4.06,775.68
1544091300,4.03,4.06,4.06,4.03,671.95
1544092200,4.01,4.04,4.02,4.04,620.48
1544093100,4.01,4.04,4.04,4.01,209.3
1544094000,4.0,4.04,4.02,4.0,1777.98
1544094900,4.01,4.02,4.01,4.02,1110.33
1544095800,4.0,4.03,4.01,4.0,2279.27
1544096700,4.0,4.01,4.01,4.01,561.32
1544097600,4.0,4.05,4.02,4.05,513.23
1544098500,4.04,4.09,4.05,4.06,2884.0
1544099400,4.0,4.03,4.03,4.0,139.39
1544100300,4.0,4.02,4.01,4.02,1051.57
1544101200,3.98,4.02,4.02,4.0,1161.75
1544102100,3.98,4.0,3.99,3.98,1763.16
1544103000,3.95,3.99,3.99,3.95,3564.73
1544103900,3.87,3.91,3.91,3.89,737.29
1544104800,3.81,3.91,3.9,3.86,14508.33
1544105700,3.85,3.95,3.85,3.94,6927.73
1544106600,3.78,3.94,3.94,3.82,8745.17
1544107500,3.79,3.93,3.84,3.86,9937.11
1544108400,3.83,3.88,3.86,3.84,4271.26
1544109300,3.79,3.85,3.84,3.82,12526.07
1544110200,3.8,3.83,3.83,3.82,2495.98
1544111100,3.81,3.87,3.83,3.84,6154.58
1544112000,3.81,3.85,3.84,3.83,1909.73
1544112900,3.81,3.85,3.83,3.84,3512.12
1544113800,3.82,3.85,3.85,3.83,6507.6
1544114700,3.75,3.85,3.82,3.81,14609.53
1544115600,3.74,3.82,3.8,3.77,8291.11
1544116500,3.74,3.8,3.75,3.79,4861.21
1544117400,3.79,3.8,3.8,3.8,571.23
1544118300,3.79,3.84,3.79,3.83,1985.53
1544119200,3.8,3.83,3.82,3.82,2333.93
1544120100,3.81,3.83,3.82,3.82,2407.66
1544121000,3.7,3.82,3.82,3.78,16313.64
1544121900,3.78,3.81,3.79,3.8,2401.38
1544122800,3.76,3.81,3.8,3.77,2941.84
1544123700,3.76,3.8,3.78,3.79,2634.05
1544124600,3.79,3.84,3.79,3.82,3065.05
1544125500,3.81,3.85,3.81,3.85,2776.78
1544126400,3.81,3.85,3.84,3.83,2327.63
1544127300,3.81,3.84,3.82,3.82,6907.56
1544128200,3.8,3.82,3.81,3.8,1144.87
1544129100,3.8,3.81,3.81,3.81,623.78
1544130000,3.78,3.82,3.81,3.81,3420.92
1544130900,3.8,3.82,3.82,3.81,1272.15
1544131800,3.8,3.83,3.82,3.81,1285.6
1544132700,3.75,3.79,3.79,3.75,3108.9
1544133600,3.7,3.76,3.76,3.71,5935.33
1544134500,3.64,3.72,3.7,3.64,6916.84
1544135400,3.6,3.65,3.65,3.64,8228.03
1544136300,3.63,3.66,3.64,3.65,11110.53
1544137200,3.64,3.69,3.65,3.65,4122.11
1544138100,3.56,3.65,3.63,3.6,14536.37
1544139000,3.45,3.6,3.6,3.46,23551.73
1544139900,3.36,3.47,3.46,3.45,25070.22
1544140800,3.38,3.47,3.46,3.42,9806.31
1544141700,3.42,3.47,3.43,3.44,8609.64
1544142600,3.38,3.44,3.44,3.38,14355.65
1544143500,3.22,3.4,3.39,3.24,22358.96
1544144400,3.21,3.33,3.22,3.32,29497.36
1544145300,3.24,3.32,3.3,3.26,6768.8
1544146200,3.25,3.32,3.26,3.31,6258.05
1544147100,3.29,3.35,3.31,3.32,12218.33
1544148000,3.31,3.52,3.31,3.39,29988.11
1544148900,3.34,3.4,3.4,3.37,7454.1
1544149800,3.32,3.37,3.37,3.33,3942.96
1544150700,3.27,3.33,3.33,3.31,8062.91
1544151600,3.29,3.33,3.32,3.3,4495.23
1544152500,3.25,3.31,3.3,3.31,9299.95
1544153400,3.3,3.33,3.31,3.32,2639.77
1544154300,3.31,3.37,3.31,3.37,3404.12
1544155200,3.36,3.42,3.37,3.4,10778.14
1544156100,3.37,3.42,3.41,3.42,3611.64
1544157000,3.4,3.45,3.41,3.45,7887.9
1544157900,3.42,3.46,3.46,3.43,2324.02
1544158800,3.38,3.44,3.44,3.44,3953.91
1544159700,3.43,3.47,3.45,3.43,1959.13
1544160600,3.44,3.53,3.45,3.49,28090.66
1544161500,3.5,3.55,3.5,3.54,8537.04
1544162400,3.48,3.54,3.54,3.5,8233.98
1544163300,3.48,3.52,3.49,3.52,7028.98
1544164200,3.51,3.52,3.51,3.52,3052.75
1544165100,3.49,3.51,3.5,3.51,3846.24
1544166000,3.5,3.56,3.5,3.55,1319.4
1544166900,3.51,3.54,3.54,3.53,4589.29
1544167800,3.5,3.53,3.52,3.51,3132.69
1544168700,3.49,3.53,3.51,3.5,2260.65
1544169600,3.48,3.51,3.5,3.51,1052.8
1544170500,3.5,3.51,3.51,3.51,760.86
1544171400,3.41,3.51,3.51,3.43,2899.27
1544172300,3.4,3.43,3.43,3.42,457.35
1544173200,3.4,3.42,3.41,3.42,1714.17
1544174100,3.42,3.43,3.42,3.42,1026.01
1544175000,3.41,3.46,3.43,3.45,1136.32
1544175900,3.45,3.48,3.45,3.47,1044.65
1544176800,3.48,3.51,3.48,3.5,1208.38
1544177700,3.47,3.52,3.5,3.47,1056.0
1544178600,3.44,3.48,3.46,3.45,1515.75
1544179500,3.44,3.47,3.45,3.46,1527.92
1544180400,3.46,3.5,3.46,3.48,1704.69
1544181300,3.5,3.58,3.5,3.53,7406.56
1544182200,3.5,3.54,3.53,3.52,1668.01
1544183100,3.49,3.52,3.51,3.51,1318.97
1544184000,3.47,3.51,3.51,3.49,2675.16
1544184900,3.48,3.52,3.5,3.5,1911.31
1544185800,3.48,3.5,3.49,3.49,945.38
1544186700,3.48,3.51,3.49,3.49,1937.89
1544187600,3.47,3.49,3.49,3.48,835.11
1544188500,3.47,3.5,3.48,3.5,2285.68
1544189400,3.48,3.5,3.5,3.5,4177.18
1544190300,3.47,3.5,3.5,3.5,1576.2
1544191200,3.5,3.54,3.5,3.53,9280.88
1544192100,3.5,3.55,3.52,3.53,5679.56
1544193000,3.54,3.59,3.54,3.58,3938.83
1544193900,3.6,3.69,3.6,3.63,13537.41
1544194800,3.61,3.64,3.62,3.62,3016.79
1544195700,3.54,3.62,3.62,3.55,6040.81
1544196600,3.5,3.58,3.56,3.5,9092.56
1544197500,3.42,3.51,3.5,3.44,3879.05
1544198400,3.44,3.51,3.44,3.47,5656.87
1544199300,3.35,3.46,3.46,3.38,13245.99
1544200200,3.35,3.43,3.39,3.42,4512.67
1544201100,3.4,3.48,3.42,3.48,3819.07
1544202000,3.47,3.51,3.48,3.51,5838.55
1544202900,3.46,3.51,3.5,3.46,5364.77
1544203800,3.39,3.47,3.47,3.43,9637.96
1544204700,3.41,3.45,3.43,3.45,4824.6
1544205600,3.44,3.51,3.44,3.51,4105.4
1544206500,3.5,3.53,3.52,3.52,8821.17
1544207400,3.5,3.52,3.52,3.52,2196.63
1544208300,3.5,3.52,3.51,3.51,3037.42
1544209200,3.5,3.75,3.5,3.69,11074.89
1544210100,3.64,3.81,3.69,3.71,37668.3
1544211000,3.72,3.78,3.74,3.78,3807.5
1544211900,3.76,3.82,3.78,3.79,6367.89
1544212800,3.76,3.8,3.79,3.76,8666.37
1544213700,3.76,3.8,3.78,3.78,4294.78
1544214600,3.71,3.82,3.79,3.72,13182.71
1544215500,3.64,3.72,3.7,3.67,2798.11
1544216400,3.62,3.77,3.67,3.74,6973.57
1544217300,3.74,3.8,3.74,3.79,11495.3
1544218200,3.78,3.98,3.79,3.98,8787.14
1544219100,3.9,3.98,3.98,3.96,6806.03
1544220000,3.88,3.96,3.96,3.89,5340.28
1544220900,3.86,3.94,3.88,3.94,4770.0
1544221800,3.9,3.95,3.94,3.94,8913.85
1544222700,3.89,3.94,3.93,3.94,7823.13
1544223600,3.92,3.96,3.94,3.93,2377.48
1544224500,3.87,3.93,3.93,3.87,2416.68
1544225400,3.87,3.91,3.88,3.88,18740.26
1544226300,3.8,3.88,3.87,3.82,8062.35
1544227200,3.76,3.84,3.81,3.84,11085.18
1544228100,3.84,3.88,3.85,3.86,2875.79
1544229000,3.85,3.95,3.86,3.92,13806.46
1544229900,3.9,3.99,3.93,3.98,17147.97
1544230800,3.95,3.99,3.96,3.97,8373.47
1544231700,3.86,3.97,3.97,3.9,14535.6
1544232600,3.87,3.93,3.9,3.88,4884.76
1544233500,3.84,3.89,3.87,3.88,10705.4
1544234400,3.87,3.92,3.88,3.89,7819.11
1544235300,3.86,3.89,3.89,3.87,3275.91
1544236200,3.81,3.88,3.88,3.83,9309.85
1544237100,3.83,3.9,3.83,3.87,3521.69
1544238000,3.87,3.94,3.9,3.89,8771.91
1544238900,3.86,3.95,3.91,3.87,6361.92
1544239800,3.87,3.9,3.87,3.9,1400.73
1544240700,3.87,3.9,3.9,3.9,2804.49
1544241600,3.86,3.9,3.9,3.87,1174.72
1544242500,3.85,3.92,3.88,3.89,4260.13
1544243400,3.8,3.91,3.9,3.81,2332.18
1544244300,3.81,3.86,3.81,3.82,595.15
1544245200,3.78,3.82,3.82,3.81,897.18
1544246100,3.8,3.84,3.81,3.8,2290.91
1544247000,3.74,3.81,3.8,3.74,2972.81
1544247900,3.7,3.76,3.75,3.75,6663.46
1544248800,3.73,3.75,3.75,3.73,30.24
1544249700,3.68,3.72,3.72,3.72,2117.75
1544250600,3.7,3.72,3.72,3.71,903.67
1544251500,3.72,3.76,3.72,3.76,217.26
1544252400,3.74,3.77,3.75,3.75,422.52
1544253300,3.74,3.8,3.75,3.78,1075.66
1544254200,3.77,3.8,3.79,3.8,335.77
1544255100,3.76,3.79,3.79,3.78,595.11
1544256000,3.74,3.8,3.78,3.77,1705.73
1544256900,3.69,3.77,3.75,3.7,1155.8
1544257800,3.69,3.73,3.72,3.71,1134.84
1544258700,3.72,3.75,3.72,3.73,472.07
1544259600,3.71,3.74,3.74,3.72,1844.74
1544260500,3.71,3.75,3.72,3.74,805.84
1544261400,3.71,3.75,3.74,3.74,1048.77
1544262300,3.71,3.76,3.74,3.73,3802.34
1544263200,3.73,3.79,3.74,3.76,1453.13
1544264100,3.74,3.78,3.78,3.76,1113.64
1544265000,3.72,3.77,3.77,3.74,526.36
1544265900,3.7,3.73,3.72,3.73,2077.96
1544266800,3.72,3.77,3.73,3.72,878.75
1544267700,3.72,3.73,3.72,3.73,636.48
1544268600,3.73,3.75,3.73,3.75,475.07
1544269500,3.73,3.75,3.75,3.73,649.56
1544270400,3.71,3.74,3.72,3.73,2067.57
1544271300,3.64,3.73,3.73,3.66,2075.33
1544272200,3.63,3.68,3.65,3.67,1975.74
1544273100,3.66,3.69,3.67,3.66,1319.16
1544274000,3.66,3.7,3.66,3.69,2213.8
1544274900,3.68,3.71,3.69,3.69,2342.16
1544275800,3.68,3.71,3.7,3.7,1162.95
1544276700,3.66,3.7,3.69,3.66,3224.3
1544277600,3.61,3.66,3.66,3.64,3273.5
1544278500,3.64,3.67,3.65,3.65,2053.3
1544279400,3.64,3.67,3.65,3.67,2109.54
1544280300,3.65,3.68,3.67,3.65,4497.56
1544281200,3.62,3.66,3.64,3.64,2216.63
1544282100,3.64,3.74,3.65,3.7,4593.32
1544283000,3.7,3.73,3.71,3.72,1513.62
1544283900,3.66,3.72,3.72,3.67,3365.43
1544284800,3.66,3.69,3.67,3.66,2216.1
1544285700,3.66,3.73,3.67,3.73,4980.48
1544286600,3.71,3.74,3.73,3.74,3500.19
1544287500,3.73,3.77,3.74,3.73,2644.71
1544288400,3.69,3.73,3.73,3.7,2212.63
1544289300,3.69,3.71,3.71,3.7,986.07
1544290200,3.69,3.72,3.69,3.71,1018.58
1544291100,3.69,3.71,3.7,3.69,1889.32
1544292000,3.68,3.75,3.69,3.73,7376.71
1544292900,3.71,3.77,3.73,3.72,2161.51
1544293800,3.71,3.73,3.72,3.73,1029.12
1544294700,3.73,3.77,3.75,3.77,1807.26
1544295600,3.75,3.8,3.77,3.77,1993.25
1544296500,3.67,3.77,3.77,3.69,1002.49
1544297400,3.62,3.69,3.68,3.66,14465.76
1544298300,3.62,3.71,3.64,3.69,14546.49
1544299200,3.63,3.71,3.69,3.66,7615.88
1544300100,3.66,3.7,3.67,3.68,3111.78
1544301000,3.63,3.7,3.67,3.65,2422.14
1544301900,3.64,3.66,3.64,3.66,1760.79
1544302800,3.65,3.69,3.65,3.68,2317.5
1544303700,3.66,3.69,3.68,3.67,880.97
1544304600,3.48,3.67,3.66,3.49,18107.63
1544305500,3.49,3.59,3.49,3.58,15961.12
1544306400,3.58,3.65,3.58,3.59,14854.91
1544307300,3.56,3.65,3.59,3.65,3427.24
1544308200,3.64,3.68,3.64,3.67,1099.63
1544309100,3.66,3.92,3.68,3.89,21607.29
1544310000,3.73,3.9,3.87,3.76,15003.06
1544310900,3.75,3.82,3.75,3.79,12962.9
1544311800,3.79,3.83,3.79,3.82,1947.07
1544312700,3.76,3.83,3.82,3.8,8471.69
1544313600,3.76,3.79,3.78,3.78,314.64
1544314500,3.79,3.81,3.79,3.81,1554.19
1544315400,3.79,3.82,3.8,3.8,1240.38
1544316300,3.8,3.85,3.81,3.84,2822.22
1544317200,3.82,3.85,3.84,3.83,1146.63
1544318100,3.82,3.84,3.84,3.84,5066.76
1544319000,3.82,3.87,3.84,3.82,1420.18
1544319900,3.8,3.84,3.82,3.84,1519.4
1544320800,3.82,3.85,3.84,3.85,842.64
1544321700,3.83,3.85,3.84,3.85,2900.66
1544322600,3.82,3.85,3.85,3.83,948.67
1544323500,3.81,3.86,3.83,3.83,9074.65
1544324400,3.8,3.83,3.83,3.83,633.49
1544325300,3.8,3.83,3.83,3.81,181.99
1544326200,3.75,3.81,3.81,3.78,14812.44
1544327100,3.75,3.81,3.78,3.75,4239.86
1544328000,3.74,3.77,3.76,3.77,949.77
1544328900,3.76,3.79,3.77,3.79,427.12
1544329800,3.78,3.81,3.79,3.8,551.12
1544330700,3.79,3.81,3.8,3.81,1520.06
1544331600,3.81,3.83,3.81,3.83,1117.59
1544332500,3.8,3.84,3.83,3.82,1165.98
1544333400,3.8,3.83,3.81,3.83,2243.1
1544334300,3.79,3.83,3.83,3.8,613.95
1544335200,3.78,3.8,3.8,3.8,610.63
1544336100,3.79,3.8,3.79,3.8,369.55
1544337000,3.78,3.85,3.78,3.85,3222.67
1544337900,3.84,3.85,3.84,3.84,539.26
1544338800,3.82,3.85,3.85,3.83,651.47
1544339700,3.84,3.86,3.84,3.86,5304.37
1544340600,3.85,3.86,3.85,3.85,1706.81
1544341500,3.81,3.85,3.85,3.84,691.69
1544342400,3.83,3.85,3.83,3.85,403.89
1544343300,3.85,3.87,3.85,3.86,189.02
1544344200,3.84,3.87,3.87,3.85,800.69
1544345100,3.84,3.87,3.85,3.87,900.8
1544346000,3.87,3.91,3.87,3.9,3937.96
1544346900,3.87,3.9,3.9,3.88,722.03
1544347800,3.87,3.89,3.88,3.88,894.66
1544348700,3.84,3.9,3.9,3.86,2052.09
1544349600,3.84,3.86,3.85,3.86,325.98
1544350500,3.81,3.86,3.86,3.83,5507.03
1544351400,3.83,3.85,3.83,3.85,850.96
1544352300,3.82,3.84,3.84,3.83,597.85
1544353200,3.82,3.83,3.83,3.83,27.5
1544354100,3.81,3.83,3.83,3.82,407.89
1544355000,3.8,3.88,3.82,3.86,1208.23
1544355900,3.84,3.86,3.85,3.84,75.48
1544356800,3.84,3.9,3.84,3.9,586.6
1544357700,3.87,3.91,3.91,3.87,362.96
1544358600,3.87,3.89,3.87,3.88,578.65
1544359500,3.85,3.88,3.88,3.85,1259.78
1544360400,3.83,3.88,3.85,3.85,12374.43
1544361300,3.85,3.88,3.86,3.87,718.12
1544362200,3.84,3.92,3.87,3.89,4700.98
1544363100,3.88,3.91,3.9,3.9,3623.59
1544364000,3.91,3.97,3.91,3.95,2929.58
1544364900,3.94,4.03,3.95,3.94,13822.7
1544365800,3.92,3.96,3.93,3.95,5757.76
1544366700,3.89,3.94,3.94,3.9,2481.35
1544367600,3.9,3.92,3.9,3.92,2134.62
1544368500,3.87,3.92,3.92,3.87,9408.68
1544369400,3.88,3.92,3.88,3.92,1971.04
1544370300,3.91,3.96,3.93,3.95,6759.29
1544371200,3.9,3.95,3.95,3.91,692.5
1544372100,3.9,3.95,3.91,3.94,1969.48
1544373000,3.93,3.99,3.93,3.98,5879.16
1544373900,3.95,3.99,3.99,3.99,3159.12
1544374800,3.97,4.14,3.99,4.13,23662.29
1544375700,4.06,4.24,4.13,4.09,43802.15
1544376600,4.02,4.1,4.09,4.1,15057.38
1544377500,4.01,4.1,4.09,4.03,10025.82
1544378400,4.02,4.15,4.02,4.13,7730.02
1544379300,4.08,4.13,4.13,4.1,3656.13
1544380200,4.06,4.11,4.09,4.06,4911.16
1544381100,4.04,4.07,4.07,4.06,2863.21
1544382000,4.03,4.07,4.06,4.04,2976.82
1544382900,3.94,4.04,4.04,3.94,3012.71
1544383800,3.94,3.95,3.95,3.95,1858.03
1544384700,3.94,4.03,3.94,4.02,6542.3
1544385600,3.99,4.02,4.02,3.99,4022.44
1544386500,3.99,4.02,4.0,4.0,4005.39
1544387400,3.94,4.0,4.0,3.96,2806.67
1544388300,3.95,3.99,3.96,3.98,1112.89
1544389200,3.96,4.0,3.98,3.98,4757.42
1544390100,3.94,3.98,3.98,3.95,3176.44
1544391000,3.91,3.95,3.95,3.91,4360.44
1544391900,3.86,3.92,3.91,3.87,3849.41
1544392800,3.85,3.9,3.88,3.85,6241.89
1544393700,3.84,3.88,3.85,3.87,3790.83
1544394600,3.86,3.9,3.86,3.88,5447.53
1544395500,3.85,3.89,3.88,3.87,2487.88
1544396400,3.86,3.89,3.87,3.89,1587.08
1544397300,3.87,3.91,3.89,3.91,1097.61
1544398200,3.9,3.93,3.91,3.91,758.2
1544399100,3.89,3.91,3.91,3.9,926.5
1544400000,3.88,3.9,3.89,3.9,617.88
1544400900,3.89,4.04,3.9,4.03,21635.09
1544401800,3.98,4.08,4.03,3.98,12892.62
1544402700,3.96,3.99,3.99,3.97,1780.49
1544403600,3.97,4.03,3.97,4.01,735.23
1544404500,4.01,4.02,4.01,4.02,354.97
1544405400,3.98,4.02,4.02,3.98,2393.03
1544406300,3.93,3.98,3.97,3.94,2434.03
1544407200,3.93,3.95,3.94,3.93,981.41
1544408100,3.87,3.93,3.92,3.89,2821.19
1544409000,3.88,3.9,3.89,3.89,393.56
1544409900,3.87,3.89,3.89,3.89,480.24
1544410800,3.84,3.89,3.89,3.85,2246.67
1544411700,3.87,3.9,3.87,3.88,2456.9
1544412600,3.87,3.9,3.89,3.89,3125.57
1544413500,3.87,3.89,3.88,3.89,2306.14
1544414400,3.88,3.89,3.89,3.88,282.97
1544415300,3.87,3.89,3.89,3.89,721.5
1544416200,3.88,3.89,3.89,3.88,45.54
1544417100,3.88,3.9,3.88,3.9,483.37
1544418000,3.88,3.9,3.9,3.89,273.84
1544418900,3.87,3.89,3.89,3.87,1205.79
1544419800,3.87,3.88,3.87,3.88,513.97
1544420700,3.88,3.91,3.88,3.91,3837.46
1544421600,3.68,3.91,3.91,3.7,18272.97
1544422500,3.67,3.73,3.68,3.73,3053.66
1544423400,3.72,3.74,3.73,3.73,2019.45
1544424300,3.73,3.76,3.73,3.75,1134.06
1544425200,3.73,3.76,3.75,3.76,3616.63
1544426100,3.75,3.77,3.76,3.77,822.37
1544427000,3.77,3.81,3.77,3.81,2562.75
1544427900,3.81,3.82,3.81,3.81,265.49
1544428800,3.79,3.82,3.81,3.8,753.28
1544429700,3.77,3.79,3.79,3.79,393.34
1544430600,3.79,3.82,3.79,3.81,409.78
1544431500,3.81,3.82,3.82,3.82,4458.31
1544432400,3.76,3.81,3.81,3.77,6586.3
1544433300,3.76,3.77,3.77,3.76,68.52
1544434200,3.76,3.79,3.76,3.78,431.11
1544435100,3.78,3.82,3.79,3.81,200.24
1544436000,3.81,3.83,3.82,3.83,121.12
1544436900,3.81,3.83,3.81,3.82,774.97
1544437800,3.82,3.83,3.83,3.82,312.02
1544438700,3.82,3.84,3.83,3.82,550.71
1544439600,3.81,3.86,3.81,3.84,1086.86
1544440500,3.85,3.87,3.85,3.86,1157.88
1544441400,3.85,3.87,3.85,3.87,3103.75
1544442300,3.85,3.87,3.85,3.87,1179.22
1544443200,3.81,3.87,3.87,3.81,1913.23
1544444100,3.8,3.82,3.81,3.81,1730.89
1544445000,3.8,3.82,3.81,3.81,761.42
1544445900,3.81,3.82,3.82,3.82,684.41
1544446800,3.81,3.82,3.81,3.82,326.48
1544447700,3.81,3.82,3.82,3.81,373.25
1544448600,3.79,3.81,3.8,3.8,459.94
1544449500,3.79,3.82,3.79,3.82,972.41
1544450400,3.8,3.82,3.82,3.81,5377.15
1544451300,3.77,3.81,3.81,3.78,1468.16
1544452200,3.77,3.8,3.78,3.79,1210.34
1544453100,3.78,3.81,3.8,3.78,2791.34
1544454000,3.71,3.8,3.8,3.75,6605.62
1544454900,3.72,3.76,3.75,3.72,1058.01
1544455800,3.7,3.74,3.73,3.74,6264.96
1544456700,3.72,3.74,3.74,3.74,1186.41
1544457600,3.69,3.85,3.73,3.82,13202.82
1544458500,3.81,3.86,3.81,3.83,4169.98
1544459400,3.81,3.85,3.83,3.81,625.72
1544460300,3.8,3.84,3.82,3.81,4043.08
1544461200,3.81,3.83,3.83,3.81,841.76
1544462100,3.76,3.81,3.81,3.77,1850.48
1544463000,3.74,3.77,3.77,3.74,1783.3
1544463900,3.74,3.78,3.75,3.77,2845.8
1544464800,3.77,3.84,3.78,3.83,1968.1
1544465700,3.83,3.85,3.83,3.84,287.06
1544466600,3.83,3.85,3.84,3.84,573.63
1544467500,3.8,3.85,3.85,3.82,1419.94
1544468400,3.82,3.85,3.82,3.83,2165.91
1544469300,3.76,3.84,3.84,3.8,3150.44
1544470200,3.77,3.81,3.81,3.8,1997.02
1544471100,3.79,3.81,3.81,3.8,5899.48
1544472000,3.8,3.82,3.81,3.81,1662.74
1544472900,3.78,3.81,3.81,3.79,518.13
1544473800,3.79,3.81,3.79,3.8,931.88
1544474700,3.8,3.83,3.81,3.83,2318.01
1544475600,3.82,3.85,3.83,3.85,654.33
1544476500,3.84,3.87,3.85,3.85,1788.44
1544477400,3.82,3.87,3.85,3.86,1367.81
1544478300,3.83,3.85,3.85,3.83,1038.47
1544479200,3.75,3.84,3.84,3.77,5940.78
1544480100,3.75,3.81,3.76,3.8,4685.77
1544481000,3.79,3.8,3.8,3.8,191.15
1544481900,3.79,3.81,3.8,3.81,406.83
1544482800,3.78,3.81,3.8,3.8,358.85
1544483700,3.79,3.81,3.8,3.8,3180.83
1544484600,3.8,3.82,3.8,3.82,5683.24
1544485500,3.81,3.82,3.82,3.82,287.32
1544486400,3.78,3.82,3.81,3.8,2784.46
1544487300,3.79,3.86,3.79,3.86,1288.81
1544488200,3.86,3.88,3.87,3.86,1791.94
1544489100,3.83,3.87,3.87,3.85,1402.52
1544490000,3.79,3.85,3.84,3.79,1883.88
1544490900,3.78,3.79,3.79,3.78,661.7
1544491800,3.79,3.8,3.79,3.79,1299.84
1544492700,3.8,3.82,3.8,3.82,1760.45
1544493600,3.8,3.82,3.82,3.81,635.38
1544494500,3.79,3.82,3.82,3.79,5497.73
1544495400,3.79,3.81,3.79,3.81,2377.33
1544496300,3.8,3.81,3.81,3.81,560.84
1544497200,3.8,3.82,3.81,3.82,1029.2
1544498100,3.81,3.84,3.82,3.84,547.38
1544499000,3.84,3.86,3.84,3.86,4094.54
1544499900,3.85,3.86,3.86,3.86,428.13
1544500800,3.85,4.05,3.85,4.04,4359.79
1544501700,3.95,4.04,4.03,4.0,16391.07
1544502600,3.95,4.0,3.99,3.97,2712.32
1544503500,3.9,3.98,3.97,3.91,5458.37
1544504400,3.91,3.94,3.91,3.94,1954.76
1544505300,3.94,3.99,3.94,3.97,1536.81
1544506200,3.98,4.02,3.98,3.99,2898.37
1544507100,3.97,4.0,4.0,3.97,902.04
1544508000,3.96,4.0,3.96,3.99,1500.74
1544508900,3.95,3.99,3.99,3.96,599.21
1544509800,3.95,3.99,3.95,3.99,1060.22
1544510700,3.99,4.04,3.99,4.02,9549.77
1544511600,3.94,3.99,3.99,3.97,439.75
1544512500,3.94,3.97,3.97,3.95,395.08
1544513400,3.92,3.97,3.95,3.97,539.47
1544514300,3.96,3.97,3.96,3.96,304.58
1544515200,3.94,3.97,3.96,3.94,3177.13
1544516100,3.96,3.98,3.97,3.97,987.49
1544517000,3.96,3.98,3.98,3.96,590.61
1544517900,3.95,3.98,3.96,3.96,394.21
1544518800,3.9,3.98,3.97,3.93,3345.62
1544519700,3.91,3.94,3.94,3.91,636.73
1544520600,3.89,3.94,3.91,3.94,7655.82
1544521500,3.9,3.94,3.93,3.91,2436.17
1544522400,3.9,3.93,3.9,3.93,459.93
1544523300,3.83,3.92,3.92,3.84,5756.91
1544524200,3.82,3.88,3.83,3.84,5924.51
1544525100,3.78,3.83,3.83,3.83,3350.04
1544526000,3.79,3.87,3.82,3.87,1329.5
1544526900,3.83,3.88,3.88,3.84,854.3
1544527800,3.83,3.87,3.83,3.86,689.64
1544528700,3.85,3.88,3.87,3.86,856.8
1544529600,3.83,3.87,3.86,3.83,909.71
1544530500,3.83,3.85,3.83,3.85,910.84
1544531400,3.83,3.86,3.84,3.84,1590.02
1544532300,3.81,3.84,3.84,3.81,1788.09
1544533200,3.81,3.85,3.82,3.85,971.78
1544534100,3.83,3.84,3.84,3.84,376.64
1544535000,3.83,3.85,3.84,3.83,826.14
1544535900,3.82,3.84,3.84,3.84,927.62
1544536800,3.8,3.83,3.82,3.8,1734.28
1544537700,3.76,3.81,3.8,3.78,5071.82
1544538600,3.77,3.79,3.78,3.78,1210.25
1544539500,3.78,3.81,3.78,3.8,994.16
1544540400,3.79,3.8,3.8,3.79,895.14
1544541300,3.76,3.8,3.8,3.77,2087.27
1544542200,3.76,3.78,3.77,3.77,1099.31
1544543100,3.7,3.78,3.78,3.7,3985.74
1544544000,3.59,3.71,3.7,3.63,9257.35
1544544900,3.63,3.69,3.65,3.69,3525.93
1544545800,3.68,3.72,3.68,3.71,11394.17
1544546700,3.69,3.72,3.72,3.7,4281.12
1544547600,3.65,3.69,3.69,3.69,5067.29
1544548500,3.69,3.72,3.69,3.71,1987.6
1544549400,3.7,3.72,3.7,3.71,1747.74
1544550300,3.71,3.75,3.72,3.72,1357.81
1544551200,3.7,3.73,3.73,3.71,4009.95
1544552100,3.69,3.71,3.7,3.7,2909.53
1544553000,3.68,3.7,3.7,3.69,4232.55
1544553900,3.68,3.71,3.69,3.71,2729.9
1544554800,3.69,3.71,3.71,3.7,865.39
1544555700,3.68,3.69,3.69,3.69,496.44
1544556600,3.67,3.69,3.69,3.67,570.25
1544557500,3.66,3.68,3.67,3.68,2303.12
1544558400,3.67,3.69,3.68,3.67,315.79
1544559300,3.66,3.69,3.67,3.66,2255.38
1544560200,3.66,3.69,3.66,3.68,455.04
1544561100,3.66,3.69,3.69,3.69,635.77
1544562000,3.68,3.74,3.69,3.71,3232.26
1544562900,3.7,3.73,3.72,3.71,1177.11
1544563800,3.71,3.75,3.72,3.74,2560.25
1544564700,3.73,3.74,3.74,3.74,1519.74
1544565600,3.68,3.74,3.74,3.69,5454.17
1544566500,3.66,3.69,3.69,3.68,4122.59
1544567400,3.67,3.69,3.68,3.69,2205.37
1544568300,3.66,3.69,3.68,3.68,2666.0
1544569200,3.68,3.74,3.68,3.72,1647.3
1544570100,3.67,3.73,3.73,3.68,605.47
1544571000,3.64,3.67,3.67,3.66,1827.11
1544571900,3.65,3.67,3.66,3.67,430.56
1544572800,3.63,3.67,3.66,3.64,1211.71
1544573700,3.64,3.67,3.65,3.66,1459.28
1544574600,3.65,3.67,3.66,3.66,1129.03
1544575500,3.66,3.67,3.66,3.67,1017.25
1544576400,3.65,3.67,3.67,3.66,912.06
1544577300,3.65,3.66,3.66,3.66,358.11
1544578200,3.65,3.66,3.66,3.66,814.4
1544579100,3.64,3.66,3.66,3.64,702.4
1544580000,3.64,3.66,3.65,3.65,542.61
1544580900,3.6,3.64,3.64,3.64,5313.57
1544581800,3.63,3.65,3.64,3.64,1164.3
1544582700,3.63,3.65,3.65,3.64,1058.35
1544583600,3.64,3.65,3.65,3.65,682.79
1544584500,3.64,3.65,3.64,3.65,859.65
1544585400,3.59,3.65,3.64,3.59,4207.83
1544586300,3.59,3.6,3.59,3.6,6535.23
1544587200,3.59,3.61,3.59,3.61,4369.06
1544588100,3.6,3.61,3.61,3.61,832.28
1544589000,3.6,3.63,3.6,3.63,3328.7
1544589900,3.62,3.64,3.63,3.64,1848.79
1544590800,3.63,3.67,3.63,3.65,9112.23
1544591700,3.65,3.71,3.65,3.67,4416.82
1544592600,3.64,3.68,3.67,3.66,4926.88
1544593500,3.64,3.66,3.66,3.66,2851.65
1544594400,3.66,3.69,3.66,3.69,831.59
1544595300,3.68,3.73,3.69,3.73,375.03
1544596200,3.72,3.79,3.73,3.76,13452.44
1544597100,3.72,3.78,3.76,3.72,2256.26
1544598000,3.73,3.75,3.75,3.74,1222.24
1544598900,3.73,3.75,3.73,3.75,244.72
1544599800,3.73,3.75,3.74,3.73,160.6
1544600700,3.72,3.74,3.74,3.72,660.82
1544601600,3.72,3.75,3.73,3.73,218.18
1544602500,3.72,3.73,3.73,3.72,288.01
1544603400,3.72,3.73,3.73,3.73,236.66
1544604300,3.73,3.74,3.73,3.74,346.68
1544605200,3.73,3.75,3.73,3.74,584.17
1544606100,3.75,3.77,3.75,3.76,401.34
1544607000,3.74,3.77,3.77,3.74,445.91
1544607900,3.74,3.75,3.74,3.74,244.8
1544608800,3.75,3.77,3.75,3.77,734.57
1544609700,3.78,3.82,3.78,3.81,4074.28
1544610600,3.8,3.82,3.8,3.81,376.67
1544611500,3.8,3.81,3.81,3.81,726.3
1544612400,3.81,3.86,3.81,3.85,2630.51
1544613300,3.84,3.85,3.85,3.85,225.27
1544614200,3.83,3.85,3.85,3.84,652.91
1544615100,3.8,3.83,3.83,3.8,1439.35
1544616000,3.78,3.8,3.79,3.78,767.66
1544616900,3.77,3.79,3.78,3.79,861.63
1544617800,3.79,3.81,3.79,3.81,212.33
1544618700,3.79,3.81,3.81,3.79,447.42
1544619600,3.78,3.79,3.79,3.78,784.04
1544620500,3.78,3.82,3.78,3.81,1379.05
1544621400,3.8,3.82,3.81,3.82,432.15
1544622300,3.81,3.83,3.81,3.83,896.72
1544623200,3.83,3.85,3.83,3.85,2157.77
1544624100,3.84,3.85,3.85,3.84,603.23
1544625000,3.84,3.85,3.85,3.84,532.75
1544625900,3.82,3.85,3.84,3.83,1496.44
1544626800,3.8,3.83,3.83,3.83,1475.72
1544627700,3.82,3.84,3.83,3.84,2462.11
1544628600,3.84,3.93,3.84,3.89,6368.42
1544629500,3.86,3.89,3.89,3.86,1092.36
1544630400,3.86,3.91,3.86,3.9,5392.71
1544631300,3.86,3.9,3.89,3.86,1142.6
1544632200,3.85,3.87,3.87,3.86,1992.5
1544633100,3.84,3.88,3.86,3.86,3820.56
1544634000,3.84,3.86,3.84,3.85,940.71
1544634900,3.82,3.85,3.84,3.84,5648.31
1544635800,3.82,3.85,3.82,3.85,1769.49
1544636700,3.84,3.85,3.85,3.85,533.67
1544637600,3.82,3.85,3.84,3.84,764.34
1544638500,3.83,3.84,3.84,3.84,437.15
1544639400,3.83,3.85,3.83,3.84,315.96
1544640300,3.83,3.85,3.85,3.84,738.58
1544641200,3.83,3.84,3.83,3.84,1061.99
1544642100,3.82,3.85,3.84,3.84,1794.95
1544643000,3.83,3.84,3.84,3.83,147.57
1544643900,3.82,3.84,3.84,3.83,178.04
1544644800,3.82,3.84,3.83,3.84,987.21
1544645700,3.83,3.85,3.83,3.85,718.25
1544646600,3.84,3.85,3.85,3.85,816.28
1544647500,3.83,3.85,3.85,3.84,1719.22
1544648400,3.83,3.84,3.84,3.83,159.74
1544649300,3.83,3.87,3.83,3.86,2624.36
1544650200,3.84,3.87,3.86,3.85,2748.47
1544651100,3.83,3.85,3.84,3.84,2062.47
1544652000,3.79,3.84,3.83,3.8,5092.53
1544652900,3.77,3.81,3.8,3.79,3017.3
1544653800,3.78,3.82,3.79,3.81,3229.33
1544654700,3.79,3.82,3.81,3.8,1861.3
1544655600,3.8,3.83,3.81,3.82,1693.78
1544656500,3.82,3.84,3.83,3.84,666.12
1544657400,3.81,3.84,3.84,3.83,726.95
1544658300,3.82,3.85,3.82,3.85,390.17
1544659200,3.83,3.85,3.84,3.85,666.51
1544660100,3.82,3.85,3.85,3.83,558.91
1544661000,3.82,3.83,3.83,3.83,284.1
1544661900,3.81,3.83,3.83,3.81,305.34
1544662800,3.81,3.82,3.82,3.81,131.77
1544663700,3.77,3.82,3.82,3.79,1245.3
1544664600,3.77,3.8,3.79,3.78,497.68
1544665500,3.75,3.79,3.78,3.76,1386.55
1544666400,3.76,3.8,3.76,3.79,414.7
1544667300,3.78,3.79,3.79,3.79,393.71
1544668200,3.77,3.79,3.79,3.77,1204.23
1544669100,3.76,3.78,3.78,3.77,843.92
1544670000,3.76,3.79,3.76,3.79,1265.09
1544670900,3.78,3.79,3.79,3.79,582.22
1544671800,3.77,3.79,3.79,3.78,458.21
1544672700,3.77,3.78,3.78,3.78,979.76
1544673600,3.76,3.79,3.79,3.77,1420.19
1544674500,3.74,3.77,3.77,3.75,1401.17
1544675400,3.71,3.75,3.74,3.73,2699.46
1544676300,3.72,3.74,3.73,3.74,482.06
1544677200,3.72,3.74,3.74,3.74,816.85
1544678100,3.72,3.74,3.74,3.72,271.65
1544679000,3.69,3.72,3.71,3.72,3927.37
1544679900,3.69,3.72,3.72,3.72,1520.69
1544680800,3.71,3.74,3.72,3.74,4979.03
1544681700,3.73,3.75,3.74,3.75,209.97
1544682600,3.74,3.75,3.75,3.75,235.37
1544683500,3.74,3.76,3.75,3.74,1499.61
1544684400,3.72,3.75,3.75,3.72,486.94
1544685300,3.71,3.73,3.72,3.72,474.99
1544686200,3.71,3.72,3.72,3.72,286.4
1544687100,3.71,3.73,3.72,3.73,131.2
1544688000,3.72,3.74,3.73,3.74,317.79
1544688900,3.73,3.74,3.73,3.74,249.63
1544689800,3.74,3.76,3.74,3.76,167.11
1544690700,3.74,3.77,3.75,3.77,2337.47
1544691600,3.76,3.82,3.77,3.82,3402.27
1544692500,3.81,3.84,3.82,3.84,956.05
1544693400,3.84,3.87,3.84,3.87,1027.61
1544694300,3.81,3.86,3.86,3.83,5060.41
1544695200,3.8,3.81,3.81,3.8,531.36
1544696100,3.79,3.81,3.8,3.81,317.26
1544697000,3.8,3.82,3.8,3.82,62.39
1544697900,3.83,3.85,3.83,3.83,2303.35
1544698800,3.78,3.85,3.85,3.79,1513.22
1544699700,3.75,3.79,3.78,3.77,1409.52
1544700600,3.77,3.78,3.78,3.78,2112.7
1544701500,3.77,3.78,3.78,3.78,428.56
1544702400,3.77,3.81,3.78,3.81,2025.33
1544703300,3.79,3.85,3.79,3.83,1106.16
1544704200,3.84,3.85,3.85,3.84,1810.75
1544705100,3.84,3.85,3.85,3.84,1324.26
1544706000,3.83,3.86,3.85,3.84,2588.83
1544706900,3.82,3.83,3.83,3.82,454.81
1544707800,3.81,3.83,3.82,3.81,477.87
1544708700,3.82,3.83,3.82,3.83,552.25
1544709600,3.82,3.84,3.83,3.84,1480.66
1544710500,3.83,3.84,3.83,3.83,616.04
1544711400,3.83,3.84,3.84,3.83,879.19
1544712300,3.81,3.84,3.84,3.82,1639.29
1544713200,3.8,3.84,3.81,3.84,2567.15
1544714100,3.83,3.85,3.84,3.84,2007.4
1544715000,3.84,3.87,3.84,3.86,3304.49
1544715900,3.85,3.86,3.85,3.86,255.59
1544716800,3.84,3.86,3.86,3.85,1075.18
1544717700,3.84,3.85,3.85,3.85,228.52
1544718600,3.84,3.85,3.85,3.85,163.93
1544719500,3.83,3.85,3.85,3.85,1182.49
1544720400,3.83,3.85,3.84,3.84,1170.73
1544721300,3.84,3.85,3.85,3.85,427.47
1544722200,3.84,3.85,3.85,3.85,422.08
1544723100,3.84,3.85,3.85,3.85,2460.52
1544724000,3.84,3.88,3.85,3.87,3521.06
1544724900,3.88,3.9,3.88,3.88,1696.95
1544725800,3.88,3.9,3.9,3.9,847.8
1544726700,3.89,3.91,3.9,3.9,3151.22
1544727600,3.88,3.91,3.9,3.89,2367.5
1544728500,3.88,3.89,3.89,3.88,1003.34
1544729400,3.82,3.89,3.89,3.82,9401.77
1544730300,3.82,3.86,3.83,3.86,3000.62
1544731200,3.85,3.87,3.86,3.86,712.31
