1536772380,10.34,10.35,10.35,10.35,49.31199914000001
1536772440,10.34,10.35,10.35,10.34,87.80719864999999
1536772500,10.35,10.35,10.35,10.35,28.211526900000003
1536772560,10.35,10.35,10.35,10.35,201.7833764
1536772620,10.35,10.35,10.35,10.35,43.84394453
1536772680,10.34,10.35,10.34,10.35,199.17834697
1536772740,10.28,10.34,10.34,10.34,4639.80780206
1536772800,10.32,10.35,10.33,10.35,917.4483855599999
1536772860,10.34,10.35,10.35,10.34,73.46695708000001
1536772920,10.33,10.34,10.33,10.34,24.75786504
1536772980,10.33,10.34,10.34,10.34,116.4510236
1536773040,10.33,10.34,10.33,10.34,163.90853561
1536773100,10.34,10.34,10.34,10.34,5.0
1536773160,10.33,10.35,10.34,10.35,385.88903533000007
1536773220,10.35,10.36,10.35,10.35,39.53029181
1536773280,10.36,10.37,10.36,10.37,500.0
1536773340,10.37,10.39,10.37,10.38,514.43285231
1536773400,10.38,10.39,10.39,10.38,3.12496565
1536773460,10.38,10.39,10.39,10.38,121.23201857
1536773520,10.38,10.39,10.39,10.39,133.01603899
1536773580,10.38,10.39,10.39,10.38,34.28069517
1536773640,10.39,10.39,10.39,10.39,25.669924690000002
1536773700,10.39,10.43,10.39,10.43,1436.55839329
1536773760,10.43,10.45,10.43,10.45,1461.4130195100004
1536773820,10.44,10.48,10.44,10.48,151.33248549000007
1536773880,10.47,10.48,10.47,10.48,157.25570878999997
1536773940,10.47,10.48,10.47,10.48,51.08583308
1536774000,10.47,10.48,10.48,10.48,168.49562096000002
1536774060,10.47,10.48,10.48,10.48,273.31614484
1536774120,10.48,10.5,10.48,10.5,307.1599558
1536774180,10.49,10.49,10.49,10.49,50.49617448000001
1536774240,10.49,10.5,10.49,10.49,22.010472219999997
1536774300,10.49,10.5,10.5,10.49,47.372854329999996
1536774360,10.49,10.5,10.5,10.5,73.37505634
1536774420,10.49,10.5,10.5,10.5,501.95128898
1536774480,10.49,10.5,10.49,10.5,10.741975120000001
1536774540,10.49,10.5,10.49,10.5,28.386686929999996
1536774600,10.49,10.5,10.5,10.5,38.23389408
1536774660,10.49,10.5,10.49,10.5,383.07287021999997
1536774720,10.49,10.51,10.5,10.51,655.24310294
1536774780,10.49,10.51,10.51,10.51,589.5747094300001
1536774840,10.49,10.52,10.51,10.52,151.25919027999998
1536774900,10.49,10.51,10.51,10.51,132.17818522
1536774960,10.49,10.52,10.51,10.51,729.38931862
1536775020,10.5,10.52,10.52,10.51,215.40139315
1536775080,10.5,10.51,10.51,10.51,80.04543669
1536775140,10.49,10.52,10.52,10.5,3630.18743964
1536775200,10.47,10.5,10.49,10.49,247.85094056000005
1536775260,10.47,10.49,10.49,10.47,95.14669172
1536775320,10.47,10.48,10.48,10.48,121.4625443
1536775380,10.43,10.48,10.48,10.46,985.6141350400002
1536775440,10.44,10.46,10.45,10.46,78.66214812999999
1536775500,10.44,10.46,10.46,10.44,124.74964825999997
1536775560,10.43,10.45,10.45,10.45,170.75284676
1536775620,10.43,10.45,10.44,10.44,85.91605379
1536775680,10.44,10.45,10.45,10.44,170.31569318999993
1536775740,10.44,10.45,10.45,10.44,152.88621933
1536775800,10.45,10.45,10.45,10.45,30.0002
1536775860,10.44,10.46,10.45,10.46,42.47416825
1536775920,10.44,10.46,10.46,10.46,62.4313278
1536775980,10.45,10.47,10.45,10.47,24.583499999999997
1536776040,10.45,10.47,10.47,10.47,394.78891965
1536776100,10.45,10.47,10.47,10.46,143.91508942000002
1536776160,10.44,10.46,10.46,10.45,52.30671364999999
1536776220,10.46,10.46,10.46,10.46,10.06249822
1536776280,10.45,10.46,10.46,10.46,31.72236181
1536776340,10.44,10.46,10.46,10.44,340.82988153
1536776400,10.45,10.46,10.46,10.46,43.7424281
1536776460,10.45,10.46,10.46,10.45,38.5573588
1536776520,10.46,10.46,10.46,10.46,86.26440931
1536776580,10.44,10.46,10.46,10.44,350.85709122000003
1536776640,10.44,10.46,10.46,10.45,167.75926403999998
1536776700,10.44,10.45,10.44,10.45,32.66704754
1536776760,10.44,10.46,10.45,10.46,189.64233948999998
1536776820,10.46,10.48,10.46,10.48,4653.40329643
1536776880,10.49,10.52,10.49,10.52,134.22832495000017
1536776940,10.51,10.53,10.51,10.53,228.27127419
1536777000,10.53,10.53,10.53,10.53,20.74908931
1536777060,10.53,10.54,10.54,10.53,256.7597310800001
1536777120,10.53,10.54,10.54,10.54,427.78358522
1536777180,10.54,10.54,10.54,10.54,36.29583778
1536777240,10.53,10.54,10.53,10.53,175.67632743
1536777300,10.52,10.54,10.54,10.54,129.42255909000002
1536777360,10.52,10.54,10.54,10.53,94.35224910000002
1536777420,10.52,10.53,10.53,10.53,108.9929197
1536777480,10.52,10.53,10.53,10.53,86.59254764999999
1536777540,10.52,10.53,10.53,10.52,15.44226076
1536777600,10.52,10.54,10.53,10.54,118.19814455000001
1536777660,10.53,10.55,10.54,10.54,5204.971706050001
1536777720,10.55,10.64,10.55,10.63,2574.090658210001
1536777780,10.61,10.66,10.63,10.64,1312.7071168799998
1536777840,10.6,10.65,10.65,10.6,419.9933293600003
1536777900,10.59,10.61,10.6,10.61,135.64903722
1536777960,10.6,10.61,10.6,10.61,30.576182879999998
1536778020,10.6,10.62,10.61,10.62,353.89998530000014
1536778080,10.61,10.62,10.62,10.62,380.06256843000006
1536778140,10.61,10.62,10.62,10.61,424.73009176
1536778200,10.61,10.62,10.62,10.62,168.48185271
1536778260,10.57,10.62,10.62,10.57,744.6281191100003
1536778320,10.59,10.6,10.6,10.59,115.49419012
1536778380,10.59,10.6,10.6,10.59,66.74692072999999
1536778440,10.59,10.6,10.6,10.6,42.84451172
1536778500,10.59,10.6,10.6,10.6,216.62041147999997
1536778560,10.6,10.61,10.6,10.61,538.47270944
1536778620,10.6,10.61,10.61,10.6,377.2153313
1536778680,10.61,10.61,10.61,10.61,24.77344662
1536778740,10.59,10.61,10.61,10.59,152.52730101000003
1536778800,10.6,10.61,10.61,10.61,77.59465843000001
1536778860,10.6,10.61,10.61,10.61,386.14358897999995
1536778920,10.61,10.62,10.61,10.62,124.19326056999999
1536778980,10.61,10.62,10.62,10.62,413.31885282999997
1536779040,10.61,10.62,10.62,10.62,133.67545343
1536779100,10.61,10.62,10.62,10.62,1674.7193658200001
1536779160,10.61,10.62,10.62,10.62,125.92465343
1536779220,10.62,10.62,10.62,10.62,696.83011341
1536779280,10.61,10.62,10.62,10.62,1378.1737219099994
1536779340,10.62,10.63,10.62,10.63,2194.48432901
1536779400,10.6,10.63,10.63,10.63,7125.707056599998
1536779460,10.62,10.63,10.63,10.63,622.9033855299999
1536779520,10.62,10.63,10.63,10.63,91.58769432999999
1536779580,10.62,10.63,10.63,10.62,242.03780476999998
1536779640,10.62,10.63,10.63,10.63,438.46721409
1536779700,10.62,10.63,10.63,10.62,4.83858421
1536779760,10.62,10.64,10.63,10.64,519.84045384
1536779820,10.62,10.64,10.63,10.64,585.22998887
1536779880,10.62,10.64,10.63,10.64,193.78872971
1536779940,10.63,10.64,10.64,10.64,178.29127347
1536780000,10.63,10.64,10.64,10.64,38.66264927
1536780060,10.63,10.64,10.64,10.64,58.069517430000005
1536780120,10.62,10.64,10.64,10.63,82.09906715
1536780180,10.61,10.63,10.63,10.62,1270.03231819
1536780240,10.6,10.61,10.6,10.61,19.4914
1536780300,10.57,10.61,10.61,10.58,611.2036664900003
1536780360,10.57,10.6,10.58,10.59,342.31538014000006
1536780420,10.57,10.59,10.59,10.58,24.04469728
1536780480,10.57,10.58,10.57,10.58,29.236289300000003
1536780540,10.57,10.58,10.57,10.58,61.405919100000006
1536780600,10.57,10.58,10.58,10.58,95.41874136999999
1536780660,10.57,10.58,10.57,10.58,30.16792194
1536780720,10.55,10.58,10.57,10.55,4652.5083395
1536780780,10.53,10.55,10.55,10.55,39.87788365
1536780840,10.54,10.55,10.55,10.54,60.327373949999995
1536780900,10.52,10.55,10.55,10.52,160.09746976000002
1536780960,10.52,10.54,10.53,10.53,704.30765413
1536781020,10.5,10.53,10.53,10.51,2290.66603515
1536781080,10.47,10.51,10.5,10.5,1825.7686251599998
1536781140,10.48,10.5,10.49,10.49,42.64923709
1536781200,10.49,10.49,10.49,10.49,142.0814
1536781260,10.46,10.48,10.48,10.47,166.40212769
1536781320,10.47,10.47,10.47,10.47,519.0252579300001
1536781380,10.46,10.47,10.47,10.46,111.16194801
1536781440,10.46,10.48,10.47,10.48,121.20623575
1536781500,10.48,10.48,10.48,10.48,572.90976298
1536781560,10.47,10.51,10.47,10.51,227.03590618999996
1536781620,10.49,10.52,10.51,10.51,29.845482939999997
1536781680,10.5,10.51,10.51,10.51,101.71769869999999
1536781740,10.51,10.51,10.51,10.51,254.11338722000002
1536781800,10.51,10.51,10.51,10.51,45.55491807
1536781860,10.5,10.51,10.51,10.5,329.92062159
1536781920,10.51,10.51,10.51,10.51,6.35012379
1536781980,10.5,10.51,10.51,10.5,229.58844198999998
1536782040,10.51,10.51,10.51,10.51,2576.09043862
1536782100,10.5,10.54,10.51,10.54,336.71494155000005
1536782160,10.53,10.54,10.54,10.53,36.192313580000004
1536782220,10.53,10.54,10.53,10.54,54.16053465
1536782280,10.54,10.54,10.54,10.54,11.9265
1536782340,10.53,10.54,10.54,10.53,53.22510243
1536782400,10.52,10.54,10.54,10.52,77.38273464
1536782460,10.51,10.53,10.52,10.51,89.55919782000001
1536782520,10.48,10.51,10.51,10.48,186.27270810000002
1536782580,10.48,10.5,10.49,10.5,97.72236631
1536782640,10.5,10.5,10.5,10.5,98.37172779
1536782700,10.49,10.5,10.5,10.49,23.21729132
1536782760,10.5,10.52,10.51,10.5,119.07599428
1536782820,10.5,10.53,10.52,10.5,229.90017480000006
1536782880,10.5,10.53,10.51,10.5,350.65400977
1536782940,10.5,10.51,10.5,10.5,5.19487332
1536783060,10.49,10.52,10.52,10.51,268.76353727
1536783120,10.5,10.52,10.5,10.52,31.37910982
1536783180,10.52,10.52,10.52,10.52,111.60102529000001
1536783240,10.52,10.53,10.52,10.53,59.90722364
1536783300,10.51,10.54,10.53,10.54,526.7159385599999
1536783360,10.51,10.54,10.54,10.53,133.85241161
1536783420,10.53,10.54,10.53,10.54,51.31960919
1536783480,10.53,10.54,10.54,10.54,40.55865881
1536783540,10.53,10.54,10.54,10.53,59.93348915
1536783600,10.53,10.55,10.54,10.55,854.96190508
1536783660,10.53,10.55,10.53,10.55,3.46190561
1536783720,10.54,10.55,10.54,10.54,139.95378494
1536783780,10.54,10.55,10.55,10.55,56.64423942
1536783840,10.54,10.55,10.54,10.54,7.0008
1536783900,10.54,10.55,10.54,10.55,2.4384
1536783960,10.54,10.55,10.54,10.55,14.95083233
1536784020,10.53,10.55,10.55,10.53,357.7866199
1536784080,10.54,10.55,10.54,10.55,4.86115302
1536784140,10.55,10.55,10.55,10.55,9.6428131
1536784200,10.54,10.55,10.55,10.55,43.726680280000004
1536784260,10.55,10.55,10.55,10.55,13.584919010000002
1536784320,10.54,10.55,10.54,10.55,177.8338672
1536784380,10.55,10.55,10.55,10.55,33.14168505
1536784440,10.53,10.54,10.54,10.54,40.2207131
1536784500,10.53,10.55,10.54,10.55,329.35532886000004
1536784560,10.53,10.55,10.55,10.54,127.12058886999999
1536784620,10.53,10.54,10.54,10.53,9.06318779
1536784680,10.54,10.55,10.54,10.55,96.53937049999999
1536784740,10.53,10.55,10.53,10.55,114.5927642
1536784800,10.54,10.55,10.55,10.55,85.90626935
1536784860,10.54,10.56,10.54,10.56,29.441898539999997
1536784920,10.56,10.56,10.56,10.56,7.3147519999999995
1536784980,10.54,10.56,10.56,10.55,28.493567639999995
1536785040,10.55,10.57,10.56,10.56,130.19157496
1536785100,10.55,10.58,10.57,10.57,164.37348312
1536785160,10.57,10.58,10.57,10.58,63.15910475
1536785220,10.57,10.58,10.58,10.57,477.50545356
1536785280,10.56,10.57,10.56,10.57,236.25027417
1536785340,10.56,10.57,10.56,10.57,16.116500000000002
1536785400,10.57,10.58,10.57,10.58,38.19748396
1536785460,10.57,10.58,10.58,10.57,640.84436354
1536785520,10.57,10.58,10.57,10.58,100.46332198
1536785580,10.57,10.58,10.58,10.58,109.60945181
1536785640,10.57,10.58,10.58,10.58,167.51382099999998
1536785700,10.58,10.58,10.58,10.58,15.22338926
1536785760,10.59,10.59,10.59,10.59,33.91764511
1536785820,10.58,10.59,10.59,10.59,75.31768097
1536785880,10.59,10.59,10.59,10.59,34.59833293
1536785940,10.58,10.59,10.59,10.59,33.26776547
1536786000,10.58,10.59,10.59,10.59,10.46705892
1536786060,10.58,10.59,10.59,10.58,163.91879697000002
1536786120,10.59,10.59,10.59,10.59,2.2568752400000003
1536786180,10.59,10.59,10.59,10.59,11.14850206
1536786240,10.58,10.59,10.58,10.58,302.64313479000003
1536786300,10.57,10.58,10.57,10.57,52.899818489999994
1536786360,10.57,10.57,10.57,10.57,181.25463778000002
1536786420,10.56,10.57,10.56,10.57,112.78381783
1536786480,10.56,10.57,10.56,10.56,129.73027306
1536786540,10.56,10.57,10.57,10.56,369.40209026
1536786600,10.55,10.56,10.56,10.56,88.2725871
1536786660,10.56,10.56,10.56,10.56,25.56343284
1536786720,10.55,10.57,10.56,10.57,426.35729111
1536786780,10.56,10.58,10.57,10.57,321.65269998
1536786840,10.57,10.58,10.58,10.58,217.54969983
1536786900,10.57,10.58,10.57,10.58,106.97705614
1536786960,10.57,10.62,10.57,10.62,486.9276665300002
1536787020,10.63,10.63,10.63,10.63,45.4673681
1536787080,10.62,10.63,10.63,10.63,138.75266096
1536787140,10.63,10.64,10.63,10.64,87.96739809
1536787200,10.63,10.64,10.64,10.64,287.9876088400001
1536787260,10.63,10.64,10.64,10.63,7.15095418
1536787320,10.64,10.64,10.64,10.64,101.9387441
1536787380,10.63,10.64,10.64,10.63,140.78587111
1536787440,10.63,10.64,10.64,10.64,167.66344588
1536787500,10.63,10.65,10.64,10.64,123.33928329999999
1536787560,10.63,10.64,10.64,10.64,48.974805290000006
1536787620,10.63,10.64,10.64,10.64,56.98500522
1536787680,10.64,10.64,10.64,10.64,7.197693940000001
1536787740,10.64,10.64,10.64,10.64,42.52916106
1536787800,10.64,10.64,10.64,10.64,7.12121974
1536787860,10.63,10.64,10.64,10.64,34.95298069
1536787920,10.63,10.64,10.64,10.64,20.49665801
1536787980,10.62,10.64,10.63,10.62,5480.20911345
1536788100,10.6,10.63,10.62,10.61,135.03114885999997
1536788160,10.61,10.63,10.61,10.62,57.49014996999999
1536788220,10.63,10.63,10.63,10.63,21.62297637
1536788280,10.62,10.64,10.62,10.64,237.74296497
1536788340,10.62,10.63,10.63,10.62,101.26400327
1536788400,10.62,10.63,10.62,10.62,3.37189758
1536788460,10.62,10.63,10.63,10.62,8.19323937
1536788520,10.62,10.63,10.63,10.62,39.199255210000004
1536788580,10.63,10.63,10.63,10.63,18.41709608
1536788640,10.62,10.63,10.62,10.63,15.000399999999999
1536788700,10.62,10.63,10.63,10.62,53.69355623
1536788760,10.62,10.63,10.63,10.63,111.02283237
1536788820,10.63,10.63,10.63,10.63,0.64368936
1536788880,10.61,10.62,10.62,10.62,21.00328688
1536788940,10.61,10.62,10.62,10.61,96.05357425000001
1536789000,10.61,10.62,10.62,10.61,192.24289878
1536789060,10.6,10.62,10.61,10.62,268.56280566
1536789180,10.6,10.62,10.62,10.61,41.82280557
1536789240,10.55,10.6,10.6,10.57,514.2926750800002
1536789300,10.58,10.58,10.58,10.58,32.0
1536789360,10.58,10.58,10.58,10.58,41.0045237
1536789420,10.58,10.58,10.58,10.58,32.1235693
1536789480,10.58,10.58,10.58,10.58,19.5144
1536789540,10.58,10.58,10.58,10.58,12.556311079999999
1536789600,10.57,10.58,10.58,10.58,146.00034964
1536789660,10.58,10.58,10.58,10.58,5.0
1536789720,10.58,10.59,10.58,10.59,34.33088558
1536789780,10.57,10.59,10.58,10.59,18.85845342
1536789840,10.59,10.59,10.59,10.59,52.0004
1536789900,10.59,10.59,10.59,10.59,2.63178912
1536789960,10.57,10.58,10.58,10.58,185.71788086
1536790080,10.57,10.58,10.58,10.58,29.48482981
1536790140,10.57,10.58,10.57,10.58,26.09178198
1536790200,10.58,10.58,10.58,10.58,7.1917602899999995
1536790260,10.58,10.59,10.58,10.58,27.464693320000002
1536790320,10.59,10.62,10.59,10.62,408.69886338000003
1536790380,10.6,10.61,10.61,10.61,11.28158417
1536790440,10.6,10.61,10.61,10.61,17.44229902
1536790500,10.61,10.61,10.61,10.61,6.28431828
1536790560,10.56,10.61,10.61,10.56,689.1404035300001
1536790620,10.6,10.61,10.6,10.61,152.5
1536790680,10.61,10.61,10.61,10.61,59.38005543
1536790740,10.61,10.61,10.61,10.61,46.04967621
1536790800,10.57,10.61,10.61,10.57,195.99908268
1536790860,10.58,10.61,10.58,10.61,197.3581689000001
1536790920,10.61,10.61,10.61,10.61,142.68860162
1536790980,10.6,10.62,10.61,10.6,104.03463905999999
1536791040,10.61,10.61,10.61,10.61,29.44981749
1536791100,10.6,10.61,10.61,10.61,189.70358097000002
1536791220,10.61,10.61,10.61,10.61,0.6574104
1536791280,10.61,10.61,10.61,10.61,62.20265309
1536791340,10.6,10.61,10.61,10.6,15.342604600000001
1536791400,10.57,10.61,10.61,10.58,92.52275516
1536791460,10.57,10.61,10.6,10.61,13.959220699999996
1536791520,10.61,10.61,10.61,10.61,4.0
1536791580,10.61,10.61,10.61,10.61,1.0
1536791640,10.61,10.61,10.61,10.61,4.03355513
1536791700,10.6,10.61,10.6,10.61,6.9991657499999995
1536791760,10.59,10.61,10.6,10.6,93.90252717
1536791820,10.59,10.61,10.6,10.59,30.35189323
1536791880,10.61,10.61,10.61,10.61,59.52994034999999
1536791940,10.61,10.61,10.61,10.61,248.67730817
1536792000,10.61,10.61,10.61,10.61,23.18192262
1536792060,10.61,10.61,10.61,10.61,77.50033995999999
1536792120,10.61,10.61,10.61,10.61,10.1406727
1536792180,10.57,10.61,10.6,10.58,51.159248000000005
1536792240,10.58,10.61,10.61,10.6,330.12722861000003
1536792300,10.6,10.61,10.61,10.61,11.53974763
1536792420,10.61,10.61,10.61,10.61,42.18373872
1536792480,10.6,10.61,10.61,10.61,29.39317081
1536792540,10.61,10.61,10.61,10.61,2.34548277
1536792660,10.61,10.61,10.61,10.61,110.0800811
1536792720,10.6,10.62,10.6,10.62,83.69356017
1536792780,10.61,10.63,10.62,10.63,247.76712505000006
1536792840,10.63,10.65,10.63,10.65,132.05050221
1536792900,10.61,10.67,10.63,10.64,1010.4096829600002
1536792960,10.61,10.66,10.66,10.65,230.05174746000012
1536793020,10.66,10.66,10.66,10.66,27.0
