1544995800,3.59,3.59,3.59,3.59,136.55
1544995860,3.59,3.59,3.59,3.59,18.11
1544995920,3.57,3.58,3.58,3.58,26.17
1544995980,3.58,3.59,3.59,3.59,190.35
1544996040,3.59,3.59,3.59,3.59,2.5
1544996100,3.59,3.59,3.59,3.59,398.31
1544996160,3.59,3.59,3.59,3.59,19.91
1544996280,3.59,3.6,3.59,3.59,1483.34
1544996460,3.59,3.59,3.59,3.59,13.31
1544996520,3.58,3.59,3.58,3.59,41.43
1544996580,3.59,3.59,3.59,3.59,2.5
1544996640,3.59,3.59,3.59,3.59,28.0
1544996760,3.58,3.59,3.59,3.58,70.23
1544996820,3.59,3.59,3.59,3.59,55.0
1544996880,3.58,3.58,3.58,3.58,23.31
1544996940,3.58,3.6,3.58,3.6,836.49
1544997000,3.59,3.6,3.59,3.59,44.2
1544997060,3.58,3.59,3.59,3.58,310.92
1544997120,3.59,3.59,3.59,3.59,59.6
1544997180,3.59,3.59,3.59,3.59,39.33
1544997240,3.59,3.59,3.59,3.59,5.13
1544997360,3.57,3.58,3.58,3.58,2937.62
1544997420,3.58,3.58,3.58,3.58,5.0
1544997480,3.56,3.57,3.57,3.56,172.17
1544997600,3.56,3.56,3.56,3.56,6.78
1544997720,3.57,3.57,3.57,3.57,2.79
1544997780,3.56,3.57,3.57,3.56,125.66
1544997840,3.56,3.57,3.56,3.57,294.91
1544997900,3.56,3.57,3.56,3.57,435.75
1544998020,3.56,3.56,3.56,3.56,21.48
1544998080,3.56,3.57,3.57,3.57,89.8
1544998140,3.55,3.56,3.56,3.55,420.76
1544998200,3.56,3.56,3.56,3.56,27.31
1544998260,3.54,3.55,3.55,3.55,2838.61
1544998320,3.54,3.55,3.54,3.55,1345.86
1544998380,3.54,3.54,3.54,3.54,895.43
1544998440,3.54,3.55,3.54,3.55,1026.37
1544998500,3.55,3.55,3.55,3.55,5.47
1544998560,3.54,3.55,3.55,3.54,9.79
1544998680,3.54,3.55,3.55,3.54,990.15
1544998800,3.55,3.55,3.55,3.55,125.85
1544998980,3.54,3.55,3.55,3.54,72.89
1544999040,3.54,3.54,3.54,3.54,3.34
1544999100,3.54,3.54,3.54,3.54,0.976
1544999220,3.54,3.54,3.54,3.54,246.28
1544999280,3.55,3.55,3.55,3.55,26.41
1544999400,3.55,3.55,3.55,3.55,2.1
1544999460,3.54,3.55,3.54,3.55,13.23
1544999700,3.55,3.55,3.55,3.55,13.46
1544999760,3.54,3.55,3.55,3.54,24.25
1544999880,3.54,3.55,3.55,3.54,256.07
1544999940,3.54,3.55,3.54,3.55,13.66
1545000060,3.54,3.55,3.55,3.54,581.98
1545000120,3.54,3.55,3.54,3.55,33.0
1545000180,3.55,3.55,3.55,3.55,0.154
1545000240,3.54,3.55,3.54,3.55,37.67
1545000300,3.54,3.54,3.54,3.54,0.997
1545000480,3.55,3.56,3.55,3.56,15.17
1545000540,3.54,3.55,3.55,3.54,21.55
1545000660,3.54,3.54,3.54,3.54,0.1
1545000780,3.55,3.55,3.55,3.55,18.73
1545000840,3.54,3.55,3.55,3.54,163.28
1545000900,3.55,3.55,3.55,3.55,6.59
1545000960,3.54,3.55,3.55,3.54,52.61
1545001020,3.55,3.55,3.55,3.55,17.0
1545001080,3.54,3.54,3.54,3.54,4.95
1545001140,3.55,3.55,3.55,3.55,10.0
1545001200,3.55,3.55,3.55,3.55,14.0
1545001260,3.55,3.55,3.55,3.55,2.25
1545001320,3.55,3.55,3.55,3.55,29.96
1545001380,3.54,3.56,3.54,3.56,69.85
1545001440,3.57,3.57,3.57,3.57,559.31
1545001500,3.58,3.59,3.58,3.59,576.7
1545001560,3.59,3.59,3.59,3.59,47.68
1545001680,3.58,3.58,3.58,3.58,6.95
1545001740,3.58,3.58,3.58,3.58,1.01
1545001800,3.58,3.59,3.59,3.58,19.16
1545001920,3.59,3.59,3.59,3.59,5.0
1545002100,3.59,3.59,3.59,3.59,174.32
1545002160,3.59,3.59,3.59,3.59,6.93
1545002280,3.59,3.59,3.59,3.59,26.65
1545002460,3.59,3.59,3.59,3.59,15.51
1545002520,3.59,3.59,3.59,3.59,10.26
1545002700,3.59,3.59,3.59,3.59,27.44
1545002820,3.59,3.59,3.59,3.59,5.13
1545003000,3.58,3.59,3.59,3.58,4.67
1545003060,3.59,3.59,3.59,3.59,54.6
1545003180,3.59,3.59,3.59,3.59,5.0
1545003240,3.59,3.59,3.59,3.59,10.0
1545003300,3.58,3.58,3.58,3.58,2.5
1545003360,3.59,3.59,3.59,3.59,3.74
1545003480,3.58,3.59,3.58,3.59,40.12
1545003600,3.59,3.59,3.59,3.59,6.13
1545003660,3.59,3.59,3.59,3.59,13.31
1545003720,3.59,3.59,3.59,3.59,1.0
1545003840,3.58,3.59,3.58,3.59,5.03
1545003900,3.59,3.59,3.59,3.59,1.55
1545003960,3.58,3.58,3.58,3.58,111.0
1545004080,3.59,3.59,3.59,3.59,15.0
1545004140,3.59,3.59,3.59,3.59,4.17
1545004200,3.58,3.58,3.58,3.58,339.68
1545004260,3.58,3.58,3.58,3.58,26.96
1545004320,3.56,3.57,3.57,3.57,884.32
1545004380,3.57,3.57,3.57,3.57,6.51
1545004440,3.57,3.58,3.57,3.58,2748.57
1545004500,3.56,3.58,3.57,3.56,330.23
1545004560,3.57,3.57,3.57,3.57,0.153
1545004680,3.56,3.58,3.56,3.58,209.49
1545004740,3.57,3.58,3.58,3.57,5.75
1545004800,3.56,3.57,3.56,3.57,24.43
1545004860,3.57,3.57,3.57,3.57,2.0
1545004920,3.56,3.56,3.56,3.56,49.99
1545004980,3.56,3.59,3.56,3.59,128.77
1545005040,3.58,3.58,3.58,3.58,141.69
1545005100,3.58,3.58,3.58,3.58,51.0
1545005160,3.57,3.57,3.57,3.57,112.94
1545005340,3.56,3.56,3.56,3.56,1.0
1545005460,3.57,3.58,3.57,3.58,13.47
1545005520,3.58,3.59,3.58,3.59,3.99
1545005640,3.58,3.58,3.58,3.58,3.04
1545005760,3.58,3.58,3.58,3.58,2.29
1545005880,3.59,3.59,3.59,3.59,1.41
1545005940,3.6,3.6,3.6,3.6,81.03
1545006060,3.6,3.61,3.61,3.61,34.25
1545006120,3.62,3.62,3.62,3.62,3.71
1545006240,3.62,3.62,3.62,3.62,5.76
1545006300,3.62,3.62,3.62,3.62,81.25
1545006360,3.62,3.62,3.62,3.62,2.48
1545006420,3.61,3.62,3.62,3.61,5.5
1545006540,3.61,3.62,3.62,3.62,111.66
1545006660,3.62,3.63,3.62,3.63,804.0
1545006720,3.63,3.63,3.63,3.63,2.75
1545006900,3.63,3.63,3.63,3.63,5.75
1545007020,3.63,3.63,3.63,3.63,258.54
1545007080,3.62,3.62,3.62,3.62,2.5
1545007200,3.62,3.63,3.63,3.62,16.3
1545007260,3.62,3.62,3.62,3.62,244.04
1545007320,3.62,3.62,3.62,3.62,9.65
1545007380,3.62,3.62,3.62,3.62,6.4
1545007440,3.62,3.62,3.62,3.62,2.12
1545007500,3.63,3.63,3.63,3.63,15.0
1545007560,3.63,3.63,3.63,3.63,6.44
1545007620,3.62,3.63,3.63,3.62,41.41
1545007680,3.61,3.62,3.62,3.61,1201.7
1545007740,3.61,3.62,3.62,3.62,150.93
1545007800,3.62,3.62,3.62,3.62,9.47
