1541028840,8.98,9.0,9.0,9.0,60.0
1541028960,8.99,9.0,9.0,8.99,13.73
1541029020,9.0,9.0,9.0,9.0,4.87
1541029080,9.0,9.0,9.0,9.0,2.55
1541029200,8.98,9.0,8.98,9.0,2.2
1541029260,9.0,9.0,9.0,9.0,3.0
1541029320,8.99,8.99,8.99,8.99,0.997
1541029380,8.98,9.0,8.98,9.0,23.99
1541029440,8.98,9.0,8.99,9.0,13.62
1541029500,9.0,9.0,9.0,9.0,1.0
1541029620,9.0,9.0,9.0,9.0,10.0
1541029740,8.98,8.98,8.98,8.98,3.57
1541029980,8.99,8.99,8.99,8.99,1.78
1541030040,8.98,9.0,9.0,9.0,14.77
1541030100,8.99,9.0,8.99,9.0,27.91
1541030220,9.0,9.0,9.0,9.0,108.94
1541030280,9.0,9.0,9.0,9.0,0.996
1541030340,8.99,9.0,9.0,9.0,7.8
1541030400,9.0,9.01,9.0,9.01,15.83
1541030460,9.01,9.01,9.01,9.01,1.0
1541030520,9.01,9.01,9.01,9.01,6.3
1541030580,9.0,9.0,9.0,9.0,5.63
1541030640,9.0,9.0,9.0,9.0,6.09
1541030700,9.01,9.01,9.01,9.01,0.532
1541030760,8.99,9.0,9.0,8.99,6.76
1541030820,9.0,9.01,9.0,9.01,16.26
1541030880,9.0,9.01,9.0,9.01,10.89
1541030940,9.0,9.01,9.0,9.0,23.27
1541031000,9.0,9.01,9.0,9.01,117.22
1541031060,8.99,9.01,8.99,9.01,134.66
1541031120,8.99,9.0,8.99,9.0,6.44
1541031180,8.99,9.01,9.0,8.99,20.15
1541031240,9.0,9.0,9.0,9.0,6.3
1541031300,8.98,9.01,9.0,8.98,521.76
1541031360,8.99,8.99,8.99,8.99,6.07
1541031420,9.0,9.0,9.0,9.0,10.73
1541031480,8.99,9.0,8.99,9.0,42.01
1541031600,8.99,9.0,8.99,9.0,166.7
1541031660,9.0,9.0,9.0,9.0,21.78
1541031720,8.98,9.0,9.0,8.99,209.51
1541031840,8.99,8.99,8.99,8.99,2.05
1541031960,8.99,8.99,8.99,8.99,2.77
1541032020,8.99,8.99,8.99,8.99,10.74
1541032080,8.97,8.98,8.98,8.97,0.49
1541032140,8.97,8.98,8.97,8.98,28.35
1541032200,8.97,8.98,8.97,8.98,16.44
1541032260,8.98,8.98,8.98,8.98,29.5
1541032320,8.97,8.97,8.97,8.97,1.96
1541032380,8.98,8.98,8.98,8.98,2.0
1541032440,8.97,8.98,8.98,8.98,16.33
1541032500,8.97,8.98,8.98,8.98,17.5
1541032620,8.95,8.97,8.97,8.95,520.54
1541032680,8.98,8.98,8.98,8.98,0.998
1541032800,8.98,8.98,8.98,8.98,0.778
1541032860,8.96,8.96,8.96,8.96,22.43
1541032980,8.97,8.97,8.97,8.97,1.17
1541033100,8.97,8.97,8.97,8.97,0.999
1541033160,8.96,8.97,8.97,8.96,88.46
1541033220,8.97,8.97,8.97,8.97,4.74
1541033280,8.96,8.97,8.97,8.96,16.37
1541033340,8.97,8.97,8.97,8.97,0.153
1541033460,8.96,8.97,8.97,8.97,16.25
1541033520,8.96,8.97,8.96,8.97,17.78
1541033580,8.97,8.97,8.97,8.97,235.65
1541033700,8.97,8.99,8.97,8.97,24.0
1541033820,8.97,8.97,8.97,8.97,44.82
1541033880,8.98,8.98,8.98,8.98,2.61
1541034000,8.97,8.98,8.97,8.97,5.1
1541034060,8.97,8.97,8.97,8.97,3.8
1541034120,8.96,8.98,8.97,8.98,992.42
1541046360,8.97,8.98,8.98,8.97,10.59
1541046420,8.98,8.98,8.98,8.98,51.05
1541046480,8.97,8.98,8.98,8.97,27.72
1541046540,8.98,8.98,8.98,8.98,26.64
1541046600,8.97,8.97,8.97,8.97,24.63
1541046660,8.98,8.98,8.98,8.98,30.73
1541046720,8.98,8.98,8.98,8.98,54.9
1541046960,8.98,8.98,8.98,8.98,10.88
1541047140,8.97,8.98,8.98,8.98,137.61
1541047200,8.97,8.98,8.97,8.97,7.54
1541047260,8.98,8.98,8.98,8.98,1.0
1541047380,8.97,8.98,8.97,8.98,7.94
1541047440,8.98,8.98,8.98,8.98,5.15
1541047500,8.98,8.98,8.98,8.98,2.05
1541047560,8.98,8.98,8.98,8.98,21.83
1541047620,8.98,8.98,8.98,8.98,10.0
1541047680,8.97,8.98,8.98,8.97,15.27
1541047920,8.98,8.98,8.98,8.98,3.43
1541047980,8.97,8.98,8.97,8.97,30.25
1541048040,8.97,8.98,8.97,8.98,30.44
1541048100,8.97,8.98,8.97,8.98,477.7
1541048160,8.97,8.97,8.97,8.97,238.85
1541048280,8.97,8.98,8.98,8.98,31.21
1541048400,8.97,8.98,8.97,8.98,13.65
1541048460,8.98,8.98,8.98,8.98,0.112
1541048520,8.98,8.98,8.98,8.98,0.112
1541048580,8.98,8.98,8.98,8.98,0.998
1541048700,8.98,8.98,8.98,8.98,0.423
1541048880,8.97,8.98,8.98,8.98,95.9
1541049060,8.97,8.97,8.97,8.97,1.0
1541049180,8.97,8.98,8.97,8.98,58.25
1541049240,8.97,8.98,8.98,8.98,67.7
1541049300,8.98,8.98,8.98,8.98,13.85
1541049360,8.98,8.98,8.98,8.98,18.21
1541049420,8.97,8.98,8.98,8.98,32.91
1541049480,8.98,8.98,8.98,8.98,27.29
1541049540,8.98,8.98,8.98,8.98,11.0
1541049660,8.98,8.98,8.98,8.98,13.32
1541049720,8.98,8.98,8.98,8.98,4.43
1541049780,8.98,8.98,8.98,8.98,3.21
1541049900,8.97,8.98,8.98,8.97,26.65
1541049960,8.98,8.98,8.98,8.98,5.0
1541050020,8.97,8.98,8.98,8.97,0.593
1541050080,8.97,8.97,8.97,8.97,0.364
1541050260,8.97,8.98,8.98,8.97,60.33
1541050320,8.98,8.98,8.98,8.98,1.54
1541050380,8.97,8.98,8.98,8.97,60.62
1541050560,8.97,8.98,8.97,8.98,23.63
1541050620,8.98,8.98,8.98,8.98,1.98
1541050680,8.97,8.98,8.98,8.97,6.75
1541050800,8.98,8.98,8.98,8.98,0.223
1541050860,8.97,8.98,8.98,8.98,6.0
1541051220,8.98,8.98,8.98,8.98,0.223
1541051280,8.98,8.98,8.98,8.98,0.111
1541051340,8.95,8.98,8.98,8.95,906.82
1541051400,8.92,8.94,8.94,8.92,3041.92
1541051520,8.92,8.92,8.92,8.92,5.0
1541051580,8.92,8.93,8.92,8.93,11.65
1541051640,8.93,8.93,8.93,8.93,0.378
1541051700,8.93,8.93,8.93,8.93,7.97
1541051760,8.93,8.93,8.93,8.93,4.35
1541051820,8.93,8.93,8.93,8.93,0.447
1541052000,8.93,8.93,8.93,8.93,38.43
1541052060,8.92,8.93,8.93,8.93,50.62
1541052120,8.93,8.93,8.93,8.93,1.51
1541052180,8.93,8.93,8.93,8.93,2.0
1541052240,8.92,8.93,8.92,8.93,29.77
1541052300,8.92,8.93,8.93,8.92,7.95
1541052360,8.92,8.93,8.93,8.92,12.7
1541052420,8.93,8.93,8.93,8.93,1.51
1541052480,8.94,8.94,8.94,8.94,81.2
1541052540,8.92,8.94,8.94,8.94,32.11
1541052660,8.93,8.93,8.93,8.93,10.6
1541052780,8.93,8.93,8.93,8.93,0.558
1541052900,8.93,8.93,8.93,8.93,4.2
1541053020,8.93,8.93,8.93,8.93,3.99
1541053140,8.92,8.93,8.93,8.93,20.95
1541053260,8.93,8.93,8.93,8.93,2.62
1541053380,8.92,8.92,8.92,8.92,160.22
1541053440,8.93,8.93,8.93,8.93,72.18
1541053500,8.93,8.93,8.93,8.93,2.06
1541053560,8.93,8.93,8.93,8.93,1.0
1541053620,8.93,8.93,8.93,8.93,3.64
1541053680,8.93,8.93,8.93,8.93,2.06
1541053740,8.93,8.93,8.93,8.93,0.339
1541053860,8.93,8.94,8.93,8.94,548.47
1541053920,8.92,8.93,8.92,8.93,2.25
1541053980,8.93,8.93,8.93,8.93,2.63
1541054100,8.92,8.93,8.93,8.92,10.7
1541054280,8.93,8.93,8.93,8.93,4.06
1541054460,8.93,8.93,8.93,8.93,24.57
1541054520,8.93,8.93,8.93,8.93,1.0
1541054700,8.92,8.92,8.92,8.92,13.08
1541054760,8.93,8.94,8.93,8.94,10.0
1541054820,8.93,8.93,8.93,8.93,1.0
1541054880,8.93,8.94,8.93,8.93,11.2
1541055060,8.93,8.93,8.93,8.93,2.77
1541055120,8.93,8.94,8.93,8.93,47.11
1541055180,8.93,8.94,8.94,8.93,16.4
1541055240,8.93,8.94,8.93,8.94,6.35
1541055300,8.93,8.94,8.94,8.93,16.98
1541055360,8.94,8.94,8.94,8.94,2.06
1541055420,8.93,8.95,8.94,8.93,17.04
1541055480,8.93,8.94,8.94,8.93,6.23
1541055660,8.95,8.95,8.95,8.95,3.11
1541055840,8.96,8.96,8.96,8.96,11.75
1541055900,8.96,8.96,8.96,8.96,10.68
1541055960,8.95,8.96,8.95,8.95,117.47
1541056020,8.94,8.95,8.95,8.94,10.73
1541056140,8.95,8.95,8.95,8.95,5.34
1541056260,8.95,8.95,8.95,8.95,2.61
1541056440,8.95,8.95,8.95,8.95,10.5
1541056680,8.95,8.95,8.95,8.95,3.5
1541056740,8.95,8.95,8.95,8.95,153.46
1541056800,8.94,8.95,8.94,8.95,11.69
1541056860,8.95,8.95,8.95,8.95,8.56
1541056920,8.95,8.95,8.95,8.95,1.0
1541056980,8.94,8.94,8.94,8.94,10.0
1541057160,8.94,8.94,8.94,8.94,1.16
1541057220,8.94,8.95,8.95,8.94,14.23
1541057400,8.95,8.95,8.95,8.95,7.56
1541057460,8.95,8.95,8.95,8.95,0.5
1541057520,8.95,8.95,8.95,8.95,3.92
1541057640,8.94,8.95,8.94,8.95,18.51
1541057700,8.95,8.95,8.95,8.95,2.62
1541057760,8.94,8.95,8.95,8.94,12.42
1541057880,8.94,8.94,8.94,8.94,39.13
1541058060,8.94,8.94,8.94,8.94,2.65
1541058360,8.95,8.95,8.95,8.95,1.0
1541058420,8.95,8.97,8.95,8.97,2230.14
1541058480,8.97,8.98,8.97,8.98,335.03
1541058600,8.97,8.99,8.97,8.99,1633.82
1541058660,9.0,9.0,9.0,9.0,2.6
1541058840,8.99,9.0,9.0,8.99,3.0
1541058960,8.99,9.0,8.99,9.0,10.72
1541059020,9.0,9.0,9.0,9.0,2.6
1541059200,8.99,9.0,9.0,9.0,32.18
1541059260,8.99,9.0,9.0,8.99,6.83
1541059320,8.99,8.99,8.99,8.99,2.59
1541059380,9.0,9.0,9.0,9.0,22.16
1541059440,8.97,8.99,8.99,8.97,542.8
1541059500,8.97,8.97,8.97,8.97,30.72
1541059560,8.98,8.98,8.98,8.98,5.32
1541059620,8.97,8.98,8.97,8.98,221.62
1541059680,8.97,8.97,8.97,8.97,0.998
1541059800,8.98,8.98,8.98,8.98,1.07
1541059860,8.97,8.97,8.97,8.97,1.0
1541060100,8.98,8.98,8.98,8.98,0.998
1541060160,8.98,8.98,8.98,8.98,32.48
1541060220,8.97,8.98,8.97,8.98,1.26
1541060400,8.98,8.98,8.98,8.98,3.66
1541060820,8.97,8.98,8.97,8.97,1.26
1541060880,8.98,8.98,8.98,8.98,5.32
1541061000,8.98,8.98,8.98,8.98,0.843
1541061060,8.97,8.97,8.97,8.97,9.29
1541061120,8.98,8.98,8.98,8.98,12.0
1541061300,8.92,8.97,8.97,8.92,4411.71
1541061420,8.93,8.93,8.93,8.93,2.54
1541061480,8.93,8.93,8.93,8.93,11.0
1541061600,8.93,9.01,8.93,9.0,5029.06
1541061660,9.0,9.01,9.01,9.0,52.56
1541061780,8.99,8.99,8.99,8.99,2.71
1541061900,8.99,8.99,8.99,8.99,8.36
1541062020,8.98,8.99,8.99,8.98,23.33
1541062080,8.98,8.98,8.98,8.98,3.0
1541062140,8.98,8.98,8.98,8.98,2.01
1541062200,8.97,8.98,8.98,8.97,9.1
1541062320,8.97,8.97,8.97,8.97,3.0
1541062440,8.99,8.99,8.99,8.99,0.997
1541062560,8.97,8.99,8.97,8.99,41.2
1541062620,8.99,8.99,8.99,8.99,5.31
1541062680,8.97,8.97,8.97,8.97,28.0
1541062740,8.99,8.99,8.99,8.99,1.01
1541062800,8.99,8.99,8.99,8.99,19.57
1541062920,8.99,8.99,8.99,8.99,0.555
1541062980,8.98,8.98,8.98,8.98,2.8
1541063040,8.98,8.98,8.98,8.98,15.6
1541063220,8.98,8.98,8.98,8.98,0.999
1541063340,8.99,8.99,8.99,8.99,83.29
1541063400,8.98,8.98,8.98,8.98,50.0
1541063520,8.98,8.98,8.98,8.98,33.3
1541063640,8.99,8.99,8.99,8.99,2.0
1541063820,8.99,8.99,8.99,8.99,10.64
1541063880,8.98,8.99,8.99,8.98,3.0
1541064240,8.98,8.98,8.98,8.98,0.555
1541064300,8.98,8.98,8.98,8.98,1.0
