1554583440,5.95,5.975,5.95,5.97,31.39
1554583500,5.949,5.98,5.962,5.98,212.1
1554583560,5.98,5.98,5.98,5.98,6.51
1554583620,5.964,5.974,5.964,5.973,30.25
1554583680,5.971,5.988,5.973,5.988,130.57
1554583740,5.97,5.988,5.988,5.982,81.1
1554583800,5.962,5.962,5.962,5.962,4.63
1554583860,5.95,5.964,5.964,5.95,407.41
1554583920,5.955,5.973,5.973,5.955,16.15
1554583980,5.956,5.957,5.956,5.957,85.09
1554584100,5.955,5.955,5.955,5.955,5.07
1554584160,5.949,5.958,5.949,5.958,16.54
1554584220,5.92,5.953,5.953,5.92,768.74
1554584280,5.92,5.93,5.922,5.93,179.2
1554584340,5.92,5.93,5.92,5.93,163.81
1554584400,5.92,5.931,5.931,5.92,14.93
1554584460,5.921,5.938,5.921,5.938,53.3
1554584520,5.92,5.921,5.921,5.92,223.66
1554584580,5.86,5.92,5.92,5.86,493.24
1554584640,5.851,5.86,5.854,5.859,29.98
1554584700,5.841,5.86,5.86,5.841,108.87
1554584760,5.844,5.86,5.86,5.844,111.56
1554584820,5.8,5.84,5.84,5.8,370.63
1554584880,5.676,5.81,5.81,5.778,4654.15
1554584940,5.78,5.8,5.78,5.8,286.19
1554585000,5.78,5.807,5.781,5.807,1175.2
1554585060,5.814,5.814,5.814,5.814,3.17
1554585120,5.8,5.815,5.815,5.8,186.67
1554585180,5.81,5.81,5.81,5.81,16.43
1554585240,5.804,5.837,5.81,5.837,136.66
1554585300,5.811,5.835,5.835,5.811,111.16
1554585420,5.801,5.825,5.825,5.801,12.37
1554585480,5.8,5.824,5.802,5.801,342.83
1554585540,5.802,5.823,5.823,5.823,4.01
1554585600,5.823,5.823,5.823,5.823,16.0
1554585660,5.821,5.825,5.825,5.825,42.6
1554585720,5.821,5.825,5.821,5.824,30.74
1554585780,5.825,5.853,5.825,5.853,206.03
1554585840,5.854,5.87,5.854,5.87,29.3
1554585900,5.856,5.877,5.869,5.856,121.26
1554585960,5.85,5.868,5.854,5.85,139.2
1554586020,5.847,5.855,5.85,5.847,305.45
1554586080,5.823,5.85,5.85,5.823,71.62
1554586140,5.844,5.845,5.844,5.845,89.15
1554586200,5.84,5.84,5.84,5.84,12.41
1554586260,5.83,5.854,5.83,5.854,33.33
1554586320,5.865,5.865,5.865,5.865,83.57
1554586380,5.876,5.893,5.876,5.883,1892.34
1554586440,5.881,5.883,5.881,5.883,24.72
1554586560,5.864,5.879,5.879,5.864,102.57
1554586620,5.886,5.886,5.886,5.886,8.11
1554586680,5.87,5.9,5.883,5.87,1539.11
1554586740,5.885,5.885,5.885,5.885,98.34
1554586800,5.866,5.87,5.87,5.866,159.05
1554586860,5.868,5.868,5.868,5.868,3.57
1554586920,5.866,5.889,5.87,5.887,75.51
1554586980,5.86,5.863,5.863,5.86,88.6
1554587040,5.874,5.879,5.875,5.879,105.76
1554587100,5.87,5.879,5.879,5.87,40.66
1554587160,5.86,5.87,5.87,5.86,5.17
1554587220,5.86,5.87,5.87,5.86,7.9
1554587280,5.86,5.875,5.867,5.875,83.2
1554587340,5.865,5.866,5.866,5.865,4.57
1554587400,5.872,5.882,5.872,5.872,385.19
1554587460,5.871,5.881,5.878,5.879,194.52
1554587520,5.87,5.878,5.87,5.877,67.54
1554587580,5.883,5.895,5.883,5.895,1.52
1554587640,5.879,5.905,5.891,5.905,423.32
1554587700,5.894,5.899,5.894,5.899,93.29
1554587760,5.888,5.907,5.899,5.888,27.82
1554587820,5.894,5.921,5.908,5.894,186.24
1554587880,5.912,5.912,5.912,5.912,2.19
1554587940,5.909,5.909,5.909,5.909,7.55
1554588000,5.917,5.917,5.917,5.917,91.39
1554588060,5.903,5.924,5.903,5.923,232.28
1554588120,5.92,5.923,5.92,5.923,71.7
1554588180,5.922,5.932,5.926,5.922,46.98
1554588240,5.933,5.94,5.933,5.94,232.14
1554588300,5.944,5.946,5.946,5.944,111.47
1554588360,5.946,5.963,5.946,5.948,127.9
1554588540,5.95,5.956,5.956,5.95,4.07
1554588600,5.956,5.956,5.956,5.956,3.63
1554588720,5.94,5.962,5.962,5.94,11.51
1554588780,5.94,5.956,5.94,5.956,297.11
1554588840,5.94,5.956,5.956,5.956,295.16
1554588900,5.956,5.956,5.956,5.956,2.3
1554588960,5.955,5.955,5.955,5.955,0.998
1554589020,5.94,5.964,5.94,5.962,147.83
1554589080,5.957,5.965,5.962,5.965,17.96
1554589140,5.961,5.961,5.961,5.961,5.2
1554589200,5.972,5.99,5.972,5.989,116.79
1554589260,5.971,5.99,5.989,5.99,139.99
1554589320,5.99,5.99,5.99,5.99,33.15
1554589380,5.984,5.99,5.99,5.99,527.68
1554589440,5.983,5.99,5.984,5.983,230.74
1554589500,5.982,5.991,5.99,5.982,210.36
1554589560,5.99,5.991,5.99,5.991,76.94
1554589620,5.991,5.991,5.991,5.991,3.93
1554589680,5.99,5.991,5.99,5.991,187.63
1554589740,5.976,5.986,5.986,5.976,169.32
1554589800,5.963,5.976,5.976,5.964,38.53
1554589860,5.957,5.957,5.957,5.957,15.73
1554589920,5.963,5.986,5.979,5.986,131.65
1554589980,5.985,5.985,5.985,5.985,0.163
1554590040,5.972,5.989,5.985,5.972,123.56
1554590100,5.961,5.967,5.963,5.961,203.6
1554590160,5.982,5.982,5.982,5.982,65.56
1554590280,5.971,5.983,5.979,5.983,21.9
1554590340,5.97,5.989,5.971,5.978,901.34
1554590400,5.979,5.991,5.99,5.991,59.5
1554590460,5.99,5.991,5.991,5.99,3.18
1554590520,5.99,5.99,5.99,5.99,2.15
1554590580,5.988,6.0,5.99,6.0,77.72
1554590640,5.987,6.0,5.99,6.0,340.13
1554590700,5.986,6.0,6.0,5.987,58.81
1554590760,5.991,5.999,5.991,5.991,105.75
1554590820,5.999,5.999,5.999,5.999,183.84
1554590880,5.992,5.999,5.992,5.999,1.52
1554590940,5.998,5.998,5.998,5.998,1.15
1554591000,5.998,5.998,5.998,5.998,27.91
1554591060,5.985,5.998,5.993,5.998,164.06
1554591120,5.998,5.998,5.998,5.998,2.45
1554591180,5.997,5.997,5.997,5.997,171.45
1554591240,5.98,5.997,5.99,5.98,186.19
1554591300,5.98,5.98,5.98,5.98,16.69
1554591360,5.971,5.99,5.99,5.971,228.89
1554591420,5.972,5.992,5.992,5.99,1157.9
1554591480,5.976,5.983,5.976,5.983,2.81
1554591540,5.978,5.991,5.979,5.978,291.34
1554591600,5.982,5.992,5.982,5.992,82.32
1554591660,5.992,5.999,5.992,5.999,347.68
1554591720,6.0,6.0,6.0,6.0,6.51
1554591780,6.0,6.0,6.0,6.0,454.49
1554591840,5.984,6.0,6.0,5.984,183.01
1554591900,5.984,6.0,6.0,6.0,76.66
1554591960,5.984,5.999,5.984,5.999,2.18
1554592020,5.98,5.98,5.98,5.98,178.73
1554592080,5.984,5.992,5.992,5.984,81.45
1554592140,5.983,5.99,5.983,5.99,12.25
1554592200,5.989,5.994,5.994,5.989,83.72
1554592260,5.973,5.985,5.985,5.973,77.14
1554592380,5.963,5.973,5.973,5.966,893.72
1554592440,5.967,5.984,5.967,5.982,39.17
1554592500,5.943,5.983,5.973,5.943,1094.49
1554592560,5.931,5.944,5.944,5.931,6.13
1554592620,5.931,5.952,5.931,5.952,7.16
1554592680,5.936,5.944,5.944,5.936,73.1
1554592740,5.948,5.948,5.948,5.948,50.64
1554592800,5.964,5.964,5.964,5.964,15.16
1554592860,5.947,5.967,5.967,5.947,371.81
1554592920,5.957,5.966,5.966,5.966,73.86
1554592980,5.948,5.989,5.966,5.989,1667.06
1554593040,5.968,5.984,5.984,5.968,151.35
1554593100,5.961,5.961,5.961,5.961,6.73
1554593160,5.967,5.967,5.967,5.967,24.17
1554593280,5.973,5.981,5.981,5.981,7.24
1554593400,5.97,5.987,5.97,5.98,8.89
1554593460,5.97,5.98,5.97,5.97,174.72
1554593520,5.98,5.98,5.98,5.98,411.46
1554593580,5.98,5.98,5.98,5.98,1.0
1554593640,5.965,5.965,5.965,5.965,23.4
1554593700,5.968,5.974,5.974,5.968,172.36
1554593760,5.972,5.98,5.972,5.98,5.72
1554593820,5.98,5.98,5.98,5.98,280.08
1554593880,5.98,5.988,5.98,5.988,39.54
1554593940,5.988,6.0,5.988,5.999,349.84
1554594000,5.999,5.999,5.999,5.999,5.0
1554594060,5.997,6.0,5.997,6.0,178.98
1554594120,5.999,6.0,5.999,6.0,1.13
1554594180,5.999,5.999,5.999,5.999,3.9
1554594240,5.982,5.982,5.982,5.982,49.95
1554594300,5.983,6.0,6.0,5.983,172.3
1554594360,6.0,6.0,6.0,6.0,18.91
1554594420,5.99,5.994,5.994,5.99,80.91
1554594540,5.99,6.0,6.0,6.0,87.2
1554594600,5.99,5.99,5.99,5.99,7.96
1554594660,5.99,6.0,5.99,6.0,366.61
1554594780,5.997,5.999,5.997,5.999,22.59
1554594840,5.982,5.982,5.982,5.982,4.76
1554594900,5.987,5.987,5.987,5.987,50.35
1554594960,5.981,5.999,5.999,5.981,56.28
1554595020,5.999,5.999,5.999,5.999,2.49
1554595080,5.981,6.0,5.981,6.0,432.03
1554595140,6.0,6.0,6.0,6.0,2.49
1554595200,6.0,6.0,6.0,6.0,1.49
1554595260,5.994,5.999,5.994,5.999,51.79
1554595320,5.991,5.991,5.991,5.991,1.87
1554595380,5.991,5.998,5.991,5.998,32.81
1554595440,5.991,5.998,5.991,5.998,15.94
1554595560,5.991,5.997,5.997,5.991,14.84
1554595680,5.998,5.998,5.998,5.998,2.0
1554595740,5.993,5.993,5.993,5.993,18.76
1554595800,5.983,5.998,5.998,5.998,18.08
1554595860,5.998,5.998,5.998,5.998,3.3
1554595920,5.989,5.998,5.989,5.989,5.81
1554595980,5.998,5.998,5.998,5.998,20.1
1554596040,5.998,5.998,5.998,5.998,0.665
1554596220,5.988,5.998,5.998,5.993,377.14
1554596280,5.992,5.997,5.997,5.992,155.83
1554596340,5.983,5.997,5.983,5.997,120.24
1554596400,5.998,6.0,5.998,6.0,1606.59
1554596460,6.0,6.01,6.0,6.002,1602.91
1554596520,6.002,6.01,6.002,6.002,2.83
1554596580,6.002,6.01,6.01,6.01,3.98
1554596640,6.002,6.01,6.01,6.002,5.8
1554596700,6.0,6.01,6.0,6.01,4.94
1554596760,6.01,6.02,6.01,6.02,921.29
1554596820,6.02,6.025,6.02,6.025,1328.2
1554596880,6.024,6.025,6.025,6.025,27.6
1554596940,6.025,6.025,6.025,6.025,81.36
1554597000,6.025,6.05,6.025,6.05,793.87
1554597060,6.044,6.05,6.05,6.05,111.65
1554597120,6.036,6.05,6.05,6.036,0.332
1554597180,6.032,6.049,6.036,6.032,180.32
1554597240,6.041,6.05,6.049,6.05,3369.41
1554597300,6.051,6.08,6.054,6.08,2611.54
1554597360,6.089,6.179,6.089,6.179,1707.91
1554597420,6.1,6.171,6.171,6.168,10399.51
1554597480,6.142,6.152,6.142,6.152,17.68
1554597540,6.15,6.187,6.15,6.187,224.0
1554597600,6.142,6.188,6.181,6.142,4169.08
1554597660,6.187,6.187,6.187,6.187,12.82
1554597720,6.135,6.17,6.135,6.151,669.44
1554597780,6.152,6.178,6.152,6.178,107.21
1554597840,6.173,6.25,6.178,6.232,5958.14
1554597900,6.21,6.255,6.255,6.218,1053.21
1554597960,6.22,6.23,6.22,6.229,1925.42
1554598020,6.194,6.233,6.227,6.216,635.25
1554598080,6.19,6.224,6.215,6.22,1624.38
1554598140,6.232,6.259,6.232,6.259,487.79
1554598200,6.25,6.27,6.254,6.27,2468.04
1554598260,6.274,6.304,6.274,6.304,1580.05
1554598320,6.29,6.329,6.308,6.325,1523.88
1554598380,6.32,6.35,6.336,6.32,1088.43
1554598440,6.31,6.368,6.311,6.368,883.64
1554598500,6.341,6.431,6.341,6.431,2327.1
1554598560,6.411,6.45,6.431,6.45,2738.05
1554598620,6.411,6.46,6.448,6.439,3052.75
1554598680,6.411,6.48,6.411,6.476,9469.97
1554598740,6.435,6.5,6.489,6.438,5102.73
1554598800,6.45,6.619,6.45,6.551,6438.79
1554598860,6.554,6.59,6.554,6.59,1605.71
1554598920,6.581,6.59,6.589,6.59,3770.83
1554598980,6.483,6.588,6.581,6.54,8362.39
1554599040,6.527,6.56,6.545,6.54,2289.26
1554599100,6.451,6.54,6.54,6.451,525.01
1554599160,6.451,6.503,6.451,6.493,429.47
1554599220,6.451,6.5,6.493,6.49,830.77
1554599280,6.46,6.498,6.484,6.46,225.61
1554599340,6.44,6.488,6.47,6.44,1681.65
1554599400,6.43,6.46,6.44,6.431,582.05
1554599460,6.411,6.459,6.459,6.42,1332.28
1554599520,6.379,6.42,6.42,6.379,2474.73
1554599580,6.383,6.415,6.407,6.4,2564.38
1554599640,6.371,6.399,6.399,6.377,236.57
1554599700,6.383,6.431,6.392,6.399,2121.29
1554599760,6.391,6.44,6.413,6.42,470.79
1554599820,6.4,6.474,6.421,6.4,2321.76
1554671100,9.0,9.131,9.0,9.131,2630.27
1554671160,9.01,9.131,9.014,9.031,511.12
1554671220,9.023,9.128,9.031,9.023,565.08
1554671280,9.016,9.03,9.028,9.03,2050.5
1554671340,9.021,9.12,9.03,9.12,347.87
1554671400,9.028,9.15,9.028,9.15,937.28
1554671460,9.035,9.15,9.037,9.139,1184.08
1554671520,9.035,9.139,9.139,9.13,580.9
1554671580,9.035,9.12,9.035,9.035,356.72
1554671640,9.04,9.117,9.117,9.098,483.7
1554671700,9.05,9.113,9.05,9.113,1264.53
1554671760,9.052,9.109,9.06,9.108,94.41
1554671820,9.036,9.107,9.107,9.037,80.89
1554671880,9.037,9.099,9.037,9.04,122.65
1554671940,9.037,9.097,9.05,9.088,158.88
1554672000,9.037,9.09,9.088,9.038,122.18
1554672060,9.04,9.1,9.089,9.041,575.14
1554672120,9.041,9.099,9.042,9.043,57.24
1554672180,9.044,9.1,9.097,9.099,209.91
1554672240,9.044,9.098,9.098,9.097,58.89
1554672300,9.044,9.096,9.096,9.05,67.55
1554672360,9.035,9.05,9.049,9.05,613.02
1554672420,9.044,9.096,9.044,9.096,1658.75
1554672480,9.036,9.096,9.096,9.036,237.27
1554672540,9.036,9.1,9.089,9.036,451.71
1554672600,9.037,9.1,9.09,9.098,629.52
1554672660,9.035,9.099,9.038,9.035,936.06
1554672720,9.02,9.035,9.035,9.02,348.59
1554672780,9.01,9.034,9.034,9.034,818.15
1554672840,9.01,9.025,9.014,9.01,400.49
1554672900,9.025,9.035,9.025,9.035,176.5
1554672960,9.011,9.035,9.011,9.035,147.71
1554673020,8.977,9.021,9.021,8.977,3923.78
1554673080,8.85,8.979,8.977,8.969,2417.83
1554673140,8.96,8.97,8.96,8.97,2.46
1554673200,8.85,8.98,8.959,8.98,595.99
1554673260,8.855,9.0,8.979,8.872,524.11
1554673320,8.874,9.0,9.0,8.879,486.43
1554673380,8.881,9.02,8.994,9.02,1220.84
1554673440,8.9,9.02,9.019,8.998,513.94
1554673500,8.91,8.996,8.91,8.917,760.54
1554673560,8.917,8.938,8.917,8.93,1519.91
1554673620,8.91,8.95,8.93,8.929,702.04
1554673680,8.91,8.94,8.912,8.91,939.27
1554673740,8.899,8.959,8.91,8.958,923.62
1554673800,8.91,9.019,8.92,8.923,1597.7
1554673860,8.926,9.015,8.926,9.008,378.08
1554673920,8.931,9.007,9.0,9.002,190.83
1554673980,8.939,9.003,9.001,8.999,606.14
1554674040,8.951,9.0,8.951,8.997,297.76
1554674100,8.956,9.0,8.997,9.0,1425.23
1554674160,8.96,9.059,9.001,9.058,1503.73
1554674220,8.966,9.057,8.967,9.055,649.08
1554674280,9.008,9.112,9.059,9.021,596.85
1554674340,9.032,9.112,9.111,9.071,163.09
1554674400,9.072,9.15,9.072,9.148,575.94
1554674460,9.087,9.149,9.132,9.101,1287.16
1554674520,9.085,9.149,9.102,9.09,1594.69
1554674580,9.003,9.09,9.09,9.068,1919.63
1554674640,9.003,9.067,9.03,9.06,205.94
1554674700,9.005,9.132,9.005,9.08,1793.18
1554674760,9.08,9.128,9.128,9.08,62.62
1554674820,9.051,9.123,9.08,9.116,539.82
1554674880,9.004,9.114,9.05,9.108,706.69
1554674940,9.04,9.108,9.108,9.103,268.28
1554675000,9.042,9.1,9.098,9.097,172.22
1554675060,9.042,9.097,9.097,9.094,278.57
1554675120,9.046,9.094,9.093,9.046,199.63
1554675180,9.045,9.092,9.086,9.092,292.81
1554675240,9.04,9.091,9.091,9.085,997.43
1554675300,9.04,9.084,9.083,9.083,644.27
1554675360,9.002,9.081,9.042,9.006,3391.97
1554675420,9.004,9.055,9.006,9.006,428.33
1554675480,9.005,9.049,9.006,9.011,949.99
1554675540,9.002,9.046,9.012,9.045,241.34
1554675600,9.043,9.044,9.043,9.044,122.16
1554675660,9.009,9.044,9.043,9.03,81.21
1554675720,9.002,9.029,9.01,9.029,306.12
1554675780,9.003,9.029,9.029,9.004,107.43
1554675840,9.005,9.03,9.028,9.03,698.5
1554675900,9.025,9.03,9.03,9.025,36.41
1554675960,9.006,9.03,9.029,9.03,291.25
1554676020,9.004,9.041,9.03,9.04,539.04
1554676080,9.007,9.04,9.04,9.039,288.2
1554676140,9.002,9.039,9.039,9.002,121.21
1554676200,9.003,9.034,9.003,9.027,223.67
1554676260,9.003,9.027,9.027,9.027,79.6
1554676320,9.003,9.027,9.004,9.003,669.93
1554676380,9.0,9.027,9.002,9.027,841.37
1554676440,9.001,9.04,9.04,9.035,645.22
1554676500,9.001,9.034,9.001,9.002,617.69
1554676560,8.99,9.015,9.015,8.992,660.48
1554676620,8.99,9.0,9.0,8.99,300.86
1554676680,8.99,9.0,8.99,8.991,558.02
1554676740,8.99,9.0,8.992,8.99,1347.6
1554676800,8.975,9.0,9.0,8.994,942.3
1554676860,8.975,9.0,8.975,8.993,1167.58
1554676920,8.975,8.999,8.975,8.979,1333.22
1554676980,8.975,9.0,8.99,8.981,762.66
1554677040,8.983,9.037,9.0,9.031,1210.3
1554677100,8.986,9.04,9.017,8.987,959.35
1554677160,8.989,9.041,9.039,9.041,1343.29
1554677220,8.99,9.04,9.004,9.018,200.66
1554677280,9.018,9.05,9.019,9.049,2984.2
1554677340,9.021,9.05,9.049,9.029,667.39
1554677400,9.022,9.035,9.029,9.028,1417.44
1554677460,8.91,9.028,9.028,9.008,1627.94
1554677520,8.85,9.018,9.013,8.879,1559.65
1554677580,8.829,8.876,8.851,8.873,1215.29
1554677640,8.738,8.873,8.873,8.82,4271.32
1554677700,8.71,8.821,8.82,8.767,1010.75
1554677760,8.76,8.787,8.767,8.761,1221.65
1554677820,8.69,8.766,8.765,8.69,1396.6
1554677880,8.7,8.719,8.7,8.719,443.15
1554677940,8.69,8.79,8.703,8.74,4179.09
1554678000,8.706,8.787,8.72,8.781,2086.28
1554678060,8.768,8.9,8.768,8.9,1466.62
1554678120,8.82,8.9,8.899,8.836,751.41
1554678180,8.761,8.816,8.81,8.81,375.98
1554678240,8.736,8.816,8.81,8.77,1464.32
1554678300,8.74,8.77,8.77,8.742,194.84
1554678360,8.74,8.789,8.76,8.789,1216.19
1554678420,8.79,8.849,8.803,8.82,536.49
1554678480,8.77,8.85,8.84,8.826,787.99
1554678540,8.7,8.824,8.773,8.73,1239.07
1554678600,8.72,8.831,8.73,8.818,600.41
1554678660,8.733,8.831,8.793,8.81,926.71
1554678720,8.716,8.81,8.809,8.787,3543.4
1554678780,8.73,8.787,8.787,8.75,178.37
1554678840,8.716,8.81,8.74,8.716,303.39
1554678900,8.7,8.77,8.72,8.71,488.44
1554678960,8.71,8.739,8.71,8.73,493.15
1554679020,8.7,8.74,8.71,8.73,538.99
1554679080,8.602,8.76,8.73,8.758,835.36
1554679140,8.668,8.781,8.75,8.702,444.98
1554679200,8.71,8.75,8.71,8.736,349.55
1554679260,8.679,8.745,8.736,8.71,891.14
1554679320,8.6,8.75,8.71,8.6,1467.13
1554679380,8.517,8.7,8.7,8.517,699.71
1554679440,8.5,8.588,8.588,8.54,4120.34
1554679500,8.539,8.54,8.539,8.54,558.31
1554679560,8.4,8.603,8.539,8.559,3271.41
1554679620,8.54,8.6,8.54,8.554,813.26
1554679680,8.5,8.569,8.555,8.529,3335.7
1554679740,8.451,8.538,8.529,8.494,1403.48
1554679800,8.45,8.499,8.495,8.45,1306.46
1554679860,8.455,8.47,8.469,8.469,532.87
1554679920,8.4,8.469,8.468,8.411,1966.46
1554679980,8.4,8.41,8.41,8.41,262.89
1554680040,8.4,8.448,8.4,8.435,441.6
1554680100,8.4,8.44,8.44,8.419,864.97
1554680160,8.41,8.42,8.42,8.419,596.71
1554680220,8.401,8.42,8.419,8.401,436.42
1554680280,8.4,8.525,8.417,8.525,1145.95
1554680340,8.44,8.891,8.525,8.859,1484.31
1554680400,8.671,8.85,8.84,8.818,1639.83
1554680460,8.7,8.818,8.7,8.7,56.83
1554680520,8.43,8.71,8.709,8.533,1162.74
1554680580,8.45,8.6,8.547,8.565,1667.96
1554680640,8.527,8.72,8.531,8.528,1175.72
1554680700,8.607,8.618,8.607,8.611,137.84
1554680760,8.54,8.61,8.61,8.579,374.84
1554680820,8.541,8.72,8.579,8.58,573.89
1554680880,8.582,8.8,8.71,8.8,275.78
1554680940,8.693,8.8,8.78,8.693,362.56
1554681000,8.68,8.77,8.693,8.711,411.5
1554681060,8.671,8.8,8.671,8.8,387.27
1554681120,8.74,8.79,8.78,8.74,349.78
1554681180,8.751,8.85,8.789,8.85,693.72
1554681240,8.773,8.82,8.78,8.773,606.7
1554681300,8.722,8.799,8.75,8.722,107.92
1554681360,8.747,8.778,8.769,8.775,820.64
1554681420,8.771,8.838,8.775,8.828,128.56
1554681480,8.79,8.827,8.792,8.827,159.71
1554681540,8.75,8.837,8.82,8.8,1099.7
1554681600,8.762,8.789,8.769,8.789,339.82
1554681660,8.77,8.799,8.78,8.782,478.98
1554681720,8.72,8.799,8.798,8.729,377.17
1554681780,8.72,8.749,8.728,8.74,205.98
1554681840,8.748,8.85,8.748,8.83,2111.94
1554681900,8.78,8.8,8.8,8.78,271.59
1554681960,8.781,8.8,8.781,8.8,49.46
1554682020,8.786,8.8,8.8,8.8,462.27
1554682080,8.791,8.85,8.8,8.85,805.91
1554682140,8.805,8.85,8.85,8.85,124.77
1554682200,8.785,8.84,8.84,8.839,1191.63
1554682260,8.791,8.839,8.8,8.804,1181.63
1554682320,8.8,8.85,8.839,8.827,344.31
1554682380,8.822,8.849,8.822,8.849,91.29
1554682440,8.811,8.85,8.84,8.85,247.54
1554682500,8.85,8.9,8.85,8.9,295.15
1554682560,8.899,8.95,8.9,8.95,810.53
1554682620,8.91,8.95,8.94,8.91,788.77
1554682680,8.929,8.95,8.939,8.95,194.19
1554682740,8.95,8.95,8.95,8.95,92.66
1554682800,8.949,8.95,8.95,8.949,125.2
1554682860,8.9,8.967,8.95,8.967,2108.95
1554682920,8.92,8.967,8.96,8.967,404.67
1554682980,8.9,8.967,8.951,8.966,186.14
1554683040,8.94,8.99,8.96,8.953,1185.28
1554683100,8.96,9.02,8.989,9.015,469.93
1554683160,9.012,9.1,9.014,9.1,4440.74
1554683220,9.09,9.1,9.09,9.099,523.65
1554683280,9.093,9.1,9.099,9.096,134.43
1554683340,9.097,9.15,9.099,9.15,1462.21
1554683400,9.14,9.148,9.14,9.148,77.48
1554683460,9.096,9.148,9.148,9.101,1409.97
1554683520,9.096,9.145,9.101,9.097,2213.15
1554683580,9.096,9.1,9.096,9.096,396.03
1554683640,8.991,9.1,9.1,9.09,2387.71
1554683700,9.049,9.05,9.05,9.05,360.62
1554683760,9.0,9.05,9.041,9.0,339.27
1554683820,9.0,9.01,9.0,9.01,187.63
1554683880,9.002,9.1,9.01,9.1,1355.73
1554683940,9.032,9.148,9.1,9.07,2096.86
1554684000,9.01,9.08,9.08,9.08,166.16
1554684060,9.01,9.082,9.08,9.01,270.68
1554684120,9.01,9.077,9.022,9.022,872.21
1554684180,8.949,9.08,9.022,8.95,2836.88
1554684240,8.601,8.95,8.949,8.778,2916.63
1554684300,8.75,8.794,8.764,8.791,333.44
1554684360,8.761,9.0,8.761,8.822,4832.74
1554684420,8.86,8.989,8.98,8.91,1238.32
1554684480,8.9,9.0,8.9,8.92,1535.44
1554684540,8.999,9.064,8.999,9.064,591.53
1554684600,9.01,9.064,9.06,9.03,197.85
1554684660,9.0,9.03,9.023,9.03,696.58
1554684720,9.001,9.03,9.03,9.02,256.55
1554684780,9.001,9.03,9.02,9.001,245.88
1554684840,8.969,9.001,9.001,8.999,1968.0
1554684900,8.881,8.999,8.999,8.98,417.38
1554684960,8.906,8.98,8.979,8.98,588.17
1554685020,8.926,8.98,8.926,8.949,374.19
1554685080,8.881,8.98,8.949,8.917,237.48
1554685140,8.88,8.945,8.88,8.882,257.55
1554685200,8.881,8.94,8.885,8.884,305.2
1554685260,8.883,8.95,8.886,8.911,688.6
1554685320,8.882,8.949,8.906,8.949,235.77
1554685380,8.882,8.947,8.884,8.919,734.99
1554685440,8.886,8.947,8.886,8.947,167.99
1554685500,8.895,8.98,8.947,8.901,424.3
1554685560,8.902,8.979,8.902,8.904,1240.5
1554685620,8.904,8.972,8.961,8.906,173.38
1554685680,8.906,8.977,8.948,8.977,135.63
1554685740,8.914,8.976,8.914,8.973,377.95
1554685800,8.933,8.98,8.933,8.943,2161.52
1554685860,8.937,8.984,8.979,8.944,422.59
1554685920,8.933,8.982,8.945,8.967,1354.08
1554685980,8.933,8.973,8.934,8.958,1395.31
1554686040,8.885,8.972,8.952,8.968,4535.15
1554686100,8.883,8.933,8.933,8.884,754.0
1554686160,8.801,8.941,8.884,8.933,3505.76
1554686220,8.831,8.935,8.932,8.839,1067.59
1554686280,8.848,8.934,8.933,8.932,1232.53
1554686340,8.87,8.933,8.932,8.932,183.97
1554686400,8.859,8.932,8.881,8.929,403.01
1554686460,8.801,8.929,8.859,8.801,289.42
1554686520,8.802,8.915,8.915,8.811,491.4
1554686580,8.812,8.903,8.82,8.897,565.53
1554686640,8.829,8.895,8.894,8.829,357.16
1554686700,8.83,8.891,8.88,8.836,132.04
1554686760,8.803,8.848,8.848,8.843,489.47
1554686820,8.8,8.84,8.804,8.84,271.66
1554686880,8.78,8.839,8.802,8.834,2814.14
1554686940,8.78,8.839,8.834,8.839,1189.12
1554687000,8.8,8.947,8.839,8.947,725.67
1554687060,8.827,8.947,8.947,8.841,137.98
1554687120,8.844,8.94,8.94,8.94,370.16
1554687180,8.934,8.94,8.935,8.94,585.69
1554687240,8.842,8.94,8.94,8.842,882.15
1554687300,8.844,8.896,8.894,8.895,909.97
1554687360,8.856,8.938,8.895,8.937,704.88
1554687420,8.86,8.937,8.936,8.861,210.94
1554687480,8.9,8.928,8.928,8.924,366.33
1554687540,8.861,8.94,8.924,8.94,433.92
1554687600,8.869,8.94,8.94,8.938,331.58
1554687660,8.877,8.936,8.936,8.882,1002.15
1554687720,8.87,8.947,8.94,8.94,397.25
1554687780,8.815,8.94,8.94,8.815,432.76
1554687840,8.816,8.933,8.816,8.928,25.62
1554687900,8.926,8.928,8.926,8.928,263.02
1554687960,8.838,8.93,8.838,8.93,440.17
1554688020,8.856,8.95,8.929,8.95,449.67
1554688080,8.865,8.947,8.873,8.935,611.97
1554688140,8.833,8.932,8.865,8.834,973.69
1554688200,8.833,8.921,8.834,8.833,488.09
1554688260,8.831,8.893,8.89,8.884,439.05
1554688320,8.831,8.893,8.884,8.844,354.04
1554688380,8.69,8.889,8.889,8.868,2433.4
1554688440,8.69,8.868,8.868,8.867,146.21
1554688500,8.752,8.9,8.838,8.9,152.67
1554688560,8.812,8.909,8.812,8.883,869.18
1554688620,8.802,8.887,8.882,8.878,549.22
1554688680,8.802,8.875,8.875,8.862,70.74
1554688740,8.802,8.868,8.862,8.848,1824.65
1554688800,8.806,8.85,8.848,8.85,1131.94
1554688860,8.821,8.85,8.849,8.828,188.16
1554688920,8.832,8.899,8.85,8.899,83.87
1554688980,8.839,8.9,8.839,8.9,248.06
1554689040,8.851,8.9,8.9,8.9,212.66
1554689100,8.856,8.9,8.9,8.9,542.65
1554689160,8.858,8.9,8.858,8.899,313.99
1554689220,8.866,8.9,8.898,8.9,274.39
1554689280,8.868,8.9,8.9,8.899,226.34
1554689340,8.859,8.899,8.859,8.86,293.72
1554689400,8.861,8.9,8.898,8.9,1253.02
1554689460,8.864,8.9,8.9,8.898,703.47
1554689520,8.868,8.898,8.897,8.87,1469.03
1554689580,8.87,8.894,8.87,8.87,194.8
1554689640,8.87,8.894,8.87,8.87,146.94
1554689700,8.869,8.871,8.871,8.871,129.06
1554689760,8.867,8.898,8.871,8.897,669.21
1554689820,8.801,8.897,8.897,8.893,995.55
1554689880,8.811,8.894,8.892,8.815,1307.5
1554689940,8.815,8.892,8.891,8.815,194.68
1554690000,8.76,8.885,8.815,8.817,231.2
1554690060,8.815,8.819,8.815,8.815,201.16
1554690120,8.762,8.82,8.815,8.82,709.04
1554690180,8.775,8.9,8.775,8.893,614.83
1554690240,8.81,8.895,8.891,8.895,254.49
1554690300,8.881,8.894,8.893,8.881,160.54
1554690360,8.881,8.89,8.889,8.889,310.01
1554690420,8.842,8.89,8.881,8.889,502.78
1554690480,8.81,8.879,8.879,8.859,235.1
1554690540,8.8,8.811,8.81,8.805,258.46
1554690600,8.803,8.805,8.805,8.803,69.97
1554690660,8.53,8.804,8.804,8.788,10361.7
1554690720,8.356,8.786,8.786,8.693,5862.02
1554690780,8.535,8.649,8.649,8.535,680.35
1554690840,8.201,8.525,8.525,8.237,11644.09
1554690900,8.05,8.237,8.237,8.051,3574.92
1554690960,8.0,8.056,8.051,8.01,7302.25
1554691020,8.0,8.146,8.012,8.024,6386.55
1554691080,8.001,8.48,8.099,8.48,3178.0
1554691140,8.267,8.499,8.48,8.403,640.9
1554691200,8.051,8.425,8.404,8.245,4403.5
1554691260,8.07,8.249,8.249,8.23,2669.7
1554691320,8.091,8.23,8.091,8.105,4930.65
1554691380,8.11,8.219,8.15,8.21,390.47
1554691440,8.05,8.21,8.21,8.06,5945.13
1554691500,8.055,8.22,8.059,8.21,5196.9
1554691560,8.101,8.399,8.112,8.399,1472.33
1554691620,8.153,8.2,8.153,8.186,1856.38
1554691680,8.172,8.186,8.172,8.186,684.56
1554691740,8.176,8.3,8.177,8.184,988.56
1554691800,8.183,8.298,8.2,8.297,599.79
1554691860,8.181,8.297,8.233,8.24,857.8
1554691920,8.192,8.24,8.239,8.214,1547.82
1554691980,8.102,8.201,8.193,8.102,1791.32
1554692040,8.103,8.201,8.121,8.15,315.44
