1535506380,13.18,13.19,13.18,13.19,110.86800029999999
1535506440,13.18,13.19,13.19,13.18,32.7195995
1535506500,13.19,13.19,13.19,13.19,40.35026498
1535506560,13.18,13.19,13.19,13.19,27.43028265
1535506620,13.18,13.19,13.19,13.19,246.48155271
1535506680,13.18,13.19,13.18,13.19,29.20238419
1535506740,13.18,13.19,13.19,13.19,100.61167694
1535506800,13.18,13.19,13.19,13.18,38.26579957
1535506860,13.18,13.19,13.19,13.18,421.99137809999996
1535506920,13.17,13.18,13.17,13.18,65.4722098
1535506980,13.14,13.18,13.18,13.17,694.6935975
1535507040,13.16,13.18,13.17,13.17,79.80510042999998
1535507100,13.14,13.17,13.16,13.17,643.5657199800003
1535507160,13.16,13.17,13.17,13.16,14.933178609999999
1535507220,13.13,13.17,13.16,13.13,582.09566177
1535507280,13.13,13.14,13.13,13.13,199.18644108
1535507340,13.13,13.14,13.13,13.13,74.69585078
1535507400,13.13,13.15,13.14,13.15,120.97149365000001
1535507460,13.14,13.15,13.14,13.15,13.313371559999998
1535507520,13.15,13.15,13.15,13.15,12.373602
1535507580,13.14,13.15,13.15,13.15,42.37001165
1535507640,13.15,13.15,13.15,13.15,4.16090132
1535507700,13.15,13.15,13.15,13.15,17.34067306
1535507760,13.15,13.15,13.15,13.15,74.21092257000001
1535507820,13.14,13.15,13.15,13.15,66.49370067
1535507880,13.14,13.15,13.14,13.15,132.60883978
1535507940,13.06,13.15,13.15,13.12,5031.4079199299995
1535508000,13.12,13.13,13.12,13.12,63.07541522000001
1535508060,13.13,13.14,13.13,13.13,24.58409785
1535508120,13.13,13.14,13.13,13.14,220.49132033
1535508180,13.13,13.14,13.14,13.14,109.11947462
1535508240,13.13,13.14,13.14,13.14,25.47272718
1535508300,13.08,13.13,13.13,13.11,342.34673732000005
1535508360,13.09,13.11,13.11,13.11,63.97900005
1535508420,13.11,13.12,13.11,13.12,69.52945066000001
1535508480,13.11,13.12,13.12,13.12,14.57206098
1535508540,13.11,13.12,13.11,13.11,59.09754252
1535508600,13.11,13.12,13.11,13.12,161.47347803
1535508660,13.11,13.12,13.11,13.12,140.38399466
1535508720,13.12,13.12,13.12,13.12,11.87249727
1535508780,13.11,13.12,13.12,13.11,49.120425919999995
1535508840,13.11,13.12,13.12,13.12,4.26128503
1535508900,13.12,13.12,13.12,13.12,8.16420943
1535508960,13.1,13.12,13.12,13.1,195.12474489
1535509020,13.1,13.11,13.11,13.11,88.50205310999999
1535509080,13.09,13.11,13.11,13.1,58.686898400000004
1535509140,13.09,13.09,13.09,13.09,30.642330459999997
1535509200,13.1,13.1,13.1,13.1,20.89856064
1535509260,13.09,13.12,13.1,13.12,1537.32015843
1535509320,13.06,13.11,13.11,13.06,1317.4087016900003
1535509380,13.06,13.07,13.07,13.07,125.37853949000001
1535509440,13.06,13.08,13.07,13.08,43.94882843000001
1535509500,13.06,13.07,13.07,13.06,278.73720705
1535509560,13.06,13.08,13.06,13.08,35.97485559
1535509620,13.06,13.08,13.06,13.06,187.14457356999998
1535509680,13.06,13.07,13.07,13.07,131.48879272000002
1535509740,13.01,13.06,13.06,13.03,2505.1950166499987
1535509800,13.03,13.04,13.03,13.04,389.23169609000007
1535509860,13.02,13.03,13.02,13.03,64.26176539000001
1535509920,13.02,13.03,13.02,13.03,148.14886729
1535509980,13.0,13.02,13.02,13.0,2113.3102945600003
1535510040,12.97,13.01,13.0,12.97,1510.338365919999
1535510100,12.97,12.98,12.98,12.97,168.18945951
1535510160,12.97,12.98,12.98,12.98,81.6845187
1535510220,12.97,12.98,12.98,12.98,175.10673523
1535510280,12.97,12.98,12.97,12.98,44.66859348
1535510340,12.97,12.98,12.98,12.98,193.17953825
1535510400,12.98,12.98,12.98,12.98,75.53296691
1535510460,12.97,12.98,12.98,12.98,152.40144455
1535510520,12.96,12.98,12.97,12.98,1213.9970033199997
1535510580,12.97,12.98,12.98,12.98,48.691080830000004
1535510640,12.97,12.98,12.97,12.98,101.01648978
1535510700,12.97,12.98,12.97,12.98,217.56883742000005
1535510760,12.97,12.98,12.97,12.98,77.32086869
