1546527900,5.13,5.14,5.14,5.14,84.88
1546528020,5.14,5.14,5.14,5.14,4.0
1546528080,5.14,5.15,5.14,5.15,61.92
1546528140,5.14,5.15,5.14,5.15,75.98
1546528200,5.14,5.15,5.15,5.14,82.07
1546528260,5.14,5.15,5.14,5.15,35.99
1546528320,5.14,5.15,5.15,5.14,10.69
1546528380,5.14,5.15,5.15,5.14,21.84
1546528440,5.15,5.15,5.15,5.15,16.28
1546528500,5.14,5.14,5.14,5.14,0.334
1546528560,5.14,5.14,5.14,5.14,12.1
1546528620,5.14,5.15,5.15,5.15,373.7
1546528680,5.15,5.15,5.15,5.15,12.58
1546528740,5.15,5.15,5.15,5.15,60.92
1546528800,5.14,5.14,5.14,5.14,20.0
1546528860,5.14,5.15,5.15,5.14,121.22
1546528920,5.14,5.15,5.15,5.14,126.7
1546528980,5.14,5.14,5.14,5.14,10.0
1546529100,5.14,5.15,5.14,5.15,8.46
1546529160,5.15,5.15,5.15,5.15,5.96
1546529220,5.15,5.15,5.15,5.15,15.56
1546529280,5.15,5.15,5.15,5.15,0.185
1546529340,5.14,5.15,5.14,5.15,22.22
1546529400,5.14,5.15,5.14,5.15,348.63
1546529460,5.14,5.14,5.14,5.14,499.02
1546529520,5.14,5.15,5.15,5.15,40.56
1546529580,5.15,5.15,5.15,5.15,1.86
1546529640,5.14,5.14,5.14,5.14,12.41
1546529760,5.14,5.14,5.14,5.14,16.48
1546529820,5.14,5.14,5.14,5.14,8.6
1546529940,5.14,5.15,5.14,5.15,67.48
1546530000,5.13,5.15,5.15,5.13,27.23
1546530060,5.14,5.14,5.14,5.14,1.74
1546530120,5.14,5.14,5.14,5.14,3.84
1546530180,5.13,5.14,5.14,5.13,11.28
1546530240,5.14,5.14,5.14,5.14,550.28
1546530300,5.14,5.14,5.14,5.14,5.0
1546530360,5.15,5.15,5.15,5.15,0.968
1546530420,5.14,5.15,5.15,5.15,3.27
1546530480,5.14,5.14,5.14,5.14,13.86
1546530540,5.15,5.15,5.15,5.15,0.802
1546530600,5.14,5.15,5.15,5.14,34.98
1546530660,5.15,5.15,5.15,5.15,96.85
1546530720,5.14,5.15,5.15,5.14,31.44
1546530780,5.15,5.15,5.15,5.15,23.74
1546530900,5.14,5.15,5.14,5.15,78.46
1546531140,5.14,5.15,5.14,5.15,159.83
1546531260,5.15,5.16,5.15,5.16,67.59
1546531320,5.15,5.15,5.15,5.15,58.94
1546531440,5.15,5.15,5.15,5.15,97.76
1546531500,5.15,5.15,5.15,5.15,4.74
1546531620,5.14,5.15,5.15,5.14,11.84
1546531680,5.11,5.13,5.13,5.11,341.51
1546531740,5.1,5.11,5.11,5.1,10.19
1546531800,5.1,5.11,5.1,5.1,40.21
1546531860,5.11,5.11,5.11,5.11,12.07
1546531920,5.1,5.11,5.1,5.1,673.46
1546531980,5.1,5.11,5.1,5.11,10.1
1546532040,5.1,5.11,5.11,5.1,491.0
1546532220,5.11,5.11,5.11,5.11,2.05
1546532280,5.1,5.11,5.11,5.1,56.74
1546532340,5.1,5.1,5.1,5.1,2.26
1546532400,5.11,5.11,5.11,5.11,6.23
1546532520,5.05,5.1,5.1,5.05,1792.11
1546532580,5.01,5.05,5.05,5.02,1949.97
1546532640,5.02,5.03,5.02,5.03,91.05
1546532700,5.03,5.03,5.03,5.03,5.05
1546532760,5.03,5.04,5.04,5.04,45.26
1546532820,5.04,5.04,5.04,5.04,196.84
1546532880,5.03,5.04,5.04,5.03,79.53
1546532940,5.04,5.05,5.04,5.05,572.06
1546533000,5.03,5.04,5.04,5.03,87.12
1546533060,5.03,5.04,5.03,5.04,19.48
1546533120,5.04,5.04,5.04,5.04,19.15
1546533240,5.04,5.04,5.04,5.04,5.83
1546533300,5.04,5.04,5.04,5.04,0.914
1546533360,5.02,5.03,5.03,5.02,269.5
1546533420,5.03,5.03,5.03,5.03,1.78
1546533480,5.03,5.04,5.03,5.03,176.7
1546533540,5.04,5.04,5.04,5.04,316.59
1546533600,5.03,5.04,5.04,5.04,185.99
1546533660,5.02,5.03,5.03,5.02,69.94
1546533720,5.01,5.02,5.02,5.02,4.9
1546533780,5.02,5.03,5.02,5.03,145.84
1546533840,5.03,5.03,5.03,5.03,112.4
1546533900,5.02,5.03,5.03,5.03,307.74
1546533960,5.01,5.02,5.02,5.02,221.77
1546534020,5.01,5.03,5.02,5.02,1325.69
1546534080,5.02,5.02,5.02,5.02,39.05
1546567080,5.03,5.03,5.03,5.03,2.51
1546567140,5.03,5.03,5.03,5.03,1.58
1546567200,5.03,5.03,5.03,5.03,225.73
1546567260,5.02,5.02,5.02,5.02,41.24
1546567320,5.03,5.03,5.03,5.03,194.91
1546567380,5.03,5.03,5.03,5.03,20.18
1546567560,5.03,5.03,5.03,5.03,108.48
1546567620,5.03,5.03,5.03,5.03,155.62
1546567740,5.03,5.03,5.03,5.03,2.67
1546567800,5.03,5.03,5.03,5.03,1.0
1546567860,5.0,5.03,5.03,5.01,5143.63
1546567980,5.02,5.02,5.02,5.02,18.2
1546568040,5.02,5.02,5.02,5.02,41.12
1546568100,5.01,5.02,5.02,5.01,1.38
1546568220,5.02,5.02,5.02,5.02,10.31
1546568340,5.02,5.02,5.02,5.02,0.993
1546568460,5.01,5.02,5.02,5.01,6.58
1546568520,5.01,5.01,5.01,5.01,4.95
1546568580,5.02,5.02,5.02,5.02,0.795
1546568640,5.01,5.01,5.01,5.01,272.95
1546568700,5.02,5.02,5.02,5.02,3.67
1546568760,5.02,5.02,5.02,5.02,140.79
1546568820,5.01,5.02,5.02,5.02,75.5
1546568880,5.01,5.02,5.02,5.01,27.1
1546568940,5.02,5.03,5.02,5.03,32.25
1546569000,5.03,5.03,5.03,5.03,3.0
1546569120,5.02,5.02,5.02,5.02,3.98
1546569180,5.02,5.02,5.02,5.02,3.27
1546569240,5.02,5.03,5.02,5.03,28.73
1546569300,5.03,5.03,5.03,5.03,8.52
1546569420,5.03,5.03,5.03,5.03,6.53
1546569480,5.02,5.02,5.02,5.02,6.19
1546569540,5.03,5.03,5.03,5.03,1.78
1546569660,5.03,5.03,5.03,5.03,5.94
1546569720,5.03,5.03,5.03,5.03,0.595
1546569780,5.03,5.03,5.03,5.03,166.2
1546569840,5.02,5.03,5.02,5.03,237.31
1546570020,5.03,5.03,5.03,5.03,5.54
1546570080,5.03,5.03,5.03,5.03,4.45
1546570260,5.02,5.03,5.02,5.03,40.77
1546570320,5.03,5.03,5.03,5.03,1.16
1546570440,5.03,5.03,5.03,5.03,5.34
1546570560,5.03,5.03,5.03,5.03,19.19
1546570620,5.03,5.03,5.03,5.03,16.19
1546570680,5.03,5.03,5.03,5.03,20.18
1546570800,5.03,5.03,5.03,5.03,0.793
1546570860,5.03,5.03,5.03,5.03,10.0
1546570920,5.03,5.03,5.03,5.03,29.08
1546571040,5.02,5.03,5.03,5.02,24.05
1546571160,5.02,5.03,5.03,5.02,400.0
1546571220,5.02,5.03,5.03,5.02,6.53
1546571340,5.02,5.03,5.02,5.03,9.67
1546571520,5.03,5.03,5.03,5.03,24.58
1546571580,5.03,5.03,5.03,5.03,4.45
1546571700,5.03,5.03,5.03,5.03,0.991
1546571760,5.03,5.03,5.03,5.03,9.5
1546571820,5.03,5.03,5.03,5.03,6.13
1546571880,5.03,5.03,5.03,5.03,43.41
1546571940,5.02,5.02,5.02,5.02,1.34
1546572000,5.03,5.03,5.03,5.03,17.81
1546572060,5.02,5.03,5.03,5.03,106.22
1546572120,5.02,5.03,5.02,5.03,101.17
1546572180,5.03,5.04,5.03,5.04,12.93
1546572240,5.04,5.04,5.04,5.04,0.792
1546572300,5.03,5.04,5.03,5.04,25.46
1546572360,5.03,5.04,5.04,5.03,6.25
1546572420,5.04,5.04,5.04,5.04,5.0
1546572480,5.04,5.05,5.04,5.05,1419.85
1546572540,5.06,5.06,5.06,5.06,388.21
1546572660,5.07,5.07,5.07,5.07,0.198
1546572780,5.07,5.07,5.07,5.07,6.67
1546572840,5.06,5.08,5.06,5.08,209.46
1546572900,5.08,5.08,5.08,5.08,19.0
1546572960,5.07,5.08,5.08,5.08,122.07
1546573020,5.08,5.08,5.08,5.08,1.0
1546573140,5.07,5.07,5.07,5.07,3.46
1546573260,5.07,5.08,5.07,5.08,40.44
1546573380,5.08,5.08,5.08,5.08,44.5
1546573440,5.08,5.08,5.08,5.08,0.121
1546573560,5.08,5.08,5.08,5.08,19.0
1546573620,5.07,5.08,5.07,5.08,6.63
1546573680,5.08,5.08,5.08,5.08,4.9
1546573740,5.08,5.08,5.08,5.08,1017.49
1546573800,5.09,5.09,5.09,5.09,8.21
1546573980,5.09,5.1,5.09,5.1,260.02
1546574040,5.1,5.11,5.11,5.11,15.21
1546574100,5.1,5.1,5.1,5.1,1.75
1546574160,5.1,5.1,5.1,5.1,118.8
1546574280,5.11,5.12,5.11,5.12,100.0
1546574340,5.11,5.12,5.12,5.12,496.61
1546574400,5.12,5.13,5.12,5.13,829.1
1546574460,5.13,5.13,5.13,5.13,18.65
1546574520,5.13,5.13,5.13,5.13,2.28
1546574580,5.11,5.12,5.12,5.11,276.36
1546574640,5.11,5.12,5.12,5.11,339.15
1546574700,5.1,5.11,5.11,5.11,404.09
1546574760,5.11,5.11,5.11,5.11,19.06
1546574820,5.11,5.11,5.11,5.11,2.44
1546574880,5.11,5.11,5.11,5.11,119.7
1546574940,5.1,5.11,5.1,5.1,541.7
1546575120,5.1,5.11,5.1,5.11,136.05
1546575180,5.1,5.11,5.1,5.11,14.35
1546575240,5.1,5.11,5.1,5.11,2.79
1546575300,5.1,5.1,5.1,5.1,3.6
1546575360,5.11,5.11,5.11,5.11,0.976
1546575420,5.11,5.11,5.11,5.11,3.6
1546575480,5.11,5.11,5.11,5.11,15.32
1546575600,5.09,5.11,5.11,5.1,459.11
1546575660,5.1,5.12,5.1,5.12,126.3
1546575720,5.12,5.12,5.12,5.12,18.69
1546575780,5.11,5.12,5.11,5.12,85.06
1546575840,5.1,5.11,5.11,5.1,497.52
1546575900,5.11,5.11,5.11,5.11,1.75
1546575960,5.11,5.12,5.11,5.12,1150.56
1546576080,5.11,5.11,5.11,5.11,70.13
1546576140,5.11,5.12,5.12,5.11,6.83
1546576200,5.12,5.12,5.12,5.12,11.08
1546576260,5.12,5.12,5.12,5.12,11.57
1546576320,5.12,5.12,5.12,5.12,95.74
1546576380,5.11,5.11,5.11,5.11,0.787
1546576440,5.12,5.12,5.12,5.12,112.3
1546576500,5.11,5.11,5.11,5.11,3.61
1546576620,5.11,5.11,5.11,5.11,39.13
1546576740,5.11,5.12,5.11,5.12,36.59
1546577100,5.11,5.11,5.11,5.11,5.51
1546577160,5.11,5.12,5.11,5.12,13.2
1546577220,5.11,5.12,5.11,5.12,410.0
1546577280,5.11,5.11,5.11,5.11,8.44
1546577400,5.11,5.12,5.11,5.12,13.72
1546577460,5.11,5.12,5.11,5.12,4.6
1546577520,5.11,5.12,5.11,5.12,7.29
1546577580,5.11,5.11,5.11,5.11,7.92
1546577640,5.11,5.11,5.11,5.11,323.75
1546577760,5.11,5.12,5.11,5.12,100.0
1546577820,5.12,5.12,5.12,5.12,2.0
1546577880,5.12,5.12,5.12,5.12,196.49
1546577940,5.11,5.11,5.11,5.11,5.0
1546578000,5.12,5.13,5.12,5.12,64.62
1546578120,5.12,5.12,5.12,5.12,33.52
1546578180,5.13,5.13,5.13,5.13,0.134
1546578240,5.13,5.13,5.13,5.13,42.19
1546578300,5.12,5.12,5.12,5.12,27.09
1546578360,5.13,5.13,5.13,5.13,9.12
1546578480,5.12,5.12,5.12,5.12,4.13
1546578720,5.12,5.13,5.13,5.12,109.06
1546578840,5.12,5.12,5.12,5.12,21.0
1546578960,5.12,5.13,5.13,5.12,36.95
1546579020,5.12,5.12,5.12,5.12,5.29
1546579080,5.12,5.12,5.12,5.12,0.377
1546579140,5.13,5.13,5.13,5.13,57.34
1546579380,5.12,5.12,5.12,5.12,382.37
1546579440,5.12,5.12,5.12,5.12,28.57
1546579500,5.12,5.12,5.12,5.12,128.02
1546579560,5.12,5.12,5.12,5.12,51.0
1546579620,5.11,5.11,5.11,5.11,18.6
1546579680,5.11,5.11,5.11,5.11,241.25
1546580040,5.12,5.12,5.12,5.12,1.02
1546580100,5.11,5.12,5.12,5.12,17.7
1546580160,5.13,5.13,5.13,5.13,9.31
1546580280,5.12,5.13,5.13,5.12,193.05
1546580340,5.12,5.13,5.13,5.12,2.33
1546580400,5.12,5.13,5.13,5.12,5.2
1546580460,5.13,5.13,5.13,5.13,3.0
1546580520,5.13,5.13,5.13,5.13,10.09
1546580580,5.13,5.13,5.13,5.13,1.75
1546580640,5.13,5.13,5.13,5.13,9.31
1546580760,5.13,5.15,5.13,5.14,681.07
1546580940,5.14,5.15,5.15,5.14,148.33
1546581000,5.15,5.15,5.15,5.15,7.24
1546581060,5.15,5.15,5.15,5.15,28.74
1546581120,5.14,5.14,5.14,5.14,0.978
1546581240,5.15,5.15,5.15,5.15,3.58
1546581360,5.15,5.15,5.15,5.15,1.0
1546581420,5.15,5.15,5.15,5.15,127.55
1546581480,5.14,5.14,5.14,5.14,16.23
1546581540,5.15,5.15,5.15,5.15,9.28
1546581720,5.15,5.15,5.15,5.15,27.87
1546581840,5.14,5.15,5.15,5.14,6.41
1546581900,5.14,5.15,5.15,5.14,15.22
1546582020,5.15,5.15,5.15,5.15,78.0
1546582080,5.14,5.15,5.14,5.15,9.45
1546582260,5.15,5.15,5.15,5.15,85.22
1546582320,5.15,5.16,5.15,5.16,172.74
1546582440,5.16,5.16,5.16,5.16,110.0
1546582620,5.16,5.16,5.16,5.16,9.26
1546582680,5.16,5.16,5.16,5.16,8.1
1546582740,5.15,5.16,5.15,5.16,43.31
1546582800,5.16,5.17,5.16,5.16,27.29
1546582860,5.17,5.17,5.17,5.17,17.79
1546582980,5.17,5.17,5.17,5.17,120.3
1546583040,5.17,5.17,5.17,5.17,45.22
1546583100,5.16,5.16,5.16,5.16,10.75
1546583160,5.17,5.17,5.17,5.17,4.0
1546583220,5.17,5.18,5.17,5.18,500.0
1546583280,5.18,5.18,5.18,5.18,14.73
1546583400,5.17,5.17,5.17,5.17,103.72
1546583460,5.18,5.18,5.18,5.18,37.84
1546583520,5.18,5.18,5.18,5.18,10.03
1546583580,5.17,5.17,5.17,5.17,10.89
1546583640,5.18,5.18,5.18,5.18,3.56
1546583760,5.18,5.18,5.18,5.18,0.194
1546583880,5.17,5.17,5.17,5.17,0.285
1546583940,5.18,5.18,5.18,5.18,94.63
1546584000,5.18,5.18,5.18,5.18,0.609
1546584060,5.15,5.17,5.17,5.15,289.03
1546584120,5.15,5.16,5.16,5.15,67.02
1546584240,5.16,5.16,5.16,5.16,5.0
1546584300,5.16,5.16,5.16,5.16,3.57
1546584360,5.15,5.15,5.15,5.15,60.47
1546584420,5.15,5.15,5.15,5.15,281.12
1546584480,5.15,5.15,5.15,5.15,558.92
1546584600,5.16,5.16,5.16,5.16,21.73
1546584660,5.15,5.16,5.15,5.16,6.0
1546584720,5.15,5.16,5.16,5.15,3.41
1546585020,5.16,5.16,5.16,5.16,4.0
1546585260,5.15,5.16,5.16,5.15,387.32
1546585320,5.15,5.16,5.16,5.15,86.38
1546585380,5.16,5.16,5.16,5.16,100.0
1546585440,5.15,5.15,5.15,5.15,40.87
1546585680,5.16,5.16,5.16,5.16,1.0
1546585740,5.16,5.16,5.16,5.16,3.57
1546585800,5.16,5.16,5.16,5.16,103.5
1546585860,5.16,5.16,5.16,5.16,9.26
1546585920,5.16,5.16,5.16,5.16,41.75
1546585980,5.15,5.15,5.15,5.15,34.2
1546586040,5.15,5.15,5.15,5.15,5.0
1546586100,5.15,5.15,5.15,5.15,69.23
1546586160,5.15,5.16,5.16,5.15,30.58
1546586220,5.15,5.15,5.15,5.15,52.81
1546586280,5.15,5.15,5.15,5.15,53.52
1546586340,5.15,5.16,5.16,5.15,61.9
1546586400,5.15,5.15,5.15,5.15,26.88
1546586460,5.15,5.15,5.15,5.15,33.34
1546586520,5.15,5.15,5.15,5.15,64.75
1546586580,5.15,5.15,5.15,5.15,26.52
1546586640,5.15,5.15,5.15,5.15,27.09
1546586700,5.14,5.16,5.16,5.14,354.95
1546586820,5.14,5.15,5.14,5.15,23.74
1546586880,5.14,5.14,5.14,5.14,306.56
1546586940,5.14,5.15,5.14,5.15,46.64
1546587060,5.14,5.15,5.15,5.14,617.03
1546587180,5.14,5.14,5.14,5.14,10.0
1546587240,5.14,5.15,5.15,5.14,56.71
1546587300,5.15,5.15,5.15,5.15,0.775
1546587420,5.15,5.15,5.15,5.15,125.91
1546587480,5.15,5.15,5.15,5.15,1.84
1546587540,5.13,5.14,5.13,5.14,37.93
1546587600,5.13,5.14,5.14,5.13,27.66
1546587660,5.13,5.13,5.13,5.13,304.78
1546587780,5.13,5.13,5.13,5.13,25.3
1546587900,5.13,5.13,5.13,5.13,30.6
