1534099320,13.23,13.23,13.23,13.23,0.61
1534099380,13.23,13.24,13.23,13.24,2.59943131
1534099980,13.2,13.23,13.23,13.2,199.99005
1534100340,13.21,13.24,13.24,13.21,140.0195177
1534100400,13.21,13.21,13.21,13.21,4.727149
1534100760,13.21,13.21,13.21,13.21,0.705771
1534101060,13.21,13.21,13.21,13.21,0.12454923
1534101480,13.21,13.21,13.21,13.21,0.90568566
1534101540,13.2,13.2,13.2,13.2,0.265
1534101600,13.2,13.2,13.2,13.2,0.3
1534101960,13.21,13.28,13.21,13.28,150.4398831
1534102020,13.25,13.27,13.25,13.27,225.23284609
1534102080,13.25,13.26,13.26,13.25,891.0710503600001
1534102560,13.24,13.3,13.24,13.3,135.31714300000002
1534102620,13.33,13.41,13.33,13.41,403.26142357000003
1534102680,13.4,13.42,13.42,13.4,444.50848461000004
1534102740,13.37,13.45,13.39,13.37,1268.3471450300005
1534102800,13.3,13.36,13.36,13.3,90.14577641
1534102920,13.3,13.37,13.33,13.3,30.25052187
1534102980,13.14,13.29,13.29,13.14,360.85837155000013
1534103040,13.05,13.14,13.14,13.14,1191.3874676
1534103100,13.12,13.13,13.13,13.12,100.43029999999997
1534103160,13.2,13.2,13.2,13.2,0.2
1534103280,13.26,13.26,13.26,13.26,0.3084
1534103340,13.2,13.23,13.2,13.23,23.0284
1534103400,13.26,13.27,13.26,13.27,100.38897100000001
1534103520,13.17,13.26,13.26,13.17,16.50075081
1534103820,13.09,13.19,13.19,13.09,1315.8561923299997
1534103880,13.21,13.21,13.21,13.21,22.17163843
1534103940,13.14,13.19,13.19,13.14,200.0
1534104060,13.14,13.15,13.14,13.15,102.6127
1534104120,13.17,13.18,13.17,13.18,266.73557327
1534104180,13.16,13.16,13.16,13.16,0.8
1534104420,13.14,13.15,13.15,13.14,171.35074591
1534104480,13.08,13.12,13.12,13.08,500.0
1534104600,13.1,13.1,13.1,13.1,28.74
1534104840,13.1,13.13,13.1,13.13,109.35203361999999
1534104960,13.09,13.11,13.11,13.09,10.0
1534105620,13.1,13.15,13.1,13.11,274.50315327
1534105680,13.11,13.11,13.11,13.11,195.07999999999998
1534105740,13.12,13.12,13.12,13.12,57.0
1534105800,13.12,13.12,13.12,13.12,34.481457
1534105920,13.12,13.12,13.12,13.12,113.52000000000001
1534106160,13.11,13.11,13.11,13.11,86.0
1534106220,13.11,13.11,13.11,13.11,50.0
1534106280,13.12,13.12,13.12,13.12,77.0
1534106460,13.12,13.19,13.12,13.19,2.0135706
1534106520,13.13,13.19,13.19,13.13,1.15091149
1534106580,13.19,13.19,13.19,13.19,1.05823545
1534107060,13.2,13.2,13.2,13.2,6.39
1534107120,13.19,13.19,13.19,13.19,3.0
1534107180,13.2,13.22,13.2,13.22,2.88853681
1534107240,13.22,13.22,13.22,13.22,81.58999999999999
1534107300,13.22,13.22,13.22,13.22,1.15764657
1534107360,13.22,13.23,13.22,13.23,200.0
1534107420,13.23,13.25,13.23,13.25,140.602
1534107480,13.25,13.25,13.25,13.25,0.62
1534107540,13.3,13.3,13.3,13.3,7.49630806
1534107600,13.3,13.3,13.3,13.3,14.01000001
1534107960,13.3,13.3,13.3,13.3,48.34668925
1534108020,13.3,13.3,13.3,13.3,42.3571391
1534108320,13.3,13.3,13.3,13.3,25.0219267
1534108560,13.26,13.29,13.29,13.26,64.0
1534109580,13.28,13.29,13.29,13.28,39.018
1534109700,13.29,13.29,13.29,13.29,5.474730770000001
1534109940,13.29,13.3,13.29,13.3,254.19797819000001
1534110300,13.3,13.31,13.3,13.31,561.6600000000001
1534110480,13.31,13.31,13.31,13.31,0.76629615
1534110600,13.28,13.28,13.28,13.28,47.92
1534110660,13.31,13.34,13.31,13.34,47.50505339
1534110720,13.34,13.38,13.34,13.38,118.16305086
1534111380,13.32,13.32,13.32,13.32,44.620535000000004
1534111440,13.32,13.33,13.32,13.33,15.543824999999998
1534111920,13.26,13.32,13.32,13.26,117.96753396
1534113300,13.26,13.26,13.26,13.26,15.03784273
1534113360,13.27,13.27,13.27,13.27,82.87
1534113480,13.27,13.31,13.27,13.31,10.0
1534113720,13.28,13.29,13.28,13.29,10.0
1534113900,13.27,13.28,13.28,13.27,26.34293093
1534114020,13.28,13.29,13.28,13.29,10.0
1534114080,13.29,13.29,13.29,13.29,10.0
1534114140,13.28,13.28,13.28,13.28,10.0
1534114200,13.28,13.28,13.28,13.28,10.0
1534114260,13.28,13.28,13.28,13.28,10.0
1534114320,13.28,13.28,13.28,13.28,20.0
1534114380,13.28,13.28,13.28,13.28,10.0
1534114500,13.28,13.28,13.28,13.28,10.0
1534114560,13.28,13.28,13.28,13.28,10.0
1534114620,13.28,13.28,13.28,13.28,10.0
1534114680,13.28,13.28,13.28,13.28,10.0
1534114800,13.27,13.28,13.27,13.28,42.22684701
1534114860,13.27,13.27,13.27,13.27,0.1
1534114920,13.26,13.26,13.26,13.26,0.1
1534114980,13.26,13.26,13.26,13.26,0.1
1534115040,13.26,13.26,13.26,13.26,0.1
1534115100,13.27,13.3,13.27,13.3,7.59630806
1534115160,13.28,13.28,13.28,13.28,0.1
1534115220,13.27,13.27,13.27,13.27,0.1
1534115280,13.27,13.27,13.27,13.27,0.1
1534115340,13.27,13.27,13.27,13.27,0.1
1534115400,13.27,13.27,13.27,13.27,0.1
1534115460,13.26,13.27,13.27,13.26,5.1
1534115520,13.23,13.27,13.27,13.23,9.399999999999999
1534115580,13.26,13.26,13.26,13.26,0.1
1534115640,13.26,13.26,13.26,13.26,0.1
1534115700,13.26,13.26,13.26,13.26,0.1
1534115760,13.25,13.25,13.25,13.25,0.1
1534115820,13.24,13.25,13.25,13.24,16.835849
1534115880,13.24,13.24,13.24,13.24,120.7614296
1534115940,13.24,13.24,13.24,13.24,0.1
1534116000,13.24,13.24,13.24,13.24,0.1
1534116060,13.23,13.24,13.24,13.23,0.75
1534116120,13.24,13.24,13.24,13.24,0.1
1534116180,13.24,13.24,13.24,13.24,0.1
1534116240,13.24,13.24,13.24,13.24,0.1
1534116300,13.21,13.24,13.24,13.21,33.913669999999996
1534116360,13.21,13.21,13.21,13.21,0.1
1534116420,13.21,13.21,13.21,13.21,0.1
1534116480,13.21,13.21,13.21,13.21,0.1
1534116540,13.23,13.23,13.23,13.23,3.86798553
1534116600,13.23,13.23,13.23,13.23,0.1
1534116720,13.15,13.2,13.2,13.15,778.05448541
1534116900,13.14,13.21,13.2,13.21,47.403134470000005
1534117140,13.19,13.19,13.19,13.19,1.3086534
1534118100,13.17,13.17,13.17,13.17,70.16784273
1534118220,13.17,13.17,13.17,13.17,129.94619801000002
1534118340,13.17,13.17,13.17,13.17,3.67841047
1534118400,13.17,13.17,13.17,13.17,41.12081502
1534118460,13.15,13.17,13.16,13.17,261.63816112
1534118520,13.17,13.19,13.17,13.19,57.69520603
1534118580,13.2,13.2,13.2,13.2,50.0
1534118640,13.21,13.21,13.21,13.21,109.9
1534118700,13.22,13.24,13.22,13.24,102.21101942
1534118880,13.26,13.26,13.26,13.26,5.75122295
1534119060,13.26,13.26,13.26,13.26,2.67147276
1534119120,13.25,13.25,13.25,13.25,13.120000000000001
1534120320,13.25,13.25,13.25,13.25,7.52459602
1534120440,13.25,13.25,13.25,13.25,65.63000000000001
1534120500,13.25,13.26,13.25,13.26,44.987060750000005
1534120740,13.25,13.25,13.25,13.25,38.18926419
1534120800,13.26,13.33,13.26,13.28,228.17739967
1534121940,13.3,13.3,13.3,13.3,3.7938815100000003
1534122660,13.3,13.35,13.3,13.35,81.57819526
1534122900,13.29,13.3,13.3,13.29,5.75122295
1534123080,13.3,13.3,13.3,13.3,0.1
1534123200,13.32,13.33,13.32,13.33,29.65676563
1534123860,13.31,13.32,13.32,13.31,3.1
1534125060,13.3,13.31,13.31,13.3,60.39678783
1534125960,13.23,13.3,13.3,13.23,76.18370049
1534126740,13.29,13.29,13.29,13.29,1.0502728
1534127340,13.27,13.27,13.27,13.27,2.02857892
1534127520,13.27,13.27,13.27,13.27,3.74686039
1534127760,13.22,13.26,13.26,13.22,58.81338599
1534128240,13.17,13.2,13.2,13.17,114.26499930999998
1534128600,13.19,13.19,13.19,13.19,214.94
1534128960,13.2,13.2,13.2,13.2,13.14912539
1534129080,13.21,13.21,13.21,13.21,5.7533682
1534129200,13.2,13.21,13.2,13.21,45.246729900000005
1534129320,13.23,13.27,13.23,13.27,10.0
1534130160,13.22,13.24,13.24,13.22,5.0
1534130820,13.26,13.26,13.26,13.26,14.78821454
1534130940,13.24,13.25,13.25,13.24,50.0
1534131060,13.27,13.29,13.27,13.29,10.0
1534131840,13.24,13.25,13.25,13.24,45.31178546
1534131960,13.27,13.29,13.27,13.29,115.24781523
1534133220,13.3,13.3,13.3,13.3,334.69156002
1534133400,13.27,13.29,13.27,13.29,6.74887678
1534134360,13.29,13.32,13.29,13.32,311.18098607999997
1534135080,13.29,13.29,13.29,13.29,6.0015589
1534135440,13.28,13.28,13.28,13.28,7.34
1534136160,13.29,13.29,13.29,13.29,2.68944858
1534136220,13.23,13.28,13.28,13.23,400.03479583
1534137060,13.24,13.26,13.26,13.24,5.3999999999999995
1534137540,13.25,13.25,13.25,13.25,25.11
1534138380,13.25,13.25,13.25,13.25,252.97998491
1534138560,13.25,13.25,13.25,13.25,44.64690276
1534138620,13.26,13.26,13.26,13.26,0.99700897
1534138740,13.25,13.25,13.25,13.25,4.78
1534138860,13.25,13.25,13.25,13.25,23.18
1534139460,13.24,13.25,13.25,13.24,2.14151759
1534139520,13.22,13.22,13.22,13.22,1.232931
1534139700,13.21,13.21,13.21,13.21,1.1
1534140780,13.21,13.22,13.21,13.22,15.08341865
1534141020,13.24,13.24,13.24,13.24,120.0
1534141140,13.26,13.34,13.26,13.34,163.67085183999995
1534141680,13.3,13.3,13.3,13.3,0.125
1534141860,13.3,13.3,13.3,13.3,10.0
1534142220,13.28,13.28,13.28,13.28,5.0
1534142280,13.28,13.28,13.28,13.28,66.70125166
1534142400,13.28,13.28,13.28,13.28,1.87689942
1534142580,13.27,13.27,13.27,13.27,51.210555
1534143060,13.27,13.27,13.27,13.27,10.0
1534143120,13.27,13.27,13.27,13.27,1.87831381
1534143240,13.27,13.28,13.27,13.28,10.0
1534144620,13.27,13.27,13.27,13.27,0.345
1534144680,13.25,13.26,13.26,13.25,2.2199999999999998
1534144920,13.2,13.2,13.2,13.2,7.5
1534145640,13.25,13.28,13.25,13.28,10.11010755
1534145940,13.22,13.24,13.24,13.22,29.98510755
1534146060,13.22,13.22,13.22,13.22,3.34816446
1534148520,13.29,13.29,13.29,13.29,0.1
1534148580,13.3,13.38,13.3,13.37,224.86716495000002
1534148700,13.36,13.36,13.36,13.36,1.224782
1534149120,13.38,13.38,13.38,13.38,41.040000000000006
1534149420,13.37,13.37,13.37,13.37,0.36
1534149480,13.38,13.38,13.38,13.38,84.78302013999999
1534150260,13.4,13.4,13.4,13.4,15.45552816
1534154100,13.4,13.42,13.42,13.4,45.0
1534154160,13.35,13.4,13.4,13.35,62.79383407
1534154220,13.36,13.36,13.36,13.36,2.68944858
1534156620,13.38,13.38,13.38,13.38,2.23544612
1534156680,13.38,13.38,13.38,13.38,0.1001
1534158120,13.4,13.42,13.42,13.4,44.98706075
1534158420,13.4,13.4,13.4,13.4,496.76476660000003
1534158480,13.39,13.39,13.39,13.39,0.25
1534159380,13.39,13.4,13.39,13.4,8.18474082
1534159500,13.38,13.39,13.39,13.38,5.82133
1534159800,13.4,13.4,13.4,13.4,7.44036547
1534161600,13.38,13.38,13.38,13.38,10.67712351
1534162620,13.39,13.39,13.39,13.39,12.41681974
1534162980,13.38,13.38,13.38,13.38,8.06571149
1534163280,13.39,13.39,13.39,13.39,5.36106393
1534164720,13.39,13.39,13.39,13.39,1.84361031
1534164960,13.34,13.38,13.38,13.34,50.0000007
1534165020,13.38,13.38,13.38,13.38,8.1966358
1534165200,13.38,13.39,13.38,13.39,27.71708707
1534165560,13.35,13.35,13.35,13.35,0.47
1534165680,13.34,13.34,13.34,13.34,1.00000438
1534165800,13.34,13.34,13.34,13.34,2.00015476
1534165920,13.23,13.33,13.33,13.23,116.91452223999997
1534166040,13.26,13.27,13.27,13.26,71.98512424
1534166400,13.13,13.3,13.3,13.27,2579.1219636499986
1534166700,12.5,13.28,13.28,13.25,4378.415331799995
1534167060,13.25,13.25,13.25,13.25,1.0
1534167180,13.22,13.24,13.24,13.22,1.1956
1534167240,13.2,13.24,13.2,13.24,70.0
1534167360,13.25,13.25,13.25,13.25,53.760000000000005
1534168080,13.25,13.25,13.25,13.25,13.0
1534168140,13.26,13.26,13.26,13.26,0.91580462
1534168380,13.24,13.24,13.24,13.24,100.0
1534168440,13.25,13.25,13.25,13.25,6.0
1534168560,13.25,13.25,13.25,13.25,37.28
1534168800,13.24,13.25,13.24,13.25,34.56274931
1534168920,13.26,13.26,13.26,13.26,29.32
1534169280,13.26,13.27,13.26,13.27,15.026515909999999
1534169760,13.27,13.27,13.27,13.27,37.5662763
1534170120,13.26,13.28,13.27,13.26,113.84193892999998
1534170300,13.24,13.26,13.26,13.24,154.30880631000002
1534170480,13.25,13.25,13.25,13.25,0.1
1534171020,13.24,13.25,13.25,13.24,74.0
1534171800,13.24,13.24,13.24,13.24,10.0
1534172340,13.25,13.25,13.25,13.25,23.299999999999997
1534172940,13.25,13.27,13.25,13.25,78.49458778
1534173480,13.24,13.24,13.24,13.24,7.44036547
1534173660,13.24,13.24,13.24,13.24,207.27999999999997
1534173720,13.23,13.24,13.24,13.23,21.518865860000002
1534173780,13.2,13.23,13.23,13.2,10.44385044
1534173840,13.22,13.22,13.22,13.22,1.738473
1534174020,13.2,13.2,13.2,13.2,30.0
1534174080,13.19,13.19,13.19,13.19,46.58336829
1534174320,13.19,13.19,13.19,13.19,37.87
1534174560,13.2,13.2,13.2,13.2,0.98567932
1534174740,13.18,13.19,13.19,13.18,5.1
1534174860,13.15,13.18,13.18,13.15,18.58
1534174920,13.14,13.15,13.15,13.14,402.0300000000001
1534174980,13.01,13.14,13.14,13.01,579.76695304
1534175040,12.98,13.02,13.02,12.98,1723.1331770599995
1534175100,12.89,12.98,12.98,12.89,178.72573163999996
1534175160,12.88,12.89,12.89,12.88,98.46907337
1534175220,12.78,12.86,12.86,12.78,624.97109915
1534175280,12.77,12.82,12.82,12.82,1042.4568915300001
1534175340,12.84,12.89,12.84,12.89,211.71978527
1534175400,12.89,12.96,12.89,12.96,960.21214672
1534175460,12.83,12.89,12.89,12.83,146.22382818
1534175520,12.79,12.83,12.83,12.79,108.49468183
1534175580,12.75,12.8,12.8,12.75,138.271387
1534175640,12.76,12.76,12.76,12.76,75.49
1534182960,12.54,12.54,12.54,12.54,18.63230086
1534183140,12.53,12.53,12.53,12.53,4.51609013
1534183200,12.54,12.54,12.54,12.54,21.36
1534183260,12.54,12.57,12.54,12.57,380.90457361
1534183320,12.57,12.57,12.57,12.57,11.39382171
1534183380,12.55,12.56,12.56,12.55,102.19999999999999
1534183440,12.53,12.54,12.54,12.53,149.04851799999997
1534183500,12.52,12.53,12.53,12.52,337.015855
1534183560,12.5,12.51,12.51,12.5,463.95135452
1534183680,12.51,12.53,12.51,12.53,25.55
1534183740,12.52,12.52,12.52,12.52,61.396
1534183800,12.51,12.51,12.51,12.51,278.56
1534183860,12.51,12.51,12.51,12.51,4.61
1534183920,12.51,12.51,12.51,12.51,2.2
1534184100,12.51,12.56,12.51,12.56,597.76505797
1534184160,12.55,12.55,12.55,12.55,55.65454165
1534184280,12.55,12.57,12.55,12.57,242.73256639
1534184580,12.54,12.54,12.54,12.54,1.89609797
1534184760,12.55,12.58,12.55,12.58,531.2022438
1534184880,12.54,12.54,12.54,12.54,13.61851597
1534184940,12.54,12.54,12.54,12.54,4.70476597
1534185120,12.58,12.58,12.58,12.58,3.85964522
1534185480,12.58,12.58,12.58,12.58,72.55102736
1534185540,12.58,12.58,12.58,12.58,12.29980134
1534185600,12.57,12.57,12.57,12.57,1.99981184
1534185660,12.58,12.58,12.58,12.58,23.77604864
1534185840,12.58,12.58,12.58,12.58,117.67
1534186200,12.58,12.58,12.58,12.58,23.11031928
1534186500,12.58,12.58,12.58,12.58,50.0
1534186740,12.58,12.58,12.58,12.58,95.82
1534186800,12.58,12.59,12.58,12.59,47.61189076
1534186860,12.58,12.59,12.58,12.59,42.60267477
1534186920,12.57,12.59,12.59,12.57,139.26
1534187460,12.54,12.56,12.56,12.54,144.2559984
1534187520,12.54,12.54,12.54,12.54,49.919999999999995
1534187940,12.54,12.55,12.54,12.55,1.98686792
1534188000,12.55,12.57,12.55,12.56,491.61976806
1534188060,12.51,12.55,12.55,12.51,513.7099999999999
1534188120,12.5,12.51,12.51,12.5,239.86084219
1534188240,12.51,12.52,12.51,12.52,44.22083084
1534188300,12.52,12.52,12.52,12.52,6.59124861
1534188480,12.51,12.51,12.51,12.51,1.26092334
1534188540,12.52,12.52,12.52,12.52,1.59266609
1534188660,12.51,12.52,12.52,12.51,96.48390043
1534188720,12.52,12.52,12.52,12.52,499.59557000000007
1534188780,12.52,12.52,12.52,12.52,976.71249967
1534188900,12.57,12.58,12.57,12.58,8.12118517
1534188960,12.57,12.57,12.57,12.57,57.67661216
1534189200,12.53,12.54,12.54,12.53,71.0
1534189260,12.57,12.58,12.57,12.58,167.70278116
1534189320,12.58,12.58,12.58,12.58,134.69527821999998
1534189380,12.56,12.56,12.56,12.56,276.06
1534189620,12.54,12.56,12.56,12.54,0.62375468
1534189800,12.5,12.53,12.53,12.5,368.74
1534189920,12.51,12.52,12.52,12.51,188.01857021000004
1534189980,12.5,12.51,12.51,12.5,437.93
1534190040,12.5,12.5,12.5,12.5,1178.1477225299996
1534190220,12.43,12.48,12.48,12.46,754.41013214
1534190400,12.44,12.46,12.46,12.44,20.60403827
1534190580,12.42,12.42,12.42,12.42,58.149275100000004
1534190700,12.43,12.43,12.43,12.43,243.49788439999998
1534190760,12.39,12.42,12.42,12.39,1006.2344181000002
1534190820,12.43,12.45,12.43,12.45,3.60645
1534190940,12.45,12.45,12.45,12.45,5.36542981
1534191000,12.45,12.45,12.45,12.45,44.59491
1534191120,12.45,12.45,12.45,12.45,275.47255
1534191240,12.45,12.45,12.45,12.45,235.92869
1534191300,12.45,12.5,12.45,12.5,9.1506469
1534191360,12.4,12.49,12.49,12.4,1000.0
1534191420,12.39,12.45,12.44,12.4,5999.999999999999
1534191480,12.4,12.48,12.43,12.48,5050.569445499999
1534191540,12.39,12.47,12.46,12.47,3059.73813949
1534191720,12.44,12.46,12.44,12.46,316.49038
1534191780,12.43,12.44,12.43,12.44,56.31585329
1534191840,12.44,12.44,12.44,12.44,20.17239
1534191900,12.44,12.44,12.44,12.44,1129.22
1534191960,12.45,12.46,12.45,12.46,57.79
1534192080,12.45,12.47,12.45,12.47,1000.0
1534192140,12.46,12.49,12.46,12.49,5000.0
1534192200,12.43,12.51,12.48,12.5,5013.438000000001
1534192260,12.49,12.52,12.49,12.52,3999.732400000001
1534192380,12.44,12.48,12.48,12.44,167.70278116
1534192560,12.46,12.46,12.46,12.46,2.02542506
1534192620,12.48,12.5,12.48,12.5,6.1000000000000005
1534192740,12.5,12.5,12.5,12.5,10.0
1534192800,12.5,12.53,12.5,12.53,47.27263277
1534192860,12.5,12.54,12.5,12.54,253.4494636
1534192920,12.5,12.5,12.5,12.5,0.1
1534193220,12.5,12.5,12.5,12.5,0.99700897
1534193820,12.49,12.49,12.49,12.49,9.58439302
1534194000,12.49,12.49,12.49,12.49,30.631125320000002
1534194120,12.5,12.5,12.5,12.5,3.9880358900000004
1534194420,12.49,12.49,12.49,12.49,1.9455934300000002
1534194540,12.48,12.49,12.49,12.48,1.05838851
1534194600,12.44,12.48,12.48,12.44,286.35525429
1534194660,12.44,12.45,12.44,12.44,129.61
1534194720,12.44,12.45,12.44,12.44,64.98
1534195020,12.43,12.43,12.43,12.43,20.0
1534195260,12.44,12.47,12.44,12.47,39.97871245
1534195320,12.44,12.44,12.44,12.44,1.0
1534195560,12.45,12.45,12.45,12.45,0.312
1534195740,12.44,12.45,12.44,12.45,33.46534968
1534196340,12.44,12.44,12.44,12.44,531.2022438
1534196700,12.45,12.47,12.45,12.47,39.0
1534196820,12.45,12.45,12.45,12.45,47.27263277
1534196940,12.47,12.49,12.47,12.49,56.05299439
1534197000,12.49,12.49,12.49,12.49,15.9649155
1534197120,12.49,12.49,12.49,12.49,1.99561443
1534197180,12.46,12.46,12.46,12.46,3.03344583
1534197300,12.46,12.46,12.46,12.46,156.07
1534197360,12.45,12.46,12.46,12.45,66.2496
1534197420,12.44,12.45,12.45,12.44,79.44
1534197540,12.44,12.44,12.44,12.44,14.99279156
1534197600,12.4,12.44,12.44,12.4,1609.3875117399998
1534197660,12.39,12.4,12.4,12.39,849.3331608700001
1534197720,12.37,12.39,12.39,12.37,519.0799999999999
1534197780,12.32,12.37,12.37,12.32,1512.27987333
1534197840,12.3,12.32,12.32,12.3,1506.20041
1534197960,12.26,12.3,12.3,12.26,622.9545558899999
1534198020,12.22,12.26,12.26,12.25,665.0021595399999
1534198080,12.22,12.22,12.22,12.22,24.17
1534198320,12.21,12.21,12.21,12.21,74.39602435
1534198380,12.2,12.21,12.21,12.2,1.2038411100000002
1534198440,12.16,12.16,12.16,12.16,5.1167763200000005
1534198560,12.15,12.15,12.15,12.15,12.0
1534198620,12.14,12.14,12.14,12.14,20.560000000000002
1534198740,12.1,12.14,12.14,12.1,19.52346051
1534198800,12.1,12.11,12.11,12.1,95.71646974
1534198860,12.01,12.1,12.1,12.01,148.19969999999998
1534198920,11.95,12.0,12.0,11.95,395.1996666700001
1534199040,11.9,11.91,11.91,11.9,15.1851652
1534199100,11.9,12.0,11.9,12.0,768.1359902400001
1534199160,11.96,12.0,12.0,12.0,85.83304183
1534199220,12.09,12.13,12.1,12.1,68.91339122000001
1534199280,12.1,12.1,12.1,12.1,1.34506137
1534199340,12.1,12.15,12.1,12.15,65.54230369
1534199400,12.12,12.14,12.14,12.12,51.7697174
1534199460,12.03,12.1,12.1,12.03,12.3
1534199520,12.03,12.03,12.03,12.03,0.14545498
1534199640,12.02,12.02,12.02,12.02,500.0
1534199700,12.0,12.02,12.02,12.0,704.08526269
1534199760,11.97,12.06,11.99,12.06,528.4682494299999
1534199820,11.97,11.99,11.98,11.97,207.83983368999998
1534199880,11.97,11.97,11.97,11.97,73.78
1534199940,12.0,12.0,12.0,12.0,0.22252586000000002
1534200060,12.0,12.0,12.0,12.0,360.36506137000003
1534200120,12.0,12.0,12.0,12.0,160.00703288
1534200180,11.99,11.99,11.99,11.99,57.0
1534200240,12.0,12.02,12.0,12.02,24.35546298
1534200300,12.02,12.02,12.02,12.02,0.10322880000000001
1534200480,12.06,12.06,12.06,12.06,0.1
1534200540,12.09,12.12,12.09,12.12,51.99
1534200660,12.1,12.1,12.1,12.1,10.0
1534200960,12.1,12.1,12.1,12.1,0.103228
1534201020,12.11,12.12,12.11,12.12,96.37
1534201140,12.12,12.14,12.12,12.14,108.77352516
1534201200,12.11,12.11,12.11,12.11,0.2
1534201500,12.11,12.12,12.11,12.12,96.23347312
1534201560,12.12,12.19,12.12,12.19,75.60838558
1534201620,12.19,12.19,12.19,12.19,88.58657824
1534201740,12.15,12.15,12.15,12.15,213.53506331
1534201860,12.13,12.14,12.14,12.13,0.2573116
1534202040,12.11,12.12,12.12,12.11,186.85
1534202220,12.08,12.1,12.1,12.09,52.58054842
1534202280,12.09,12.09,12.09,12.09,56.73632534
1534202340,12.04,12.07,12.07,12.04,220.58974082999998
1534202400,12.04,12.05,12.04,12.05,68.083228
1534202460,12.06,12.06,12.06,12.06,0.154082
1534202520,12.07,12.09,12.07,12.09,1.47490391
1534202640,12.06,12.06,12.06,12.06,99.99
1534202700,12.06,12.06,12.06,12.06,66.81
1534202760,12.05,12.06,12.06,12.05,184.64293257
1534202880,12.07,12.08,12.07,12.08,24.76036694
1534202940,12.08,12.09,12.08,12.09,32.99463441
1534203000,12.06,12.09,12.06,12.09,49.48145255
1534203120,12.09,12.1,12.09,12.1,1.32330529
1534203180,12.1,12.1,12.1,12.1,2.48583761
1534203240,12.1,12.1,12.1,12.1,32.9589743
