1537498140,11.16,11.17,11.17,11.17,47.49443219
1537498200,11.15,11.17,11.17,11.15,854.0953817100001
1537498260,11.15,11.17,11.17,11.15,791.5920864899999
1537498320,11.15,11.16,11.16,11.16,35.992045430000005
1537498380,11.15,11.16,11.15,11.16,18.706720600000004
1537498440,11.15,11.16,11.15,11.16,81.34036157
1537498500,11.15,11.15,11.15,11.15,6.9974
1537498560,11.14,11.16,11.16,11.14,1161.88115214
1537498620,11.15,11.15,11.15,11.15,10.0
1537498680,11.14,11.15,11.15,11.15,127.67117043
1537498740,11.14,11.15,11.14,11.15,431.13787322999997
1537498800,11.14,11.15,11.14,11.15,70.8734071
1537498860,11.15,11.15,11.15,11.15,175.85971488
1537498920,11.14,11.15,11.15,11.15,140.34381657
1537498980,11.14,11.15,11.15,11.15,90.83382077
1537499040,11.15,11.16,11.15,11.15,1027.7609646
1537499100,11.15,11.16,11.16,11.15,35.86449473
1537499160,11.15,11.16,11.16,11.16,14.00708174
1537499220,11.14,11.16,11.16,11.14,511.74811755999997
1537499280,11.15,11.16,11.15,11.16,89.77478868
1537499340,11.14,11.15,11.15,11.15,33.88995407
1537499400,11.15,11.15,11.15,11.15,13.47343998
1537499460,11.14,11.15,11.15,11.14,256.09892242
1537499520,11.15,11.15,11.15,11.15,10.5813087
1537499580,11.14,11.15,11.15,11.14,47.357472720000004
1537499640,11.13,11.14,11.13,11.14,115.02139107999999
1537499760,11.13,11.14,11.14,11.13,1.15849504
1537499820,11.12,11.14,11.12,11.13,99.35517029
1537499880,11.13,11.13,11.13,11.13,170.44695658999998
1537500000,11.12,11.13,11.12,11.13,20.72871778
1537500060,11.12,11.12,11.12,11.12,6.4377
1537500120,11.12,11.13,11.13,11.13,28.519044880000003
1537500180,11.13,11.14,11.13,11.14,393.48778562
1537500240,11.14,11.15,11.14,11.15,17.99113827
1537500300,11.14,11.15,11.15,11.14,7.437417180000001
1537500360,11.14,11.15,11.15,11.14,106.52387408999999
1537500420,11.15,11.15,11.15,11.15,7.32034893
1537500480,11.14,11.15,11.15,11.14,61.07052721
1537500540,11.14,11.15,11.15,11.15,569.7221823800002
1537500600,11.14,11.15,11.15,11.15,16.83809639
1537500660,11.15,11.15,11.15,11.15,57.22508534
1537500720,11.14,11.14,11.14,11.14,12.92805069
1537500780,11.14,11.14,11.14,11.14,11.06415098
1537500840,11.14,11.15,11.14,11.15,15.5082
1537500900,11.13,11.15,11.14,11.14,173.30490607000002
1537500960,11.15,11.15,11.15,11.15,42.92130583
1537501020,11.14,11.14,11.14,11.14,18.0
1537501080,11.14,11.15,11.15,11.15,132.17258329
1537501140,11.14,11.15,11.14,11.15,43.89293443
1537501200,11.14,11.15,11.15,11.15,64.9995
1537501260,11.15,11.15,11.15,11.15,282.61078398
1537501320,11.15,11.16,11.15,11.16,317.11343952000004
1537501380,11.15,11.17,11.16,11.17,231.6743746
1537501440,11.16,11.17,11.17,11.17,45.28816759
1537501500,11.16,11.17,11.16,11.17,38.110677800000005
1537501560,11.16,11.17,11.17,11.16,1.871232
1537501620,11.16,11.17,11.17,11.17,42.93985282
1537501680,11.16,11.17,11.17,11.17,311.2717281000001
1537501740,11.14,11.17,11.17,11.17,480.95952644000005
1537501800,11.16,11.17,11.17,11.16,41.34630956
1537501860,11.17,11.17,11.17,11.17,115.16459988
1537501920,11.16,11.17,11.16,11.17,192.17266519999998
1537501980,11.15,11.17,11.17,11.15,135.57871171
1537502040,11.14,11.16,11.16,11.14,28.36273366
1537502100,11.13,11.14,11.13,11.13,294.11578274
1537502160,11.13,11.14,11.14,11.13,10.857475879999999
1537502220,11.13,11.14,11.14,11.14,38.664433859999995
1537502280,11.13,11.14,11.14,11.13,30.707687290000003
1537502340,11.13,11.14,11.14,11.14,33.66734744
1537502460,11.13,11.14,11.13,11.14,247.06219844
1537502520,11.14,11.14,11.14,11.14,8.66493386
1537502580,11.14,11.16,11.14,11.16,115.9665682
1537502640,11.14,11.16,11.16,11.14,70.40034556
1537502700,11.14,11.18,11.16,11.16,2377.6609718799996
1537502760,11.16,11.16,11.16,11.16,1.80333102
1537502820,11.16,11.16,11.16,11.16,14.28056848
1537502880,11.16,11.16,11.16,11.16,12.368212849999999
1537502940,11.14,11.15,11.15,11.14,5.0
1537503000,11.16,11.16,11.16,11.16,4.5
1537503060,11.14,11.16,11.15,11.14,5.272630660000001
1537503120,11.15,11.15,11.15,11.15,4.5
1537503180,11.15,11.15,11.15,11.15,41.6281
1537503240,11.15,11.15,11.15,11.15,25.13417219
1537503300,11.15,11.15,11.15,11.15,20.9863
1537503360,11.14,11.15,11.15,11.15,8.467690529999999
1537503420,11.13,11.15,11.15,11.13,25.943500310000005
1537503480,11.12,11.13,11.13,11.12,236.7477362
1537503540,11.12,11.14,11.12,11.14,116.86712002
1537503600,11.14,11.14,11.14,11.14,2.26885322
1537503660,11.14,11.14,11.14,11.14,2.09991336
1537503720,11.08,11.14,11.13,11.08,1852.08314121
1537503780,11.1,11.1,11.1,11.1,10.04078706
1537503840,11.09,11.1,11.09,11.1,410.65366822999994
