1544756100,22.7,22.75,22.72,22.75,467.7
1544756400,22.74,22.77,22.75,22.77,96.53
1544756700,22.74,22.77,22.77,22.74,168.68
1544757000,22.63,22.78,22.75,22.7,2630.17
1544757300,22.67,22.75,22.7,22.73,442.56
1544757600,22.69,22.78,22.73,22.76,558.31
1544757900,22.72,22.76,22.76,22.73,352.17
1544758200,22.7,22.76,22.72,22.76,802.42
1544758500,22.72,22.76,22.76,22.76,224.88
1544758800,22.75,22.85,22.76,22.83,677.04
1544759100,22.81,22.87,22.84,22.87,1047.94
1544759400,22.83,22.87,22.87,22.85,111.78
1544759700,22.83,22.85,22.85,22.85,246.26
1544760000,22.79,22.85,22.85,22.82,241.0
1544760300,22.81,22.83,22.82,22.83,181.79
1544760600,22.82,22.9,22.83,22.83,1479.08
1544760900,22.82,22.9,22.83,22.89,356.49
1544761200,22.88,22.91,22.89,22.91,142.85
1544761500,22.87,22.91,22.91,22.88,762.65
1544761800,22.85,22.88,22.88,22.87,81.81
1544762100,22.87,22.94,22.87,22.91,777.15
1544762400,22.89,22.93,22.91,22.92,325.44
1544762700,22.87,22.98,22.93,22.97,433.03
1544763000,22.98,23.08,22.98,23.06,960.89
1544763300,23.06,23.17,23.06,23.12,1217.51
1544763600,23.12,23.23,23.13,23.23,370.59
1544763900,23.22,23.3,23.23,23.29,582.2
1544764200,23.2,23.29,23.28,23.2,1465.65
1544764500,23.15,23.22,23.2,23.16,1377.9
1544764800,23.15,23.19,23.16,23.16,168.49
1544765100,23.16,23.19,23.17,23.19,243.81
1544765400,23.18,23.19,23.19,23.19,289.9
1544765700,23.18,23.19,23.19,23.18,116.34
1544766000,23.18,23.19,23.19,23.18,191.7
1544766300,23.18,23.19,23.19,23.19,195.85
1544766600,23.18,23.2,23.19,23.2,169.35
1544766900,23.19,23.2,23.19,23.19,142.81
1544767200,23.19,23.2,23.2,23.2,96.0
1544767500,23.19,23.2,23.2,23.2,131.46
1544767800,23.19,23.2,23.19,23.2,96.4
1544768100,23.19,23.2,23.19,23.2,41.21
1544768400,23.19,23.2,23.19,23.19,113.27
1544768700,23.13,23.19,23.19,23.14,312.77
1544769000,23.13,23.15,23.14,23.15,91.42
1544769300,23.11,23.15,23.15,23.11,315.58
1544769600,23.09,23.18,23.11,23.14,406.96
1544769900,23.14,23.24,23.14,23.22,1634.8
1544770200,23.2,23.25,23.22,23.24,215.23
1544770500,23.25,23.27,23.25,23.27,105.26
1544770800,23.23,23.3,23.27,23.25,854.75
1544771100,23.24,23.25,23.25,23.25,157.42
1544771400,23.25,23.3,23.25,23.3,284.16
1544771700,23.28,23.3,23.3,23.3,198.55
1544772000,23.26,23.3,23.3,23.29,2251.26
1544772300,23.28,23.3,23.29,23.29,817.19
1544772600,23.29,23.3,23.3,23.3,200.98
1544772900,23.29,23.39,23.3,23.39,2608.04
1544773200,23.38,23.39,23.39,23.39,98.36
1544773500,23.38,23.39,23.39,23.39,65.93
1544773800,23.38,23.39,23.39,23.39,185.26
1544774100,23.37,23.39,23.38,23.38,367.25
1544774400,23.37,23.38,23.38,23.37,63.85
1544774700,23.33,23.38,23.38,23.33,289.1
1544775000,23.31,23.39,23.34,23.39,723.5
1544775300,23.39,23.46,23.39,23.44,406.69
1544775600,23.39,23.45,23.44,23.44,130.47
1544775900,23.37,23.45,23.45,23.37,215.87
1544776200,23.32,23.36,23.36,23.36,55.65
1544776500,23.32,23.38,23.37,23.36,87.78
1544776800,23.32,23.36,23.35,23.32,130.14
1544777100,23.26,23.33,23.33,23.26,172.74
1544777400,23.05,23.27,23.27,23.09,613.35
1544777700,23.07,23.1,23.09,23.08,125.97
1544778000,23.08,23.1,23.08,23.1,92.63
1544778300,23.02,23.17,23.08,23.17,777.21
1544778600,23.18,23.26,23.19,23.26,223.61
1544778900,23.26,23.27,23.26,23.26,60.25
1544779200,23.26,23.27,23.27,23.27,22.27
1544779500,23.26,23.27,23.27,23.27,52.61
1544779800,23.26,23.27,23.27,23.27,78.74
1544780100,23.27,23.31,23.28,23.3,45.71
1544780400,23.31,23.33,23.31,23.32,59.7
1544780700,23.25,23.33,23.33,23.25,138.86
1544781000,23.13,23.25,23.25,23.19,245.61
1544781300,23.14,23.19,23.19,23.14,63.7
1544781600,23.13,23.16,23.16,23.14,335.81
1544781900,23.13,23.15,23.13,23.15,59.3
1544782200,23.15,23.24,23.15,23.22,852.32
1544782500,23.21,23.22,23.22,23.21,111.22
1544782800,23.21,23.22,23.21,23.21,28.63
1544783100,23.21,23.22,23.21,23.22,47.08
1544783400,23.22,23.24,23.22,23.24,25.2
1544783700,23.21,23.23,23.23,23.21,207.3
1544784000,23.21,23.22,23.22,23.21,49.83
1544784300,23.2,23.22,23.21,23.21,112.16
1544784600,23.22,23.26,23.22,23.25,79.19
1544784900,23.25,23.28,23.25,23.28,41.31
1544785200,23.28,23.31,23.28,23.31,218.91
1544785500,23.27,23.31,23.31,23.28,117.07
1544785800,23.24,23.28,23.28,23.24,104.76
1544786100,23.24,23.27,23.24,23.27,215.41
1544786400,23.24,23.29,23.28,23.25,244.91
1544786700,23.22,23.25,23.25,23.23,91.74
1544787000,23.19,23.23,23.23,23.19,39.65
1544787300,23.17,23.2,23.19,23.18,219.75
1544787600,23.16,23.18,23.17,23.18,250.72
1544787900,23.03,23.18,23.18,23.08,1131.32
1544788200,23.01,23.08,23.08,23.05,260.27
1544788500,22.97,23.04,23.04,22.99,1116.53
1544788800,22.97,23.04,22.99,23.04,372.75
1544789100,23.03,23.21,23.04,23.17,760.67
1544789400,23.17,23.25,23.17,23.25,166.54
1544789700,23.25,23.29,23.25,23.28,306.47
1544790000,23.16,23.3,23.3,23.16,389.23
1544790300,23.16,23.21,23.16,23.21,294.38
1544790600,23.19,23.21,23.21,23.2,145.01
1544790900,23.15,23.2,23.2,23.17,341.69
1544791200,23.15,23.19,23.18,23.18,307.65
1544791500,23.17,23.22,23.17,23.21,181.77
1544791800,23.21,23.25,23.22,23.22,310.48
1544792100,23.22,23.24,23.23,23.23,150.78
1544792400,23.22,23.23,23.23,23.23,320.34
1544792700,23.18,23.23,23.23,23.18,133.91
1544793000,23.07,23.19,23.19,23.11,994.2
1544793300,23.1,23.15,23.11,23.15,504.99
1544793600,23.14,23.16,23.14,23.16,187.19
1544793900,23.1,23.16,23.16,23.1,347.42
1544794200,23.08,23.11,23.11,23.1,116.65
1544794500,23.06,23.14,23.08,23.14,893.92
1544794800,23.07,23.13,23.13,23.08,236.28
1544795100,23.05,23.09,23.09,23.08,942.0
1544795400,22.91,23.08,23.08,22.99,892.63
1544795700,22.98,23.06,23.0,23.06,527.78
1544796000,22.99,23.06,23.06,22.99,349.75
1544796300,22.95,23.01,23.01,22.98,399.0
1544796600,22.97,23.03,22.99,23.03,271.06
1544796900,23.03,23.07,23.03,23.04,394.16
1544797200,23.03,23.06,23.04,23.04,390.65
1544797500,23.0,23.04,23.03,23.04,382.94
1544797800,23.03,23.09,23.04,23.03,138.92
1544798100,23.03,23.1,23.04,23.1,456.23
1544798400,23.06,23.1,23.1,23.09,384.23
1544798700,23.07,23.09,23.09,23.08,261.12
1544799000,23.08,23.1,23.09,23.1,253.24
1544799300,23.09,23.1,23.1,23.1,200.32
1544799600,23.06,23.09,23.09,23.09,195.26
1544799900,23.03,23.1,23.1,23.05,1201.23
1544800200,22.96,23.05,23.05,23.0,241.02
1544800500,22.96,23.03,23.0,22.99,939.41
1544800800,22.93,23.0,23.0,22.94,313.81
1544801100,22.9,22.95,22.94,22.91,392.6
1544801400,22.9,22.95,22.91,22.92,554.62
1544801700,22.77,22.92,22.91,22.78,1409.2
1544802000,22.67,22.78,22.78,22.68,1048.21
1544802300,22.66,22.79,22.68,22.79,2130.6
1544802600,22.74,22.79,22.78,22.74,438.15
1544802900,22.74,22.79,22.75,22.77,575.65
1544803200,22.75,22.79,22.76,22.75,566.55
1544803500,22.62,22.8,22.73,22.76,4196.24
1544803800,22.54,22.77,22.77,22.64,3122.9
1544804100,22.45,22.68,22.65,22.45,2450.21
1544804400,22.31,22.51,22.45,22.4,3661.28
1544804700,22.39,22.48,22.4,22.43,2617.75
1544805000,22.44,22.49,22.46,22.45,2370.98
1544805300,22.3,22.45,22.44,22.43,2353.58
1544805600,22.35,22.42,22.42,22.4,1025.02
1544805900,22.38,22.49,22.39,22.38,1079.78
1544806200,22.4,22.5,22.42,22.49,553.07
1544806500,22.49,22.73,22.49,22.59,5336.26
1544806800,22.49,22.58,22.58,22.53,465.92
1544807100,22.51,22.57,22.53,22.57,463.06
1544807400,22.57,22.67,22.57,22.63,2314.79
1544807700,22.57,22.68,22.65,22.6,2289.97
1544808000,22.61,22.66,22.63,22.62,827.13
1544808300,22.54,22.62,22.62,22.56,482.37
1544808600,22.54,22.56,22.55,22.54,266.54
1544808900,22.54,22.59,22.55,22.57,480.24
1544809200,22.57,22.61,22.57,22.6,289.46
1544809500,22.55,22.6,22.6,22.57,294.5
1544809800,22.51,22.6,22.56,22.6,917.34
1544810100,22.57,22.59,22.59,22.58,111.67
1544810400,22.6,22.63,22.6,22.61,228.77
1544810700,22.57,22.61,22.61,22.57,138.43
1544811000,22.59,22.63,22.59,22.6,722.29
1544811300,22.6,22.76,22.61,22.69,2155.88
1544811600,22.67,22.73,22.69,22.71,282.37
1544811900,22.71,22.77,22.73,22.76,488.7
1544812200,22.74,22.77,22.77,22.75,436.16
1544812500,22.62,22.75,22.75,22.64,1256.63
1544812800,22.61,22.7,22.64,22.64,1041.87
1544813100,22.57,22.65,22.64,22.64,191.95
1544813400,22.59,22.64,22.62,22.62,539.45
1544813700,22.59,22.65,22.63,22.65,273.25
1544814000,22.59,22.65,22.64,22.6,136.45
1544814300,22.59,22.69,22.6,22.62,1424.91
1544814600,22.62,22.67,22.62,22.67,145.78
1544814900,22.67,22.73,22.67,22.68,714.71
1544815200,22.67,22.7,22.68,22.7,212.77
1544815500,22.59,22.7,22.69,22.6,1529.7
1544815800,22.57,22.64,22.6,22.61,1112.32
1544816100,22.6,22.68,22.61,22.63,650.6
1544816400,22.6,22.63,22.63,22.61,312.0
1544816700,22.58,22.62,22.61,22.59,524.23
1544817000,22.58,22.59,22.59,22.59,229.98
1544817300,22.55,22.6,22.58,22.58,741.48
1544817600,22.52,22.58,22.57,22.56,531.53
1544817900,22.54,22.6,22.56,22.6,456.99
1544818200,22.57,22.62,22.59,22.62,304.41
1544818500,22.54,22.62,22.61,22.55,590.32
1544818800,22.55,22.6,22.56,22.6,242.34
1544819100,22.55,22.62,22.6,22.59,408.94
1544819400,22.55,22.59,22.59,22.58,359.47
1544819700,22.57,22.64,22.57,22.61,766.79
1544820000,22.59,22.64,22.61,22.62,420.76
1544820300,22.55,22.64,22.6,22.56,410.8
1544820600,22.44,22.57,22.57,22.54,2879.63
1544820900,22.47,22.52,22.51,22.47,692.26
1544821200,22.43,22.56,22.49,22.56,583.12
1544821500,22.56,22.6,22.57,22.6,536.65
1544821800,22.55,22.65,22.63,22.56,1148.41
1544822100,22.45,22.56,22.55,22.51,1216.25
1544822400,22.48,22.57,22.51,22.56,707.68
1544822700,22.45,22.57,22.57,22.48,780.92
1544823000,22.48,22.62,22.48,22.55,1551.44
1544823300,22.49,22.57,22.55,22.55,544.69
1544823600,22.48,22.55,22.55,22.5,842.3
1544823900,22.49,22.55,22.51,22.51,426.2
1544824200,22.44,22.53,22.51,22.52,1594.81
1544824500,22.53,22.65,22.55,22.64,745.43
1544824800,22.63,23.09,22.64,22.9,7098.34
1544825100,22.86,23.16,22.91,23.1,5062.05
1544825400,22.99,23.14,23.1,23.03,2834.42
1544825700,23.01,23.06,23.03,23.03,695.81
1544826000,23.01,23.07,23.03,23.07,666.04
1544826300,23.04,23.12,23.07,23.12,999.5
1544826600,23.08,23.15,23.12,23.13,483.99
1544826900,23.13,23.2,23.13,23.18,1610.26
1544827200,23.18,23.25,23.2,23.24,1947.5
1544827500,23.2,23.24,23.24,23.21,474.08
1544827800,23.2,23.24,23.21,23.24,462.44
1544828100,23.23,23.25,23.24,23.23,743.37
1544828400,23.21,23.28,23.24,23.24,1168.53
1544828700,23.16,23.25,23.22,23.17,421.88
1544829000,23.16,23.21,23.16,23.21,937.36
1544829300,23.21,23.22,23.21,23.22,316.42
1544829600,23.21,23.25,23.21,23.25,593.07
1544829900,23.23,23.27,23.24,23.23,407.98
1544830200,23.21,23.26,23.24,23.25,524.59
1544830500,23.21,23.26,23.26,23.23,406.79
1544830800,23.19,23.24,23.21,23.23,299.25
1544831100,23.05,23.23,23.23,23.1,1724.23
1544831400,23.05,23.12,23.1,23.12,857.28
1544831700,23.09,23.17,23.12,23.17,270.07
1544832000,23.1,23.17,23.17,23.11,478.68
1544832300,23.06,23.11,23.11,23.07,270.6
1544832600,22.97,23.07,23.06,23.03,1806.99
1544832900,23.0,23.02,23.02,23.01,566.36
1544833200,22.96,23.01,23.01,23.0,987.0
1544833500,22.97,23.0,23.0,22.98,601.08
1544833800,22.97,23.0,22.97,22.98,377.97
1544834100,22.92,22.99,22.98,22.96,1857.11
1544834400,22.96,23.03,22.96,23.02,917.58
1544834700,22.99,23.06,23.02,23.05,739.03
1544835000,23.01,23.06,23.06,23.04,157.14
1544835300,23.02,23.1,23.03,23.1,758.93
1544835600,23.09,23.11,23.09,23.11,268.35
1544835900,23.1,23.11,23.11,23.1,301.27
1544836200,23.1,23.11,23.11,23.11,349.33
1544836500,23.04,23.11,23.11,23.07,755.12
1544836800,23.07,23.1,23.07,23.09,206.0
1544837100,23.07,23.09,23.09,23.08,123.97
1544837400,23.07,23.12,23.08,23.12,281.36
1544837700,23.12,23.14,23.12,23.14,665.68
1544838000,23.12,23.13,23.12,23.13,222.8
1544838300,23.13,23.22,23.13,23.21,1659.39
1544838600,23.18,23.21,23.21,23.2,301.76
1544838900,23.2,23.21,23.21,23.2,249.52
1544839200,23.1,23.21,23.2,23.15,545.49
1544839500,23.09,23.14,23.14,23.1,388.01
1544839800,23.04,23.11,23.1,23.07,996.54
1544840100,23.02,23.07,23.07,23.03,533.98
1544840400,23.02,23.05,23.03,23.04,143.19
1544840700,23.02,23.07,23.03,23.06,589.84
1544841000,23.04,23.07,23.06,23.05,89.19
1544841300,23.05,23.08,23.05,23.06,412.99
1544841600,23.05,23.1,23.06,23.1,126.21
1544841900,23.08,23.1,23.1,23.08,94.6
1544842200,23.08,23.11,23.1,23.1,120.5
1544842500,23.1,23.17,23.11,23.15,491.45
1544842800,23.09,23.16,23.14,23.16,416.43
1544843100,23.16,23.31,23.16,23.31,1070.65
1544843400,23.3,23.83,23.31,23.73,5282.94
1544843700,23.42,23.78,23.73,23.42,3129.37
1544844000,23.3,23.67,23.45,23.56,3565.5
1544844300,23.56,23.79,23.56,23.72,1398.76
1544844600,23.67,23.77,23.73,23.69,1290.13
1544844900,23.7,23.74,23.7,23.7,311.96
1544845200,23.64,23.66,23.66,23.65,268.69
1544845500,23.63,23.66,23.65,23.66,584.09
1544845800,23.65,23.69,23.66,23.66,540.55
1544846100,23.65,23.71,23.66,23.68,369.22
1544846400,23.65,23.68,23.68,23.67,390.04
1544846700,23.67,23.72,23.68,23.72,472.28
1544847000,23.63,23.72,23.72,23.67,185.96
1544847300,23.62,23.67,23.67,23.65,183.57
1544847600,23.64,23.67,23.65,23.67,148.01
1544847900,23.66,23.69,23.67,23.66,674.2
1544848200,23.66,23.67,23.67,23.66,158.82
1544848500,23.66,23.67,23.67,23.67,160.64
1544848800,23.66,23.69,23.67,23.69,164.32
1544849100,23.63,23.69,23.68,23.63,137.75
1544849400,23.63,23.68,23.64,23.67,208.93
1544849700,23.67,23.7,23.68,23.7,234.56
1544850000,23.67,23.75,23.7,23.74,509.92
1544850300,23.69,23.75,23.73,23.74,417.76
1544850600,23.73,23.75,23.73,23.74,256.56
1544850900,23.68,23.74,23.74,23.69,297.83
1544851200,23.67,23.71,23.68,23.69,159.74
1544851500,23.68,23.69,23.69,23.69,176.47
1544851800,23.68,23.69,23.69,23.69,115.49
1544852100,23.67,23.69,23.69,23.68,181.44
1544852400,23.65,23.69,23.69,23.68,238.67
1544852700,23.68,23.75,23.68,23.75,1088.13
1544853000,23.73,23.76,23.75,23.74,108.76
1544853300,23.72,23.74,23.73,23.74,323.37
1544853600,23.73,23.75,23.74,23.75,97.08
1544853900,23.72,23.74,23.74,23.74,85.8
1544854200,23.72,23.74,23.74,23.74,222.0
1544854500,23.61,23.74,23.74,23.65,485.37
1544854800,23.64,23.65,23.65,23.65,241.53
1544855100,23.64,23.65,23.65,23.64,130.98
1544855400,23.57,23.64,23.63,23.64,741.92
1544855700,23.59,23.64,23.63,23.61,261.05
1544856000,23.59,23.61,23.61,23.59,49.38
1544856300,23.57,23.6,23.6,23.6,285.91
1544856600,23.58,23.6,23.6,23.59,104.25
1544856900,23.57,23.59,23.59,23.58,339.87
1544857200,23.58,23.59,23.59,23.58,446.53
1544857500,23.52,23.59,23.59,23.56,294.28
1544857800,23.52,23.56,23.56,23.52,717.9
1544858100,23.48,23.52,23.52,23.48,623.72
1544858400,23.34,23.48,23.48,23.37,1732.29
1544858700,23.36,23.38,23.38,23.37,149.82
1544859000,23.36,23.38,23.37,23.38,283.76
1544859300,23.39,23.45,23.39,23.45,121.68
1544859600,23.44,23.47,23.45,23.46,582.75
1544859900,23.45,23.49,23.45,23.49,46.6
1544860200,23.5,23.54,23.5,23.54,314.23
1544860500,23.53,23.55,23.54,23.54,166.02
1544860800,23.54,23.55,23.54,23.55,12.51
1544861100,23.54,23.59,23.54,23.59,105.05
1544861400,23.5,23.59,23.59,23.5,612.32
1544861700,23.46,23.5,23.5,23.46,172.48
1544862000,23.46,23.51,23.47,23.49,605.29
1544862300,23.36,23.48,23.48,23.38,251.47
1544862600,23.36,23.38,23.38,23.38,62.73
1544862900,23.37,23.44,23.38,23.42,267.51
1544863200,23.42,23.44,23.42,23.44,110.31
1544863500,23.35,23.44,23.44,23.4,290.13
1544863800,23.36,23.43,23.41,23.36,244.49
1544864100,23.33,23.37,23.36,23.35,199.48
1544864400,23.33,23.35,23.35,23.33,32.14
1544864700,23.3,23.34,23.33,23.3,283.41
1544865000,23.31,23.34,23.31,23.34,277.83
1544865300,23.29,23.39,23.33,23.29,399.78
1544865600,23.06,23.28,23.28,23.07,1872.5
1544865900,23.06,23.14,23.07,23.08,924.34
1544866200,23.05,23.14,23.09,23.06,568.36
1544866500,23.03,23.09,23.05,23.08,104.86
1544866800,23.09,23.17,23.09,23.17,303.22
1544867100,23.17,23.25,23.18,23.17,878.71
1544867400,23.12,23.2,23.12,23.18,591.71
1544867700,23.08,23.18,23.18,23.08,163.05
1544868000,23.06,23.09,23.09,23.09,85.26
1544868300,23.01,23.09,23.09,23.01,665.3
1544868600,22.9,23.06,23.01,22.97,2624.65
1544868900,22.89,23.06,22.95,22.93,988.39
1544869200,22.93,23.06,22.93,23.06,209.98
1544869500,23.04,23.1,23.05,23.05,172.73
1544869800,23.0,23.11,23.09,23.02,138.73
1544870100,23.02,23.07,23.02,23.05,71.63
1544870400,23.03,23.09,23.03,23.07,512.39
1544870700,22.99,23.07,23.07,22.99,312.62
1544871000,23.03,23.04,23.04,23.03,31.19
1544871300,23.0,23.04,23.04,23.0,157.95
1544871600,23.0,23.06,23.0,23.06,107.9
1544871900,23.05,23.22,23.05,23.2,559.8
1544872200,23.19,23.36,23.19,23.24,1255.23
1544872500,23.14,23.24,23.24,23.19,271.07
1544872800,23.16,23.24,23.19,23.22,740.8
1544873100,23.2,23.22,23.22,23.2,153.05
1544873400,23.2,23.29,23.2,23.29,83.71
1544873700,23.24,23.29,23.29,23.26,111.25
1544874000,23.24,23.26,23.24,23.26,23.91
1544874300,23.21,23.29,23.24,23.25,293.42
1544874600,23.26,23.27,23.27,23.26,181.42
1544874900,23.23,23.27,23.27,23.23,109.87
1544875200,23.22,23.27,23.23,23.27,200.87
1544875500,23.27,23.32,23.27,23.29,119.59
1544875800,23.29,23.33,23.29,23.3,177.76
1544876100,23.27,23.31,23.31,23.28,89.41
1544876400,23.18,23.28,23.28,23.19,105.91
1544876700,23.18,23.25,23.18,23.25,239.0
1544877000,23.21,23.25,23.25,23.23,215.09
1544877300,23.23,23.25,23.24,23.24,146.05
1544877600,23.22,23.27,23.24,23.23,91.63
1544877900,23.14,23.22,23.22,23.2,463.13
1544878200,23.18,23.22,23.2,23.19,48.13
1544878500,23.14,23.21,23.18,23.21,562.42
1544878800,23.21,23.29,23.21,23.29,89.3
1544879100,23.2,23.29,23.29,23.2,52.0
1544879400,23.14,23.21,23.2,23.2,357.0
1544879700,23.17,23.2,23.2,23.19,189.61
1544880000,23.07,23.2,23.19,23.08,1357.47
1544880300,23.05,23.16,23.08,23.15,568.14
1544880600,23.15,23.19,23.15,23.19,349.43
1544880900,23.09,23.19,23.19,23.1,392.37
1544881200,23.13,23.19,23.14,23.18,496.94
1544881500,23.18,23.19,23.19,23.19,530.17
1544881800,23.03,23.19,23.18,23.19,1252.06
1544882100,23.12,23.18,23.18,23.12,496.81
1544882400,23.12,23.18,23.13,23.18,31.25
1544882700,23.12,23.18,23.18,23.13,74.33
1544883000,23.13,23.15,23.15,23.14,65.38
1544883300,23.08,23.14,23.14,23.13,259.19
1544883600,23.12,23.13,23.12,23.13,337.89
1544883900,23.08,23.17,23.12,23.17,317.82
1544884200,23.17,23.33,23.17,23.19,994.26
1544884500,23.15,23.19,23.18,23.17,256.86
1544884800,23.08,23.2,23.17,23.08,1321.0
1544885100,23.12,23.17,23.13,23.15,272.89
1544885400,23.14,23.15,23.14,23.14,163.18
1544885700,23.15,23.2,23.15,23.18,887.74
1544886000,23.14,23.18,23.18,23.18,1134.78
1544886300,23.11,23.17,23.17,23.11,213.92
1544886600,23.1,23.14,23.11,23.11,780.43
1544886900,23.1,23.2,23.11,23.13,1840.34
1544887200,23.08,23.14,23.13,23.11,2766.54
1544887500,23.05,23.13,23.11,23.08,694.87
1544887800,23.08,23.12,23.09,23.12,1031.75
1544888100,23.11,23.12,23.12,23.12,246.9
1544888400,23.08,23.12,23.12,23.1,516.84
1544888700,23.03,23.1,23.1,23.05,333.64
1544889000,22.94,23.05,23.04,23.0,1105.49
1544889300,22.92,23.01,23.01,22.98,1146.74
1544889600,22.92,23.12,22.96,23.12,1906.58
1544889900,23.08,23.13,23.12,23.09,345.42
1544890200,23.05,23.1,23.09,23.08,436.32
1544890500,23.06,23.11,23.06,23.11,152.85
1544890800,23.09,23.13,23.1,23.09,173.09
1544891100,23.01,23.1,23.1,23.05,749.2
1544891400,23.03,23.08,23.06,23.05,461.45
1544891700,23.05,23.1,23.05,23.09,650.95
1544892000,23.04,23.08,23.08,23.05,291.86
1544892300,23.05,23.08,23.05,23.07,392.52
1544892600,23.05,23.13,23.07,23.08,798.89
1544892900,23.06,23.14,23.08,23.14,305.45
1544893200,23.05,23.15,23.14,23.09,757.2
1544893500,23.09,23.15,23.1,23.13,1350.56
1544893800,23.1,23.14,23.12,23.14,174.62
1544894100,23.13,23.15,23.14,23.15,127.68
1544894400,23.13,23.15,23.13,23.14,220.48
1544894700,23.14,23.2,23.14,23.2,818.29
1544895000,23.15,23.2,23.19,23.16,361.82
1544895300,23.08,23.18,23.16,23.15,1621.91
1544895600,23.15,23.18,23.15,23.17,146.79
1544895900,23.15,23.21,23.18,23.17,937.62
1544896200,23.14,23.19,23.17,23.19,483.62
1544896500,23.16,23.19,23.18,23.19,76.74
1544896800,23.12,23.19,23.19,23.15,271.23
1544897100,23.14,23.17,23.15,23.17,102.19
1544897400,23.14,23.19,23.17,23.15,155.86
1544897700,23.15,23.2,23.16,23.2,976.91
1544898000,23.17,23.2,23.2,23.17,229.72
1544898300,23.18,23.21,23.18,23.18,467.06
1544898600,23.18,23.21,23.18,23.2,148.43
1544898900,23.16,23.21,23.21,23.16,184.32
1544899200,23.16,23.22,23.17,23.22,106.87
1544899500,23.17,23.22,23.22,23.17,168.65
1544899800,23.17,23.19,23.17,23.19,103.67
1544900100,23.13,23.18,23.18,23.14,492.02
1544900400,23.14,23.17,23.14,23.17,265.67
1544900700,23.16,23.2,23.17,23.18,288.81
1544901000,23.16,23.19,23.19,23.18,290.86
1544901300,23.18,23.24,23.19,23.24,563.11
1544901600,23.23,23.34,23.25,23.24,1043.93
1544901900,23.24,23.26,23.24,23.25,382.0
1544902200,23.25,23.26,23.25,23.25,294.69
1544902500,23.21,23.25,23.25,23.21,334.26
1544902800,23.2,23.22,23.21,23.21,267.49
1544903100,23.16,23.21,23.2,23.2,430.78
1544903400,23.17,23.22,23.19,23.22,479.53
1544903700,23.21,23.22,23.22,23.22,455.75
1544904000,23.17,23.22,23.22,23.18,736.0
1544904300,23.16,23.2,23.17,23.17,799.68
1544904600,23.18,23.2,23.18,23.2,167.13
1544904900,23.19,23.3,23.2,23.28,1172.79
1544905200,23.23,23.31,23.26,23.25,443.82
1544905500,23.25,23.3,23.26,23.27,569.18
1544905800,23.27,23.29,23.27,23.28,258.47
1544906100,23.27,23.28,23.28,23.28,224.89
1544906400,23.27,23.39,23.28,23.39,2067.42
1544906700,23.35,23.45,23.39,23.42,3244.74
1544907000,23.4,23.5,23.42,23.49,1132.58
1544907300,23.48,23.49,23.49,23.49,488.61
1544907600,23.38,23.48,23.48,23.41,1381.86
1544907900,23.36,23.43,23.41,23.43,436.79
1544908200,23.42,23.5,23.43,23.48,1235.06
1544908500,23.47,23.5,23.5,23.49,779.46
1544908800,23.41,23.6,23.49,23.47,3795.79
1544909100,23.46,23.49,23.47,23.47,324.11
1544909400,23.44,23.48,23.48,23.47,345.06
1544909700,23.44,23.47,23.47,23.47,143.66
1544910000,23.46,23.52,23.46,23.51,304.26
1544910300,23.51,23.57,23.52,23.54,192.13
1544910600,23.54,23.67,23.54,23.63,1224.46
1544910900,23.62,23.67,23.62,23.65,527.52
1544911200,23.65,23.73,23.65,23.67,2389.68
1544911500,23.58,23.67,23.66,23.58,1987.22
1544911800,23.55,23.59,23.59,23.56,744.94
1544912100,23.55,23.58,23.55,23.57,140.93
1544912400,23.55,23.58,23.58,23.57,591.85
1544912700,23.55,23.58,23.58,23.57,229.87
1544913000,23.56,23.59,23.57,23.58,421.51
1544913300,23.52,23.58,23.58,23.55,313.26
1544913600,23.54,23.56,23.55,23.55,140.34
1544913900,23.54,23.56,23.55,23.54,511.3
1544914200,23.51,23.54,23.54,23.54,235.92
1544914500,23.53,23.58,23.53,23.54,154.04
1544914800,23.5,23.54,23.54,23.5,1008.32
1544915100,23.44,23.51,23.51,23.45,538.91
1544915400,23.43,23.48,23.45,23.45,336.79
1544915700,23.43,23.51,23.44,23.51,449.42
1544916000,23.44,23.51,23.51,23.46,94.14
1544916300,23.45,23.49,23.46,23.45,188.17
1544916600,23.39,23.46,23.46,23.43,380.18
1544916900,23.39,23.43,23.43,23.4,341.11
1544917200,23.39,23.43,23.39,23.42,126.54
1544917500,23.42,23.45,23.43,23.42,366.74
1544917800,23.42,23.43,23.43,23.43,190.78
1544918100,23.39,23.43,23.43,23.39,309.46
1544918400,23.39,23.41,23.39,23.41,94.9
1544918700,23.4,23.41,23.41,23.41,290.82
1544919000,23.38,23.41,23.41,23.38,97.97
1544919300,23.32,23.39,23.39,23.36,453.99
1544919600,23.36,23.4,23.37,23.39,162.31
1544919900,23.39,23.4,23.4,23.4,347.46
1544920200,23.39,23.43,23.4,23.42,802.76
1544920500,23.42,23.43,23.43,23.43,306.22
1544920800,23.42,23.43,23.43,23.43,93.61
1544921100,23.4,23.43,23.43,23.42,198.68
1544921400,23.41,23.43,23.41,23.43,258.74
1544921700,23.42,23.47,23.42,23.47,209.44
1544922000,23.46,23.5,23.47,23.5,978.95
1544922300,23.48,23.5,23.5,23.49,205.67
1544922600,23.46,23.49,23.49,23.48,708.33
1544922900,23.45,23.49,23.48,23.49,208.16
1544923200,23.47,23.49,23.49,23.48,112.89
1544923500,23.45,23.52,23.48,23.51,389.99
1544923800,23.42,23.51,23.51,23.45,447.75
1544924100,23.46,23.52,23.46,23.49,840.58
1544924400,23.49,23.5,23.5,23.49,140.0
1544924700,23.49,23.53,23.5,23.52,445.89
1544925000,23.52,23.54,23.53,23.54,299.71
1544925300,23.54,23.55,23.54,23.54,97.27
1544925600,23.54,23.57,23.55,23.57,428.99
1544925900,23.57,24.5,23.58,24.5,13221.3
1544926200,24.5,26.1,24.5,25.96,16365.45
1544926500,25.45,26.25,25.96,25.95,26125.99
1544926800,25.56,26.08,25.96,25.91,19984.2
1544927100,25.55,26.18,25.91,25.57,14983.48
1544927400,25.55,25.89,25.58,25.72,5762.86
1544927700,25.37,25.72,25.71,25.38,5271.37
1544928000,25.37,25.77,25.38,25.68,7965.43
1544928300,25.4,25.72,25.65,25.69,8319.1
1544928600,25.51,25.75,25.7,25.56,4419.71
1544928900,25.53,25.74,25.55,25.7,2667.35
1544929200,25.48,25.85,25.7,25.59,7309.5
1544929500,25.55,25.76,25.57,25.75,2578.49
1544929800,25.62,25.85,25.73,25.73,2686.83
1544930100,25.68,25.78,25.74,25.7,1406.16
1544930400,25.68,25.86,25.7,25.8,2512.47
1544930700,25.79,25.92,25.8,25.86,3524.58
1544931000,25.76,25.86,25.86,25.82,434.31
1544931300,25.76,25.84,25.82,25.77,574.8
1544931600,25.76,25.85,25.77,25.82,2541.16
1544931900,25.75,25.83,25.81,25.81,1340.65
1544932200,25.75,25.84,25.8,25.82,1453.99
1544932500,25.8,25.86,25.82,25.86,646.27
1544932800,25.86,26.08,25.86,25.95,4395.69
1544933100,25.85,25.96,25.95,25.9,2626.08
1544933400,25.8,25.93,25.88,25.81,981.41
1544933700,25.76,25.94,25.81,25.85,3053.54
1544934000,25.84,25.9,25.84,25.87,852.92
1544934300,25.87,25.92,25.87,25.92,669.69
1544934600,25.76,25.92,25.92,25.81,1415.66
1544934900,25.8,25.82,25.82,25.81,387.01
1544935200,25.8,25.81,25.8,25.8,235.49
1544935500,25.19,25.8,25.8,25.19,6965.46
1544935800,25.19,25.73,25.25,25.53,10640.36
1544936100,25.49,25.6,25.5,25.55,387.74
1544936400,25.38,25.56,25.55,25.52,2153.41
1544936700,25.52,25.56,25.53,25.56,418.13
1544937000,25.5,25.55,25.55,25.53,601.28
1544937300,25.53,25.64,25.54,25.55,1381.27
1544937600,25.45,25.57,25.56,25.46,121.73
1544937900,25.4,25.44,25.44,25.42,250.32
1544938200,25.35,25.42,25.42,25.42,1243.29
1544938500,25.36,25.41,25.41,25.39,444.98
1544938800,25.31,25.39,25.39,25.35,983.38
1544939100,25.34,25.37,25.35,25.37,177.92
1544939400,25.34,25.37,25.37,25.37,236.58
1544939700,25.35,25.37,25.37,25.36,109.12
1544940000,25.36,25.56,25.36,25.54,1697.24
1544940300,25.55,25.66,25.56,25.65,739.09
1544940600,25.66,25.77,25.66,25.74,897.71
1544940900,25.6,25.8,25.75,25.61,792.18
1544941200,25.6,25.65,25.6,25.64,98.44
1544941500,25.63,25.65,25.64,25.64,89.4
1544941800,25.64,25.68,25.64,25.68,39.94
1544942100,25.54,25.68,25.68,25.56,656.92
1544942400,25.53,25.55,25.55,25.54,181.57
1544942700,25.41,25.54,25.54,25.42,1733.21
1544943000,25.43,25.49,25.43,25.49,883.88
1544943300,25.47,25.48,25.48,25.48,20.49
1544943600,25.47,25.54,25.48,25.54,74.48
1544943900,25.53,25.58,25.53,25.57,136.15
1544944200,25.58,25.65,25.58,25.63,158.0
1544944500,25.63,25.65,25.63,25.65,46.78
1544944800,25.58,25.68,25.65,25.58,818.59
1544945100,25.48,25.59,25.58,25.52,66.55
1544945400,25.49,25.55,25.54,25.51,187.61
1544945700,25.39,25.51,25.51,25.39,201.66
1544946000,25.15,25.4,25.4,25.2,6147.43
1544946300,25.19,25.25,25.19,25.25,372.84
1544946600,25.19,25.29,25.23,25.29,139.8
1544946900,25.28,25.29,25.29,25.29,24.01
1544947200,25.29,25.31,25.29,25.31,221.4
1544947500,25.3,25.36,25.31,25.34,611.22
1544947800,25.34,25.47,25.34,25.47,1090.86
1544948100,25.47,25.58,25.47,25.58,1089.07
1544948400,25.43,25.77,25.55,25.44,8822.2
1544948700,25.41,25.45,25.43,25.45,1665.0
1544949000,25.44,25.51,25.44,25.51,111.4
1544949300,25.43,25.51,25.51,25.45,382.56
1544949600,25.3,25.45,25.45,25.31,254.33
1544949900,25.3,25.33,25.31,25.33,91.52
1544950200,25.26,25.33,25.33,25.31,219.48
1544950500,25.25,25.62,25.32,25.29,7383.58
1544950800,25.22,25.37,25.29,25.32,566.12
1544951100,25.33,25.44,25.33,25.43,363.93
1544951400,25.43,25.54,25.43,25.54,270.63
1544951700,25.51,25.6,25.54,25.52,1118.52
1544952000,25.48,25.51,25.51,25.48,450.2
1544952300,25.47,25.55,25.47,25.47,279.92
1544952600,25.47,25.59,25.47,25.54,508.37
1544952900,25.52,25.56,25.54,25.56,154.27
1544953200,25.56,25.67,25.56,25.67,424.22
1544953500,25.67,25.73,25.67,25.72,82.02
1544953800,25.67,25.83,25.71,25.77,1501.94
1544954100,25.6,25.78,25.78,25.61,375.38
1544954400,25.61,25.64,25.61,25.63,62.62
1544954700,25.64,25.72,25.64,25.69,472.9
1544955000,25.68,25.74,25.69,25.72,114.16
1544955300,25.72,26.0,25.72,25.99,1585.48
1544955600,25.9,26.0,26.0,25.93,1503.6
1544955900,25.87,25.89,25.87,25.89,3.09
1544956200,25.87,25.89,25.89,25.89,181.14
1544956500,25.88,25.93,25.89,25.93,570.82
1544956800,25.93,26.0,25.93,25.99,368.93
1544957100,25.87,25.96,25.96,25.87,1182.63
1544957400,25.78,25.88,25.88,25.78,273.72
1544957700,25.63,25.78,25.78,25.65,702.05
1544958000,25.64,25.69,25.64,25.68,680.3
1544958300,25.64,25.68,25.67,25.68,107.9
1544958600,25.67,25.7,25.68,25.69,63.26
1544958900,25.67,25.7,25.69,25.68,108.15
1544959200,25.67,25.99,25.68,25.89,3967.62
1544959500,25.88,25.98,25.89,25.98,102.37
1544959800,25.89,26.0,25.98,25.89,1306.29
1544960100,25.88,25.89,25.88,25.89,189.55
1544960400,25.88,25.96,25.88,25.94,192.49
1544960700,25.92,25.96,25.94,25.96,172.76
1544961000,25.96,26.15,25.96,26.14,1987.15
1544961300,26.0,26.14,26.1,26.01,720.63
1544961600,25.92,26.02,26.0,25.93,530.24
1544961900,25.88,25.93,25.92,25.88,191.92
1544962200,25.84,26.09,25.88,26.05,1319.38
1544962500,26.06,26.28,26.06,26.2,1982.01
1544962800,26.16,26.21,26.21,26.17,511.72
1544963100,26.17,26.25,26.18,26.25,1164.33
1544963400,26.25,26.67,26.25,26.61,5198.08
1544963700,26.39,26.6,26.6,26.46,2199.69
1544964000,26.17,26.44,26.44,26.21,1614.25
1544964300,26.09,26.25,26.21,26.2,939.35
1544964600,26.05,26.2,26.2,26.1,543.26
1544964900,25.95,26.1,26.1,25.96,929.45
1544965200,25.81,26.0,25.97,25.89,1962.16
1544965500,25.87,25.99,25.89,25.99,1658.31
1544965800,25.85,25.99,25.98,25.89,371.78
1544966100,25.77,25.91,25.89,25.78,271.75
1544966400,25.75,25.77,25.77,25.76,109.73
1544966700,25.55,25.76,25.76,25.57,2969.53
1544967000,25.57,25.74,25.57,25.73,702.95
1544967300,25.68,25.74,25.73,25.74,228.2
1544967600,25.73,25.75,25.73,25.75,760.89
1544967900,25.74,25.86,25.75,25.86,582.14
1544968200,25.82,25.96,25.82,25.94,1055.5
1544968500,25.85,25.99,25.95,25.88,381.69
1544968800,25.82,25.95,25.88,25.82,191.69
1544969100,25.74,25.82,25.82,25.74,1113.65
1544969400,25.58,25.74,25.74,25.63,2946.44
1544969700,25.35,25.63,25.63,25.36,1738.62
1544970000,25.33,25.38,25.38,25.33,181.43
1544970300,25.31,25.35,25.33,25.31,430.82
1544970600,25.31,25.58,25.31,25.53,2234.18
1544970900,25.45,25.55,25.54,25.45,693.25
1544971200,25.46,25.51,25.47,25.46,1050.54
1544971500,25.45,25.47,25.47,25.46,161.07
1544971800,25.45,25.53,25.46,25.51,172.95
1544972100,25.5,25.68,25.5,25.55,639.41
1544972400,25.47,25.57,25.57,25.48,466.86
1544972700,25.24,25.5,25.48,25.25,4641.91
1544973000,25.24,25.35,25.24,25.32,613.65
1544973300,25.31,25.85,25.31,25.83,8074.36
1544973600,25.72,25.89,25.83,25.78,1239.16
1544973900,25.77,25.83,25.77,25.83,156.55
1544974200,25.84,25.97,25.84,25.94,2617.61
1544974500,25.8,25.93,25.93,25.81,1628.0
1544974800,25.75,25.88,25.81,25.85,792.2
1544975100,25.78,25.92,25.85,25.91,837.47
1544975400,25.7,25.93,25.9,25.73,1957.14
1544975700,25.75,25.85,25.77,25.85,963.0
1544976000,25.86,26.06,25.86,25.9,1896.54
1544976300,25.83,25.91,25.91,25.86,1859.53
1544976600,25.85,26.05,25.87,26.04,2101.26
1544976900,26.03,26.34,26.04,26.17,4491.3
1544977200,26.05,26.18,26.16,26.15,1742.93
1544977500,25.84,26.15,26.13,25.97,2907.35
1544977800,25.85,25.96,25.95,25.85,393.37
1544978100,25.86,25.95,25.86,25.95,435.29
1544978400,25.93,26.21,25.95,26.06,2867.35
1544978700,26.01,26.16,26.08,26.03,1311.97
1544979000,26.0,26.04,26.03,26.03,249.67
1544979300,26.02,26.09,26.03,26.07,459.45
1544979600,25.98,26.08,26.08,25.99,893.02
1544979900,25.98,26.1,25.99,26.06,913.42
1544980200,26.03,26.08,26.06,26.04,513.35
1544980500,25.97,26.05,26.05,25.97,355.99
1544980800,25.92,26.01,25.98,25.99,330.39
1544981100,25.98,26.05,25.99,26.01,448.01
1544981400,25.94,26.01,26.01,25.98,679.73
1544981700,25.89,25.98,25.98,25.91,740.1
1544982000,25.75,25.91,25.91,25.82,2521.63
1544982300,25.45,25.83,25.82,25.51,6318.2
1544982600,25.45,25.83,25.52,25.74,5980.17
1544982900,25.56,25.75,25.74,25.57,900.72
1544983200,25.52,25.78,25.57,25.72,1469.87
1544983500,25.7,25.77,25.72,25.73,397.57
1544983800,25.72,25.95,25.73,25.82,1498.79
1544984100,25.58,25.85,25.81,25.59,1893.8
1544984400,25.6,25.78,25.6,25.76,1065.32
1544984700,25.66,25.77,25.77,25.74,1114.82
1544985000,25.64,25.73,25.73,25.69,264.84
1544985300,25.68,25.82,25.68,25.79,597.52
1544985600,25.76,25.82,25.79,25.82,49.59
1544985900,25.78,25.83,25.81,25.78,405.61
1544986200,25.75,25.8,25.8,25.79,306.64
1544986500,25.69,25.79,25.79,25.7,139.81
1544986800,25.67,25.73,25.69,25.71,346.73
1544987100,25.68,25.72,25.72,25.72,261.38
1544987400,25.71,25.78,25.72,25.76,721.67
1544987700,25.77,25.94,25.77,25.94,1512.02
1544988000,25.79,26.01,25.93,25.91,2449.29
1544988300,25.75,25.88,25.86,25.75,1023.99
1544988600,25.73,25.82,25.75,25.79,434.42
1544988900,25.73,25.83,25.79,25.78,343.49
1544989200,25.78,25.87,25.78,25.87,1209.62
1544989500,25.87,25.93,25.87,25.93,281.83
1544989800,25.92,25.94,25.92,25.93,595.3
1544990100,25.86,25.93,25.93,25.86,533.08
1544990400,25.86,25.9,25.87,25.89,238.43
1544990700,25.76,25.89,25.89,25.79,651.54
1544991000,25.78,25.86,25.78,25.84,652.02
1544991300,25.78,25.84,25.84,25.78,324.91
1544991600,25.77,25.81,25.77,25.79,204.74
1544991900,25.72,25.8,25.8,25.73,899.43
1544992200,25.72,25.77,25.73,25.76,203.12
1544992500,25.68,25.77,25.77,25.68,667.2
1544992800,25.68,25.7,25.69,25.69,541.56
1544993100,25.68,25.77,25.68,25.77,81.2
1544993400,25.76,25.8,25.77,25.79,153.04
1544993700,25.76,25.8,25.79,25.79,248.18
1544994000,25.78,25.82,25.78,25.79,1524.24
1544994300,25.72,25.77,25.76,25.72,1906.65
1544994600,25.69,25.73,25.73,25.69,242.96
1544994900,25.64,25.69,25.68,25.67,71.47
1544995200,25.66,25.72,25.67,25.71,351.56
1544995500,25.7,25.73,25.7,25.73,81.82
1544995800,25.7,25.77,25.72,25.74,1481.67
1544996100,25.7,25.74,25.74,25.73,827.51
1544996400,25.71,25.74,25.73,25.72,611.09
1544996700,25.7,25.76,25.72,25.75,1062.2
1544997000,25.72,25.75,25.75,25.73,321.0
1544997300,25.62,25.72,25.72,25.62,3292.68
1544997600,25.45,25.63,25.63,25.45,2522.39
1544997900,25.19,25.46,25.45,25.2,5105.16
1544998200,25.03,25.27,25.22,25.09,3761.56
1544998500,25.06,25.26,25.09,25.23,1422.94
1544998800,25.2,25.26,25.26,25.21,170.9
1544999100,25.21,25.3,25.21,25.25,186.22
1544999400,25.25,25.3,25.27,25.3,393.01
1544999700,25.23,25.28,25.27,25.23,243.4
1545000000,25.24,25.31,25.24,25.3,283.64
1545000300,25.29,25.35,25.3,25.34,236.48
1545000600,25.32,25.35,25.34,25.35,339.71
1545000900,25.25,25.34,25.34,25.25,846.38
1545001200,25.25,25.29,25.26,25.29,302.7
1545001500,25.28,25.33,25.28,25.33,623.42
1545001800,25.31,25.35,25.32,25.32,185.23
1545002100,25.32,25.34,25.32,25.33,250.87
1545002400,25.31,25.42,25.32,25.42,609.86
1545002700,25.32,25.47,25.42,25.32,1617.83
1545003000,25.28,25.33,25.32,25.29,164.26
1545003300,25.28,25.29,25.28,25.28,135.24
1545003600,25.25,25.29,25.29,25.26,407.86
1545003900,25.17,25.26,25.26,25.2,820.98
1545004200,25.04,25.2,25.2,25.13,3202.48
1545004500,25.09,25.24,25.13,25.24,666.03
1545004800,25.15,25.23,25.22,25.22,340.05
1545005100,25.21,25.23,25.22,25.22,376.76
1545005400,25.21,25.23,25.22,25.22,425.09
1545005700,25.22,25.39,25.23,25.39,677.97
1545006000,25.39,25.47,25.39,25.46,426.71
1545006300,25.43,25.47,25.47,25.47,458.72
1545006600,25.46,25.79,25.46,25.69,3910.71
1545006900,25.63,25.69,25.69,25.68,533.65
1545007200,25.63,25.68,25.68,25.66,93.88
1545007500,25.63,25.66,25.66,25.64,141.54
1545007800,25.37,25.66,25.64,25.42,2110.62
1545008100,25.36,25.46,25.42,25.46,478.36
1545008400,25.45,25.49,25.46,25.48,137.31
1545008700,25.45,25.48,25.47,25.47,405.36
1545009000,25.47,25.58,25.47,25.58,720.87
1545009300,25.57,25.59,25.58,25.58,104.33
1545009600,25.54,25.58,25.58,25.54,166.26
1545009900,25.47,25.56,25.56,25.5,158.12
1545010200,25.46,25.53,25.49,25.5,340.07
1545010500,25.48,25.5,25.5,25.49,106.6
1545010800,25.48,25.54,25.49,25.51,628.35
1545011100,25.5,25.59,25.5,25.54,993.42
1545011400,25.48,25.54,25.54,25.49,928.07
1545011700,25.48,25.55,25.48,25.55,1426.82
1545012000,25.49,25.55,25.54,25.5,710.16
1545012300,25.49,25.51,25.51,25.5,463.11
1545012600,25.37,25.51,25.5,25.39,1736.53
1545012900,25.34,25.55,25.4,25.49,1592.1
1545013200,25.39,25.53,25.46,25.5,1864.35
1545013500,25.43,25.51,25.51,25.48,373.88
1545013800,25.47,25.48,25.48,25.47,52.1
1545014100,25.43,25.47,25.47,25.44,185.81
1545014400,25.44,25.45,25.45,25.45,255.39
1545014700,25.42,25.45,25.45,25.44,399.75
1545015000,25.43,25.45,25.44,25.43,149.28
1545015300,25.42,25.5,25.43,25.5,725.22
1545015600,25.49,25.5,25.49,25.5,184.88
1545015900,25.49,25.53,25.49,25.52,912.14
1545016200,25.52,25.53,25.53,25.53,126.28
1545016500,25.52,25.53,25.52,25.53,215.59
1545016800,25.52,25.54,25.52,25.54,246.88
1545017100,25.53,25.54,25.53,25.54,247.03
1545017400,25.53,25.54,25.54,25.54,182.35
1545017700,25.53,25.55,25.54,25.55,312.8
1545018000,25.54,25.56,25.55,25.56,140.23
1545018300,25.55,25.56,25.56,25.56,391.43
1545018600,25.56,25.65,25.56,25.61,1243.96
1545018900,25.61,25.62,25.61,25.61,78.9
1545019200,25.62,25.73,25.62,25.66,810.77
1545019500,25.65,25.66,25.65,25.65,167.6
1545019800,25.65,25.66,25.65,25.65,119.29
1545020100,25.65,25.66,25.65,25.66,677.15
1545020400,25.65,25.7,25.66,25.69,921.97
1545020700,25.65,25.69,25.69,25.67,292.89
1545021000,25.66,25.68,25.67,25.67,103.23
1545021300,25.67,25.68,25.68,25.68,155.63
1545021600,25.67,25.7,25.68,25.7,349.6
1545021900,25.69,25.7,25.69,25.7,79.91
1545022200,25.69,25.75,25.7,25.75,244.04
1545022500,25.75,25.85,25.75,25.85,338.22
1545022800,25.84,25.88,25.85,25.84,1535.09
1545023100,25.84,25.85,25.84,25.84,228.32
1545023400,25.84,25.85,25.84,25.85,403.35
1545023700,25.84,25.85,25.85,25.85,78.8
1545024000,25.84,25.85,25.84,25.84,330.87
1545024300,25.83,25.85,25.85,25.83,126.88
1545024600,25.81,25.84,25.84,25.82,125.52
1545024900,25.81,25.82,25.81,25.82,52.62
1545025200,25.64,25.82,25.82,25.65,424.15
1545025500,25.64,25.74,25.64,25.74,176.06
1545025800,25.73,25.76,25.73,25.74,155.5
1545026100,25.69,25.74,25.74,25.72,99.66
1545026400,25.69,25.79,25.73,25.77,200.94
1545026700,25.75,25.83,25.76,25.83,113.83
1545027000,25.83,25.91,25.83,25.91,785.65
1545027300,25.9,25.91,25.9,25.9,84.05
1545027600,25.9,25.91,25.91,25.91,66.13
1545027900,25.9,25.91,25.91,25.91,46.59
1545028200,25.89,25.91,25.9,25.89,1232.56
1545028500,25.86,25.88,25.88,25.87,69.68
1545028800,25.86,25.87,25.87,25.86,54.64
1545029100,25.78,25.83,25.83,25.79,213.99
1545029400,25.69,25.78,25.78,25.7,216.96
1545029700,25.7,25.8,25.7,25.8,220.77
1545030000,25.8,25.87,25.8,25.84,611.6
1545030300,25.81,25.86,25.85,25.81,135.39
1545030600,25.82,25.87,25.82,25.87,52.4
1545030900,25.81,25.86,25.86,25.82,119.06
1545031200,25.81,25.86,25.82,25.86,476.66
1545031500,25.86,27.2,25.86,27.14,16140.6
1545031800,26.82,27.62,27.14,26.87,24457.73
1545032100,26.86,27.27,26.86,26.95,4325.51
1545032400,26.89,27.34,26.93,27.13,11249.65
1545032700,26.93,27.14,27.14,27.05,1139.3
1545033000,27.06,27.32,27.06,27.15,2078.92
1545033300,27.1,27.22,27.2,27.1,1677.57
1545033600,27.11,27.39,27.11,27.3,3119.05
1545033900,27.21,27.3,27.29,27.21,309.54
1545034200,27.12,27.24,27.22,27.17,1116.93
1545034500,27.13,27.2,27.17,27.17,234.53
1545034800,27.0,27.15,27.15,27.02,558.83
1545035100,26.94,27.01,27.0,27.01,135.85
1545035400,26.98,27.01,27.01,27.01,133.26
1545035700,26.96,27.08,27.0,26.99,1626.64
1545036000,26.96,26.98,26.98,26.96,126.79
1545036300,26.9,26.98,26.96,26.98,526.48
1545036600,26.98,27.04,26.98,27.01,1158.59
1545036900,27.01,27.14,27.02,27.07,436.97
1545037200,27.05,27.07,27.06,27.06,145.47
1545037500,26.98,27.07,27.06,26.98,288.28
1545037800,26.93,27.02,27.01,27.0,779.22
1545038100,27.0,27.12,27.0,27.04,1786.08
1545038400,27.05,27.07,27.05,27.07,336.85
1545038700,27.06,27.12,27.06,27.1,349.04
1545039000,27.1,27.19,27.1,27.18,77.51
1545039300,27.15,27.19,27.17,27.19,30.34
1545039600,27.12,27.2,27.2,27.12,141.19
1545039900,27.11,27.14,27.11,27.11,206.47
1545040200,27.12,27.15,27.12,27.15,195.21
1545040500,27.09,27.14,27.14,27.09,24.88
1545040800,27.02,27.09,27.09,27.05,273.22
1545041100,26.75,27.05,27.05,26.8,1203.44
1545041400,26.77,26.82,26.78,26.79,622.6
1545041700,26.77,26.91,26.77,26.89,187.36
1545042000,26.86,26.91,26.9,26.91,88.59
1545042300,26.9,26.92,26.91,26.91,57.07
1545042600,26.85,26.92,26.92,26.87,116.46
1545042900,26.86,26.93,26.87,26.86,201.26
1545043200,26.85,26.9,26.86,26.88,198.78
1545043500,26.86,26.9,26.87,26.9,34.79
1545043800,26.87,26.9,26.9,26.88,18.72
1545044100,26.87,26.89,26.88,26.89,126.9
1545044400,26.89,27.06,26.89,27.06,756.91
1545044700,27.02,27.06,27.05,27.03,92.95
1545045000,26.98,27.02,27.02,27.02,203.86
1545045300,27.01,27.02,27.02,27.01,121.86
1545045600,27.0,27.06,27.01,27.0,366.15
1545045900,27.0,27.03,27.01,27.02,300.78
1545046200,27.01,27.04,27.01,27.04,175.31
1545046500,27.04,27.1,27.05,27.09,186.99
1545046800,27.09,27.15,27.09,27.13,1336.99
1545047100,27.12,27.23,27.13,27.19,1170.43
1545047400,27.18,27.25,27.19,27.25,615.34
1545047700,27.22,27.28,27.23,27.23,578.54
1545048000,27.23,27.35,27.23,27.31,850.18
1545048300,27.31,27.42,27.31,27.4,696.7
1545048600,27.42,28.2,27.42,28.05,15136.89
1545048900,27.85,28.15,28.09,27.89,1777.0
1545049200,27.88,28.14,27.89,28.11,1071.25
1545049500,28.12,28.31,28.12,28.18,1959.68
1545049800,28.13,28.26,28.17,28.23,6186.61
1545050100,28.03,28.23,28.23,28.07,2646.85
1545050400,28.08,28.49,28.08,28.31,17694.46
1545050700,28.18,28.42,28.31,28.33,2306.6
1545051000,28.19,28.54,28.33,28.19,2189.11
1545051300,28.18,28.38,28.28,28.26,1886.79
1545051600,28.27,28.66,28.27,28.44,5223.95
1545051900,28.29,28.46,28.44,28.29,1205.01
1545052200,27.96,28.29,28.29,27.98,2943.96
1545052500,28.01,28.14,28.01,28.08,644.87
1545052800,28.08,28.16,28.08,28.13,1147.7
1545053100,28.11,28.14,28.13,28.14,891.56
1545053400,27.78,28.14,28.14,27.89,3801.61
1545053700,27.74,27.85,27.84,27.83,1202.43
1545054000,27.83,27.89,27.83,27.87,820.36
1545054300,27.85,27.98,27.88,27.93,476.47
1545054600,27.84,27.95,27.94,27.85,535.24
1545054900,27.86,28.01,27.9,28.01,650.77
1545055200,27.89,28.08,28.02,27.92,688.75
1545055500,27.93,28.05,27.93,28.03,520.12
1545055800,28.02,28.09,28.03,28.07,537.99
1545056100,28.05,28.1,28.09,28.08,271.48
1545056400,28.06,28.14,28.07,28.09,2211.31
1545056700,28.08,28.42,28.09,28.29,2623.06
1545057000,28.2,28.28,28.27,28.21,626.39
1545057300,28.1,28.21,28.2,28.11,1430.51
1545057600,28.0,28.15,28.1,28.01,1702.06
1545057900,27.88,28.01,28.01,27.95,1441.3
1545058200,27.88,27.97,27.94,27.94,794.12
1545058500,27.95,28.13,27.95,28.11,1148.59
1545058800,28.11,28.29,28.11,28.29,1465.05
1545059100,27.98,28.29,28.29,28.04,2424.68
1545059400,28.0,28.1,28.04,28.01,1977.88
1545059700,28.0,28.05,28.0,28.04,413.35
1545060000,27.93,28.07,28.04,27.93,1348.41
1545060300,27.43,28.0,27.97,27.47,7981.7
1545060600,27.47,28.03,27.47,27.67,11547.1
1545060900,27.62,27.69,27.67,27.64,510.88
1545061200,27.64,27.8,27.64,27.79,940.01
1545061500,27.72,27.79,27.79,27.72,796.15
1545061800,27.58,27.76,27.72,27.74,1438.52
1545062100,27.69,27.79,27.75,27.74,765.41
1545062400,27.75,28.2,27.76,28.14,6679.68
1545062700,27.93,28.17,28.17,27.95,1184.4
1545063000,27.92,28.0,27.95,27.94,1611.27
1545063300,27.92,28.11,27.92,28.09,1370.47
1545063600,28.05,28.1,28.08,28.1,710.76
1545063900,28.1,28.45,28.1,28.39,4506.79
1545064200,28.26,28.4,28.39,28.28,1767.23
1545064500,28.15,28.28,28.28,28.15,1333.77
1545064800,28.14,28.2,28.15,28.18,1385.47
1545065100,28.01,28.19,28.17,28.02,2223.64
1545065400,28.01,28.14,28.02,28.08,1173.95
1545065700,28.07,28.17,28.07,28.14,708.1
1545066000,28.1,28.21,28.14,28.15,442.41
1545066300,28.0,28.23,28.15,28.2,2394.2
1545066600,28.15,28.32,28.2,28.15,1165.13
1545066900,27.98,28.16,28.15,28.01,2183.1
1545067200,27.96,28.04,28.0,27.96,651.34
1545067500,27.96,28.35,27.97,28.15,3999.91
1545067800,28.1,28.23,28.15,28.17,909.45
1545068100,28.1,28.18,28.17,28.1,851.19
1545068400,28.1,28.28,28.1,28.25,590.34
1545068700,28.24,28.37,28.24,28.35,1285.85
1545069000,28.33,28.5,28.34,28.44,2622.87
1545069300,28.44,28.59,28.46,28.46,3465.24
1545069600,28.46,28.59,28.47,28.59,901.67
1545069900,28.59,29.28,28.59,28.69,9990.91
1545070200,28.62,29.06,28.68,28.92,7756.64
1545070500,28.8,29.18,28.92,28.94,6588.81
1545070800,28.81,28.98,28.93,28.87,2379.83
1545071100,28.76,28.88,28.87,28.78,2032.03
1545071400,28.77,28.9,28.77,28.9,752.72
1545071700,28.87,29.0,28.9,28.96,1135.83
1545072000,28.96,29.33,28.96,29.22,8003.37
1545072300,29.17,29.9,29.23,29.63,11094.54
1545072600,29.53,29.8,29.62,29.68,4347.55
1545072900,29.5,29.74,29.67,29.71,4951.72
1545073200,29.66,30.03,29.74,29.76,8482.53
1545073500,29.73,30.29,29.76,29.98,11458.28
1545073800,29.96,30.48,29.97,30.13,11452.67
1545074100,29.87,30.13,30.13,30.04,6485.36
1545074400,29.85,30.14,30.04,29.99,3122.23
1545074700,29.87,30.15,29.95,30.09,3719.87
1545075000,30.0,30.31,30.09,30.28,3358.82
1545075300,30.2,30.37,30.28,30.2,5058.27
1545075600,30.02,30.21,30.21,30.06,2300.53
1545075900,29.69,30.11,30.07,29.7,4577.19
1545076200,29.61,29.98,29.7,29.77,6291.18
1545076500,29.73,29.96,29.77,29.93,2754.92
1545076800,29.83,29.93,29.93,29.87,1464.31
1545077100,29.75,29.88,29.87,29.75,1268.67
1545077400,29.61,29.78,29.75,29.65,2493.5
1545077700,29.61,29.79,29.65,29.68,2757.06
1545078000,29.62,29.75,29.68,29.66,1919.44
1545078300,29.51,29.71,29.68,29.59,1892.95
1545078600,29.59,29.71,29.6,29.71,1638.57
1545078900,29.69,29.75,29.73,29.72,823.87
1545079200,29.64,30.08,29.71,29.81,6563.95
1545079500,29.72,29.85,29.8,29.76,3117.95
1545079800,29.71,29.77,29.76,29.77,1052.53
1545080100,29.59,29.79,29.77,29.6,2055.4
1545080400,29.5,29.6,29.59,29.58,1497.32
1545080700,29.3,29.58,29.58,29.31,2514.86
1545081000,29.16,29.4,29.3,29.17,1720.58
1545081300,28.88,29.17,29.17,28.99,4850.37
1545081600,28.96,29.1,28.98,29.0,2338.48
1545081900,28.89,29.04,29.04,28.94,1119.24
1545082200,28.59,28.95,28.95,28.75,5854.06
1545082500,28.53,28.85,28.76,28.71,6140.19
1545082800,28.56,28.7,28.7,28.66,1808.93
1545083100,28.65,28.85,28.67,28.84,2598.65
1545083400,28.82,29.0,28.82,28.92,2805.47
1545083700,28.86,29.0,28.92,28.86,1739.68
1545084000,28.85,28.92,28.85,28.88,836.56
1545084300,28.85,28.93,28.89,28.92,538.22
1545084600,28.77,28.98,28.93,28.83,1594.0
1545084900,28.8,28.85,28.82,28.81,1234.31
1545085200,28.5,28.81,28.81,28.6,6997.04
1545085500,28.48,28.64,28.6,28.58,999.01
1545085800,28.56,28.63,28.58,28.6,728.94
1545086100,28.6,28.83,28.6,28.81,1777.06
1545086400,28.81,28.94,28.81,28.87,1213.36
1545086700,28.55,28.86,28.86,28.67,1335.04
1545087000,28.52,28.67,28.67,28.53,263.05
1545087300,28.43,28.54,28.53,28.5,1127.37
1545087600,28.48,28.62,28.5,28.59,808.14
1545087900,28.59,28.64,28.6,28.61,544.03
1545088200,28.59,28.61,28.61,28.61,374.07
1545088500,28.6,28.8,28.6,28.8,1655.39
1545088800,28.79,29.0,28.79,28.95,1024.82
1545089100,28.79,28.99,28.95,28.86,1771.11
1545089400,28.81,28.88,28.88,28.84,184.75
1545089700,28.83,28.93,28.84,28.92,386.69
1545090000,28.92,28.99,28.92,28.96,1014.88
1545090300,28.97,28.98,28.97,28.98,209.77
1545090600,28.81,28.97,28.97,28.85,1496.83
1545090900,28.84,28.9,28.85,28.88,335.95
1545091200,28.87,28.92,28.88,28.92,381.95
1545091500,28.91,29.22,28.91,29.13,1447.12
1545091800,29.1,29.21,29.14,29.14,854.83
1545092100,29.09,29.17,29.14,29.16,244.8
1545092400,29.15,29.3,29.16,29.21,1091.64
1545092700,29.17,29.31,29.21,29.24,1199.98
1545093000,29.07,29.32,29.25,29.08,2298.23
1545093300,28.98,29.07,29.06,28.99,789.13
1545093600,28.98,29.13,28.98,29.08,1025.2
1545093900,28.93,29.09,29.09,28.93,1048.85
1545094200,28.9,28.98,28.97,28.91,335.65
1545094500,28.65,28.89,28.89,28.7,1914.88
1545094800,28.56,28.75,28.7,28.68,1447.16
1545095100,28.65,28.71,28.71,28.65,1372.84
1545095400,28.65,28.74,28.66,28.67,515.06
1545095700,28.52,28.67,28.67,28.55,991.19
1545096000,28.43,28.55,28.55,28.48,1550.03
1545096300,28.44,28.56,28.47,28.55,985.12
1545096600,28.54,28.6,28.55,28.59,313.48
1545096900,28.59,28.65,28.59,28.62,334.4
1545097200,28.6,28.63,28.62,28.62,391.31
1545097500,28.61,28.67,28.62,28.62,543.71
1545097800,28.62,28.67,28.63,28.66,544.37
1545098100,28.67,28.84,28.67,28.81,1505.86
1545098400,28.82,28.89,28.82,28.85,1348.81
1545098700,28.85,28.96,28.86,28.92,1085.58
1545099000,28.91,29.06,28.92,28.96,2424.47
1545099300,28.9,28.98,28.96,28.96,1030.26
1545099600,28.85,28.98,28.97,28.88,644.16
1545099900,28.82,28.88,28.88,28.84,536.38
1545100200,28.78,28.85,28.84,28.8,560.2
1545100500,28.73,28.8,28.8,28.77,566.91
1545100800,28.75,28.89,28.76,28.88,298.76
1545101100,28.79,28.89,28.89,28.81,290.16
1545101400,28.8,28.88,28.81,28.88,166.83
1545101700,28.79,28.88,28.88,28.85,537.04
1545102000,28.8,28.85,28.85,28.81,164.67
1545102300,28.8,29.07,28.81,29.04,1714.88
1545102600,29.02,29.15,29.02,29.09,1001.82
1545102900,29.02,29.07,29.07,29.03,402.49
1545103200,29.02,29.07,29.03,29.03,639.09
1545103500,28.97,29.03,29.03,28.99,260.83
1545103800,29.0,29.08,29.0,29.07,408.69
1545104100,29.07,29.28,29.07,29.23,2083.17
1545104400,29.2,29.27,29.22,29.27,1455.04
1545104700,29.26,29.39,29.27,29.38,1984.06
1545105000,29.37,29.53,29.37,29.52,1675.32
1545105300,29.4,29.6,29.52,29.44,3329.06
1545105600,29.21,29.45,29.45,29.32,1030.53
1545105900,29.19,29.32,29.32,29.26,1080.83
1545106200,29.21,29.26,29.26,29.23,136.69
1545106500,29.12,29.23,29.23,29.13,166.75
1545106800,28.8,29.14,29.14,28.87,3974.22
1545107100,28.84,28.91,28.86,28.85,1332.6
1545107400,28.85,28.91,28.86,28.87,758.84
1545107700,28.86,28.89,28.86,28.88,386.55
1545108000,28.87,28.92,28.88,28.9,526.66
1545108300,28.89,28.92,28.89,28.9,487.57
1545108600,28.9,28.91,28.91,28.9,812.21
1545108900,28.85,28.91,28.91,28.86,224.49
1545109200,28.85,28.86,28.86,28.85,345.4
1545109500,28.67,28.86,28.86,28.68,549.97
1545109800,28.5,28.67,28.67,28.6,1888.08
1545110100,28.55,28.61,28.59,28.59,847.75
1545110400,28.4,28.59,28.59,28.4,4281.51
1545110700,28.04,28.42,28.42,28.07,2959.09
1545111000,28.04,28.32,28.08,28.13,2043.38
1545111300,28.02,28.17,28.12,28.12,1426.99
1545111600,28.15,28.26,28.15,28.22,554.7
1545111900,28.16,28.24,28.23,28.2,514.87
1545112200,28.13,28.29,28.2,28.13,864.57
1545112500,28.12,28.2,28.14,28.2,304.27
1545112800,28.21,28.36,28.21,28.35,475.85
1545113100,28.35,28.42,28.36,28.42,559.35
1545113400,28.29,28.42,28.42,28.32,890.05
1545113700,28.3,28.32,28.32,28.3,267.95
1545114000,28.31,28.35,28.31,28.35,226.18
1545114300,28.35,28.39,28.35,28.39,163.21
1545114600,28.38,28.46,28.39,28.42,389.57
1545114900,28.4,28.44,28.42,28.44,178.3
1545115200,28.43,28.45,28.43,28.45,81.07
1545115500,28.4,28.45,28.44,28.4,133.27
1545115800,28.39,28.41,28.41,28.4,107.03
1545116100,28.39,28.4,28.4,28.39,87.69
1545116400,28.35,28.39,28.39,28.38,209.06
1545116700,28.39,28.41,28.39,28.4,78.87
1545117000,28.32,28.41,28.41,28.36,287.99
1545117300,28.34,28.41,28.35,28.38,54.69
1545117600,28.36,28.39,28.36,28.39,79.23
1545117900,28.38,28.42,28.38,28.42,220.8
1545118200,28.41,28.53,28.42,28.49,1393.34
1545118500,28.49,28.61,28.5,28.59,902.77
1545118800,28.58,28.68,28.59,28.62,491.34
1545119100,28.55,28.62,28.57,28.57,990.46
1545119400,28.59,28.61,28.61,28.61,112.38
1545119700,28.57,28.62,28.61,28.57,157.47
1545120000,28.51,28.54,28.54,28.52,106.01
1545120300,28.35,28.51,28.51,28.36,487.06
1545120600,28.35,28.38,28.36,28.35,129.76
1545120900,28.35,28.37,28.35,28.37,50.12
1545121200,28.36,28.39,28.36,28.39,113.33
1545121500,28.01,28.4,28.4,28.14,1748.64
1545121800,28.08,28.35,28.14,28.15,3814.31
1545122100,27.83,28.15,28.14,27.88,5216.85
1545122400,27.83,27.93,27.93,27.87,537.01
1545122700,27.76,27.95,27.85,27.76,898.82
1545123000,27.73,27.87,27.76,27.87,499.46
1545123300,27.83,27.88,27.88,27.85,149.71
1545123600,27.74,27.86,27.86,27.74,680.99
1545123900,27.73,27.77,27.74,27.77,169.94
1545124200,27.71,27.8,27.79,27.74,162.67
1545124500,27.75,27.86,27.75,27.84,203.54
1545124800,27.88,27.89,27.88,27.89,3.93
1545125100,27.9,27.98,27.9,27.95,461.93
1545125400,27.96,28.13,27.96,28.12,536.17
1545125700,28.1,28.15,28.1,28.12,382.0
1545126000,28.04,28.09,28.09,28.04,303.2
1545126300,27.99,28.13,28.04,28.13,648.28
1545126600,28.08,28.11,28.09,28.11,130.36
1545126900,28.06,28.1,28.09,28.08,134.35
1545127200,27.9,28.05,28.05,27.93,298.36
1545127500,27.9,27.91,27.91,27.9,24.97
1545127800,27.9,27.91,27.91,27.91,26.81
1545128100,27.9,27.91,27.91,27.91,60.91
1545128400,27.91,28.18,27.91,28.18,198.9
1545128700,28.18,28.32,28.18,28.29,524.5
1545129000,28.09,28.3,28.29,28.09,480.98
1545129300,28.1,28.23,28.1,28.23,50.52
1545129600,28.22,28.29,28.23,28.24,125.77
1545129900,28.24,28.29,28.25,28.29,45.97
1545130200,28.28,28.29,28.28,28.29,32.57
1545130500,28.28,28.29,28.28,28.29,57.15
1545130800,28.28,28.29,28.28,28.29,72.31
1545131100,28.28,28.29,28.29,28.29,391.16
1545131400,28.2,28.3,28.29,28.2,1313.7
1545131700,28.1,28.2,28.2,28.13,530.93
1545132000,28.13,28.14,28.14,28.14,20.37
1545132300,28.12,28.18,28.13,28.18,122.76
1545132600,28.18,28.36,28.18,28.35,148.88
1545132900,28.36,28.45,28.36,28.41,232.91
1545133200,28.4,28.76,28.4,28.61,1037.74
1545133500,28.45,28.6,28.6,28.51,647.58
1545133800,28.5,28.6,28.51,28.6,109.87
1545134100,28.63,28.77,28.64,28.63,237.65
1545134400,28.6,28.64,28.62,28.63,92.74
1545134700,28.6,28.61,28.6,28.6,161.41
1545135000,28.5,28.62,28.6,28.5,137.91
1545135300,28.44,28.51,28.51,28.5,87.93
1545135600,28.45,28.49,28.48,28.47,90.5
1545135900,28.46,28.48,28.47,28.46,87.76
1545136200,28.4,28.47,28.47,28.43,433.34
1545136500,28.43,28.44,28.43,28.44,71.33
1545136800,28.43,28.44,28.43,28.43,140.98
1545137100,28.44,28.69,28.44,28.68,715.69
1545137400,28.54,28.74,28.69,28.56,747.28
1545137700,28.51,28.56,28.56,28.55,40.32
1545138000,28.4,28.56,28.54,28.41,488.28
1545138300,28.35,28.47,28.41,28.47,326.14
1545138600,28.36,28.56,28.49,28.55,1116.92
1545138900,28.54,28.77,28.54,28.77,1275.08
1545139200,28.76,28.9,28.77,28.89,1928.83
1545139500,28.88,28.99,28.89,28.9,1121.69
1545139800,28.9,28.98,28.9,28.98,781.19
1545140100,28.93,29.06,28.99,28.93,1467.94
1545140400,28.92,28.95,28.94,28.95,124.89
1545140700,28.95,29.12,28.95,29.07,1484.57
1545141000,28.88,29.07,29.07,28.9,1179.93
1545141300,28.85,28.91,28.9,28.85,574.12
1545141600,28.74,28.91,28.88,28.75,984.19
1545141900,28.74,28.86,28.74,28.85,618.76
1545142200,28.85,28.97,28.85,28.93,874.4
1545142500,28.91,29.26,28.91,29.19,2520.75
1545142800,29.14,29.2,29.2,29.17,339.56
1545143100,29.03,29.18,29.17,29.17,1133.17
1545143400,29.06,29.29,29.18,29.06,1264.88
1545143700,29.02,29.14,29.05,29.1,1234.16
1545144000,29.09,29.27,29.11,29.18,758.89
1545144300,29.01,29.19,29.19,29.06,342.77
1545144600,29.02,29.1,29.07,29.06,306.56
1545144900,29.05,29.15,29.06,29.15,1650.05
1545145200,29.11,29.17,29.15,29.12,738.94
1545145500,28.94,29.16,29.14,28.97,2086.83
1545145800,28.81,28.98,28.98,28.82,2416.65
1545146100,28.75,28.82,28.82,28.76,661.66
1545146400,28.74,28.8,28.77,28.79,1098.77
1545146700,28.71,28.81,28.79,28.71,1192.3
1545147000,28.71,28.89,28.74,28.83,1819.28
1545147300,28.7,28.82,28.82,28.7,2715.69
1545147600,28.6,28.7,28.7,28.61,1370.32
1545147900,28.17,28.61,28.6,28.32,4793.39
1545148200,28.18,28.32,28.31,28.21,456.98
1545148500,28.12,28.22,28.21,28.13,658.95
1545148800,28.13,28.35,28.13,28.35,652.13
1545149100,28.3,28.48,28.34,28.45,672.96
1545149400,28.45,28.55,28.46,28.51,587.8
1545149700,28.43,28.51,28.51,28.43,547.68
1545150000,28.38,28.48,28.42,28.48,250.58
1545150300,28.47,28.56,28.48,28.52,532.67
1545150600,28.44,28.52,28.52,28.46,625.76
1545150900,28.33,28.47,28.45,28.34,681.63
1545151200,28.39,28.45,28.39,28.4,498.78
1545151500,28.3,28.41,28.41,28.31,889.43
1545151800,28.32,28.35,28.33,28.33,165.97
1545152100,28.31,28.33,28.33,28.33,160.12
1545152400,28.26,28.68,28.33,28.68,2549.18
1545152700,28.57,28.65,28.57,28.6,1045.69
1545153000,28.47,28.62,28.61,28.5,1889.48
1545153300,28.5,28.56,28.53,28.55,1208.4
1545153600,28.37,28.56,28.55,28.45,1958.24
1545153900,28.39,28.47,28.45,28.43,1252.44
1545154200,28.44,28.57,28.44,28.57,1019.19
1545154500,28.56,28.59,28.57,28.59,833.01
1545154800,28.58,28.73,28.59,28.73,1949.6
1545155100,28.68,28.79,28.72,28.76,2492.48
1545155400,28.73,28.89,28.74,28.86,1204.03
1545155700,28.8,28.85,28.85,28.81,589.15
1545156000,28.46,28.81,28.81,28.52,1567.64
1545156300,28.43,28.51,28.51,28.44,530.27
1545156600,28.43,28.48,28.44,28.44,526.59
1545156900,28.43,28.46,28.44,28.44,428.26
1545157200,28.45,28.5,28.45,28.47,176.5
1545157500,28.01,28.47,28.47,28.16,7402.3
1545157800,28.16,28.25,28.17,28.24,2184.28
1545158100,28.03,28.24,28.24,28.06,1714.55
1545158400,28.1,28.24,28.1,28.22,1126.94
1545158700,28.16,28.28,28.23,28.23,1382.7
1545159000,28.18,28.25,28.25,28.24,421.13
1545159300,28.24,28.29,28.24,28.25,1111.28
1545159600,28.22,28.29,28.27,28.28,657.64
1545159900,28.21,28.3,28.28,28.29,578.29
1545160200,28.28,28.3,28.29,28.3,403.64
1545160500,28.29,28.43,28.3,28.43,1332.6
1545160800,28.37,28.44,28.43,28.39,778.39
1545161100,28.37,28.43,28.38,28.38,535.12
1545161400,28.35,28.41,28.4,28.41,605.52
1545161700,28.4,28.5,28.41,28.5,441.14
1545162000,28.5,28.62,28.5,28.59,945.81
1545162300,28.52,28.59,28.58,28.56,501.21
1545162600,28.51,28.56,28.56,28.54,359.87
1545162900,28.53,28.59,28.53,28.58,658.27
1545163200,28.58,28.73,28.59,28.73,2243.12
1545163500,28.72,28.77,28.73,28.72,816.89
1545163800,28.72,28.79,28.74,28.73,821.63
1545164100,28.62,28.72,28.72,28.62,855.98
1545164400,28.57,28.62,28.62,28.57,357.48
1545164700,28.57,28.58,28.58,28.58,105.09
1545165000,28.57,28.58,28.58,28.58,381.66
1545165300,28.44,28.58,28.57,28.46,2512.09
1545165600,28.44,28.46,28.45,28.44,109.11
1545165900,28.44,28.46,28.45,28.45,633.49
1545166200,28.25,28.46,28.45,28.29,5494.33
1545166500,28.26,28.28,28.28,28.27,260.07
1545166800,28.27,28.46,28.27,28.38,768.16
1545167100,28.36,28.39,28.39,28.39,257.5
1545167400,28.3,28.39,28.39,28.37,472.88
1545167700,28.38,28.55,28.38,28.51,1788.19
1545168000,28.46,28.53,28.51,28.46,170.36
1545168300,28.38,28.46,28.45,28.38,243.32
1545168600,28.33,28.4,28.37,28.4,123.29
1545168900,28.4,28.53,28.4,28.51,855.96
1545169200,28.42,28.51,28.51,28.43,703.03
1545169500,28.42,28.46,28.45,28.43,303.42
1545169800,28.43,28.49,28.43,28.44,351.16
1545170100,28.44,28.48,28.44,28.48,135.86
1545170400,28.47,28.55,28.48,28.55,1114.1
1545170700,28.55,28.75,28.55,28.75,3931.9
1545171000,28.61,28.75,28.75,28.65,2084.43
1545171300,28.53,28.65,28.65,28.53,477.17
1545171600,28.54,28.56,28.54,28.56,378.4
1545171900,28.51,28.59,28.55,28.53,320.82
1545172200,28.51,28.56,28.53,28.56,297.68
1545172500,28.55,28.73,28.56,28.73,525.42
1545172800,28.72,28.76,28.72,28.76,2607.32
1545173100,28.76,28.79,28.76,28.79,392.39
1545173400,28.78,28.98,28.78,28.95,2326.03
1545173700,28.96,28.98,28.97,28.97,623.06
1545174000,28.86,28.98,28.97,28.9,1915.18
1545174300,28.9,28.95,28.91,28.95,517.01
1545174600,28.95,29.65,28.95,29.63,8269.38
1545174900,29.46,30.0,29.63,29.94,5894.08
1545175200,29.43,29.94,29.94,29.6,3542.41
1545175500,29.57,29.95,29.57,29.8,3085.23
1545175800,29.84,30.2,29.84,29.95,6853.16
1545176100,29.9,30.2,29.96,30.04,5867.52
1545176400,29.77,30.03,29.96,29.94,4147.58
1545176700,29.74,29.94,29.88,29.83,3834.08
1545177000,29.77,29.94,29.83,29.94,2195.69
1545177300,29.9,30.14,29.94,30.12,2652.25
1545177600,29.99,30.36,30.12,30.09,6403.27
1545177900,29.62,30.09,30.09,29.95,8019.17
1545178200,29.75,29.93,29.93,29.87,2091.85
1545178500,29.77,29.87,29.85,29.78,921.69
1545178800,29.77,29.84,29.82,29.78,1440.34
1545179100,29.62,29.78,29.77,29.62,911.78
1545179400,29.61,29.82,29.62,29.81,938.9
1545179700,29.64,29.8,29.8,29.72,1104.49
1545180000,29.64,29.73,29.72,29.64,4026.58
1545180300,29.6,29.68,29.63,29.63,933.02
1545180600,29.62,29.71,29.63,29.71,658.72
1545180900,29.7,29.74,29.71,29.73,949.45
1545181200,29.73,29.82,29.73,29.75,3048.62
1545181500,29.76,29.87,29.76,29.87,2609.62
1545181800,29.86,30.49,29.86,30.17,9621.65
1545182100,30.11,30.24,30.17,30.24,2528.87
1545182400,30.08,30.25,30.24,30.19,3123.25
1545182700,30.05,30.22,30.19,30.2,3140.71
1545183000,30.17,30.3,30.19,30.3,1231.02
1545183300,30.3,31.38,30.3,31.11,17707.53
1545183600,30.64,31.36,31.12,30.87,11509.18
1545183900,30.85,30.88,30.86,30.85,94.24
1545184200,30.85,30.93,30.86,30.9,2081.24
1545184500,30.89,30.96,30.9,30.92,1489.76
1545184800,30.43,30.93,30.91,30.5,8140.89
1545185100,30.22,30.67,30.5,30.52,6446.51
1545185400,30.29,30.85,30.55,30.72,3562.4
1545185700,30.6,30.7,30.69,30.68,1012.75
1545186000,30.69,30.85,30.7,30.77,1074.25
1545186300,30.61,30.77,30.77,30.64,561.08
1545186600,30.63,30.77,30.64,30.73,1547.59
1545186900,30.6,30.75,30.72,30.7,999.97
1545187200,30.69,30.81,30.7,30.72,1818.02
1545187500,30.74,31.01,30.74,30.88,2687.95
1545187800,30.52,31.08,30.84,30.54,7340.89
1545188100,30.48,30.84,30.54,30.48,4279.85
1545188400,30.4,30.62,30.48,30.58,1346.81
1545188700,30.48,30.6,30.58,30.56,2369.96
1545189000,30.54,30.81,30.56,30.67,2518.43
1545189300,30.65,30.87,30.67,30.65,1976.9
1545189600,30.6,30.67,30.66,30.66,835.78
1545189900,30.57,30.75,30.66,30.65,2341.84
1545190200,30.4,30.65,30.65,30.4,2950.34
1545190500,30.17,30.47,30.42,30.18,3302.92
1545190800,30.23,30.4,30.23,30.31,3884.3
1545191100,30.28,30.42,30.31,30.42,2038.24
1545191400,30.35,30.5,30.42,30.41,2264.53
1545191700,30.27,30.49,30.42,30.27,3359.83
1545192000,30.28,30.46,30.33,30.37,1252.27
1545192300,30.32,30.44,30.37,30.37,1653.12
1545192600,30.21,30.38,30.37,30.21,2249.72
1545192900,30.23,30.32,30.24,30.25,1310.62
1545193200,30.12,30.25,30.25,30.16,1290.25
1545193500,30.12,30.21,30.16,30.2,1170.96
1545193800,30.1,30.2,30.2,30.15,622.66
1545194100,30.14,30.19,30.14,30.15,719.31
1545194400,30.03,30.15,30.15,30.04,1475.0
1545194700,30.03,30.1,30.03,30.07,1122.85
1545195000,30.01,30.14,30.07,30.01,1185.07
1545195300,29.9,30.02,30.02,29.93,1808.75
1545195600,29.92,30.02,29.92,30.02,418.48
1545195900,30.01,30.22,30.01,30.22,1424.12
1545196200,30.17,30.22,30.22,30.18,337.31
1545196500,30.17,30.18,30.17,30.18,371.07
1545196800,30.06,30.18,30.18,30.06,525.69
1545197100,30.06,30.18,30.07,30.18,593.04
1545197400,30.14,30.27,30.18,30.26,792.39
1545197700,30.24,30.48,30.25,30.45,3145.23
1545198000,30.36,30.45,30.45,30.36,504.77
1545198300,30.32,30.36,30.35,30.32,325.13
1545198600,30.3,30.41,30.33,30.33,1238.62
1545198900,30.33,30.45,30.33,30.39,1915.74
1545199200,30.39,30.57,30.39,30.47,1755.63
1545199500,30.41,30.51,30.47,30.49,784.5
1545199800,30.49,30.59,30.49,30.52,445.63
1545200100,30.31,30.53,30.53,30.32,986.27
1545200400,30.31,30.33,30.32,30.31,238.69
1545200700,30.11,30.32,30.32,30.11,669.53
1545201000,30.0,30.12,30.12,30.05,822.79
1545201300,30.0,30.3,30.04,30.16,1649.03
1545201600,30.09,30.27,30.18,30.09,155.97
1545201900,30.04,30.1,30.1,30.06,80.64
1545202200,30.06,30.18,30.06,30.18,484.45
1545202500,30.11,30.15,30.15,30.14,97.39
1545202800,29.93,30.14,30.14,29.93,842.73
1545203100,29.7,29.98,29.93,29.83,2081.04
1545203400,29.7,29.84,29.82,29.79,1846.47
1545203700,29.69,29.81,29.78,29.71,369.46
1545204000,29.72,29.76,29.72,29.76,178.62
1545204300,29.76,29.79,29.76,29.79,203.79
1545204600,29.78,29.82,29.79,29.82,266.43
1545204900,29.82,29.86,29.82,29.84,243.67
1545205200,29.78,29.85,29.85,29.79,272.29
1545205500,29.72,29.79,29.78,29.75,835.19
1545205800,29.71,29.76,29.75,29.76,39.01
1545206100,29.75,29.93,29.75,29.91,1889.52
1545206400,29.84,29.98,29.91,29.85,432.77
1545206700,29.85,29.94,29.85,29.94,104.95
1545207000,29.92,29.96,29.93,29.93,94.59
1545207300,29.83,29.94,29.94,29.83,187.46
1545207600,29.82,29.87,29.83,29.86,113.54
1545207900,29.83,29.86,29.86,29.85,64.14
1545208200,29.81,29.83,29.83,29.82,69.46
1545208500,29.81,29.88,29.82,29.88,170.86
1545208800,29.89,30.0,29.89,30.0,180.2
1545209100,29.99,30.05,30.0,30.0,1114.02
1545209400,30.0,30.22,30.0,30.22,774.16
1545209700,30.14,30.24,30.23,30.15,128.67
1545210000,30.11,30.15,30.14,30.12,75.96
1545210300,30.11,30.21,30.12,30.21,132.08
1545210600,30.21,30.41,30.21,30.29,515.31
1545210900,30.29,30.9,30.29,30.31,5826.73
1545211200,30.32,30.49,30.32,30.4,716.62
1545211500,30.3,30.42,30.38,30.36,893.02
1545211800,30.07,30.35,30.35,30.11,1021.81
1545212100,30.06,30.11,30.1,30.09,242.05
1545212400,30.03,30.12,30.12,30.03,151.41
1545212700,29.95,30.02,30.02,30.01,158.78
1545213000,30.0,30.06,30.0,30.06,85.04
1545213300,29.97,30.05,30.05,29.97,203.8
1545213600,29.97,29.98,29.97,29.98,343.68
1545213900,29.83,29.97,29.97,29.88,597.1
1545214200,29.89,29.94,29.89,29.93,307.52
1545214500,29.92,30.0,29.93,30.0,196.55
1545214800,29.99,30.17,30.0,30.11,1392.07
1545215100,29.98,30.13,30.11,29.99,510.17
1545215400,29.98,30.09,29.99,30.0,707.98
1545215700,30.0,30.42,30.0,30.37,2215.02
1545216000,30.2,30.34,30.32,30.23,302.3
1545216300,30.2,30.28,30.22,30.28,137.68
1545216600,30.29,30.52,30.29,30.45,590.02
1545216900,30.38,30.51,30.45,30.39,463.91
1545217200,30.38,30.51,30.39,30.46,850.1
1545217500,30.44,30.71,30.45,30.71,1155.31
1545217800,30.44,30.72,30.72,30.47,1327.84
1545218100,30.32,30.47,30.47,30.32,289.87
1545218400,30.24,30.33,30.33,30.29,202.72
1545218700,30.29,30.43,30.3,30.36,564.3
1545219000,30.36,30.46,30.37,30.41,737.87
1545219300,30.27,30.42,30.41,30.28,637.13
1545219600,30.26,30.35,30.28,30.32,1005.85
1545219900,30.3,30.48,30.34,30.46,1302.28
1545220200,30.48,30.58,30.48,30.57,1414.58
1545220500,30.56,30.74,30.56,30.69,851.78
1545220800,30.39,30.69,30.69,30.41,1579.24
1545221100,30.33,30.42,30.41,30.38,890.54
1545221400,30.31,30.38,30.38,30.34,215.93
1545221700,30.34,30.48,30.35,30.48,546.71
1545222000,30.46,30.67,30.46,30.62,1031.74
1545222300,30.47,30.71,30.61,30.51,1575.62
1545222600,30.46,30.66,30.51,30.63,647.75
1545222900,30.54,30.71,30.64,30.55,719.96
1545223200,30.54,30.86,30.54,30.86,2360.77
1545223500,30.63,30.86,30.79,30.77,3286.26
1545223800,30.77,30.88,30.77,30.86,798.51
1545224100,30.68,30.86,30.86,30.69,2680.1
1545224400,30.69,30.8,30.7,30.8,680.52
1545224700,30.77,30.96,30.79,30.96,2091.46
1545225000,30.93,31.05,30.97,31.04,3363.17
1545225300,30.88,31.05,31.03,30.95,1845.63
1545225600,30.95,31.1,30.95,31.05,1714.65
1545225900,31.01,31.1,31.04,31.02,1209.08
1545226200,31.03,31.29,31.04,31.29,1833.41
1545226500,31.28,31.58,31.29,31.58,5111.25
1545226800,31.29,31.59,31.58,31.29,3325.48
1545227100,31.01,31.3,31.3,31.19,7108.49
1545227400,30.64,31.19,31.19,30.65,6530.22
1545227700,30.6,30.73,30.65,30.72,1717.53
1545228000,30.72,30.79,30.74,30.78,1458.99
1545228300,30.5,30.78,30.78,30.5,3513.66
1545228600,30.37,30.55,30.5,30.46,2475.0
1545228900,30.38,30.5,30.46,30.45,1350.18
1545229200,30.4,30.46,30.44,30.46,737.41
1545229500,30.44,30.49,30.45,30.47,1251.04
1545229800,30.46,30.56,30.5,30.49,1055.71
