1556832000,72.0,72.2,72.08,72.18,771.86
1556832300,72.13,72.2,72.18,72.2,197.75
1556832600,72.18,72.47,72.18,72.33,556.06
1556832900,72.17,72.34,72.33,72.17,217.78
1556833200,72.14,72.26,72.17,72.2,268.99
1556833500,72.1,72.16,72.15,72.11,16.28
1556833800,71.96,72.16,72.14,71.99,688.73
1556834100,71.97,72.12,72.0,72.0,53.09
1556834400,71.92,72.12,72.05,72.01,246.11
1556834700,71.88,72.03,72.02,72.01,845.61
1556835000,71.99,72.11,72.05,72.07,443.51
1556835300,71.97,72.08,72.06,72.06,218.83
1556835600,72.08,72.12,72.08,72.11,180.27
1556835900,72.02,72.13,72.13,72.09,154.6
1556836200,72.0,72.13,72.1,72.09,705.73
1556836500,72.04,72.18,72.04,72.1,342.98
1556836800,72.09,72.16,72.1,72.15,151.67
1556837100,72.07,72.15,72.14,72.14,139.0
1556837400,72.11,72.32,72.13,72.2,1420.94
1556837700,72.13,72.25,72.25,72.15,175.15
1556838000,72.11,72.17,72.15,72.12,53.6
1556838300,71.98,72.13,72.13,72.1,191.95
1556838600,72.05,72.26,72.07,72.26,1097.15
1556838900,72.2,72.34,72.34,72.25,113.11
1556839200,72.26,72.32,72.26,72.3,49.1
1556839500,72.26,72.4,72.29,72.38,702.47
1556839800,72.3,72.48,72.36,72.43,606.78
1556840100,72.43,72.52,72.43,72.43,164.53
1556840400,72.4,72.51,72.44,72.49,187.58
1556840700,72.32,72.47,72.41,72.34,375.41
1556841000,72.26,72.33,72.33,72.26,63.64
1556841300,72.16,72.34,72.26,72.16,132.19
1556841600,71.99,72.24,72.2,71.99,622.14
1556841900,71.97,72.08,71.98,72.01,159.33
1556842200,71.94,72.12,72.0,72.11,270.5
1556842500,71.97,72.15,72.08,72.1,434.98
1556842800,71.99,72.1,72.1,72.02,29.14
1556843100,72.02,72.2,72.04,72.2,536.3
1556843400,72.14,72.23,72.23,72.17,268.62
1556843700,72.13,72.22,72.13,72.21,33.99
1556844000,72.06,72.23,72.21,72.1,771.61
1556844300,72.02,72.23,72.11,72.23,164.21
1556844600,72.19,72.31,72.19,72.3,82.25
1556844900,72.23,72.36,72.29,72.33,180.42
1556845200,72.32,72.55,72.36,72.5,1593.17
1556845500,72.39,72.56,72.51,72.4,726.37
1556845800,72.41,72.47,72.43,72.42,166.06
1556846100,72.34,72.44,72.39,72.34,135.76
1556846400,72.27,72.36,72.31,72.28,118.64
1556846700,72.25,72.43,72.26,72.31,190.11
1556847000,72.34,72.5,72.36,72.5,161.5
1556847300,72.46,73.2,72.5,73.02,2115.46
1556847600,73.02,73.45,73.02,73.35,938.52
1556847900,73.25,73.67,73.36,73.26,1727.55
1556848200,73.0,73.26,73.26,73.04,554.64
1556848500,72.95,73.11,73.05,73.02,241.21
1556848800,73.03,73.2,73.05,73.2,554.69
1556849100,73.18,73.38,73.2,73.21,884.34
1556849400,73.06,73.38,73.16,73.34,933.5
1556849700,73.24,73.44,73.3,73.3,412.67
1556850000,73.21,73.34,73.25,73.26,89.33
1556850300,73.15,73.33,73.21,73.29,199.65
1556850600,73.14,73.32,73.29,73.21,370.75
1556850900,73.1,73.21,73.17,73.2,141.74
1556851200,73.13,73.21,73.21,73.13,63.93
1556851500,73.13,73.45,73.13,73.44,1775.51
1556851800,73.27,73.63,73.44,73.41,893.13
1556852100,73.34,73.43,73.39,73.34,132.85
1556852400,73.27,73.43,73.35,73.33,239.63
1556852700,73.2,73.29,73.29,73.21,147.97
1556853000,73.11,73.28,73.23,73.16,193.02
1556853300,73.06,73.17,73.16,73.16,163.95
1556853600,73.04,73.2,73.16,73.04,703.19
1556853900,72.95,73.1,73.04,72.96,289.0
1556854200,72.94,73.08,72.96,73.02,380.48
1556854500,73.01,73.05,73.01,73.05,4.98
1556854800,73.12,73.3,73.18,73.26,89.42
1556855100,73.25,73.39,73.25,73.37,424.36
1556855400,73.25,73.36,73.35,73.34,126.19
1556855700,73.25,73.34,73.34,73.25,71.8
1556856000,73.13,73.28,73.23,73.18,162.84
1556856300,73.17,73.27,73.17,73.26,77.75
1556856600,73.22,73.26,73.26,73.26,153.63
1556856900,73.25,73.26,73.26,73.26,170.31
1556857200,73.25,73.3,73.26,73.3,457.7
1556857500,73.3,73.5,73.3,73.5,833.88
1556857800,73.51,73.67,73.51,73.62,731.11
1556858100,73.55,73.65,73.63,73.59,752.25
1556858400,73.47,73.7,73.58,73.49,627.67
1556858700,73.31,73.46,73.45,73.31,80.92
1556859000,73.31,73.48,73.35,73.42,173.28
1556859300,73.31,73.41,73.41,73.32,115.43
1556859600,73.0,73.31,73.31,73.17,434.84
1556859900,73.03,73.25,73.16,73.16,420.74
1556860200,73.07,73.2,73.1,73.13,98.11
1556860500,73.11,73.21,73.17,73.21,39.8
1556860800,73.07,73.26,73.22,73.18,474.17
1556861100,73.06,73.18,73.18,73.18,38.19
1556861400,73.1,73.21,73.17,73.21,237.01
1556861700,73.21,73.34,73.21,73.34,223.71
1556862000,73.33,73.34,73.34,73.34,34.05
1556862300,73.34,73.46,73.34,73.4,120.45
1556862600,73.33,73.47,73.43,73.37,384.89
1556862900,73.35,73.41,73.37,73.38,389.46
1556863200,73.33,73.51,73.39,73.41,263.05
1556863500,73.36,73.57,73.4,73.57,323.86
1556863800,73.43,73.58,73.58,73.44,73.3
1556864100,73.43,73.74,73.43,73.61,407.84
1556864400,73.6,73.74,73.65,73.74,38.58
1556864700,73.68,74.0,73.68,73.81,2429.28
1556865000,73.81,74.28,73.81,74.28,1505.97
1556865300,73.77,74.19,74.19,73.79,320.86
1556865600,73.31,73.83,73.78,73.44,1530.21
1556865900,73.44,73.65,73.51,73.58,151.96
1556866200,73.37,73.65,73.5,73.46,384.17
1556866500,73.52,73.64,73.53,73.52,528.19
1556866800,73.52,73.68,73.52,73.65,359.35
1556867100,73.37,73.65,73.65,73.4,113.27
1556867400,73.42,73.6,73.42,73.59,119.99
1556867700,73.68,73.73,73.68,73.71,14.55
1556868000,73.7,73.77,73.72,73.77,74.83
1556868300,73.61,73.91,73.8,73.61,150.3
1556868600,73.65,73.81,73.65,73.77,25.63
1556868900,73.83,74.14,73.83,74.09,76.78
1556869200,73.88,74.08,74.08,73.91,414.71
1556869500,73.41,73.81,73.77,73.42,265.64
1556869800,73.35,73.5,73.42,73.43,68.65
1556870100,73.38,73.51,73.5,73.43,54.45
1556870400,73.37,73.53,73.44,73.5,43.03
1556870700,73.15,73.5,73.49,73.18,632.29
1556871000,73.18,73.57,73.18,73.57,380.82
1556871300,73.21,73.42,73.36,73.21,66.56
1556871600,73.02,73.23,73.21,73.02,242.7
1556871900,72.62,73.02,73.02,72.72,871.01
1556872200,72.77,72.92,72.77,72.92,388.79
1556872500,73.01,73.25,73.06,73.05,328.57
1556872800,72.9,73.16,73.01,72.95,255.59
1556873100,72.8,73.17,72.92,72.98,434.11
1556873400,72.7,73.71,73.11,73.06,3369.76
1556873700,72.81,73.11,72.86,73.11,176.88
1556874000,72.81,73.22,72.99,73.22,357.06
1556874300,73.22,74.28,73.22,74.28,1305.58
1556874600,74.26,78.69,74.26,78.69,13511.97
1556874900,77.24,79.87,78.72,78.0,11475.46
1556875200,77.33,78.16,77.99,77.85,3975.01
1556875500,77.8,79.11,77.84,79.1,5303.67
1556875800,78.33,79.26,79.09,78.58,1524.34
1556876100,78.35,79.06,78.6,78.58,1771.12
1556876400,78.36,79.58,78.65,79.3,5224.58
1556876700,78.58,79.3,79.28,78.76,1867.78
1556877000,78.58,78.98,78.76,78.68,1503.69
1556877300,78.65,78.98,78.7,78.84,2234.14
1556877600,77.96,79.13,78.9,78.2,4996.08
1556877900,77.63,78.31,78.19,78.02,6170.6
1556878200,77.88,78.2,78.1,77.96,1102.82
1556878500,77.95,78.22,77.96,78.21,409.32
1556878800,78.2,78.49,78.21,78.49,2267.73
1556879100,78.2,78.49,78.4,78.25,2023.54
1556879400,78.16,78.31,78.3,78.2,227.57
1556879700,78.17,78.4,78.19,78.2,1187.66
1556880000,78.0,78.29,78.19,78.05,1322.97
1556880300,78.0,78.3,78.05,78.0,718.92
1556880600,77.71,78.08,78.0,77.92,2699.42
1556880900,77.79,77.98,77.95,77.81,1510.37
1556881200,77.79,77.94,77.85,77.87,223.58
1556881500,77.83,78.38,77.91,78.2,313.76
1556881800,78.2,78.47,78.21,78.33,511.35
1556882100,78.07,78.38,78.38,78.19,1056.04
1556882400,78.1,78.2,78.2,78.15,160.8
1556882700,78.05,78.33,78.14,78.3,587.03
1556883000,78.25,78.43,78.33,78.31,168.66
1556883300,78.19,78.31,78.31,78.28,234.14
1556883600,78.27,78.45,78.27,78.37,862.76
1556883900,78.26,78.4,78.33,78.31,179.26
1556884200,78.14,78.42,78.32,78.18,164.58
1556884500,78.13,78.21,78.21,78.16,111.4
1556884800,78.03,78.25,78.15,78.25,522.5
1556885100,78.26,78.48,78.26,78.48,161.95
1556885400,78.44,78.55,78.45,78.52,655.13
1556885700,78.35,78.48,78.46,78.35,162.61
1556886000,78.35,78.75,78.36,78.62,2280.42
1556886300,78.63,78.8,78.64,78.75,864.74
1556886600,78.71,79.1,78.73,79.08,1221.96
1556886900,78.7,79.13,79.06,78.82,1529.96
1556887200,78.5,78.83,78.83,78.57,242.33
1556887500,78.51,78.75,78.57,78.71,304.59
1556887800,78.51,78.82,78.75,78.68,806.81
1556888100,78.45,78.66,78.66,78.55,592.83
1556888400,78.52,78.76,78.55,78.74,441.61
1556888700,78.71,78.88,78.74,78.79,817.99
1556889000,78.74,78.92,78.81,78.82,882.36
1556889300,78.68,78.97,78.82,78.89,476.0
1556889600,78.85,79.29,78.88,79.19,1634.26
1556889900,78.99,79.33,79.12,79.31,885.68
1556890200,78.91,79.32,79.32,78.91,662.98
1556890500,78.9,79.21,78.97,79.02,1026.36
1556890800,79.0,79.24,79.06,79.23,667.24
1556891100,78.79,79.23,79.22,78.87,707.03
1556891400,78.86,79.04,78.9,78.91,790.09
1556891700,78.78,78.94,78.89,78.78,1257.14
1556892000,78.78,79.0,78.84,78.81,348.97
1556892300,78.83,78.99,78.84,78.9,470.77
1556892600,78.86,79.2,78.88,79.15,1124.23
1556892900,79.05,79.14,79.14,79.05,311.23
1556893200,78.96,79.12,79.05,79.02,1623.64
1556893500,78.93,79.25,79.01,79.02,2131.79
1556893800,78.86,79.1,79.04,78.89,930.7
1556894100,78.89,79.14,78.9,79.01,752.37
1556894400,79.01,79.1,79.02,79.02,278.49
1556894700,78.94,79.16,79.01,78.97,594.11
1556895000,78.6,79.1,78.99,78.6,1238.48
1556895300,77.82,78.66,78.66,78.17,3500.85
1556895600,77.34,78.24,78.21,77.6,2671.85
1556895900,77.54,77.82,77.6,77.81,1267.95
1556896200,77.77,78.03,77.82,78.03,612.26
1556896500,77.92,78.1,78.03,78.06,586.5
1556896800,77.85,78.0,78.0,77.85,905.7
1556897100,77.85,78.0,77.85,77.95,591.78
1556897400,77.95,78.08,77.95,78.04,208.1
1556897700,77.85,78.11,78.05,77.92,404.0
1556898000,77.84,78.0,77.86,77.85,586.96
1556898300,77.84,77.91,77.87,77.85,504.53
1556898600,77.84,78.01,77.87,78.01,277.36
1556898900,78.0,78.15,78.01,78.01,780.71
1556899200,77.97,78.22,78.01,78.04,218.62
1556899500,77.7,78.04,78.04,77.86,637.33
1556899800,77.78,78.04,77.92,77.94,688.58
1556900100,77.74,78.15,78.0,77.99,1867.94
1556900400,77.72,78.0,77.99,77.91,962.01
1556900700,77.75,77.99,77.94,77.96,751.65
1556901000,77.89,77.98,77.98,77.92,237.42
1556901300,77.88,78.0,77.92,77.98,98.62
1556901600,77.94,78.14,77.99,77.99,513.16
1556901900,77.81,77.98,77.98,77.89,516.78
1556902200,77.81,77.96,77.87,77.86,189.85
1556902500,77.75,77.88,77.88,77.75,523.29
1556902800,77.7,78.13,77.84,77.72,1841.82
1556903100,77.51,77.92,77.73,77.72,2415.3
1556903400,77.57,77.72,77.72,77.6,504.69
1556903700,77.52,77.68,77.61,77.65,1035.49
1556904000,77.03,77.6,77.6,77.32,2941.75
1556904300,76.8,77.33,77.31,76.85,2491.56
1556904600,76.88,77.17,76.93,77.11,1140.62
1556904900,77.15,77.32,77.26,77.15,335.66
1556905200,77.06,77.18,77.15,77.07,687.29
1556905500,76.77,77.1,77.06,77.1,3137.91
1556905800,77.1,77.3,77.11,77.27,875.26
1556906100,77.28,77.52,77.28,77.45,822.53
1556906400,77.31,77.47,77.46,77.34,115.77
1556906700,77.3,77.37,77.37,77.31,62.61
1556907000,77.32,77.53,77.32,77.53,434.73
1556907300,77.35,77.57,77.51,77.36,472.68
1556907600,77.3,77.45,77.37,77.43,397.55
1556907900,77.43,77.53,77.44,77.48,187.38
1556908200,77.46,77.54,77.49,77.46,250.62
1556908500,77.42,77.59,77.46,77.59,566.63
1556908800,77.41,77.71,77.63,77.56,298.31
1556909100,77.55,77.85,77.59,77.78,251.55
1556909400,77.75,77.92,77.82,77.92,320.63
1556909700,77.88,77.94,77.92,77.88,101.92
1556910000,77.64,77.89,77.89,77.73,291.33
1556910300,77.68,77.8,77.73,77.79,296.36
1556910600,77.68,77.8,77.78,77.68,70.26
1556910900,77.58,77.71,77.68,77.58,207.75
1556911200,77.56,77.8,77.58,77.74,362.5
1556911500,77.72,77.86,77.76,77.81,1719.07
1556911800,77.65,77.84,77.81,77.65,391.28
1556912100,77.68,77.8,77.68,77.78,105.75
1556912400,77.69,77.8,77.78,77.69,83.05
1556912700,77.68,77.84,77.71,77.83,171.23
1556913000,77.72,77.85,77.83,77.78,118.41
1556913300,77.63,77.78,77.77,77.68,155.11
1556913600,77.6,77.68,77.67,77.68,253.16
1556913900,77.62,77.96,77.68,77.96,454.34
1556914200,77.95,78.1,77.95,78.04,251.9
1556914500,77.95,78.27,78.05,78.22,769.72
1556914800,78.16,78.27,78.19,78.22,138.03
1556915100,78.05,78.34,78.17,78.23,638.03
1556915400,78.23,78.29,78.27,78.29,58.35
1556915700,78.29,78.65,78.29,78.56,1603.44
1556916000,78.44,78.62,78.61,78.51,261.78
1556916300,78.46,78.65,78.52,78.48,582.46
1556916600,78.19,78.49,78.46,78.28,858.05
1556916900,78.08,78.26,78.26,78.15,93.41
1556917200,77.93,78.14,78.14,77.98,795.72
1556917500,77.98,78.02,77.98,78.01,154.54
1556917800,77.83,78.01,78.0,77.89,687.79
1556918100,77.8,77.82,77.82,77.81,42.22
1556918400,77.72,77.85,77.81,77.85,630.41
1556918700,77.8,77.99,77.82,77.97,191.39
1556919000,77.9,78.03,77.92,77.99,78.81
1556919300,77.99,78.29,77.99,78.17,932.57
1556919600,78.09,78.36,78.14,78.33,415.59
1556919900,78.09,78.34,78.34,78.15,228.88
1556920200,78.08,78.15,78.15,78.12,203.33
1556920500,78.12,78.28,78.12,78.26,81.19
1556920800,78.12,78.26,78.26,78.15,415.57
1556921100,77.87,78.15,78.15,77.95,482.89
1556921400,77.83,77.96,77.96,77.88,221.91
1556921700,77.67,77.87,77.87,77.67,1014.58
1556922000,77.65,77.88,77.68,77.87,157.69
1556922300,77.89,78.07,77.89,78.07,610.33
1556922600,77.94,78.1,78.08,77.94,318.92
1556922900,77.8,78.01,78.01,77.8,62.67
1556923200,77.77,77.89,77.89,77.79,51.66
1556923500,77.7,77.83,77.78,77.7,165.23
1556923800,77.71,77.78,77.71,77.75,61.57
1556924100,77.76,78.0,77.76,77.96,132.99
1556924400,77.84,77.96,77.96,77.89,125.13
1556924700,77.82,77.94,77.89,77.83,145.22
1556925000,77.75,77.82,77.82,77.79,65.05
1556925300,77.7,77.79,77.78,77.71,48.03
1556925600,77.7,77.72,77.7,77.72,72.67
1556925900,77.71,77.87,77.72,77.84,329.72
1556926200,77.83,77.92,77.83,77.89,106.77
1556926500,77.89,77.9,77.9,77.9,36.76
1556926800,77.89,77.9,77.9,77.89,235.66
1556927100,77.78,77.89,77.89,77.8,149.08
1556927400,77.68,77.86,77.86,77.69,146.09
1556927700,77.72,77.8,77.77,77.72,96.37
1556928000,77.61,77.98,77.8,77.98,423.11
1556928300,77.93,78.09,77.98,78.06,507.51
1556928600,78.05,78.4,78.05,78.33,964.01
1556928900,78.39,79.0,78.39,78.95,1196.94
1556929200,78.95,80.64,78.95,80.22,14191.84
1556929500,79.6,80.45,80.29,80.09,2379.43
1556929800,80.08,80.75,80.08,80.44,2063.53
1556930100,79.74,80.47,80.42,80.04,2065.36
1556930400,79.9,80.31,79.98,80.04,1035.03
1556930700,79.78,80.04,80.04,79.86,1166.71
1556931000,79.78,80.16,79.8,79.94,1601.78
1556931300,79.89,80.09,80.04,79.89,516.96
1556931600,79.84,80.16,79.91,80.0,989.05
1556931900,79.7,80.0,79.96,79.97,478.83
1556932200,79.74,79.99,79.88,79.91,356.38
1556932500,79.77,80.07,79.94,79.77,339.12
1556932800,79.84,80.1,79.87,80.1,153.05
1556933100,80.1,80.32,80.1,80.17,591.91
1556933400,79.88,80.16,80.16,79.93,158.39
1556933700,79.9,80.01,79.96,79.9,114.89
1556934000,79.9,80.21,79.93,80.11,1884.47
1556934300,80.15,80.99,80.15,80.79,4498.96
1556934600,80.7,81.24,80.79,81.24,4907.16
1556934900,80.63,81.5,81.25,80.71,8824.0
1556935200,80.15,81.03,80.77,80.15,1220.37
1556935500,80.08,80.63,80.33,80.54,576.31
1556935800,80.54,80.92,80.64,80.6,493.22
1556936100,80.56,80.87,80.71,80.64,600.74
1556936400,80.56,80.78,80.63,80.71,1070.06
1556936700,80.71,80.99,80.8,80.73,741.79
1556937000,80.52,80.82,80.76,80.55,872.18
1556937300,80.31,80.55,80.51,80.44,634.97
1556937600,80.32,80.63,80.45,80.33,1107.54
1556937900,79.55,80.29,80.28,79.94,4688.96
1556938200,79.72,80.0,79.93,79.79,247.68
1556938500,79.7,79.93,79.82,79.77,1440.15
1556938800,79.73,79.92,79.8,79.92,360.87
1556939100,79.78,79.99,79.93,79.82,468.22
1556939400,79.7,79.83,79.78,79.76,109.54
1556939700,79.69,79.84,79.76,79.79,399.31
1556940000,79.73,79.86,79.75,79.73,52.99
1556940300,78.9,79.84,79.8,78.93,2188.52
1556940600,78.91,79.36,78.95,79.35,936.43
1556940900,79.17,79.46,79.35,79.25,198.37
1556941200,78.95,79.25,79.25,79.16,472.24
1556941500,78.07,79.03,79.03,78.62,6890.36
1556941800,78.42,78.8,78.72,78.49,628.49
1556942100,78.26,78.52,78.47,78.52,450.89
1556942400,78.15,78.52,78.5,78.2,500.34
1556942700,75.85,78.19,78.19,75.86,11967.45
1556943000,75.66,76.7,75.85,76.56,5830.67
1556943300,76.35,76.81,76.5,76.49,1299.71
1556943600,76.59,77.25,76.65,77.2,2616.16
1556943900,76.95,77.15,77.15,77.0,795.84
1556944200,76.88,77.37,77.0,77.37,432.96
1556944500,77.39,77.59,77.39,77.42,1109.89
1556944800,76.92,77.44,77.44,76.92,324.18
1556945100,76.98,77.26,76.98,77.01,725.36
1556945400,76.88,77.1,77.09,76.88,95.28
1556945700,76.8,77.14,76.95,76.81,395.84
1556946000,76.31,76.85,76.79,76.49,1295.2
1556946300,76.39,76.75,76.55,76.75,617.77
1556946600,76.72,77.17,76.73,77.03,454.15
1556946900,77.02,77.23,77.05,77.23,418.85
1556947200,77.1,77.34,77.22,77.1,415.95
1556947500,76.79,77.04,77.04,76.85,328.77
1556947800,76.61,76.88,76.87,76.7,141.74
1556948100,76.23,76.68,76.65,76.23,652.31
1556948400,76.19,76.43,76.33,76.38,501.26
1556948700,76.38,76.6,76.39,76.6,344.71
1556949000,76.56,76.77,76.72,76.65,271.42
1556949300,76.34,76.66,76.64,76.66,348.07
1556949600,76.31,76.69,76.69,76.48,353.66
1556949900,76.37,76.53,76.4,76.44,224.02
1556950200,76.0,76.5,76.37,76.15,1096.04
1556950500,75.85,76.16,76.09,75.85,1061.45
1556950800,75.67,76.51,75.84,76.48,386.73
1556951100,76.4,76.58,76.47,76.53,106.75
1556951400,76.48,76.75,76.5,76.74,267.07
1556951700,76.74,77.03,76.74,76.92,613.69
1556952000,76.9,77.1,76.93,77.1,51.73
1556952300,77.07,77.35,77.12,77.35,561.04
1556952600,77.25,77.5,77.36,77.44,127.33
1556952900,77.27,77.39,77.34,77.36,15.14
1556953200,77.23,77.44,77.44,77.23,151.11
1556953500,77.22,77.37,77.22,77.37,128.92
1556953800,77.38,77.57,77.39,77.57,186.66
1556954100,77.4,77.58,77.57,77.42,171.64
1556954400,77.09,77.45,77.45,77.21,219.31
1556954700,77.16,77.37,77.24,77.37,126.18
1556955000,77.25,77.34,77.34,77.3,15.27
