1529751000,84.44,84.62,84.44,84.62,152.33813047
1529751300,84.5,84.6,84.58,84.51,129.64724678
1529751600,84.5,85.0,84.51,85.0,381.39735623
1529751900,84.7,85.15,85.0,84.7,327.25956876999993
1529752200,84.45,84.71,84.7,84.49,292.64287491
1529752500,84.33,84.49,84.49,84.47,189.91754572
1529752800,84.33,84.56,84.46,84.55,176.30326261
1529753100,84.43,84.48,84.48,84.44,4.39489959
1529753400,84.24,84.39,84.37,84.29,217.13420832
1529753700,83.91,84.37,84.3,84.02,1547.9499621600007
1529754000,83.7,84.05,84.02,83.9,961.4201163700002
1529754300,83.9,84.38,83.91,84.36,456.40718167
1529754600,84.25,84.38,84.37,84.26,138.6107158
1529754900,84.26,84.56,84.27,84.45,341.68852839999994
1529755200,83.9,84.37,84.36,84.08,435.49197041
1529755500,83.3,84.06,84.06,83.37,633.62296965
1529755800,83.3,83.53,83.37,83.37,131.28125964000003
1529756100,83.3,83.64,83.44,83.56,264.89303535
1529756400,83.38,83.55,83.53,83.52,143.16220988999999
1529756700,83.54,83.55,83.54,83.55,158.40483158
1529757000,83.54,83.85,83.55,83.79,401.72006878999997
1529757300,83.59,83.98,83.73,83.82,146.14473407
1529757600,83.57,83.96,83.83,83.85,533.25740232
1529757900,83.71,83.83,83.76,83.82,108.75661462
1529758200,83.63,83.96,83.8,83.94,297.05427534
1529758500,83.64,83.94,83.94,83.82,529.63846651
1529758800,83.76,83.85,83.82,83.79,323.74487825
1529759100,83.77,83.89,83.78,83.86,230.59503724
1529759400,83.77,83.88,83.86,83.78,385.38201584
1529759700,83.76,83.78,83.78,83.77,314.90122859
1529760000,83.4,83.77,83.77,83.41,1458.3747374700001
1529760300,83.4,83.69,83.41,83.64,393.81086265
1529760600,83.5,83.69,83.65,83.59,297.40723675999993
1529760900,83.5,83.69,83.58,83.62,352.24778026
1529761200,83.62,83.74,83.62,83.74,43.630462300000005
1529761500,83.56,83.77,83.71,83.67,280.89199377999995
1529761800,83.6,83.77,83.68,83.75,137.741329
1529762100,83.72,83.96,83.72,83.9,620.03486501
1529762400,83.69,83.9,83.9,83.78,822.76114437
1529762700,83.77,83.88,83.77,83.85,209.47898558999998
1529763000,82.68,83.85,83.85,82.68,4325.717832369999
1529763300,82.94,83.39,83.04,83.33,598.56628367
1529763600,83.32,83.33,83.33,83.33,232.93088390999998
1529763900,83.32,83.64,83.32,83.56,401.99050017
1529764200,83.32,83.57,83.55,83.39,201.33297284000002
1529764500,83.2,83.37,83.37,83.29,566.40220322
1529764800,83.12,83.35,83.29,83.13,332.20468508
1529765100,83.13,83.4,83.13,83.29,297.63411999000004
1529765400,83.09,83.29,83.29,83.23,367.00412635
1529765700,83.2,83.23,83.22,83.2,106.19239375000001
1529766000,82.74,83.21,83.21,82.88,880.44096896
1529766300,82.85,82.88,82.88,82.85,531.8422065799999
1529766600,82.6,82.86,82.86,82.69,579.81938482
1529766900,82.61,82.72,82.69,82.69,269.02748944
1529767200,82.31,82.8,82.64,82.32,1597.5648723199997
1529767500,81.59,82.32,82.32,82.15,2958.4444617399986
1529767800,81.86,82.5,82.14,82.36,1287.31894242
1529768100,82.16,82.6,82.42,82.16,782.4994417199999
1529768400,82.05,82.2,82.19,82.14,121.91791947
1529768700,82.08,82.41,82.08,82.38,455.46030275
1529769000,82.36,82.45,82.39,82.44,472.88770277000003
1529769300,82.36,82.5,82.44,82.45,617.1518857
1529769600,82.36,82.8,82.41,82.8,565.7620082799998
1529769900,82.8,83.09,82.8,83.0,667.75059591
1529770200,82.99,83.15,82.99,83.08,224.58943198000003
1529770500,82.85,83.1,83.08,82.85,592.01168839
1529770800,82.77,82.85,82.85,82.83,260.28902748
1529771100,82.73,82.97,82.83,82.79,689.13459371
1529771400,82.72,82.85,82.79,82.84,204.29601006000001
1529771700,82.72,82.96,82.83,82.96,401.09420415999995
1529772000,82.84,82.99,82.89,82.86,300.17982623999995
1529772300,82.72,82.95,82.85,82.74,701.6581939400002
1529772600,82.72,82.85,82.74,82.78,346.99408609000005
1529772900,82.77,82.85,82.78,82.84,177.03026462000003
1529773200,82.78,82.85,82.85,82.83,634.8686117199999
1529773500,82.78,82.83,82.81,82.82,218.85166723
1529773800,82.78,82.83,82.81,82.82,284.79681116
1529774100,82.73,82.83,82.82,82.8,890.3717431100001
1529774400,82.72,82.95,82.82,82.95,999.8152335699999
1529774700,82.77,82.95,82.94,82.91,360.10344621
1529775000,82.72,82.92,82.9,82.9,392.37060638
1529775300,82.89,83.0,82.9,83.0,840.7453920500001
1529775600,82.99,83.09,83.0,83.0,605.87406141
1529775900,82.97,83.1,83.01,83.0,376.70852115
1529776200,82.9,83.0,83.0,83.0,375.9343864199999
1529776500,82.98,83.01,82.99,82.98,636.5039995899999
1529776800,82.93,83.01,83.0,83.0,305.13509203
1529777100,82.99,83.08,82.99,83.04,477.6443852499999
1529777400,82.99,83.05,83.04,83.0,687.38413411
1529777700,82.71,83.03,82.99,82.8,833.2228216599999
1529778000,82.75,82.97,82.85,82.88,594.31142314
1529778300,82.78,83.0,82.9,82.89,245.96238526999997
1529778600,82.85,82.98,82.89,82.85,275.63970251
1529778900,82.75,82.91,82.86,82.91,163.42561383
1529779200,82.9,82.93,82.91,82.93,150.02994712000003
1529779500,82.92,82.99,82.93,82.95,238.85740146000003
1529779800,82.92,83.0,82.94,82.92,233.05514393
1529780100,82.92,83.04,82.93,82.95,594.35804353
1529780400,82.96,83.06,82.98,82.98,397.06307309999994
1529780700,82.86,82.98,82.98,82.87,993.5690709800001
1529781000,82.85,82.99,82.87,82.99,1328.31715718
1529781300,82.91,82.99,82.99,82.99,203.62880502
1529781600,82.94,82.99,82.98,82.99,387.7871624200001
1529781900,82.85,82.99,82.99,82.86,512.09004988
1529782200,82.85,82.9,82.86,82.87,592.3072033200002
1529782500,82.86,82.87,82.87,82.87,273.87243617999997
1529782800,82.87,82.89,82.87,82.88,262.81706098
1529783100,82.87,82.88,82.88,82.88,250.98703068999998
1529783400,82.87,82.89,82.87,82.88,186.06164741999999
1529783700,82.87,82.88,82.88,82.88,335.95385934
1529784000,82.85,82.88,82.88,82.85,1367.89726649
1529784300,82.79,82.86,82.86,82.79,486.78088344
1529784600,82.39,82.79,82.79,82.41,2414.6112487200003
1529784900,82.26,82.41,82.41,82.31,320.44868383
1529785200,82.3,82.32,82.31,82.31,303.1012348
1529785500,82.3,82.31,82.31,82.31,585.8772507900002
1529785800,82.31,82.51,82.31,82.51,933.7468664600001
1529786100,82.46,82.69,82.51,82.5,690.1836149300001
1529786400,82.5,82.53,82.5,82.53,209.64884013
1529786700,82.52,82.67,82.53,82.56,372.76497582999997
1529787000,82.56,82.6,82.57,82.59,232.47710384000004
1529787300,82.59,82.6,82.6,82.6,178.87740701
