1532751000,83.98,84.0,83.99,84.0,46.397248010000006
1532751300,83.98,84.01,84.0,83.99,92.78115126
1532751600,83.98,83.99,83.98,83.98,36.57743399
1532751900,83.98,83.99,83.99,83.99,38.08269107
1532752200,83.99,84.1,83.99,84.1,237.78201349999992
1532752500,84.04,84.1,84.09,84.05,75.34737903
1532752800,83.98,84.05,84.05,83.99,241.33396735000002
1532753100,83.98,84.1,83.98,84.09,423.7522692
1532753400,84.09,84.18,84.09,84.17,64.07175723
1532753700,84.13,84.25,84.17,84.21,148.17846171000002
1532754000,84.19,84.25,84.2,84.2,141.56102491000001
1532754300,84.19,84.2,84.19,84.19,55.602227639999995
1532754600,84.19,84.25,84.2,84.23,203.75685678999997
1532754900,84.19,84.25,84.22,84.19,337.52725269
1532755200,84.06,84.2,84.19,84.07,65.88361984
1532755500,84.02,84.06,84.06,84.03,19.375580770000003
1532755800,84.02,84.03,84.03,84.03,51.7834654
1532756100,84.0,84.1,84.03,84.09,70.54309399000002
1532756400,84.03,84.1,84.09,84.03,23.919813160000004
1532756700,84.0,84.04,84.03,84.01,147.77108622999995
1532757000,83.98,84.01,84.01,83.99,105.39939058
1532757300,83.75,83.99,83.99,83.81,506.4001545299997
1532757600,83.74,83.85,83.82,83.83,144.59838653
1532757900,83.83,83.84,83.84,83.84,31.38525812
1532758200,83.83,83.84,83.84,83.83,70.04155931000001
1532758500,83.83,83.84,83.83,83.84,8.67597525
1532758800,83.83,83.84,83.84,83.83,70.1956603
1532759100,83.83,83.84,83.83,83.84,48.85670868
1532759400,83.83,83.84,83.84,83.84,16.579134049999997
1532759700,83.83,83.84,83.84,83.84,46.3336884
1532760000,83.83,83.84,83.84,83.84,46.25076052
1532760300,83.83,83.84,83.83,83.84,25.996093690000002
1532760600,83.83,83.84,83.84,83.84,19.16586067
1532760900,83.83,83.84,83.84,83.84,536.3843652899998
1532761200,83.83,83.84,83.84,83.83,124.6107957
1532761500,83.83,83.84,83.84,83.83,60.37707854
1532761800,83.83,83.84,83.83,83.84,18.35630447
1532762100,83.83,83.84,83.84,83.84,16.97458478
1532762400,83.83,83.84,83.84,83.84,72.8485275
1532762700,83.83,83.84,83.84,83.84,61.98795959
1532763000,83.83,83.84,83.84,83.83,28.70164167
1532763300,83.83,83.84,83.84,83.84,14.872041020000001
1532763600,83.83,83.84,83.84,83.84,22.595461479999997
1532763900,83.83,83.84,83.83,83.83,109.99595438
1532764200,83.83,83.84,83.83,83.83,52.33489058
1532764500,83.83,83.84,83.84,83.84,27.56884827
1532764800,83.83,83.84,83.84,83.83,22.412852769999997
1532765100,83.83,83.84,83.83,83.84,18.13167985
1532765400,83.83,84.02,83.84,84.02,94.97051798000001
1532765700,84.01,84.03,84.01,84.03,13.429740290000002
1532766000,84.03,84.12,84.03,84.12,82.25136576
1532766300,84.12,84.15,84.13,84.15,164.75347985000002
1532766600,84.14,84.15,84.15,84.14,5.14523817
1532766900,84.15,84.2,84.15,84.19,26.618215239999998
1532767200,84.19,84.2,84.2,84.2,7.8875673
1532767500,84.19,84.2,84.2,84.19,13.87234691
1532767800,84.19,84.25,84.19,84.25,60.112833489999986
1532768100,84.22,84.24,84.24,84.23,48.13163386000001
1532768400,84.24,84.25,84.24,84.25,17.18940268
1532768700,84.24,84.25,84.25,84.25,13.316215849999999
1532769000,84.05,84.25,84.24,84.05,428.97425747000005
1532769300,84.05,84.06,84.06,84.06,12.53844666
1532769600,84.05,84.06,84.06,84.06,16.88146867
1532769900,84.06,84.08,84.06,84.08,17.458171749999998
1532770200,84.07,84.08,84.08,84.07,85.86096019000001
1532770500,84.06,84.14,84.08,84.14,88.58686851999998
1532770800,84.01,84.14,84.14,84.1,109.15159944999999
1532771100,84.07,84.1,84.08,84.08,22.967379710000003
1532771400,84.07,84.25,84.07,84.25,216.17540768000003
1532771700,84.24,84.25,84.25,84.25,11.75299804
1532772000,84.24,84.25,84.25,84.25,39.6417767
1532772300,84.25,84.29,84.25,84.28,111.13384448999999
1532772600,84.29,84.3,84.29,84.3,47.96381935000001
1532772900,84.29,84.3,84.29,84.29,54.84044183
1532773200,84.29,84.3,84.3,84.3,9.16739579
1532773500,84.29,84.3,84.3,84.3,8.951576750000001
1532773800,84.29,84.3,84.3,84.3,25.87171089
1532774100,84.29,84.3,84.3,84.29,50.486722
1532774400,84.29,84.3,84.29,84.3,27.07477572
1532774700,84.29,84.3,84.3,84.29,22.6810308
1532775000,83.99,84.3,84.29,83.99,345.0111080900001
1532775300,83.99,84.0,83.99,84.0,38.86490573
1532775600,83.97,84.0,83.99,83.98,90.20381114999999
1532775900,83.96,83.98,83.98,83.97,160.54820202
1532776200,83.88,83.98,83.96,83.88,231.78703694
1532776500,83.94,84.2,83.94,84.2,338.77711521000003
1532776800,83.97,84.21,84.19,84.1,398.41926208999996
1532777100,83.99,84.05,84.05,84.05,71.97225410000001
1532777400,84.04,84.09,84.04,84.06,44.76175191
1532777700,84.03,84.07,84.06,84.03,42.243812350000006
1532778000,83.99,84.09,84.04,84.08,241.16675726000003
1532778300,84.08,84.09,84.08,84.08,28.42221427
1532778600,84.08,84.09,84.08,84.08,45.44748462
1532778900,83.98,84.09,84.09,84.0,236.26495406999996
1532779200,83.92,83.98,83.98,83.97,56.09200855
1532779500,83.94,83.98,83.98,83.97,71.83060904
1532779800,83.96,83.98,83.96,83.98,104.43888956
1532780100,83.96,83.98,83.96,83.98,86.57161492
1532780400,83.97,83.98,83.98,83.98,154.13916722
1532780700,83.96,83.98,83.98,83.96,97.44343171
1532781000,83.88,83.97,83.96,83.89,147.82822149
1532781300,83.88,83.89,83.89,83.89,101.60486425999999
1532781600,83.88,83.97,83.89,83.9,132.46725200999998
1532781900,83.88,83.92,83.9,83.89,77.22937674
1532782200,83.88,83.97,83.89,83.97,145.34775108
1532782500,83.88,83.97,83.96,83.95,258.76598396
1532782800,83.88,83.95,83.95,83.9,64.5751598
1532783100,83.9,83.96,83.9,83.95,40.24466715
1532783400,83.92,83.96,83.93,83.95,45.94044334
1532783700,83.88,83.95,83.95,83.89,140.05650479999997
1532784000,83.88,83.89,83.89,83.88,45.37060537
1532784300,83.88,83.89,83.89,83.89,64.28356127999999
1532784600,83.66,83.89,83.89,83.7,377.19108415999995
1532784900,83.65,83.77,83.69,83.68,155.58798227
1532785200,83.71,83.72,83.71,83.71,59.77590122000001
1532785500,83.67,83.71,83.71,83.68,442.8229561500001
1532785800,83.67,83.68,83.68,83.67,105.06958559
1532786100,83.67,83.68,83.68,83.67,665.61253152
1532786400,83.36,83.68,83.67,83.36,4191.21238392
1532786700,82.96,83.37,83.37,82.99,2609.000848880001
1532787000,82.99,83.0,82.99,83.0,91.43341208
1532787300,82.99,83.0,83.0,83.0,184.79498338
1532787600,82.87,83.0,82.99,82.87,773.0217228
1532787900,82.83,82.87,82.87,82.84,262.09828998
1532788200,82.65,82.84,82.83,82.65,403.08644541
1532788500,82.62,83.04,82.66,83.04,784.8357142199999
1532788800,83.03,83.05,83.04,83.05,106.42058656999998
1532789100,83.04,83.15,83.05,83.14,196.98160289
1532789400,83.06,83.15,83.15,83.11,298.31328884000004
1532789700,83.04,83.12,83.11,83.05,190.73915216999998
1532790000,83.03,83.05,83.04,83.03,189.90114289
1532790300,82.9,83.01,83.0,82.9,199.23175669
1532790600,82.82,82.91,82.91,82.83,98.90557429000002
1532790900,82.73,82.83,82.83,82.74,307.64329756999996
1532791200,82.73,82.74,82.73,82.74,110.62094683
1532791500,82.54,82.74,82.73,82.6,652.4513319199998
1532791800,82.52,82.6,82.59,82.53,209.80264628
1532792100,82.51,82.75,82.53,82.74,499.93667175
1532792400,82.62,82.74,82.74,82.69,232.7005024
1532792700,82.59,82.71,82.69,82.66,467.51161648000004
1532793000,82.53,82.67,82.67,82.54,1247.94569941
1532793300,82.53,82.9,82.54,82.87,135.25182168
1532793600,82.88,83.39,82.88,83.15,1035.4507230899999
1532793900,83.1,83.32,83.16,83.1,149.80815174
1532794200,83.03,83.2,83.11,83.2,198.19367888
1532794500,83.09,83.21,83.2,83.19,186.43103889000002
1532794800,83.18,83.38,83.2,83.37,202.72100623000006
1532795100,83.33,83.41,83.38,83.33,78.23727874000001
1532795400,83.25,83.33,83.33,83.25,246.04314222
1532795700,83.26,83.29,83.26,83.28,74.75074937000001
1532796000,83.24,83.28,83.28,83.26,93.95671948
1532796300,83.25,83.35,83.25,83.35,322.58335654999996
1532796600,83.34,83.35,83.35,83.35,95.38394152999999
1532796900,83.34,83.36,83.35,83.36,241.76046286
1532797200,83.35,83.36,83.36,83.36,118.20408826
1532797500,83.35,83.37,83.35,83.37,81.01212715999999
1532797800,83.19,83.37,83.37,83.25,218.89163581
1532798100,83.16,83.2,83.2,83.16,22.016601380000004
1532798400,83.16,83.2,83.17,83.19,173.14140559999998
1532798700,83.19,83.52,83.19,83.52,288.22557644999995
1532799000,83.32,83.55,83.51,83.55,595.37320867
1532799300,83.54,83.56,83.55,83.56,101.45700754000002
1532799600,83.55,83.58,83.56,83.56,150.33132397000003
1532799900,83.35,83.57,83.57,83.36,466.7816187700001
1532800200,83.35,83.57,83.35,83.47,133.48221927
1532800500,83.45,83.56,83.47,83.47,139.80624582000002
1532800800,83.45,83.52,83.46,83.49,128.47280837
1532801100,83.38,83.49,83.49,83.42,215.01775277999997
1532801400,83.37,83.51,83.42,83.51,89.16236821999999
1532801700,83.49,83.52,83.5,83.51,277.31800035000003
1532802000,83.51,83.59,83.52,83.59,99.51096559000001
1532802300,83.58,83.61,83.59,83.61,226.00335877
1532802600,83.6,83.61,83.61,83.61,48.40740982999999
1532802900,83.6,83.66,83.61,83.66,146.20601409
1532803200,83.65,83.68,83.66,83.68,109.7485375
1532803500,83.67,83.7,83.68,83.7,217.16711494
1532803800,83.69,83.85,83.7,83.85,516.44789373
1532804100,83.85,83.89,83.85,83.88,75.76271318
1532804400,83.88,83.89,83.88,83.88,47.366314810000006
1532804700,83.88,83.89,83.88,83.88,60.026587230000004
1532805000,83.88,83.89,83.88,83.88,111.79516843999998
1532805300,83.88,83.89,83.88,83.88,250.41685861
1532805600,83.88,83.89,83.89,83.88,40.78432884
1532805900,83.88,83.98,83.89,83.97,530.67272903
1532806200,83.97,83.99,83.98,83.98,210.82064028
1532806500,83.98,83.99,83.98,83.99,105.31688819000001
1532806800,83.98,83.99,83.99,83.99,146.13644366
1532807100,83.8,83.99,83.99,83.81,355.22461336
1532807400,83.68,83.81,83.81,83.68,179.92630567000006
1532807700,83.63,83.66,83.66,83.64,164.16517234000003
1532808000,83.65,83.91,83.65,83.91,158.04287495000003
1532808300,83.86,83.92,83.91,83.88,80.17243116
1532808600,83.87,83.91,83.87,83.91,181.82260247
1532808900,83.9,83.91,83.91,83.9,215.96995187
1532809200,83.9,83.91,83.91,83.91,54.669711119999995
1532809500,83.75,83.91,83.91,83.79,398.72043938
1532809800,83.76,83.88,83.76,83.8,79.384923
1532810100,83.81,83.89,83.81,83.87,61.161042509999994
1532810400,83.87,83.88,83.88,83.88,26.34057507
1532810700,83.71,83.88,83.87,83.72,256.81044061
1532811000,83.71,83.8,83.71,83.72,68.51824816
1532811300,83.71,83.83,83.72,83.83,29.74730455
1532811600,83.82,83.83,83.83,83.82,80.96857720000001
1532811900,83.82,83.83,83.82,83.83,59.47807385
1532812200,83.82,83.83,83.82,83.83,72.35387161
1532812500,83.82,83.83,83.82,83.82,87.09628676000001
1532812800,83.82,83.83,83.83,83.83,228.23406258999998
1532813100,83.82,83.83,83.83,83.83,114.58757953
1532813400,83.67,83.83,83.82,83.67,182.799624
1532813700,83.67,83.74,83.67,83.74,39.04817307
1532814000,83.8,83.88,83.84,83.87,25.05505977
1532814300,83.8,83.87,83.82,83.82,141.87637024999998
1532814600,83.81,83.82,83.81,83.82,122.45361187999997
1532814900,83.74,83.82,83.82,83.78,43.42837129
1532815200,83.7,83.82,83.78,83.72,67.08104624999999
1532815500,83.71,83.8,83.77,83.72,84.3329045
1532815800,83.71,83.77,83.72,83.71,53.097822550000004
1532816100,83.7,83.75,83.75,83.7,80.51748278000001
1532816400,83.7,83.72,83.71,83.71,40.27688943
1532816700,83.7,83.71,83.7,83.71,86.48069111999999
1532817000,83.71,83.74,83.71,83.74,75.21714051000001
1532817300,83.73,83.74,83.74,83.74,54.96191168
1532817600,83.73,83.79,83.73,83.79,408.37066437
1532817900,83.79,83.97,83.79,83.93,614.4976526399997
1532818200,83.92,83.93,83.92,83.93,41.366750450000005
1532818500,83.8,83.93,83.93,83.85,146.68479549000003
1532818800,83.8,83.87,83.84,83.81,477.43340591000003
1532819100,83.78,83.81,83.81,83.81,38.52494103
1532819400,83.81,83.84,83.81,83.84,75.83367883000001
1532819700,83.76,83.85,83.83,83.85,228.41135042
1532820000,83.85,83.94,83.85,83.88,68.57402150000001
1532820300,83.82,83.88,83.88,83.88,73.73306766
1532820600,83.86,83.92,83.86,83.87,38.44879649
1532820900,83.87,83.94,83.88,83.89,77.85383129
1532821200,83.88,83.91,83.88,83.91,72.48800163
1532821500,83.91,83.97,83.91,83.92,174.74426938
1532821800,83.86,83.92,83.92,83.87,131.10798949000002
1532822100,83.86,84.0,83.87,83.99,672.25847036
1532822400,84.0,84.2,84.0,84.19,485.5398822
1532822700,84.0,84.2,84.2,84.18,962.4637465999998
1532823000,84.2,84.8,84.2,84.79,1129.2138625799998
1532823300,84.8,85.25,84.8,85.25,1748.6910926300004
1532823600,85.0,85.25,85.24,85.01,319.29529097
1532823900,85.0,85.01,85.01,85.0,373.9171809
1532824200,85.0,85.01,85.0,85.0,523.3071229499999
1532824500,85.0,85.06,85.01,85.05,369.99697808
1532824800,85.05,85.06,85.06,85.06,206.80494606000002
1532825100,85.05,85.07,85.06,85.05,167.24766714999998
1532825400,85.05,85.08,85.05,85.06,36.339704340000004
1532825700,85.0,85.06,85.06,85.0,547.69451099
1532826000,84.6,85.01,85.01,84.61,599.0016833100001
1532826300,84.61,84.8,84.61,84.7,155.58776841
1532826600,84.47,84.72,84.7,84.53,241.08635059
1532826900,84.48,84.62,84.55,84.51,142.7660867
1532827200,84.51,84.74,84.51,84.73,229.57944515999995
1532827500,84.52,84.71,84.71,84.53,52.397169680000005
1532827800,84.42,84.52,84.52,84.44,130.78793356000003
1532828100,84.43,84.47,84.43,84.46,68.87122899
1532828400,84.46,84.6,84.47,84.6,388.21013458000004
1532828700,84.53,84.56,84.56,84.54,56.898019229999996
1532829000,84.53,84.68,84.54,84.68,338.81361542
1532829300,84.61,84.67,84.62,84.67,47.494782439999994
1532829600,84.66,84.68,84.67,84.68,348.27676548
1532829900,84.67,84.71,84.68,84.71,73.79334793
1532830200,84.7,84.73,84.71,84.73,37.80362089
1532830500,84.72,84.87,84.72,84.87,129.66269137999998
1532830800,84.75,84.87,84.87,84.75,277.2403266399999
1532831100,84.53,84.76,84.76,84.54,210.73617256999998
1532831400,84.52,84.54,84.54,84.53,41.12982324
1532831700,84.52,84.54,84.52,84.53,152.61131683
1532832000,84.42,84.54,84.53,84.43,106.01853351
1532832300,84.42,84.44,84.42,84.43,136.45051824
1532832600,84.44,84.55,84.44,84.52,41.728827779999996
1532832900,84.44,84.54,84.52,84.44,294.99197949
1532833200,84.44,84.45,84.45,84.45,363.38169456
1532833500,84.44,84.45,84.45,84.44,153.48640971999998
1532833800,84.44,84.45,84.44,84.44,74.29340071000001
1532834100,84.44,84.45,84.45,84.45,296.73072048000006
1532834400,84.18,84.44,84.44,84.19,352.99090879
1532834700,84.14,84.2,84.2,84.15,234.50693355
1532835000,84.15,84.18,84.15,84.17,62.82946044999999
1532835300,84.17,84.18,84.18,84.18,51.94488724
1532835600,84.07,84.18,84.18,84.11,320.08063459
1532835900,84.0,84.11,84.11,84.01,265.74416148
1532836200,84.0,84.01,84.0,84.01,188.65089587000003
1532836500,83.94,84.01,84.01,83.97,174.27672024000003
1532836800,83.96,83.98,83.97,83.98,32.43258398
1532837100,83.97,84.08,83.97,84.02,194.21288623
1532837400,84.01,84.02,84.02,84.01,39.60394122999999
1532837700,84.01,84.02,84.02,84.02,39.18429906
1532838000,84.01,84.02,84.01,84.02,51.8602788
1532838300,84.01,84.02,84.02,84.01,249.57222110999996
1532838600,83.92,84.01,84.0,83.93,103.15091230000002
1532838900,83.92,83.93,83.92,83.93,33.503201669999996
1532839200,83.76,83.92,83.92,83.77,175.55425443000004
1532839500,83.7,83.77,83.76,83.77,678.7984142500002
1532839800,83.77,83.84,83.77,83.84,77.46861473
1532840100,83.83,83.84,83.84,83.83,32.711952139999994
1532840400,83.78,83.83,83.83,83.81,33.864821570000004
1532840700,83.8,83.81,83.81,83.81,21.346432729999997
1532841000,83.8,83.89,83.81,83.88,138.05367410999997
1532841300,83.8,83.89,83.89,83.83,151.36276652000004
1532841600,83.82,83.83,83.83,83.83,10.91876572
1532841900,83.82,83.83,83.83,83.83,36.53509672
1532842200,83.82,83.83,83.82,83.83,28.274467549999997
1532842500,83.83,84.0,83.83,83.99,181.4376478799999
1532842800,83.99,84.0,83.99,84.0,40.846303660000004
1532843100,83.99,84.0,83.99,84.0,32.948912629999995
1532843400,83.99,84.0,84.0,84.0,70.22555599
1532843700,83.99,84.0,84.0,84.0,9.85768829
1532844000,83.99,84.0,84.0,83.99,59.34919884999999
1532844300,83.99,84.04,83.99,84.04,68.37844082
1532844600,84.03,84.04,84.04,84.03,9.46337351
1532844900,84.03,84.04,84.04,84.03,25.00271476
1532845200,84.03,84.04,84.04,84.03,37.23725803000001
1532845500,84.03,84.04,84.04,84.04,11.43356493
1532845800,84.03,84.04,84.04,84.03,20.10040756
1532846100,84.03,84.04,84.04,84.04,30.89209298
1532846400,84.03,84.04,84.04,84.04,23.054689050000004
1532846700,84.03,84.04,84.04,84.04,18.01332932
1532847000,84.03,84.04,84.04,84.03,8.835904309999998
1532847300,84.04,84.13,84.04,84.08,237.29297139000002
1532847600,84.04,84.08,84.08,84.04,104.19363974000001
1532847900,84.04,84.09,84.05,84.09,42.12355613
1532848200,84.06,84.09,84.09,84.07,54.30196489
1532848500,84.06,84.07,84.07,84.06,34.58072914
1532848800,84.07,84.15,84.07,84.14,110.71823453
1532849100,84.06,84.15,84.14,84.07,52.37213079
1532849400,84.03,84.08,84.07,84.04,31.692565309999996
1532849700,84.03,84.05,84.04,84.03,101.30170696
1532850000,84.0,84.04,84.04,84.0,114.86657761000001
1532850300,83.66,84.0,84.0,83.66,367.6294837600001
1532850600,83.65,83.66,83.66,83.65,19.995377320000003
1532850900,83.54,83.65,83.65,83.57,148.30545259
1532851200,83.52,83.57,83.57,83.53,23.49099449
1532851500,83.45,83.52,83.52,83.46,257.77291011
1532851800,83.45,83.47,83.45,83.45,152.56671086999995
1532852100,83.41,83.52,83.45,83.52,250.54322214999996
1532852400,83.52,83.55,83.52,83.54,85.66103165
1532852700,83.45,83.55,83.55,83.55,124.86065515
1532853000,83.54,83.56,83.54,83.56,70.57092845
1532853300,83.55,83.56,83.56,83.56,38.63296179
1532853600,83.55,83.56,83.55,83.55,19.1457707
1532853900,83.51,83.56,83.55,83.52,98.61717168
1532854200,83.51,83.52,83.52,83.52,16.54335506
1532854500,83.52,83.56,83.52,83.55,26.85070852
1532854800,83.55,83.61,83.56,83.58,58.48825638000001
1532855100,83.56,83.57,83.57,83.57,9.88843499
1532855400,83.57,83.62,83.57,83.62,32.441015889999996
1532855700,83.56,83.63,83.62,83.61,119.96667665999999
1532856000,83.61,83.79,83.62,83.71,274.25183752000004
1532856300,83.68,83.7,83.7,83.68,28.740620410000002
1532856600,83.68,83.75,83.68,83.75,24.78273782
1532856900,83.75,83.91,83.76,83.9,96.31695712000001
1532857200,83.9,83.91,83.91,83.9,5.1551633
1532857500,83.85,83.91,83.91,83.85,109.42523151
1532857800,83.75,83.85,83.85,83.76,139.68239783
1532858100,83.75,83.76,83.76,83.76,20.43814729
1532858400,83.67,83.75,83.75,83.67,45.59939127999999
1532858700,83.66,83.67,83.67,83.67,17.947447110000002
1532859000,83.66,83.67,83.66,83.67,15.084116479999999
1532859300,83.61,83.67,83.67,83.67,31.53579677
1532859600,83.63,83.67,83.67,83.66,4.92798882
1532859900,83.65,83.66,83.65,83.66,4.60296622
1532860200,83.65,83.66,83.66,83.66,66.10461154
1532860500,83.62,83.66,83.66,83.62,301.78020908
1532860800,83.59,83.62,83.62,83.59,398.65306222
1532861100,83.59,83.6,83.59,83.6,11.83747064
1532861400,83.59,83.6,83.6,83.6,7.0639571
1532861700,83.59,83.6,83.6,83.59,11.582121529999998
1532862000,83.59,83.6,83.6,83.59,4.88594496
1532862300,83.59,83.6,83.6,83.6,37.75059331
1532862600,83.58,83.6,83.6,83.59,107.71035725
1532862900,83.58,83.6,83.59,83.6,49.28698901
1532863200,83.59,83.6,83.59,83.6,35.90459115
1532863500,83.55,83.6,83.6,83.56,431.83183571999996
1532863800,83.5,83.55,83.55,83.5,830.2463129300002
1532864100,83.5,83.51,83.51,83.51,51.67503881
1532864400,83.5,83.54,83.51,83.5,223.93835033
1532864700,83.5,83.52,83.5,83.52,55.771813370000004
1532865000,83.51,83.54,83.52,83.54,33.35656281
1532865300,83.53,83.54,83.54,83.54,46.39021679
1532865600,83.53,83.54,83.54,83.54,51.579484719999996
1532865900,83.53,83.54,83.54,83.54,66.02783675
1532866200,83.53,83.65,83.54,83.65,613.6122811600001
1532866500,83.65,83.87,83.65,83.87,494.3156346099999
1532866800,83.86,83.87,83.86,83.87,15.74503975
1532867100,83.87,83.89,83.87,83.88,31.53484116
1532867400,83.89,83.9,83.89,83.89,79.6938269
1532867700,83.89,83.9,83.9,83.89,26.01492765
1532868000,83.89,83.9,83.9,83.9,45.403964740000006
1532868300,83.9,84.26,83.9,84.22,257.36953731999995
1532868600,84.22,84.25,84.23,84.25,156.97244293
1532868900,84.24,84.25,84.25,84.25,109.62455133999998
1532869200,84.05,84.24,84.24,84.06,283.71199857
1532869500,83.95,84.05,84.05,84.01,79.26282230000001
1532869800,83.74,84.08,84.01,83.74,139.52650149000002
1532870100,83.74,83.81,83.75,83.76,42.45147612
1532870400,83.75,83.85,83.76,83.83,39.841610949999996
1532870700,83.83,83.84,83.83,83.84,28.87187843
1532871000,83.63,83.83,83.83,83.66,275.23997023
1532871300,83.63,83.7,83.66,83.66,116.65952180000001
1532871600,83.65,83.69,83.66,83.68,182.95990747
1532871900,83.69,83.79,83.69,83.78,278.06404612
1532872200,83.78,83.85,83.79,83.8,227.42492579000003
1532872500,83.79,83.8,83.79,83.79,28.62362942
1532872800,83.79,83.81,83.8,83.81,37.17949204
1532873100,83.79,83.82,83.79,83.82,101.54925018
1532873400,83.82,84.03,83.82,84.01,1049.89992764
1532873700,84.02,84.19,84.02,84.15,59.872759210000005
1532874000,84.08,84.15,84.15,84.1,95.30819207000002
1532874300,84.04,84.11,84.11,84.11,126.78786828999999
1532874600,84.04,84.11,84.11,84.11,362.16112404
1532874900,84.07,84.11,84.1,84.11,50.74344177
1532875200,84.06,84.17,84.1,84.07,154.67140663
1532875500,84.0,84.07,84.06,84.03,99.61647707000002
1532875800,84.0,84.03,84.03,84.01,132.6598766
1532876100,84.0,84.11,84.01,84.0,273.78525217
1532876400,84.0,84.06,84.01,84.05,117.07295961999999
1532876700,84.0,84.05,84.05,84.0,140.87425963
1532877000,84.0,84.01,84.0,84.01,122.47950797000001
1532877300,84.0,84.01,84.01,84.01,135.25484963999997
1532877600,83.91,84.01,84.01,83.92,157.43103453999996
1532877900,83.92,83.97,83.92,83.97,160.08396040000002
1532878200,83.85,83.89,83.85,83.89,32.53097596
1532878500,83.84,83.89,83.89,83.84,111.92199821999998
1532878800,83.84,83.9,83.85,83.9,81.94770318
1532879100,83.89,83.97,83.9,83.97,139.95171692999998
1532879400,83.96,83.99,83.96,83.99,207.12414504
1532879700,83.99,84.06,83.99,84.06,190.72289144
1532880000,83.85,84.06,84.06,83.85,463.67131144999996
1532880300,83.85,83.86,83.86,83.86,77.27735894
1532880600,83.81,83.86,83.85,83.81,84.86520540000001
1532880900,83.64,83.8,83.8,83.71,432.3327373600001
1532881200,83.7,83.71,83.7,83.7,55.855136939999994
1532881500,83.7,83.79,83.71,83.79,117.29383279
1532881800,83.78,83.86,83.78,83.82,129.3604348
1532882100,83.83,83.86,83.83,83.86,89.68724326000002
1532882400,83.82,83.86,83.86,83.83,176.40946193000002
1532882700,83.82,83.83,83.83,83.82,270.59348977
1532883000,83.75,83.83,83.82,83.75,99.73253607999999
1532883300,83.7,83.75,83.75,83.71,153.05506584
1532883600,83.71,83.8,83.71,83.8,316.47534389000003
1532883900,83.77,83.8,83.79,83.78,81.47482429
1532884200,83.77,83.78,83.78,83.78,126.96236927000001
1532884500,83.7,83.77,83.77,83.71,145.02097394
1532884800,83.7,83.71,83.71,83.71,141.57413352999998
1532885100,83.7,83.71,83.71,83.71,93.08171299
1532885400,83.7,83.72,83.71,83.72,59.51103736000001
1532885700,83.71,83.72,83.72,83.71,60.361486670000005
1532886000,83.71,83.76,83.71,83.71,116.41514761
1532886300,83.71,83.72,83.71,83.71,109.73165010999999
1532886600,83.71,83.72,83.72,83.71,146.75871392000002
1532886900,83.71,83.73,83.72,83.72,184.25040445
1532887200,83.71,83.77,83.71,83.74,109.10373052999999
1532887500,83.73,83.77,83.74,83.73,250.28968168
1532887800,83.72,83.76,83.74,83.72,332.33404403
1532888100,83.72,83.73,83.73,83.72,82.97079815
1532888400,83.72,83.77,83.73,83.75,331.4568541
1532888700,83.73,83.77,83.73,83.74,170.02704572000002
1532889000,83.73,83.77,83.74,83.77,46.58756257
1532889300,83.75,83.77,83.76,83.75,89.68463369000001
1532889600,83.75,83.85,83.76,83.85,239.19362633999992
1532889900,83.84,83.85,83.85,83.84,83.87622233
1532890200,83.78,83.85,83.85,83.79,111.37760514000001
1532890500,83.78,83.79,83.79,83.79,19.29095021
1532890800,83.78,83.79,83.78,83.78,41.78418354
1532891100,83.78,83.84,83.79,83.81,123.36454654999997
1532891400,83.8,83.81,83.81,83.8,31.954995489999998
1532891700,83.8,83.92,83.8,83.85,300.87761231000013
1532892000,83.8,83.92,83.86,83.91,141.68003079
1532892300,83.82,83.9,83.9,83.86,108.64655862
1532892600,83.75,83.86,83.85,83.75,145.24980596000003
1532892900,83.75,83.76,83.76,83.75,75.16926527999999
1532893200,83.75,83.8,83.76,83.8,195.82945292999997
1532893500,83.78,83.8,83.8,83.8,62.933117870000004
1532893800,83.79,83.86,83.79,83.82,52.75995174
1532894100,83.83,83.91,83.83,83.91,124.94022022
1532894400,83.83,83.84,83.83,83.84,12.797941349999999
1532894700,83.75,83.84,83.84,83.76,314.21564118000003
1532895000,83.74,83.83,83.76,83.75,73.56589232
1532895300,83.75,83.8,83.76,83.8,92.0143239
1532895600,83.79,83.84,83.79,83.8,60.05735760000001
1532895900,83.79,83.84,83.8,83.79,70.69504098000002
1532896200,83.75,83.8,83.8,83.78,130.17285258
1532896500,83.78,83.83,83.78,83.82,123.29722781999999
1532896800,83.73,83.83,83.82,83.77,102.70089104000002
1532897100,83.75,83.8,83.77,83.75,94.36357471
1532897400,83.67,83.76,83.76,83.68,445.59823971
1532897700,83.65,83.68,83.68,83.67,109.87852948
1532898000,83.66,83.75,83.68,83.67,127.28220437
1532898300,83.68,83.74,83.68,83.73,85.18668807
1532898600,83.72,83.73,83.72,83.73,96.97684887
1532898900,83.55,83.73,83.72,83.62,270.22561540999993
1532899200,83.62,83.67,83.62,83.67,82.12448211
1532899500,83.66,83.69,83.67,83.69,124.29331658
1532899800,83.66,83.72,83.69,83.69,198.76528060000004
1532900100,83.68,83.69,83.69,83.69,47.860658619999995
1532900400,83.61,83.69,83.68,83.61,158.34140790000006
1532900700,83.55,83.62,83.62,83.56,253.67485913999997
1532901000,83.55,83.59,83.56,83.59,93.35703646
1532901300,83.58,83.61,83.59,83.58,131.67696404999998
1532901600,83.58,83.59,83.58,83.59,39.63257096
1532901900,83.58,83.59,83.59,83.59,71.80186288
1532902200,83.58,83.63,83.59,83.59,46.012498820000005
1532902500,83.58,83.59,83.59,83.58,84.99946858
1532902800,83.58,83.66,83.59,83.61,302.98886978999997
1532903100,83.61,83.63,83.62,83.61,57.67957804
1532903400,83.61,83.7,83.61,83.67,158.93984645
1532903700,83.66,83.72,83.66,83.72,123.31938429
1532904000,83.7,83.75,83.73,83.7,176.59975864
1532904300,83.7,83.71,83.7,83.71,34.46204747
1532904600,83.66,83.71,83.71,83.66,42.669685220000005
1532904900,83.66,83.71,83.69,83.69,85.21065324
1532905200,83.66,83.7,83.7,83.7,121.72962915000001
1532905500,83.67,83.75,83.69,83.68,167.3554174
1532905800,83.67,83.79,83.69,83.79,310.15408077999996
1532906100,83.79,83.99,83.79,83.98,176.64976399
1532906400,83.9,83.99,83.99,83.92,106.79197439000001
1532906700,83.92,84.28,83.92,84.28,928.6080514000004
1532907000,84.06,84.55,84.29,84.06,1141.3463515499998
1532907300,84.06,84.28,84.07,84.18,212.42314879999998
1532907600,84.03,84.18,84.18,84.04,376.6117091199999
1532907900,84.03,84.04,84.04,84.04,351.95699097
1532908200,83.72,84.03,84.03,83.82,1092.8809555500002
1532908500,83.82,83.94,83.82,83.93,92.54418357
1532908800,83.66,83.94,83.94,83.66,625.66192208
1532909100,83.0,83.65,83.65,83.0,5196.960260469999
1532909400,82.83,83.19,83.0,82.85,1529.7675932100003
1532909700,82.65,83.06,82.85,82.8,1886.0057572400003
1532910000,82.77,82.9,82.78,82.83,220.00916018000004
1532910300,82.83,82.98,82.83,82.97,120.48134931999999
1532910600,82.82,82.98,82.98,82.84,291.41176945
1532910900,82.84,83.06,82.84,83.05,263.73734078999996
1532911200,82.87,83.06,83.06,82.87,143.63081566000002
1532911500,82.75,83.25,82.82,83.11,985.8144419799999
1532911800,83.1,83.36,83.11,83.18,1136.8113675400004
1532912100,83.18,83.43,83.18,83.42,221.43388934
1532912400,83.28,83.49,83.43,83.48,269.10918955
1532912700,83.41,83.49,83.41,83.49,91.4411407
1532913000,83.43,83.49,83.48,83.44,96.96603407999999
1532913300,83.43,83.5,83.44,83.49,51.943820339999995
1532913600,83.45,83.67,83.49,83.66,470.8598881399999
1532913900,83.6,83.76,83.67,83.76,298.67411374
1532914200,83.76,84.26,83.76,84.01,1854.7180987200009
1532914500,84.01,84.37,84.01,84.36,612.44690467
1532914800,84.08,84.37,84.3,84.19,1382.84583883
1532915100,84.19,84.7,84.19,84.53,1898.9308196400007
1532915400,84.4,84.53,84.53,84.41,266.06374883
1532915700,84.4,84.41,84.41,84.4,152.05448359
1532916000,84.41,84.53,84.41,84.46,704.66630568
1532916300,84.4,84.46,84.46,84.4,105.14838139999999
1532916600,84.34,84.41,84.41,84.35,189.83934492
1532916900,84.27,84.35,84.35,84.28,1026.89096697
1532917200,84.27,84.35,84.27,84.31,280.03620624
1532917500,84.3,84.31,84.31,84.31,188.18740997
1532917800,84.31,84.35,84.31,84.35,227.53361168
1532918100,84.35,84.45,84.35,84.45,505.4129716299999
1532918400,84.4,84.45,84.45,84.41,113.99418958
1532918700,84.17,84.41,84.41,84.18,125.08678102
1532919000,84.13,84.18,84.18,84.18,293.64545214
1532919300,84.17,84.18,84.18,84.18,33.53813966
1532919600,84.08,84.18,84.17,84.09,85.45283351
1532919900,84.09,84.18,84.09,84.12,132.99158747
1532920200,84.09,84.16,84.12,84.15,80.92708285
1532920500,84.1,84.18,84.15,84.1,127.77941416
1532920800,84.11,84.18,84.11,84.12,115.61587546000001
1532921100,84.1,84.27,84.13,84.2,417.7168324299999
1532921400,84.12,84.2,84.2,84.17,230.04028448000003
1532921700,84.09,84.17,84.16,84.09,153.21108236000003
1532922000,84.09,84.1,84.09,84.09,46.8814219
1532922300,84.09,84.1,84.1,84.1,150.67690779
1532922600,84.02,84.09,84.09,84.03,449.53568994
1532922900,84.02,84.1,84.02,84.06,321.39557893999995
1532923200,84.03,84.1,84.1,84.05,37.84604556
1532923500,84.0,84.05,84.05,84.02,76.22034152
1532923800,84.01,84.05,84.02,84.05,57.292829000000005
1532924100,84.04,84.05,84.05,84.05,69.68562422999999
1532924400,84.04,84.05,84.05,84.05,56.89957069
1532924700,84.0,84.05,84.04,84.01,85.83584102
1532925000,83.99,84.01,84.0,84.0,42.3308689
1532925300,83.99,84.0,84.0,83.99,20.68945942
1532925600,83.99,84.0,84.0,83.99,21.052849260000002
1532925900,83.99,84.0,84.0,84.0,102.13240804
1532926200,83.99,84.05,83.99,84.04,526.17295926
1532926500,84.04,84.06,84.05,84.06,25.735578359999998
1532926800,84.05,84.07,84.05,84.06,184.54031845000006
1532927100,84.01,84.07,84.07,84.02,30.77463421
1532927400,84.01,84.02,84.02,84.02,17.14194056
1532927700,84.01,84.03,84.01,84.03,32.270006560000006
1532928000,84.02,84.06,84.02,84.02,39.405371960000004
1532928300,83.95,84.03,84.03,83.95,163.04565991
1532928600,83.95,83.96,83.96,83.96,37.324946419999996
1532928900,83.95,83.96,83.96,83.95,62.23924753
1532929200,83.89,83.95,83.95,83.9,359.0744968000001
1532929500,83.89,83.98,83.9,83.97,41.337047
1532929800,83.93,83.98,83.97,83.94,57.55656402
1532930100,83.93,83.94,83.93,83.94,17.861085839999998
1532930400,83.93,83.94,83.94,83.94,2.88617582
1532930700,83.94,84.03,83.94,83.96,223.68119488999986
1532931000,83.95,83.96,83.96,83.95,50.16943830000006
1532931300,83.95,83.96,83.96,83.96,39.73906337
1532931600,83.95,83.96,83.95,83.96,11.02165728
1532931900,83.77,83.96,83.96,83.78,223.5928923299999
1532932200,83.75,83.77,83.77,83.75,164.50265255
1532932500,83.76,83.78,83.76,83.78,285.40108228
1532932800,83.77,83.94,83.78,83.93,66.79866623999999
1532933100,83.84,83.94,83.94,83.84,45.78881383
1532933400,83.75,83.82,83.82,83.75,67.57958735000001
1532933700,83.68,83.76,83.75,83.69,144.28364586
1532934000,83.6,83.7,83.7,83.61,240.75238932999997
1532934300,83.55,83.61,83.61,83.56,742.0868285299999
1532934600,83.14,83.55,83.55,83.15,818.60838507
1532934900,83.16,83.32,83.16,83.26,72.77759734000001
1532935200,83.25,83.32,83.25,83.31,24.760205690000003
1532935500,83.31,83.32,83.32,83.32,25.220929609999995
1532935800,83.31,83.32,83.31,83.32,30.27315535
1532936100,83.31,83.32,83.31,83.32,37.235932639999994
1532936400,83.2,83.32,83.32,83.21,165.06490673999997
1532936700,83.13,83.27,83.2,83.27,254.88431593999996
1532937000,83.27,83.34,83.27,83.34,91.94184595000002
1532937300,83.34,83.36,83.34,83.36,21.09547244
1532937600,83.36,83.46,83.36,83.45,28.13891507
1532937900,83.46,83.48,83.46,83.48,14.10048566
1532938200,83.47,83.48,83.48,83.48,51.060055199999994
1532938500,83.43,83.48,83.48,83.44,50.08803940999999
1532938800,83.35,83.44,83.44,83.35,65.89788492
1532939100,83.12,83.35,83.35,83.12,66.21201513000001
1532939400,83.11,83.13,83.13,83.12,18.78993334
1532939700,83.11,83.2,83.11,83.13,313.57001529
1532940000,83.06,83.18,83.12,83.06,113.09249007
1532940300,83.05,83.07,83.06,83.06,54.530193499999996
1532940600,83.05,83.07,83.06,83.07,127.04653658999999
1532940900,83.06,83.21,83.06,83.2,66.95691372
1532941200,83.2,83.21,83.21,83.21,25.30288711
1532941500,83.12,83.21,83.21,83.13,63.23934367000001
1532941800,83.12,83.16,83.13,83.16,86.9033805
1532942100,83.15,83.16,83.16,83.15,33.17522293
1532942400,83.15,83.16,83.16,83.16,18.65014234
1532942700,83.15,83.16,83.16,83.16,11.93525233
1532943000,83.15,83.16,83.15,83.16,15.214474250000002
1532943300,83.15,83.16,83.16,83.15,48.05087400000001
1532943600,83.15,83.16,83.15,83.15,24.97760004
1532943900,83.15,83.16,83.16,83.15,25.569817109999995
1532944200,83.15,83.16,83.16,83.15,33.20108276
1532944500,83.09,83.16,83.16,83.1,270.96461732000006
1532944800,83.09,83.1,83.09,83.1,40.01864803
1532945100,83.09,83.21,83.1,83.2,42.25843135000001
1532945400,83.2,83.21,83.21,83.21,48.46971288
1532945700,83.2,83.25,83.21,83.24,70.16597680999999
1532946000,83.2,83.25,83.24,83.22,63.90327875999999
1532946300,83.21,83.22,83.21,83.22,82.05382833000002
1532946600,83.21,83.22,83.21,83.22,152.70561530999998
1532946900,83.21,83.22,83.21,83.21,244.34629386999995
1532947200,83.18,83.22,83.21,83.18,318.37487644
1532947500,83.05,83.19,83.19,83.05,1067.7097949900003
1532947800,83.04,83.06,83.06,83.04,38.320645299999995
1532948100,83.04,83.05,83.05,83.04,59.70196558
1532948400,83.02,83.05,83.05,83.02,218.78610753000004
1532948700,83.01,83.03,83.03,83.01,57.896328849999996
1532949000,82.92,83.02,83.01,82.92,1067.9961399200001
1532949300,82.81,82.92,82.92,82.81,72.70842575
1532949600,82.8,82.9,82.81,82.84,672.5259895799999
1532949900,82.85,82.9,82.85,82.89,129.21391827000002
1532950200,82.84,82.9,82.9,82.9,376.18095751
1532950500,82.85,82.94,82.87,82.87,358.51660217
1532950800,82.87,82.94,82.87,82.87,105.24849150000001
1532951100,82.87,82.88,82.88,82.88,55.441192769999994
1532951400,82.88,83.03,82.88,83.02,238.35146149999997
1532951700,83.02,83.16,83.03,83.03,74.49568461999999
1532952000,83.02,83.06,83.03,83.03,145.56559739000002
1532952300,83.02,83.04,83.03,83.02,50.456445699999996
1532952600,83.02,83.03,83.03,83.02,93.51966024
1532952900,83.02,83.03,83.02,83.02,177.42322267999998
1532953200,83.02,83.03,83.02,83.03,94.91055676000002
1532953500,83.02,83.06,83.03,83.05,387.15222115000006
1532953800,83.02,83.06,83.06,83.03,135.81249105
1532954100,82.94,83.03,83.02,82.94,136.59814107
1532954400,82.9,82.95,82.95,82.91,194.49764877
1532954700,82.88,82.91,82.91,82.88,231.37945362
1532955000,82.87,82.9,82.88,82.9,74.2505682
1532955300,82.89,82.92,82.9,82.91,119.84051963000002
1532955600,82.87,82.96,82.92,82.87,169.90489726
1532955900,82.86,82.88,82.88,82.86,90.74190063
1532956200,82.86,82.92,82.86,82.91,343.63212978
1532956500,82.91,82.96,82.92,82.96,113.52623239
1532956800,82.95,82.96,82.96,82.96,84.91968177
1532957100,82.85,82.95,82.95,82.85,219.96966838000003
1532957400,82.85,82.9,82.86,82.86,157.27755386000004
1532957700,82.62,82.86,82.85,82.63,1706.04093403
1532958000,82.36,82.37,82.37,82.37,41.96296921999999
1532958300,82.36,82.44,82.36,82.42,485.8266147300001
1532958600,82.38,82.42,82.41,82.38,111.46111230999998
1532958900,82.37,82.39,82.39,82.39,111.85682969999999
1532959200,82.39,82.42,82.39,82.4,254.62124904
1532959500,82.4,82.41,82.41,82.4,175.96347302
1532959800,82.41,82.45,82.41,82.44,624.4515960299999
1532960100,82.44,82.45,82.44,82.45,113.92477601
1532960400,82.42,82.45,82.45,82.42,132.19097823
1532960700,82.41,82.43,82.43,82.41,193.67762690000004
1532961000,82.41,82.45,82.42,82.45,178.49225722999998
1532961300,82.41,82.45,82.45,82.42,247.26347194000004
1532961600,82.41,82.48,82.41,82.46,391.93367519000003
1532961900,82.45,82.49,82.46,82.46,123.75658523999998
1532962200,82.45,82.53,82.45,82.52,1161.16445745
1532962500,82.52,82.9,82.52,82.89,1326.2084524200002
1532962800,82.89,83.0,82.9,82.98,395.89364677
1532963100,82.97,83.0,82.98,82.99,226.77114645
1532963400,82.99,83.0,83.0,82.99,203.69976443
1532963700,82.65,83.0,82.99,82.7,415.56523135
1532964000,82.68,82.89,82.69,82.8,193.6372188
1532964300,82.77,82.8,82.8,82.77,140.59529188000002
1532964600,82.77,82.94,82.78,82.87,195.41647656
1532964900,82.81,82.94,82.9,82.83,175.61615846999996
1532965200,82.45,82.83,82.81,82.58,723.7034995399999
1532965500,82.4,82.58,82.58,82.41,807.3780041
1532965800,82.3,82.31,82.31,82.31,14.3046246
1532966100,82.2,82.29,82.27,82.28,350.11270788
1532966400,82.27,82.5,82.28,82.5,313.02222364
1532966700,82.31,82.51,82.5,82.38,579.6996020099999
1532967000,82.2,82.37,82.37,82.2,926.60475735
1532967300,82.17,82.21,82.2,82.18,338.48971828000003
1532967600,82.06,82.18,82.18,82.07,465.20286128999993
1532967900,82.07,82.28,82.07,82.15,438.12682321999995
1532968200,82.05,82.16,82.15,82.09,600.23981185
1532968500,82.09,82.18,82.1,82.12,345.84788586
1532968800,82.09,82.27,82.1,82.27,339.2829875999999
1532969100,82.26,82.3,82.26,82.29,103.17696334
1532969400,82.29,82.4,82.3,82.39,203.42931158000002
1532969700,82.39,82.4,82.4,82.4,199.52249451
1532970000,82.38,82.4,82.4,82.38,199.14686060999998
1532970300,82.16,82.39,82.38,82.17,495.10847980999995
1532970600,82.03,82.22,82.2,82.04,828.60919968
1532970900,82.01,82.05,82.03,82.02,626.6277990499999
1532971200,82.01,82.05,82.02,82.03,498.1318046399999
1532971500,82.02,82.03,82.03,82.02,376.13039223000004
1532971800,81.9,82.03,82.03,81.91,2991.2512967499983
1532972100,81.0,81.91,81.9,81.13,4553.3047566999985
1532972400,80.51,81.17,81.14,80.61,5553.320963380001
1532972700,80.24,80.7,80.62,80.38,4363.468999479999
1532973000,80.19,80.41,80.4,80.19,1386.82715696
1532973300,80.04,80.2,80.19,80.14,1835.8823013300005
1532973600,80.1,80.22,80.14,80.11,666.8574547699999
1532973900,79.76,80.05,80.01,79.83,4294.96648146
1532974200,79.82,80.56,79.83,80.56,2128.01729076
1532974500,80.29,80.59,80.56,80.37,548.7644249599999
1532974800,80.28,80.44,80.37,80.41,1255.38459216
1532975100,80.41,80.72,80.41,80.71,657.9076015800001
1532975400,80.62,81.06,80.71,80.98,754.45055749
1532975700,80.97,81.14,80.98,81.03,486.73917874999995
1532976000,81.04,81.21,81.04,81.12,529.42028706
1532976300,81.01,81.13,81.13,81.07,766.6625287000002
1532976600,81.0,81.1,81.07,81.0,662.5772088000001
1532976900,80.9,81.0,80.99,80.93,354.61402412999996
1532977200,80.85,80.98,80.92,80.98,991.7237546299998
1532977500,80.98,81.29,80.98,81.29,1388.10660835
1532977800,81.25,81.4,81.29,81.25,1109.9694678800001
1532978100,81.25,81.26,81.25,81.25,139.78156515999999
1532978400,81.25,81.5,81.26,81.49,658.41381419
1532978700,81.32,82.1,81.5,81.68,2196.4589257
1532979000,81.68,81.91,81.68,81.86,456.14034891000006
1532979300,81.72,82.02,81.85,81.95,706.12461954
1532979600,81.67,81.96,81.96,81.9,640.52861189
1532979900,81.75,81.91,81.91,81.76,311.20196726999995
1532980200,81.75,82.21,81.75,81.98,1572.9996203300007
1532980500,81.8,82.0,81.99,81.84,249.92211140000003
1532980800,81.57,81.98,81.84,81.8,468.34508874999995
1532981100,81.6,81.82,81.81,81.82,236.92916486000001
1532981400,81.7,81.82,81.81,81.71,159.01585900999999
1532981700,81.69,81.8,81.7,81.8,166.43137858
1532982000,81.79,81.95,81.8,81.94,317.7232829999999
1532982300,81.94,82.09,81.94,82.09,358.18816977999995
1532982600,81.97,82.29,82.09,82.24,667.1758669400002
1532982900,81.91,82.24,82.23,82.01,230.41283887999998
1532983200,81.99,82.11,82.01,82.1,336.92468792
1532983500,81.95,82.1,82.1,81.95,227.81600469000003
1532983800,81.95,82.0,81.96,81.96,344.24570310999997
1532984100,81.96,82.24,81.96,82.24,1368.9982651300002
1532984400,82.23,82.35,82.24,82.34,460.6978608599999
1532984700,82.22,82.35,82.34,82.23,219.47516242999998
1532985000,82.21,82.23,82.23,82.23,120.91589855000001
1532985300,82.01,82.22,82.22,82.02,295.28902304
1532985600,82.02,82.03,82.02,82.03,301.88048098
1532985900,81.89,82.03,82.03,81.99,366.60336821000004
1532986200,81.82,82.01,81.99,81.82,339.14046172
1532986500,81.7,81.83,81.83,81.71,272.97244975
1532986800,81.7,81.71,81.7,81.71,83.69391874
1532987100,81.7,81.71,81.71,81.71,81.31257664
1532987400,81.63,81.71,81.7,81.64,259.93670614
1532987700,81.63,81.64,81.64,81.64,223.46840712
1532988000,81.61,81.71,81.64,81.71,215.54801673999998
1532988300,81.64,81.71,81.71,81.7,144.23606627
1532988600,81.7,81.71,81.7,81.7,134.79260385
1532988900,81.7,82.22,81.71,82.15,711.80596268
1532989200,82.15,82.46,82.16,82.37,690.6395914
1532989500,82.21,82.38,82.36,82.35,506.0640866399999
1532989800,82.06,82.36,82.36,82.07,363.04706926999995
1532990100,82.06,82.16,82.07,82.08,217.42114941000008
1532990400,82.0,82.08,82.08,82.06,199.15315307999998
1532990700,82.05,82.17,82.06,82.17,136.27377006000006
1532991000,82.11,82.37,82.17,82.21,336.89823733
1532991300,82.22,82.3,82.22,82.25,116.50932114999999
1532991600,82.06,82.26,82.25,82.18,212.20086322
1532991900,82.05,82.12,82.12,82.11,225.7059566
1532992200,82.11,82.12,82.12,82.12,218.12762719000003
1532992500,82.11,82.14,82.12,82.14,87.90596264
1532992800,82.13,82.14,82.14,82.14,242.43833006
1532993100,82.13,82.14,82.13,82.14,313.38175706
1532993400,82.13,82.14,82.14,82.13,91.8915644
1532993700,82.13,82.14,82.14,82.14,145.18375804
1532994000,82.13,82.24,82.13,82.24,105.42908455
1532994300,82.23,82.36,82.23,82.23,712.9948213300004
1532994600,82.23,82.24,82.24,82.24,175.03536921000003
1532994900,82.08,82.24,82.24,82.22,403.45667717000015
1532995200,82.15,82.24,82.22,82.21,124.49995290999999
1532995500,82.12,82.23,82.23,82.12,218.27436160000002
1532995800,81.88,82.43,82.12,82.43,640.4018873800002
1532996100,82.42,82.43,82.42,82.43,60.81455679
1532996400,82.3,82.43,82.43,82.39,194.97799051999996
1532996700,82.2,82.38,82.38,82.22,52.33929504
1532997000,82.22,82.23,82.23,82.23,80.64602866999999
1532997300,82.05,82.23,82.22,82.08,175.22816045999997
1532997600,81.95,82.09,82.09,81.95,302.71238809999994
1532997900,81.87,82.03,81.96,81.92,821.4860127100001
1532998200,81.93,82.05,81.94,82.01,721.89062255
1532998500,81.92,82.07,82.01,81.92,487.44346028000007
1532998800,81.92,82.11,81.93,82.0,2807.57898635
1532999100,81.77,82.06,82.0,81.79,2044.5799847700002
1532999400,81.7,81.89,81.8,81.86,922.43544358
1532999700,81.75,81.95,81.75,81.93,69.59849119
1533000000,81.87,81.99,81.94,81.93,208.42988875999998
1533000300,81.87,81.97,81.92,81.97,137.52026072
1533000600,81.92,81.96,81.93,81.93,66.75500061000001
1533000900,81.83,81.94,81.93,81.86,258.57878272
1533001200,81.86,81.96,81.86,81.88,228.36739490999994
1533001500,81.88,81.94,81.9,81.93,94.17864423000002
1533001800,81.86,81.95,81.94,81.93,134.34922113000002
1533002100,81.82,81.96,81.93,81.83,232.87554422999997
1533002400,81.84,81.91,81.85,81.9,111.34713862999999
1533002700,81.89,81.95,81.9,81.95,55.654217519999996
1533003000,81.94,82.0,81.95,81.95,134.46302471999994
1533003300,81.86,82.0,81.94,81.99,350.04157322
1533003600,81.9,82.02,81.97,81.95,147.83599763
1533003900,81.9,82.03,81.95,81.99,243.14621240000002
1533004200,81.98,82.09,81.99,82.01,340.43540082
1533004500,82.0,82.07,82.01,82.01,108.99795411000002
1533004800,82.0,82.04,82.01,82.03,84.81248522000001
1533005100,81.89,82.02,82.02,81.9,135.00110142
1533005400,81.78,81.89,81.89,81.78,260.03621814
1533005700,81.75,81.79,81.79,81.76,191.10530559
1533006000,81.58,81.75,81.75,81.69,680.5935967
1533006300,81.58,81.69,81.69,81.58,173.84810166
1533006600,81.58,81.59,81.59,81.59,101.00846216
1533006900,81.58,81.59,81.59,81.58,183.03465447999997
1533007200,81.54,81.59,81.59,81.55,206.87383879999993
1533007500,81.45,81.57,81.57,81.46,225.37282044999998
1533007800,81.4,81.45,81.45,81.4,113.46621880000001
1533008100,81.36,81.41,81.41,81.36,145.03710625
1533008400,81.36,81.45,81.36,81.44,227.43683091999998
1533008700,81.45,81.53,81.45,81.53,260.83816521000006
1533009000,81.43,81.53,81.53,81.43,206.24404464
1533009300,81.43,81.44,81.43,81.43,271.48858847
1533009600,81.43,81.46,81.44,81.44,161.58051081
1533009900,81.38,81.43,81.43,81.39,29.596934509999997
1533010200,81.2,81.39,81.39,81.2,305.79132086000004
1533010500,81.2,81.21,81.21,81.2,35.20993532
1533010800,81.15,81.21,81.21,81.15,779.91663625
1533011100,81.15,81.16,81.16,81.16,394.29029232999994
1533011400,81.15,81.27,81.15,81.26,303.19176604000006
1533011700,81.18,81.4,81.25,81.35,282.83184792999987
1533012000,81.33,81.42,81.35,81.34,125.59226918
1533012300,81.33,81.34,81.33,81.33,55.883420490000006
1533012600,81.33,81.57,81.34,81.57,237.89353512
1533012900,81.56,81.64,81.57,81.64,164.97812319999997
1533013200,81.59,81.64,81.64,81.61,53.71046742
1533013500,81.6,81.61,81.61,81.61,99.90652672
1533013800,81.54,81.61,81.61,81.59,87.99442345
1533014100,81.6,81.61,81.6,81.61,293.04363911
1533014400,81.6,81.61,81.61,81.61,39.31771357
1533014700,81.6,81.65,81.61,81.65,93.06694747
1533015000,81.64,81.72,81.65,81.72,63.40483656999999
1533015300,81.69,81.72,81.72,81.7,48.02534421
1533015600,81.69,81.7,81.7,81.69,73.82947549
1533015900,81.65,81.7,81.69,81.68,134.3698323
1533016200,81.61,81.68,81.68,81.61,93.06636045000002
1533016500,81.6,81.66,81.62,81.61,60.75052238000001
1533016800,81.6,81.71,81.61,81.66,157.72807674
1533017100,81.62,81.66,81.66,81.63,40.450148760000005
1533017400,81.59,81.63,81.63,81.6,247.86512369999997
1533017700,81.43,81.59,81.59,81.44,69.10830826000002
1533018000,81.42,81.44,81.42,81.43,23.9686694
1533018300,81.44,81.51,81.44,81.51,145.78401896000005
1533018600,81.5,81.58,81.51,81.58,57.97638087
1533018900,81.55,81.58,81.58,81.55,46.39760381
1533019200,81.55,81.56,81.56,81.56,89.90439626
1533019500,81.5,81.56,81.55,81.51,56.48921928
1533019800,81.39,81.51,81.5,81.4,106.18909195
1533020100,81.39,81.4,81.39,81.39,39.03393612
1533020400,81.23,81.4,81.4,81.24,209.72167976999998
1533020700,81.23,81.35,81.24,81.35,183.40476759
1533021000,81.34,81.35,81.35,81.35,256.14909037
1533021300,81.2,81.34,81.34,81.2,36.20174881
1533021600,81.2,81.21,81.21,81.21,40.38184190999999
1533021900,81.2,81.21,81.2,81.21,17.53208192
1533022200,81.2,81.21,81.2,81.21,31.42913565
1533022500,81.2,81.21,81.2,81.2,3.62826073
1533022800,81.21,81.21,81.21,81.21,11.461518779999999
1533023100,81.2,81.21,81.2,81.21,148.76779874000002
1533023400,81.2,81.21,81.21,81.2,77.15468152
1533023700,81.2,81.21,81.21,81.21,24.815033529999997
1533024000,81.15,81.21,81.21,81.15,124.72375696
1533024300,81.03,81.16,81.16,81.03,729.8571920100001
1533024600,80.85,81.03,81.03,80.86,225.39620723999994
1533024900,80.85,80.86,80.86,80.86,16.39000163
1533025200,80.8,80.86,80.86,80.8,136.73073257000001
1533025500,80.6,80.8,80.8,80.75,377.64811125000006
1533025800,80.58,80.75,80.75,80.59,118.59514009999998
1533026100,80.59,80.69,80.59,80.6,115.89391872000002
1533026400,80.59,80.7,80.6,80.7,103.46703011
1533026700,80.58,80.7,80.69,80.65,171.75531903
1533027000,80.5,80.66,80.66,80.5,202.70555718000003
1533027300,80.04,80.5,80.5,80.21,2299.7245764299996
1533027600,80.11,80.56,80.25,80.27,475.3081389299999
1533027900,80.26,80.45,80.26,80.45,132.37912906999998
1533028200,80.35,80.44,80.44,80.35,50.33134939
1533028500,79.87,80.35,80.35,79.87,1795.5339328199998
1533028800,79.87,80.16,79.88,80.16,543.2667634100001
1533029100,80.09,80.3,80.14,80.2,194.78184911999998
1533029400,80.1,80.31,80.2,80.1,154.65681562999998
1533029700,80.09,80.33,80.09,80.28,122.99605675000002
1533030000,80.25,80.5,80.31,80.5,327.8704371099999
1533030300,80.41,80.42,80.42,80.42,9.380959070000001
1533030600,80.09,80.42,80.41,80.31,387.00098496000004
1533030900,79.99,80.34,80.33,80.1,645.6934876400001
1533031200,80.11,80.19,80.19,80.16,160.53386437
1533031500,80.0,80.19,80.17,80.1,227.13309158000004
1533031800,80.02,80.14,80.1,80.07,51.81478673
1533032100,79.35,80.07,80.07,79.5,2743.4578036999983
1533032400,79.43,79.6,79.45,79.56,594.49185468
1533032700,79.16,79.55,79.55,79.16,480.84556855
1533033000,79.0,79.36,79.17,79.36,841.0078470899998
1533033300,79.33,79.52,79.36,79.5,519.14370899
1533033600,79.39,79.66,79.43,79.53,404.80809357000004
1533033900,79.53,79.72,79.54,79.6,698.57927366
1533034200,79.35,79.61,79.61,79.4,262.15746869000003
1533034500,79.01,79.39,79.39,79.03,558.2957993
1533034800,78.83,79.11,79.02,79.05,1812.3776136500005
1533035100,79.01,79.23,79.08,79.23,487.9894174299999
1533035400,79.0,79.24,79.23,79.02,427.96141828
1533035700,78.81,79.06,79.03,78.96,803.9525091300002
1533036000,78.7,78.96,78.96,78.88,1355.48140855
1533036300,78.87,79.0,78.88,78.99,373.42703945
1533036600,78.99,79.42,79.0,79.41,503.33294903
1533036900,79.38,79.71,79.42,79.71,515.03605243
1533037200,79.34,79.78,79.71,79.35,1017.54781952
1533037500,79.14,79.53,79.35,79.15,567.0150030600001
1533037800,79.15,79.26,79.15,79.23,154.55785719000002
1533038100,79.06,79.25,79.23,79.07,369.06573094000004
1533038400,79.04,79.07,79.04,79.06,14.42374297
1533038700,78.96,79.07,79.07,78.98,385.79170066
1533039000,78.73,78.99,78.99,78.97,678.24598639
1533039300,78.5,78.97,78.96,78.57,1550.17600017
1533039600,78.11,78.63,78.6,78.32,1821.32851782
1533039900,77.94,78.35,78.33,77.98,5140.872736289999
1533040200,77.01,78.0,77.99,77.48,2978.3496180000006
1533040500,77.01,77.5,77.48,77.08,2788.37983532
1533040800,76.76,77.22,77.08,77.17,2936.694130759999
1533041100,77.05,77.32,77.15,77.32,876.5522993200002
1533041400,76.8,77.32,77.32,76.88,1105.74728173
1533041700,76.74,77.2,76.88,77.2,1447.7763570399993
1533042000,77.19,77.62,77.2,77.36,1950.2949076099999
1533042300,77.04,77.38,77.35,77.23,2451.46942035
1533042600,77.22,77.52,77.22,77.51,806.4970041600002
1533042900,77.26,77.64,77.52,77.46,1583.09330087
1533043200,77.28,77.64,77.45,77.62,3027.7652775299994
1533043500,77.57,77.77,77.62,77.62,1082.9892934900001
1533043800,77.52,77.66,77.62,77.65,362.59826929999997
1533044100,77.64,77.73,77.65,77.69,579.50378773
1533044400,77.66,77.9,77.67,77.78,2239.01942039
1533044700,77.4,77.79,77.79,77.41,1689.7702110100004
1533045000,76.61,77.4,77.4,76.95,3096.4090005800003
1533045300,76.64,77.0,76.95,76.67,1226.88425089
1533045600,76.01,77.01,76.67,77.01,4618.292198299999
1533045900,76.66,77.15,77.01,77.1,2294.4940031900005
1533046200,77.1,77.51,77.1,77.51,1118.62069547
1533046500,77.35,77.51,77.51,77.49,708.1273364300001
1533046800,77.36,77.5,77.49,77.44,525.2603625
1533047100,77.35,77.47,77.44,77.47,777.29219376
1533047400,77.37,77.49,77.45,77.41,531.50103558
1533047700,77.4,77.56,77.4,77.51,929.12487308
1533048000,77.14,77.51,77.5,77.32,1321.8793148500004
1533048300,77.04,77.32,77.32,77.04,771.2319601300001
1533048600,76.87,77.3,77.04,77.28,543.3591976800001
1533048900,77.16,77.32,77.3,77.29,397.20796327
1533049200,76.97,77.29,77.29,77.07,576.85288811
1533049500,76.85,77.07,77.07,76.87,698.04549543
1533049800,76.85,77.12,76.86,76.95,755.6098685799999
1533050100,76.94,77.19,76.95,77.15,924.67692549
1533050400,77.07,77.32,77.15,77.24,552.4403512
1533050700,77.04,77.23,77.23,77.1,504.69561251
1533051000,77.07,77.14,77.1,77.07,1057.40920497
1533051300,77.08,77.31,77.08,77.31,752.30198464
1533051600,77.2,77.35,77.31,77.28,528.4738207299998
1533051900,77.22,77.41,77.28,77.4,927.20888943
1533052200,77.37,77.57,77.4,77.57,668.9388364599998
1533052500,77.44,77.58,77.57,77.49,524.1782829
1533052800,77.26,77.49,77.49,77.36,457.9714783099999
1533053100,77.26,77.36,77.36,77.28,279.88420335999996
1533053400,77.27,77.49,77.27,77.49,369.95914790999996
1533053700,77.48,77.6,77.49,77.6,446.36296117
1533054000,77.58,77.76,77.6,77.76,528.2872138199999
1533054300,77.75,77.85,77.76,77.77,575.7850927800001
1533054600,77.75,77.85,77.77,77.77,406.83569793000004
1533054900,77.76,78.0,77.76,77.85,1144.2223129499998
1533055200,77.75,77.85,77.84,77.85,974.1329447799999
1533055500,77.72,77.78,77.73,77.78,94.2524132
1533055800,77.76,77.86,77.78,77.85,580.0358323999999
1533056100,77.76,77.85,77.85,77.84,448.25557137999994
1533056400,77.83,78.07,77.84,77.95,1182.3648490400003
1533056700,77.73,77.95,77.95,77.91,1220.5060108700002
1533057000,77.76,78.0,77.9,77.76,795.2677481799999
1533057300,77.67,77.79,77.76,77.73,721.6230661400001
1533057600,77.62,77.97,77.73,77.77,2251.8050389499995
1533057900,77.65,78.11,77.77,78.11,1080.47803428
1533058200,78.1,78.35,78.11,78.26,1853.8024446499996
1533058500,78.2,78.42,78.25,78.37,576.6056842500001
1533058800,78.26,78.38,78.37,78.29,238.23934727999998
1533059100,78.28,78.37,78.29,78.33,418.51457496
1533059400,78.26,78.37,78.31,78.29,486.71815075000006
1533059700,78.25,78.34,78.29,78.31,596.2158622500001
1533060000,78.19,78.38,78.34,78.26,351.25988685000004
1533060300,77.96,78.21,78.21,78.03,339.77380022000006
1533060600,77.9,78.05,78.02,77.91,191.21952205999997
1533060900,77.75,77.94,77.91,77.84,726.7467886200001
1533061200,77.8,77.84,77.84,77.83,396.20798175999994
1533061500,77.71,77.83,77.82,77.79,464.7309987799999
1533061800,77.72,77.85,77.78,77.79,910.7347396600002
1533062100,77.64,77.79,77.79,77.75,382.44521569000005
1533062400,77.65,78.2,77.75,78.2,1033.6309270400002
1533062700,78.12,78.52,78.19,78.12,1818.19718665
1533063000,77.86,78.12,78.12,77.87,246.90856196000004
1533063300,77.86,78.45,77.86,78.35,1155.21059965
1533063600,77.97,78.35,78.34,77.98,583.8050881500001
1533063900,77.92,77.99,77.98,77.98,144.41344836
1533064200,77.94,78.06,77.97,77.98,273.50086405
1533064500,77.96,78.05,77.98,77.97,184.98706704
1533064800,77.88,77.98,77.96,77.94,172.12651942
1533065100,77.9,77.97,77.93,77.92,152.65896001
1533065400,77.91,78.33,77.92,78.09,596.0735133700001
1533065700,78.0,78.23,78.09,78.01,227.84077661999996
1533066000,77.95,78.03,78.0,78.02,402.64443851999994
1533066300,78.02,78.19,78.03,78.18,727.96761185
1533066600,78.09,78.3,78.16,78.3,374.59829054
1533066900,78.09,78.3,78.3,78.12,209.99366654000002
1533067200,77.99,78.12,78.12,78.0,218.71521301
1533067500,77.93,78.0,78.0,77.94,277.38138908999997
1533067800,77.91,77.96,77.95,77.96,257.61991359
1533068100,77.97,78.04,77.97,78.04,214.60025661999998
1533068400,78.03,78.04,78.04,78.04,105.64766858000002
1533068700,78.0,78.1,78.04,78.07,573.1306038499999
1533069000,78.0,78.07,78.07,78.01,124.01404109999999
1533069300,77.98,78.1,78.01,78.09,327.85219466000007
1533069600,78.0,78.09,78.09,78.03,243.02021275000004
1533069900,78.0,78.04,78.03,78.03,197.93922279999998
1533070200,77.75,78.01,78.01,77.76,1732.4473556500002
1533070500,77.63,77.76,77.76,77.63,260.8729678
1533070800,77.58,77.76,77.64,77.59,413.47468166000004
1533071100,77.5,77.58,77.58,77.52,486.67830296999995
1533071400,77.34,77.52,77.52,77.42,575.8996999500002
1533071700,77.3,77.42,77.42,77.34,321.65344228999993
1533072000,77.34,77.43,77.35,77.43,403.06993489999996
1533072300,77.41,77.51,77.41,77.5,212.80012879999998
1533072600,77.5,77.51,77.51,77.51,33.43853767
1533072900,77.5,77.52,77.51,77.52,203.99103048999999
1533073200,77.47,77.52,77.52,77.51,202.74860858
1533073500,77.47,77.52,77.5,77.52,226.03993246
1533073800,77.51,77.59,77.51,77.53,392.7942546399999
1533074100,77.52,77.58,77.54,77.52,458.01822463999997
1533074400,77.44,77.57,77.53,77.45,442.01513814
1533074700,77.45,77.46,77.46,77.45,141.34458819
1533075000,77.45,78.05,77.46,77.96,934.7637890200004
1533075300,77.95,78.11,77.96,78.11,423.77344114000005
1533075600,78.11,78.31,78.11,78.23,696.1369780200001
1533075900,78.2,78.24,78.24,78.2,226.35677694
1533076200,78.09,78.21,78.21,78.17,226.0147371
1533076500,78.17,78.18,78.18,78.17,180.02693297
1533076800,78.17,78.25,78.18,78.25,168.28434805000006
1533077100,78.24,78.39,78.24,78.39,257.14002099
1533077400,78.1,78.39,78.38,78.24,1284.4355966800001
1533077700,78.2,78.25,78.25,78.21,261.59462177
1533078000,77.88,78.21,78.2,78.12,1230.48357169
1533078300,77.96,78.2,78.12,78.12,961.1917042399999
1533078600,78.04,78.14,78.12,78.07,157.45663434999994
1533078900,78.07,78.2,78.08,78.19,173.84967804000001
1533079200,77.95,78.17,78.17,77.95,232.36809673
1533079500,77.52,77.95,77.95,77.66,1011.08649848
1533079800,77.66,78.93,77.66,78.74,4974.36964002
1533080100,78.6,78.76,78.73,78.68,471.96946515
1533080400,78.67,79.15,78.68,79.05,1676.2492266200002
1533080700,79.04,79.17,79.05,79.17,452.35118152000007
1533081000,78.92,79.17,79.17,78.92,1347.8074516000001
1533081300,78.85,79.31,78.92,78.88,1937.6204088999996
1533081600,78.82,79.07,78.88,78.82,858.0198189300002
1533081900,78.82,78.87,78.82,78.87,454.95631496
1533082200,78.6,78.87,78.87,78.61,575.45756958
1533082500,78.42,78.61,78.6,78.53,1087.02263644
1533082800,78.52,78.79,78.54,78.52,399.7933879099999
1533083100,78.52,78.78,78.53,78.78,364.7493633000001
1533083400,78.77,78.91,78.78,78.9,214.58140851000002
1533083700,78.9,78.91,78.91,78.91,256.53706136
1533084000,78.42,78.91,78.9,78.49,504.8874545
1533084300,78.25,78.49,78.49,78.47,440.99626169
1533084600,78.26,78.47,78.46,78.44,205.2941041
1533084900,78.11,78.55,78.44,78.12,1098.8722216600002
1533085200,77.78,78.21,78.11,78.08,1600.9151381600002
1533085500,77.83,78.09,78.0,77.91,381.38781688999995
1533085800,77.73,78.06,77.9,77.78,731.2037965100001
1533086100,77.77,78.12,77.77,78.12,205.90831642
1533086400,77.83,78.13,78.1,77.96,573.5809949799998
1533086700,77.83,78.06,77.96,77.83,210.09336351999997
1533087000,77.75,77.97,77.84,77.75,410.56064219999996
1533087300,77.65,77.76,77.76,77.68,631.46961556
1533087600,77.22,77.71,77.67,77.23,2595.5429351600005
1533087900,76.86,77.34,77.23,76.95,2250.0469130600004
1533088200,76.86,77.0,76.95,76.87,845.1906655299999
1533088500,76.72,76.9,76.88,76.72,1731.9814455
1533088800,76.54,77.13,76.72,77.05,3130.6449501999996
1533089100,76.67,77.05,77.05,76.68,930.81362708
1533089400,76.65,77.0,76.68,76.96,1438.8735928
1533089700,76.79,76.96,76.96,76.81,642.3728315499999
1533090000,76.65,76.86,76.83,76.78,994.6868698599999
1533090300,76.69,77.16,76.77,77.16,1013.6900692799999
1533090600,77.17,77.22,77.18,77.21,259.38692745
1533090900,77.02,77.22,77.22,77.03,522.97772308
1533091200,77.02,77.2,77.02,77.18,352.9855518
1533091500,77.17,77.18,77.18,77.17,603.81039785
1533091800,76.88,77.2,77.17,77.16,1530.1057045400003
1533092100,77.15,77.21,77.16,77.21,505.99433342000003
1533092400,77.21,77.35,77.21,77.29,779.3040108800001
1533092700,76.86,77.34,77.29,76.87,413.59381191
1533093000,76.86,77.06,76.87,76.94,919.45192439
1533093300,76.9,76.98,76.9,76.95,277.26534006
1533093600,76.9,76.98,76.94,76.91,262.69008706
1533093900,76.9,77.0,76.91,76.98,278.60006638
1533094200,76.97,76.98,76.98,76.98,134.41930298
1533094500,76.97,76.98,76.98,76.97,168.53341687000002
1533094800,76.82,76.97,76.97,76.83,829.4559677500001
1533095100,76.8,76.83,76.83,76.8,156.88727751000002
1533095400,76.6,76.81,76.81,76.69,1131.0836198200002
1533095700,76.69,76.84,76.7,76.84,430.30547739
1533096000,76.83,76.97,76.84,76.95,812.6530793899999
1533096300,76.86,76.95,76.95,76.94,240.53604955999998
1533096600,76.77,76.94,76.94,76.81,709.4247033400001
1533096900,76.81,77.0,76.81,76.99,1013.6889233699999
1533097200,76.9,76.99,76.99,76.93,249.58224271
1533097500,76.78,76.98,76.93,76.89,607.68556585
1533097800,76.75,76.89,76.89,76.76,216.87436556
1533098100,76.7,76.78,76.76,76.7,302.53061722999996
1533098400,76.67,76.67,76.67,76.67,5.036553960000001
1533098700,76.54,76.67,76.67,76.54,448.79762532
1533099000,76.43,76.54,76.54,76.44,845.5674112999998
1533099300,76.43,76.6,76.43,76.55,444.42003192999994
1533099600,76.54,76.61,76.55,76.61,218.86605963999997
1533099900,76.6,76.67,76.6,76.65,211.09428707999996
1533100200,76.64,76.65,76.65,76.65,259.70905519999997
1533100500,76.57,76.66,76.65,76.66,147.88980632
1533100800,76.45,76.66,76.66,76.46,360.43027654
1533101100,76.4,76.52,76.46,76.41,308.39947794999995
1533101400,76.23,76.41,76.41,76.3,977.3762259
1533101700,76.26,76.5,76.31,76.45,757.32369042
1533102000,76.3,76.53,76.44,76.53,982.2817353299998
1533102300,76.59,76.74,76.59,76.71,292.05735065
1533102600,76.71,77.0,76.72,76.99,279.48736751999996
1533102900,76.98,76.99,76.99,76.99,91.67303715999999
1533103200,76.92,77.0,76.99,76.92,550.52717029
1533103500,76.9,76.98,76.91,76.95,240.32866607999998
1533103800,76.93,77.0,76.95,76.94,304.48399923
1533104100,76.93,76.94,76.94,76.94,18.01214403
1533104400,76.93,77.0,76.94,76.99,280.71455818000004
1533104700,76.99,77.11,76.99,77.1,171.38477683000002
1533105000,77.1,77.28,77.11,77.28,411.09130187999995
1533105300,77.27,77.28,77.28,77.27,59.71010917
1533105600,77.28,77.45,77.28,77.44,239.11280294000005
1533105900,77.44,77.45,77.45,77.45,79.09596358
1533106200,77.44,77.45,77.44,77.45,238.80549309999998
1533106500,77.4,77.45,77.45,77.4,494.0357350299999
1533106800,77.21,77.45,77.41,77.26,669.9486197699999
1533107100,77.26,77.27,77.26,77.26,154.1418567
1533107400,77.26,77.39,77.26,77.39,153.19776832
1533107700,77.38,77.39,77.38,77.39,52.37580817
1533108000,77.38,77.39,77.39,77.39,120.77905135
1533108300,77.38,77.39,77.39,77.39,54.0455106
1533108600,77.31,77.5,77.39,77.4,455.7653365000001
1533108900,77.31,77.4,77.39,77.33,107.5644327
1533109200,77.07,77.34,77.33,77.21,499.4837257500001
1533109500,77.2,77.29,77.2,77.27,53.83384237
1533109800,77.26,77.39,77.27,77.32,210.4523087
1533110100,77.29,77.5,77.29,77.5,339.26146709999995
1533110400,77.49,77.61,77.5,77.6,250.02673893999997
1533110700,77.58,77.6,77.6,77.58,72.38925514
1533111000,77.48,77.75,77.59,77.49,553.98898682
1533111300,77.46,77.95,77.47,77.94,428.4606581
1533111600,77.81,77.96,77.95,77.89,440.63547659
1533111900,77.83,77.98,77.88,77.97,126.26309914000001
1533112200,77.98,78.0,77.98,78.0,317.66023318000003
1533112500,77.99,78.0,78.0,78.0,662.50013858
1533112800,77.99,78.0,78.0,78.0,59.464154310000005
1533113100,78.0,78.32,78.0,78.32,376.53218652
1533113400,78.12,78.32,78.32,78.13,556.28596762
1533113700,78.03,78.17,78.12,78.13,259.57610497
1533114000,77.99,78.13,78.13,77.99,423.79156119000004
1533114300,77.99,78.0,78.0,78.0,30.354328549999998
1533114600,77.99,78.0,78.0,78.0,38.65682621
1533114900,77.99,78.0,77.99,77.99,151.46436124
1533115200,77.78,77.92,77.92,77.88,58.00101833
1533115500,77.87,77.93,77.87,77.93,58.14497481000001
1533115800,77.85,77.93,77.93,77.88,104.30450486999999
1533116100,77.87,77.88,77.88,77.87,29.70976238
1533116400,77.87,77.88,77.88,77.88,26.91539421
1533116700,77.87,77.91,77.88,77.9,69.5935289
1533117000,77.9,77.91,77.91,77.91,89.73474789
1533117300,77.79,77.91,77.91,77.8,60.59379014
1533117600,77.72,77.85,77.8,77.73,262.03929678
1533117900,77.72,77.79,77.73,77.75,314.3300638
1533118200,77.72,77.75,77.75,77.72,453.6669092000001
1533118500,77.55,77.73,77.66,77.55,330.48516932999996
1533118800,77.45,77.63,77.56,77.45,158.98349710000002
1533119100,77.46,77.59,77.46,77.57,59.761806670000006
1533119400,77.56,77.82,77.57,77.82,429.21131535999996
1533119700,77.75,77.83,77.82,77.82,200.92248546000002
1533120000,77.8,77.91,77.81,77.8,275.82184844
1533120300,77.75,77.88,77.8,77.8,113.64574951000002
1533120600,77.78,77.93,77.78,77.88,71.96376403
1533120900,77.87,77.89,77.87,77.89,123.03525429999999
1533121200,77.74,77.89,77.89,77.86,200.99579552999998
1533121500,77.81,77.92,77.86,77.89,110.16427842
1533121800,77.85,77.89,77.87,77.85,114.3698487
1533122100,77.85,77.89,77.86,77.88,49.61195773000001
1533122400,77.85,77.89,77.89,77.87,50.298977480000005
1533122700,77.67,77.92,77.87,77.68,231.88736085999997
1533123000,77.63,77.78,77.68,77.64,334.41697913999997
1533123300,77.74,77.75,77.75,77.75,6.36030283
1533123600,77.74,77.82,77.75,77.75,118.12273572999999
1533123900,77.68,77.77,77.74,77.77,193.66422290999998
1533124200,77.76,77.77,77.77,77.77,108.82280671
1533124500,77.76,77.93,77.77,77.93,191.97886229999997
1533124800,77.93,78.1,77.93,77.99,309.11539762999996
1533125100,77.89,77.99,77.98,77.95,195.25106451
1533125400,77.87,77.95,77.94,77.87,76.09977135
1533125700,77.76,77.88,77.87,77.84,93.82049328
1533126000,77.78,77.91,77.85,77.86,218.92481623999998
1533126300,77.82,77.9,77.9,77.9,147.05223874
1533126600,77.83,77.99,77.89,77.89,452.51688686
1533126900,77.82,77.89,77.89,77.84,94.34437236999999
1533127200,77.76,77.85,77.85,77.84,194.29752463
1533127500,77.78,77.85,77.85,77.85,306.19584701
1533127800,77.84,77.86,77.86,77.85,58.09212868
1533128100,77.84,77.94,77.84,77.84,564.3330759900001
1533128400,77.8,77.97,77.84,77.96,154.60470184
1533128700,77.86,77.99,77.96,77.94,431.52238745000005
1533129000,77.91,78.02,77.95,77.93,519.71661122
1533129300,77.92,78.02,77.92,77.95,236.80429604
1533129600,77.94,78.02,77.95,78.0,522.7553834199999
1533129900,77.99,78.0,78.0,78.0,154.81072334
1533130200,77.99,78.02,78.0,78.01,284.10026189999996
1533130500,78.0,78.01,78.01,78.01,413.98078627
1533130800,78.0,78.02,78.01,78.01,158.62861274000002
1533131100,78.0,78.01,78.01,78.01,461.26145167
1533131400,77.9,78.02,78.0,78.02,682.02857568
1533131700,78.01,78.22,78.02,78.22,599.7510039500006
1533132000,78.1,78.23,78.23,78.11,1009.0456515200001
1533132300,78.1,78.11,78.11,78.11,277.24885535
1533132600,78.0,78.11,78.11,78.01,350.71796596999997
1533132900,77.9,78.01,78.0,78.0,279.34458182000003
1533133200,77.9,78.02,78.0,77.97,292.70988754999996
1533133500,77.91,77.98,77.98,77.95,132.91479894999998
1533133800,77.94,77.96,77.96,77.95,212.50970078
1533134100,77.89,77.95,77.95,77.92,435.97468881000003
1533134400,77.84,77.93,77.93,77.9,274.47400397000007
1533134700,77.75,77.91,77.91,77.76,307.37319751999996
1533135000,77.68,77.77,77.75,77.76,197.28326677
1533135300,77.64,77.76,77.76,77.64,199.97163295999997
1533135600,77.57,77.62,77.61,77.57,397.54512372
1533135900,77.57,77.65,77.57,77.64,260.07389951
1533136200,77.64,77.65,77.64,77.65,219.86613926
1533136500,77.58,77.65,77.64,77.65,260.83731489999997
1533136800,77.58,77.76,77.65,77.75,251.76459180999998
1533137100,77.7,77.79,77.74,77.73,91.2891905
1533137400,77.72,77.74,77.73,77.73,189.16378705999995
1533137700,77.71,77.78,77.74,77.71,186.07109921000003
1533138000,77.6,77.75,77.72,77.63,408.94661525999993
1533138300,77.63,77.76,77.63,77.7,304.88464995000004
1533138600,77.6,77.73,77.69,77.64,297.18798555
1533138900,77.61,77.67,77.62,77.65,136.38383278999999
1533139200,77.61,77.67,77.65,77.64,208.82942107999997
1533139500,77.64,77.72,77.65,77.71,85.54625159
1533139800,77.71,77.73,77.72,77.72,362.82034383
1533140100,77.65,77.69,77.69,77.68,130.481514
1533140400,77.58,77.69,77.69,77.58,805.7890106
1533140700,77.58,77.59,77.59,77.59,312.1242942900001
1533141000,77.58,77.59,77.58,77.59,351.69148963
1533141300,77.0,77.58,77.58,77.01,2515.1239485900005
1533141600,76.94,77.25,77.01,77.22,1111.7146202099998
1533141900,77.09,77.23,77.18,77.13,789.7903879600001
1533142200,77.14,77.2,77.19,77.16,105.47051302
1533142500,77.15,77.19,77.17,77.17,114.23248783999998
1533142800,77.1,77.17,77.16,77.13,412.83873570000003
1533143100,77.1,77.17,77.13,77.13,174.24606906
1533143400,77.13,77.17,77.13,77.14,127.52689588000001
1533143700,77.14,77.19,77.15,77.19,113.89401953
1533144000,77.18,77.21,77.19,77.21,270.8182425
1533144300,77.21,77.34,77.21,77.27,507.63753854
1533144600,77.26,77.27,77.27,77.27,164.78741427
1533144900,77.26,77.3,77.26,77.3,151.18848769000002
1533145200,77.17,77.3,77.3,77.19,384.1959347899999
1533145500,77.17,77.24,77.19,77.18,146.47852356
1533145800,77.1,77.2,77.17,77.15,387.96026353999997
1533146100,77.12,77.2,77.17,77.12,355.25505085
1533146400,77.1,77.2,77.15,77.16,386.70168999
1533146700,77.14,77.25,77.15,77.2,392.20568472
1533147000,77.19,77.2,77.2,77.2,257.93139724
1533147300,77.2,77.3,77.2,77.26,725.0298467000001
1533147600,77.26,77.33,77.26,77.29,254.11762627
1533147900,77.29,77.3,77.3,77.3,153.08948165
1533148200,77.2,77.31,77.29,77.23,460.8304362900001
1533148500,77.22,77.26,77.23,77.26,99.12069858000001
1533148800,77.22,77.26,77.26,77.22,59.67888864
1533149100,77.22,77.23,77.23,77.23,157.36776236
1533149400,77.2,77.23,77.22,77.21,225.47693056999995
1533149700,77.21,77.22,77.21,77.22,62.56936563000001
1533150000,77.21,77.22,77.22,77.22,110.73068447000001
1533150300,77.21,77.22,77.22,77.22,320.16614118999996
1533150600,77.21,77.29,77.21,77.29,294.62599852000005
1533150900,77.29,77.5,77.29,77.49,149.84898733999998
1533151200,77.49,77.64,77.5,77.64,368.14870944000006
1533151500,77.53,77.75,77.63,77.62,684.36412039
1533151800,77.56,77.63,77.63,77.57,389.83604812
1533152100,77.46,77.57,77.57,77.52,371.99081406999994
1533152400,77.51,77.54,77.51,77.54,156.01831909999999
1533152700,77.53,77.6,77.54,77.6,158.5124361
1533153000,77.59,77.69,77.6,77.66,233.11542126999996
1533153300,77.65,77.69,77.66,77.68,226.5073993
1533153600,77.68,77.69,77.69,77.69,139.29395569
1533153900,77.37,77.69,77.68,77.37,957.7598156600001
1533154200,77.25,77.38,77.38,77.25,570.29118948
1533154500,77.14,77.26,77.26,77.14,491.50232128000005
1533154800,77.14,77.19,77.15,77.19,380.60489947
1533155100,77.18,77.19,77.19,77.18,251.39876683000003
1533155400,76.8,77.19,77.19,76.81,1984.6817941000002
1533155700,76.5,76.84,76.82,76.51,737.9985145
1533156000,76.35,76.51,76.5,76.35,772.95673379
1533156300,76.3,76.49,76.36,76.31,660.7070155200001
1533156600,76.17,76.36,76.3,76.18,1192.9392790200002
1533156900,76.12,76.18,76.17,76.12,176.50079574000003
1533157200,76.12,76.52,76.13,76.31,713.8581970699998
1533157500,76.31,76.57,76.31,76.52,514.21355915
1533157800,76.38,76.62,76.52,76.39,656.5651722699998
1533158100,76.39,76.57,76.39,76.56,260.26000223
1533158400,76.51,76.57,76.56,76.51,123.89603448
1533158700,76.51,76.95,76.52,76.67,1930.0284492499998
1533159000,76.67,76.72,76.68,76.7,335.6064754
1533159300,76.68,76.73,76.7,76.68,209.75474255
1533159600,76.62,76.69,76.69,76.63,157.23131638
1533159900,76.55,76.67,76.62,76.62,386.36615728999993
1533160200,76.26,76.62,76.62,76.28,1017.5287473199999
1533160500,76.12,76.28,76.28,76.14,539.87129275
1533160800,76.0,76.2,76.14,76.01,1899.4047301600003
1533161100,75.97,76.99,76.01,76.99,1539.5472658899998
1533161400,76.6,76.99,76.99,76.8,1574.2036049700002
1533161700,76.8,77.27,76.8,77.27,1455.6513759900004
1533162000,77.19,77.85,77.27,77.85,1216.25819689
1533162300,77.72,78.25,77.85,77.92,3286.4883135299997
1533162600,77.6,77.92,77.92,77.86,1295.7707810799993
1533162900,77.59,78.0,77.86,77.85,1408.5779646900005
1533163200,77.67,77.94,77.86,77.68,511.1196040699999
1533163500,77.51,77.68,77.68,77.51,843.2883131100003
1533163800,77.5,77.65,77.51,77.57,727.2539686299999
1533164100,77.5,77.79,77.56,77.71,1186.71273779
1533164400,77.45,77.71,77.71,77.45,834.0236440900001
1533164700,77.35,77.39,77.39,77.36,114.7088396
1533165000,77.35,77.49,77.36,77.48,698.93292644
1533165300,77.48,77.6,77.48,77.6,179.10566912999997
1533165600,77.5,77.82,77.6,77.73,480.1631021699999
1533165900,77.64,77.85,77.73,77.71,604.3947072899999
1533166200,77.53,77.71,77.7,77.7,546.0543287799999
1533166500,77.54,77.69,77.68,77.61,209.51528853999997
1533166800,77.55,77.6,77.56,77.59,98.16604858000001
1533167100,77.59,77.6,77.6,77.6,100.74404039000001
1533167400,77.4,77.64,77.6,77.58,655.76079845
1533167700,77.59,77.64,77.59,77.64,314.50000142
1533168000,77.63,77.65,77.64,77.64,327.63223532
1533168300,77.63,77.65,77.64,77.64,180.20591529000006
1533168600,77.65,77.83,77.65,77.83,194.65124612000002
1533168900,77.79,77.89,77.83,77.84,300.67707543999995
1533169200,77.8,77.87,77.85,77.83,391.78487847999986
1533169500,77.83,77.84,77.84,77.84,225.44888586000005
1533169800,77.83,77.88,77.83,77.88,359.6999943399999
1533170100,77.87,78.15,77.88,78.15,2067.79606048
1533170400,78.08,78.15,78.15,78.13,493.32930531999995
1533170700,78.11,78.14,78.14,78.12,180.47557762999998
1533171000,78.12,78.14,78.12,78.13,556.25768612
1533171300,78.13,78.2,78.13,78.19,369.09493366000004
1533171600,78.19,78.39,78.19,78.23,1136.93102437
1533171900,78.17,78.25,78.23,78.25,523.60451101
1533172200,78.25,78.3,78.25,78.3,354.37938429999997
1533172500,78.29,78.3,78.3,78.3,351.31080907
1533172800,78.29,78.36,78.3,78.33,221.49617440999998
1533173100,77.96,78.33,78.33,78.08,1663.6666957999998
1533173400,77.9,78.08,78.08,78.06,171.5035692
1533173700,77.85,78.06,78.06,78.05,351.10381253
1533174000,78.05,78.15,78.06,78.15,83.14497849
1533174300,77.95,78.15,78.15,78.07,557.60397126
1533174600,77.99,78.14,78.06,78.14,202.38142612
1533174900,78.13,78.14,78.14,78.14,149.82837085
1533175200,77.95,78.14,78.13,77.96,239.75163073999994
1533175500,77.96,78.08,77.96,78.04,186.38369599
1533175800,77.9,78.04,78.04,77.91,262.15144157
1533176100,77.9,77.95,77.9,77.94,124.08871366
1533176400,77.94,77.95,77.94,77.95,228.2927435
1533176700,77.94,77.95,77.95,77.95,67.1345857
1533177000,77.94,77.95,77.94,77.94,135.02120235
1533177300,77.94,77.95,77.94,77.95,90.21561118
1533177600,77.86,77.95,77.94,77.86,783.097409
1533177900,77.84,77.87,77.87,77.85,205.15280684
1533178200,77.84,77.85,77.85,77.85,55.305662129999995
1533178500,77.84,77.88,77.85,77.84,510.92688290999996
1533178800,77.84,77.87,77.85,77.86,138.40129873
1533179100,77.78,77.86,77.85,77.78,229.70827619
1533179400,77.62,77.77,77.77,77.63,376.11690967000004
1533179700,77.61,77.68,77.63,77.62,412.27499015999996
1533180000,77.59,77.64,77.62,77.62,322.11473198
1533180300,77.49,77.64,77.61,77.55,630.1773971
1533180600,77.55,77.64,77.56,77.63,214.76749252000002
1533180900,77.63,77.65,77.64,77.65,84.24833636000001
1533181200,77.64,77.65,77.65,77.65,136.91378176
1533181500,77.64,77.74,77.65,77.74,232.56401751
1533181800,77.73,77.74,77.74,77.73,71.73272689999999
1533182100,77.5,77.74,77.74,77.62,532.77738329
1533182400,77.61,77.61,77.61,77.61,0.48731988000000004
1533182700,77.53,77.61,77.61,77.57,113.15322881
1533183000,77.56,77.57,77.57,77.57,70.54751092000001
1533183300,77.56,77.67,77.56,77.67,79.53253000999999
1533183600,77.67,77.71,77.67,77.7,120.92233194000002
1533183900,77.7,77.71,77.71,77.71,45.828794949999995
1533184200,77.52,77.71,77.71,77.55,1184.6741488500002
1533184500,77.54,77.55,77.55,77.55,118.33700571000001
1533184800,77.52,77.55,77.55,77.52,146.82581486
1533185100,77.51,77.53,77.53,77.52,132.44200897999997
1533185400,77.51,77.52,77.52,77.52,60.45409017
1533185700,77.51,77.52,77.52,77.52,65.62912372999999
1533186000,77.51,77.52,77.51,77.51,162.46054242999998
1533186300,77.51,77.52,77.52,77.51,384.84769365
1533186600,77.51,77.52,77.52,77.52,84.56557909
1533186900,77.51,77.52,77.52,77.52,108.34974613
1533187200,77.51,77.65,77.52,77.65,291.90105844
1533187500,77.64,77.65,77.64,77.65,185.11653404
1533187800,77.64,77.65,77.65,77.65,142.22032605
1533188100,77.52,77.65,77.65,77.57,153.0935876
1533188400,77.56,77.57,77.57,77.57,91.32377724999999
1533188700,77.52,77.6,77.57,77.55,253.76262150999997
1533189000,77.55,77.56,77.56,77.56,115.53159971999999
1533189300,77.55,77.6,77.55,77.6,117.35101032000001
1533189600,77.59,77.6,77.6,77.6,24.63488586
1533189900,77.59,77.67,77.59,77.67,145.72324166999996
1533190200,77.59,77.67,77.67,77.6,185.61962993999998
1533190500,77.59,77.65,77.6,77.62,62.39535634999999
1533190800,77.55,77.64,77.62,77.56,206.3044416
1533191100,77.55,77.66,77.56,77.65,39.26653283
1533191400,77.67,77.67,77.67,77.67,0.3525
1533191700,77.65,77.68,77.68,77.66,245.83791846999998
1533192000,77.58,77.67,77.65,77.61,182.85173627
1533192300,77.61,77.62,77.62,77.61,12.368641380000003
1533192600,77.58,77.62,77.62,77.59,93.80242146999998
1533192900,77.58,77.59,77.58,77.59,114.68582343
1533193200,77.58,77.59,77.59,77.59,51.48556356999999
1533193500,77.58,77.7,77.58,77.7,258.49761627000004
1533193800,77.69,77.72,77.69,77.72,71.67418209
1533194100,77.72,77.84,77.72,77.84,29.240858640000003
1533194400,77.84,77.89,77.84,77.88,57.65062875
1533194700,77.88,77.89,77.89,77.89,82.07156081
1533195000,77.88,77.89,77.89,77.89,194.53841838
1533195300,77.88,77.89,77.88,77.89,159.3977312
1533195600,77.71,77.88,77.88,77.71,28.12907696
1533195900,77.64,77.72,77.71,77.64,106.69638834
1533196200,77.64,77.65,77.65,77.65,109.31206035
1533196500,77.61,77.68,77.65,77.64,136.68958596000002
1533196800,77.63,77.64,77.64,77.64,35.70403181
1533197100,77.58,77.64,77.64,77.59,24.711179780000002
1533197400,77.58,77.6,77.58,77.6,67.70101696
1533197700,77.59,77.64,77.59,77.64,83.17807055
1533198000,77.63,77.67,77.63,77.67,22.297975050000005
1533198300,77.64,77.67,77.66,77.64,82.05332987
1533198600,77.57,77.65,77.64,77.59,200.17502278999999
1533198900,77.58,77.59,77.59,77.59,45.267793389999994
1533199200,77.58,77.65,77.59,77.65,65.75606859999999
1533199500,77.64,77.65,77.65,77.65,20.681370630000004
1533199800,77.58,77.65,77.65,77.58,246.64741626
1533200100,77.22,77.6,77.58,77.22,1020.76557888
1533200400,77.22,77.3,77.22,77.27,131.53469477000002
1533200700,77.22,77.28,77.27,77.26,59.28663680000001
1533201000,77.26,77.34,77.26,77.34,102.98421442999998
1533201300,77.3,77.35,77.3,77.34,26.699494340000005
1533201600,77.33,77.37,77.35,77.37,87.85521254
1533201900,77.33,77.45,77.37,77.39,244.71635847000002
1533202200,77.34,77.45,77.45,77.39,190.65790237
1533202500,77.24,77.37,77.33,77.37,195.16855978
1533202800,77.22,77.37,77.37,77.22,22.51149872
1533203100,77.22,77.23,77.22,77.23,23.662188089999997
1533203400,77.22,77.29,77.23,77.22,177.20270501000005
1533203700,77.13,77.23,77.22,77.19,306.43664788999996
1533204000,77.06,77.17,77.17,77.06,73.84581595
1533204300,76.86,77.07,77.07,76.87,1057.3118766400003
1533204600,76.86,76.89,76.87,76.87,1254.9710411099998
1533204900,76.87,77.07,76.87,76.9,402.09026441
1533205200,76.84,76.95,76.9,76.84,93.93607234000001
1533205500,76.8,76.86,76.85,76.83,247.31574465999995
1533205800,76.82,76.92,76.83,76.84,103.00436377
1533206100,76.8,76.86,76.84,76.85,172.5065496
1533206400,76.79,76.86,76.85,76.8,480.73616499999997
1533206700,76.79,76.81,76.8,76.81,136.83345525000001
1533207000,76.8,76.95,76.8,76.95,368.3434447900001
1533207300,76.94,76.95,76.95,76.94,62.70296678000001
1533207600,76.81,76.95,76.95,76.92,192.37972739000003
1533207900,76.76,76.76,76.76,76.76,6.02859854
1533208200,76.63,76.76,76.76,76.74,291.15814232
1533208500,76.66,76.74,76.74,76.67,75.85088339
1533208800,76.6,76.67,76.67,76.6,91.90489426
1533209100,76.49,76.61,76.6,76.5,1636.0621117099995
1533209400,76.49,76.62,76.5,76.51,800.6696678900003
1533209700,76.51,76.62,76.51,76.6,650.4628967500001
1533210000,76.59,76.71,76.6,76.62,168.80707622999998
1533210300,76.53,76.66,76.6,76.66,259.71199668
1533210600,76.52,76.66,76.66,76.52,227.24427989000003
1533210900,76.43,76.53,76.53,76.44,331.99396597000003
1533211200,76.43,76.44,76.43,76.44,72.77964926
1533211500,76.43,76.5,76.44,76.47,142.07963243999998
1533211800,76.45,76.47,76.47,76.47,47.70257028000001
1533212100,76.46,76.47,76.47,76.47,86.87358766
1533212400,76.4,76.47,76.47,76.41,609.3869007500001
1533212700,76.35,76.47,76.41,76.46,724.7641256900001
1533213000,76.35,76.5,76.46,76.37,721.7650672
1533213300,76.36,76.45,76.37,76.41,152.14994390999996
1533213600,76.2,76.42,76.42,76.2,515.15636867
1533213900,76.06,76.2,76.2,76.15,1137.1700187599997
1533214200,76.05,76.2,76.15,76.06,457.63517969
1533214500,76.05,76.11,76.05,76.05,404.89319237000007
1533214800,76.05,76.12,76.05,76.1,1201.26434291
1533215100,76.1,76.32,76.1,76.31,398.39047492000003
1533215400,76.19,76.32,76.3,76.24,209.53584688000007
1533215700,76.15,76.24,76.24,76.21,383.06390705
1533216000,76.2,76.24,76.2,76.21,188.4576897
1533216300,76.1,76.27,76.2,76.18,2057.35593216
1533216600,75.72,76.18,76.18,75.72,3100.6373220699998
1533216900,75.55,75.84,75.73,75.84,2447.92226867
1533217200,75.83,75.95,75.9,75.94,150.03757393999996
1533217500,75.82,75.97,75.95,75.82,702.14826483
1533217800,75.75,75.93,75.82,75.89,529.9277933200001
1533218100,75.8,75.9,75.87,75.81,243.75976781
1533218400,75.57,75.81,75.81,75.62,433.38657868000007
1533218700,75.51,75.72,75.62,75.71,1539.1267579500002
1533219000,75.69,75.77,75.71,75.75,513.86331818
1533219300,75.74,75.8,75.74,75.8,391.25601004
1533219600,75.79,76.1,75.8,76.1,1136.6374177200005
1533219900,76.0,76.14,76.1,76.13,564.62453967
1533220200,75.98,76.13,76.13,75.98,426.53574065
1533220500,75.98,76.1,75.99,76.09,304.9808898
1533220800,76.02,76.1,76.1,76.09,267.75166921
1533221100,76.08,76.09,76.08,76.09,507.84254229
1533221400,76.08,76.26,76.09,76.22,516.89819001
1533221700,76.01,76.22,76.22,76.15,441.84897561
1533222000,76.12,76.21,76.14,76.21,549.94903965
1533222300,76.16,76.35,76.18,76.31,358.1090346099999
1533222600,76.32,76.38,76.32,76.36,161.55769269
1533222900,76.31,76.38,76.36,76.35,302.06695635
1533223200,76.3,76.34,76.34,76.31,218.78888562999998
1533223500,76.15,76.31,76.31,76.19,402.91466545000003
1533223800,76.1,76.19,76.19,76.16,375.48834331
1533224100,76.06,76.17,76.1,76.16,394.73688166999995
1533224400,76.06,76.16,76.16,76.14,316.06137364999995
1533224700,76.07,76.25,76.14,76.17,426.12652094000003
1533225000,76.17,76.23,76.18,76.2,358.10805792
1533225300,76.1,76.24,76.17,76.23,212.16711898
1533225600,76.16,76.24,76.23,76.24,197.39572474
1533225900,76.23,76.25,76.23,76.25,136.49231032
1533226200,76.06,76.25,76.25,76.07,329.35548661000007
1533226500,75.87,76.1,76.07,75.96,881.5068374000001
1533226800,75.83,76.5,75.96,76.5,2609.73254426
1533227100,76.35,77.16,76.5,77.16,2454.1606113600005
1533227400,76.89,77.31,77.16,77.0,1541.13058603
1533227700,76.7,77.01,76.99,76.95,618.62682412
1533228000,76.8,76.96,76.95,76.8,130.13413430000003
1533228300,76.8,76.92,76.81,76.85,239.45080723999996
1533228600,76.82,76.86,76.86,76.85,136.82962217
1533228900,76.81,76.85,76.85,76.85,267.49302848
1533229200,76.8,76.94,76.84,76.89,207.36684743000004
1533229500,76.88,76.94,76.89,76.93,263.26164581
1533229800,76.92,77.13,76.92,77.09,317.67025511
1533230100,77.01,77.09,77.08,77.01,217.70566725999998
1533230400,76.94,77.02,77.01,76.95,148.77995679
1533230700,76.9,77.02,76.96,76.93,277.63465821
1533231000,76.84,76.93,76.92,76.84,193.19420381999998
1533231300,76.62,76.85,76.84,76.62,153.48985754
1533231600,76.44,76.62,76.61,76.46,259.19447312999995
1533231900,76.45,76.46,76.46,76.45,64.31139453
1533232200,76.45,76.5,76.45,76.5,171.26434674
1533232500,76.25,76.5,76.5,76.25,503.88858977
1533232800,76.23,76.45,76.26,76.45,673.35581171
1533233100,76.1,76.46,76.45,76.12,792.93177559
1533233400,75.88,76.18,76.11,75.9,2110.70245187
1533233700,75.89,76.12,75.9,76.1,1257.29458896
1533234000,76.09,76.12,76.09,76.12,257.05068321
1533234300,75.97,76.2,76.12,76.2,417.3867746199999
1533234600,76.08,76.2,76.2,76.09,259.3133067
1533234900,76.01,76.09,76.02,76.07,140.89629108000003
1533235200,76.05,76.11,76.07,76.1,254.55167742999998
1533235500,76.05,76.19,76.05,76.19,126.09802797
1533235800,76.18,76.19,76.18,76.19,170.69739567999997
1533236100,76.11,76.25,76.19,76.16,247.79593861999996
1533236400,76.11,76.22,76.17,76.21,315.01308696999996
1533236700,76.18,76.35,76.21,76.35,246.05237242
1533237000,76.29,76.41,76.34,76.32,278.62606756
1533237300,76.15,76.35,76.31,76.17,565.3810393400001
1533237600,76.16,76.35,76.17,76.3,483.46651752
1533237900,76.29,76.5,76.29,76.45,170.16109286
1533238200,76.31,76.5,76.44,76.45,854.2041969700002
1533238500,76.37,76.45,76.41,76.43,277.24242893999997
1533238800,76.37,76.46,76.43,76.42,335.82510304000004
1533239100,76.32,76.43,76.42,76.41,220.67013223
1533239400,76.21,76.41,76.4,76.21,218.31029242999995
1533239700,76.2,76.34,76.21,76.34,153.92160971
1533240000,76.33,76.34,76.34,76.34,89.10596656999999
1533240300,76.21,76.34,76.33,76.26,284.75755875
1533240600,76.22,76.38,76.26,76.38,345.89267345
1533240900,76.36,76.41,76.38,76.4,163.3058713
1533241200,76.36,76.42,76.4,76.38,257.46326199000003
1533241500,76.37,76.43,76.38,76.42,266.58325857
1533241800,76.42,76.51,76.43,76.51,339.07844624000006
1533242100,76.42,76.54,76.51,76.45,789.4704676099999
1533242400,76.42,76.5,76.46,76.42,162.39729792
1533242700,76.4,76.45,76.43,76.41,244.87434414999996
1533243000,76.15,76.41,76.41,76.21,336.39807261
1533243300,76.11,76.22,76.22,76.11,179.69213595000002
1533243600,76.11,76.14,76.11,76.14,184.16110835
1533243900,76.1,76.18,76.13,76.1,131.3268412
1533244200,76.1,76.14,76.1,76.11,521.0159206899999
1533244500,76.1,76.14,76.11,76.14,135.84634257
1533244800,76.11,76.13,76.13,76.12,130.42006062
1533245100,76.11,76.12,76.12,76.12,122.87804371000001
1533245400,76.11,76.12,76.12,76.12,113.97845452999998
1533245700,76.11,76.14,76.12,76.13,450.47813352
1533246000,76.1,76.13,76.13,76.11,333.67475293999996
1533246300,76.1,76.14,76.1,76.11,624.05156015
1533246600,76.1,76.11,76.11,76.1,91.15211926
1533246900,76.03,76.11,76.11,76.1,456.7877757999999
1533247200,76.06,76.09,76.09,76.08,275.93950587
1533247500,76.07,76.08,76.08,76.08,125.10483296000001
1533247800,76.07,76.1,76.07,76.09,359.94830712
1533248100,76.1,76.36,76.1,76.35,136.93196633
1533248400,76.35,76.39,76.36,76.39,445.62222818
1533248700,76.38,76.46,76.38,76.46,359.78019240000003
1533249000,76.45,76.5,76.46,76.48,317.88926832
1533249300,76.45,76.49,76.49,76.46,107.19778452
1533249600,76.38,76.49,76.45,76.39,281.1905936
1533249900,76.3,76.39,76.39,76.39,286.14044777000004
1533250200,76.38,76.47,76.39,76.47,263.756988
1533250500,76.38,76.47,76.47,76.39,186.45761194
1533250800,76.38,76.39,76.38,76.39,98.0016605
1533251100,76.38,76.39,76.39,76.39,174.87983774
1533251400,76.38,76.39,76.39,76.39,110.04319971999999
1533251700,76.2,76.39,76.39,76.24,267.14932524999995
1533252000,76.24,76.25,76.25,76.25,171.56324513000004
1533252300,76.2,76.32,76.25,76.26,582.7382739
1533252600,76.2,76.26,76.25,76.21,179.56683173
1533252900,76.2,76.26,76.2,76.25,70.67628025
1533253200,76.22,76.25,76.24,76.24,88.72918605
1533253500,76.23,76.24,76.23,76.24,158.94792667
1533253800,76.23,76.24,76.24,76.24,323.13257828
1533254100,76.23,76.24,76.24,76.23,103.08979011
1533254400,76.14,76.24,76.23,76.16,614.8599801900001
1533254700,76.16,76.22,76.16,76.21,901.8692628299999
1533255000,76.14,76.22,76.22,76.21,592.42365132
1533255300,76.14,76.21,76.21,76.17,240.91512769999997
1533255600,76.13,76.17,76.17,76.13,174.03477552
1533255900,76.0,76.13,76.13,76.01,1280.12086079
1533256200,75.75,76.01,76.0,75.75,1008.05474002
1533256500,75.51,75.83,75.75,75.82,2353.23942399
1533256800,75.55,75.81,75.81,75.55,881.47663386
1533257100,75.5,75.56,75.55,75.55,1159.94564119
1533257400,75.44,75.55,75.54,75.51,1156.1946569
1533257700,75.44,75.51,75.51,75.5,522.09888353
1533258000,75.42,75.5,75.5,75.43,732.1599131
1533258300,75.25,75.42,75.42,75.26,975.9034813799999
1533258600,75.13,75.3,75.26,75.14,887.24447737
1533258900,75.11,75.24,75.13,75.23,595.8418102
1533259200,75.23,75.69,75.24,75.53,998.7835413900004
1533259500,75.4,75.53,75.53,75.4,424.19766960000004
1533259800,75.38,75.49,75.41,75.45,412.81670741999994
1533260100,75.25,75.46,75.46,75.37,486.98910727999987
1533260400,75.25,75.4,75.38,75.29,340.6149482
1533260700,75.28,75.46,75.28,75.46,332.89848254000003
1533261000,75.32,75.4,75.4,75.33,736.4048472799997
1533261300,75.15,75.33,75.32,75.16,494.9344804399999
1533261600,75.15,75.25,75.15,75.19,443.97422403999997
1533261900,75.14,75.22,75.19,75.15,342.30023819999997
1533262200,75.14,75.31,75.14,75.2,995.3119198500001
1533262500,75.14,75.23,75.15,75.2,330.0001731
1533262800,75.14,75.2,75.19,75.2,462.62684142
1533263100,75.16,75.22,75.2,75.22,313.36338263
1533263400,75.13,75.22,75.21,75.14,336.39797224
1533263700,75.13,75.2,75.14,75.2,572.5352944
1533264000,75.2,75.25,75.2,75.25,366.39708167
1533264300,75.24,75.25,75.25,75.25,210.80732989
1533264600,75.24,75.36,75.25,75.34,700.28261367
1533264900,75.3,75.34,75.31,75.31,142.31337770000002
1533265200,75.17,75.31,75.31,75.21,637.0965602000001
1533265500,75.17,75.29,75.21,75.21,595.85532284
1533265800,75.2,75.25,75.22,75.21,264.04246334
1533266100,75.18,75.25,75.21,75.19,395.19540507000005
1533266400,75.17,75.2,75.18,75.18,274.09735551
1533266700,75.15,75.2,75.18,75.15,345.03321836
1533267000,75.15,75.19,75.15,75.17,155.86377370000002
1533267300,75.15,75.23,75.17,75.15,381.54102272999995
1533267600,75.14,75.17,75.15,75.16,145.92417537
1533267900,75.16,75.19,75.16,75.17,105.86782358999999
1533268200,75.15,75.2,75.17,75.2,76.93668353999999
1533268500,75.16,75.22,75.2,75.17,237.38869842000003
1533268800,75.12,75.17,75.17,75.12,234.94194174999998
1533269100,75.05,75.13,75.13,75.05,919.5705605699999
1533269400,75.02,75.06,75.05,75.02,438.99318172999995
1533269700,75.02,75.14,75.03,75.13,389.99642301999995
1533270000,75.12,75.98,75.13,75.51,4968.5619725199995
1533270300,75.5,75.51,75.5,75.5,451.1577191
1533270600,75.45,75.51,75.5,75.46,476.0746848099999
1533270900,75.36,75.46,75.45,75.37,193.83095894000002
1533271200,75.3,75.37,75.36,75.35,407.49978049000015
1533271500,75.31,75.38,75.34,75.38,634.3738344
1533271800,75.26,75.38,75.38,75.26,215.68761832999996
1533272100,75.25,75.73,75.26,75.73,786.4029764200001
1533272400,75.55,75.73,75.72,75.56,311.37877719
1533272700,75.53,75.55,75.55,75.53,230.18883002
1533273000,75.45,75.54,75.53,75.48,336.34775907
1533273300,75.42,75.5,75.49,75.5,341.19423767999996
1533273600,75.27,75.5,75.5,75.31,316.39556436999993
1533273900,75.31,75.43,75.31,75.43,580.50798611
1533274200,75.42,75.54,75.43,75.49,125.4532532
1533274500,75.45,75.51,75.5,75.49,92.89645611
1533274800,75.46,75.65,75.46,75.61,77.10127496
1533275100,75.57,75.68,75.57,75.68,300.98835795
1533275400,75.67,75.68,75.67,75.68,50.030667650000005
1533275700,75.6,75.68,75.68,75.66,115.45239163000002
1533276000,75.6,75.68,75.64,75.6,82.24619677
1533276300,75.57,75.65,75.61,75.65,151.77105867
1533276600,75.6,75.76,75.64,75.66,279.85129427999993
1533276900,75.61,75.77,75.64,75.69,143.56575104
1533277200,75.68,75.69,75.69,75.69,92.77170792999999
1533277500,75.68,75.75,75.69,75.75,128.50797225000002
1533277800,75.75,75.79,75.75,75.78,290.07814349999995
1533278100,75.77,75.79,75.78,75.78,120.90370232999999
1533278400,75.77,75.78,75.78,75.77,11.959784630000001
1533278700,75.77,75.78,75.78,75.78,54.41593453
1533279000,75.77,75.82,75.78,75.81,98.43782132000001
1533279300,75.81,75.82,75.82,75.81,37.617980890000005
1533279600,75.65,75.82,75.82,75.68,150.15209084999998
1533279900,75.35,75.68,75.68,75.35,313.19747601
1533280200,75.09,75.36,75.35,75.12,1128.6315133699995
1533280500,75.01,75.11,75.11,75.01,665.71146811
1533280800,75.0,75.06,75.01,75.06,1822.79778579
1533281100,75.03,75.06,75.05,75.05,384.55811797
1533281400,75.04,75.23,75.05,75.23,231.19495659999998
1533281700,75.22,75.56,75.22,75.4,366.77902179
1533282000,75.35,75.52,75.38,75.36,238.91158393999999
1533282300,75.35,75.44,75.36,75.39,143.54907066
1533282600,75.3,75.4,75.4,75.33,165.09333188999997
1533282900,75.3,75.65,75.33,75.65,169.28533641
1533283200,75.64,75.7,75.64,75.7,345.41118859
1533283500,75.7,75.98,75.7,75.83,1109.13251111
1533283800,75.79,75.93,75.87,75.88,181.18606264000002
1533284100,75.75,75.88,75.87,75.82,600.69302818
1533284400,75.64,75.82,75.82,75.65,53.24326227
1533284700,75.52,75.64,75.64,75.53,129.97713037000003
1533285000,75.53,75.58,75.58,75.53,59.62806475
1533285300,75.53,75.6,75.53,75.6,56.96197313
1533285600,75.56,75.6,75.6,75.56,74.68505521
1533285900,75.59,75.64,75.6,75.64,25.32770286
1533286200,75.63,75.69,75.64,75.69,116.61342025999997
1533286500,75.68,75.69,75.69,75.69,49.94916586
1533286800,75.56,75.69,75.68,75.57,176.52461789999998
1533287100,75.55,75.57,75.57,75.56,88.74585833
1533287400,75.37,75.56,75.56,75.37,266.08389624999995
1533287700,75.27,75.41,75.37,75.38,333.89609685000005
1533288000,75.33,75.41,75.37,75.34,46.49768348
1533288300,75.25,75.34,75.33,75.26,93.94489373
1533288600,75.25,75.26,75.26,75.26,60.630162450000014
1533288900,75.22,75.25,75.25,75.23,35.857289800000004
1533289200,75.22,75.23,75.23,75.22,49.16125435
1533289500,75.22,75.23,75.23,75.23,55.55036276999999
1533289800,75.19,75.23,75.23,75.21,109.0891878
1533290100,75.2,75.21,75.21,75.21,71.70397598999999
1533290400,75.21,75.39,75.21,75.38,315.0792216599999
1533290700,75.38,75.49,75.39,75.39,707.5866389800001
1533291000,75.38,75.39,75.39,75.38,157.09897959
1533291300,75.35,75.39,75.39,75.39,41.87440896
1533291600,75.28,75.39,75.39,75.33,147.26085371
1533291900,75.3,75.35,75.33,75.32,160.79460514
1533292200,75.32,75.33,75.33,75.33,26.79319483
1533292500,75.29,75.39,75.33,75.32,339.80692095999996
1533292800,75.31,75.39,75.32,75.37,95.7937087
1533293100,75.22,75.37,75.37,75.23,234.98902510999997
1533293400,75.22,75.33,75.22,75.33,115.65926040999999
1533293700,75.33,75.42,75.33,75.41,97.44196363
1533294000,75.36,75.42,75.42,75.38,84.80468904
1533294300,75.37,75.47,75.38,75.42,148.05041413
1533294600,75.26,75.42,75.42,75.27,297.09982047
1533294900,75.25,75.32,75.27,75.26,58.64278661000001
1533295200,75.25,75.3,75.26,75.26,205.70313237999994
1533295500,75.23,75.3,75.28,75.23,177.76391116
1533295800,75.23,75.26,75.24,75.26,78.36017905
1533296100,75.26,75.3,75.26,75.29,209.23008963
1533296400,75.27,75.35,75.29,75.32,94.74028698000001
1533296700,75.31,75.47,75.31,75.47,527.2514804599999
1533297000,75.38,75.47,75.46,75.39,102.43677335000001
1533297300,75.34,75.4,75.4,75.38,116.89850735000002
1533297600,75.31,75.39,75.39,75.33,147.70234859
1533297900,75.33,75.34,75.34,75.34,69.50917298
1533298200,75.33,75.4,75.34,75.4,327.45107636
1533298500,75.39,75.45,75.39,75.45,118.18045262999996
1533298800,75.45,75.5,75.45,75.49,123.09885579
1533299100,75.49,75.5,75.5,75.49,223.3098822
1533299400,75.49,75.5,75.5,75.5,87.30964175
1533299700,75.49,75.64,75.5,75.63,649.1397789499999
1533300000,75.63,75.67,75.63,75.67,381.37096666
1533300300,75.66,75.67,75.66,75.67,256.53126672
1533300600,75.66,75.67,75.67,75.67,192.48189147
1533300900,75.66,75.67,75.67,75.67,142.14266698
1533301200,75.6,75.67,75.67,75.63,563.8329820499999
1533301500,75.53,75.67,75.67,75.63,347.88314597000004
1533301800,75.59,75.63,75.63,75.6,186.03958817
1533302100,75.44,75.6,75.6,75.55,822.4117602000001
1533302400,75.51,75.6,75.54,75.52,239.53691737
1533302700,75.51,75.55,75.51,75.51,155.32975594
1533303000,75.51,75.6,75.52,75.6,275.3371246
1533303300,75.54,75.61,75.6,75.56,272.35618472
1533303600,75.54,75.6,75.56,75.58,128.37817601
1533303900,75.55,75.67,75.59,75.63,587.84470625
1533304200,75.63,75.9,75.64,75.89,977.3710322100001
1533304500,75.89,76.01,75.9,76.01,1157.21481255
1533304800,76.03,76.18,76.03,76.14,1147.5252401100001
1533305100,76.04,76.15,76.14,76.08,177.40101471
1533305400,76.07,76.35,76.08,76.35,1721.92836842
1533305700,76.34,76.49,76.35,76.48,1266.2469322099998
1533306000,76.48,76.5,76.49,76.49,1204.04329393
1533306300,76.48,76.6,76.49,76.58,907.9840700800002
1533306600,76.49,76.6,76.56,76.5,429.39830532
1533306900,76.49,76.6,76.5,76.56,469.77637194
1533307200,76.5,76.6,76.56,76.59,483.35380121000003
1533307500,76.5,76.6,76.6,76.5,346.97638010000003
1533307800,76.49,76.55,76.5,76.55,138.86664704999998
1533308100,76.54,76.55,76.55,76.54,281.62632873999996
1533308400,76.37,76.55,76.55,76.37,902.5754382099998
1533308700,76.3,76.38,76.38,76.32,502.75486086
1533309000,76.25,76.33,76.33,76.26,180.17992562
1533309300,76.05,76.33,76.26,76.26,1161.53259243
1533309600,76.2,76.33,76.26,76.24,186.42440111
1533309900,76.17,76.33,76.24,76.33,513.78040457
1533310200,76.19,76.37,76.32,76.34,477.9871554399999
1533310500,76.32,76.37,76.34,76.33,305.25517553
1533310800,76.2,76.33,76.33,76.21,206.96102045
1533311100,76.2,76.3,76.21,76.26,314.38745124999997
1533311400,76.24,76.3,76.27,76.3,238.63605929
1533311700,76.25,76.3,76.29,76.3,199.63391882
1533312000,76.26,76.46,76.29,76.46,298.13927819
1533312300,76.41,76.48,76.46,76.41,471.23752149
1533312600,76.21,76.41,76.4,76.3,443.61410092999995
1533312900,76.22,76.34,76.22,76.34,727.8638363199999
1533313200,76.05,76.34,76.34,76.1,534.1396351000002
1533313500,76.09,76.18,76.1,76.14,163.5974229
1533313800,76.14,76.23,76.14,76.2,103.6465599
1533314100,76.18,76.22,76.21,76.19,186.75519685999998
1533314400,76.15,76.2,76.2,76.19,372.84364829000003
1533314700,76.16,76.22,76.19,76.21,175.95417432
1533315000,76.17,76.27,76.21,76.25,249.62922018000003
1533315300,76.19,76.35,76.25,76.34,401.56858731999995
1533315600,76.32,76.45,76.35,76.45,205.57303269999994
1533315900,76.44,76.53,76.45,76.53,106.66361634
1533316200,76.52,76.63,76.53,76.62,147.72879371000002
1533316500,76.61,76.64,76.61,76.64,189.39959651
1533316800,76.63,76.7,76.64,76.7,233.28008147
1533317100,76.69,76.75,76.7,76.74,259.26762302
1533317400,76.74,76.77,76.75,76.77,161.8195843
1533317700,76.77,76.99,76.77,76.99,973.0030194999999
1533318000,76.99,77.28,76.99,77.27,1803.1539211499999
1533318300,77.2,77.3,77.28,77.29,378.40835004
1533318600,77.2,77.3,77.3,77.29,413.60026994
1533318900,77.29,77.34,77.3,77.3,385.68263458
1533319200,77.06,77.3,77.3,77.06,469.78890290000004
1533319500,76.93,77.07,77.07,76.94,369.78868264
1533319800,76.93,77.15,76.93,77.11,984.6494618599999
1533320100,76.97,77.11,77.11,77.02,212.10934315
1533320400,77.0,77.07,77.02,77.01,296.78036794
1533320700,76.95,77.05,77.01,77.05,221.96734742
1533321000,77.05,77.16,77.05,77.14,157.91378325
1533321300,77.01,77.14,77.14,77.02,815.59836166
1533321600,77.02,77.14,77.02,77.11,242.00689297000002
1533321900,77.07,77.13,77.12,77.07,182.86238989999998
1533322200,76.74,77.07,77.07,76.84,1146.9810475400002
1533322500,76.65,76.85,76.83,76.85,196.05006139
1533322800,76.61,76.85,76.85,76.61,581.92153448
1533323100,76.45,76.62,76.62,76.53,494.10389840999994
1533323400,76.19,76.53,76.53,76.3,1757.15886417
1533323700,76.2,76.34,76.29,76.26,341.13018548
1533324000,76.2,76.36,76.26,76.2,1072.4907263900002
1533324300,76.2,76.4,76.2,76.33,689.19562139
1533324600,76.26,76.4,76.32,76.27,397.54552417
1533324900,76.26,76.27,76.27,76.26,10.2497387
1533325200,76.27,76.36,76.28,76.29,197.22380904000005
1533325500,76.28,76.36,76.29,76.33,437.98043366
1533325800,76.32,76.33,76.32,76.32,187.57343325
1533326100,76.26,76.45,76.33,76.45,1036.8506619099999
1533326400,76.46,76.65,76.46,76.65,114.12625373
1533326700,76.65,76.69,76.65,76.69,208.59872271
1533327000,76.68,76.7,76.68,76.69,295.06779976999997
1533327300,76.64,76.86,76.7,76.78,850.7857787300003
1533327600,76.78,76.93,76.78,76.92,155.91913733
1533327900,76.77,76.93,76.92,76.77,609.61814407
1533328200,76.77,76.78,76.78,76.78,110.56339391
1533328500,76.77,76.79,76.78,76.78,120.96993792
1533328800,76.78,76.88,76.79,76.88,221.7882334
1533329100,76.72,76.88,76.88,76.87,448.74788835999993
1533329400,76.83,76.89,76.88,76.88,242.71199467
1533329700,76.89,76.9,76.89,76.89,140.70530723
1533330000,76.89,77.01,76.89,77.01,231.02078503
1533330300,77.0,77.11,77.01,77.07,526.68723315
1533330600,77.07,77.23,77.07,77.23,695.43283646
1533330900,77.21,77.25,77.22,77.25,534.9100644900001
1533331200,77.24,77.28,77.24,77.28,366.75933611
1533331500,77.28,77.46,77.28,77.43,1150.3576357000002
1533331800,77.33,77.52,77.42,77.52,845.83006383
1533332100,77.5,77.75,77.52,77.75,492.64444014000003
1533332400,77.65,77.8,77.72,77.78,346.71837524
1533332700,77.65,77.77,77.77,77.7,389.47138731999996
1533333000,77.51,77.72,77.72,77.6,249.07611812
1533333300,77.59,77.6,77.6,77.6,6.7917654899999995
