1550758800,48.13,48.22,48.22,48.17,2425.23
1550759100,48.19,48.3,48.19,48.3,437.54
1550759400,48.29,48.36,48.29,48.36,1213.64
1550759700,48.35,48.5,48.35,48.45,1937.9
1550760000,48.42,48.47,48.45,48.42,160.57
1550760300,48.32,48.43,48.43,48.32,249.89
1550760600,48.32,48.36,48.33,48.33,351.19
1550760900,48.26,48.33,48.32,48.26,577.8
1550761200,48.21,48.3,48.27,48.24,205.7
1550761500,48.15,48.24,48.23,48.15,599.41
1550761800,48.15,48.25,48.15,48.22,599.71
1550762100,48.24,48.29,48.25,48.28,159.38
1550762400,48.28,48.37,48.28,48.37,144.46
1550762700,48.34,48.38,48.36,48.38,255.41
1550763000,48.32,48.4,48.37,48.4,641.49
1550763300,48.39,48.4,48.4,48.4,468.15
1550763600,48.39,48.4,48.4,48.4,327.21
1550763900,48.39,48.42,48.39,48.42,278.9
1550764200,48.41,48.42,48.42,48.41,234.75
1550764500,48.41,48.44,48.42,48.42,184.04
1550764800,48.39,48.42,48.42,48.39,293.6
1550765100,48.06,48.39,48.39,48.06,2140.92
1550765400,48.05,48.09,48.07,48.06,4392.65
1550765700,47.93,48.1,48.05,48.01,1906.2
1550766000,48.0,48.2,48.01,48.17,897.67
1550766300,48.08,48.19,48.19,48.1,289.24
1550766600,47.9,48.1,48.09,47.9,1166.3
1550766900,47.83,48.0,47.92,47.94,340.66
1550767200,47.88,48.05,47.93,47.96,1223.24
1550767500,47.87,48.01,47.96,47.97,582.42
1550767800,48.0,48.11,48.01,48.08,90.06
1550768100,47.95,48.08,48.08,47.99,1015.01
1550768400,47.98,47.99,47.99,47.99,155.71
1550768700,47.98,48.09,47.99,48.02,1187.14
1550769000,48.01,48.1,48.02,48.09,291.93
1550769300,47.98,48.15,48.09,48.0,739.04
1550769600,47.96,48.06,48.04,48.0,388.16
1550769900,47.9,48.01,48.01,47.9,575.74
1550770200,47.91,47.94,47.91,47.92,341.04
1550770500,47.89,47.92,47.92,47.9,236.43
1550770800,47.89,48.0,47.89,48.0,1086.19
1550771100,47.99,48.06,48.0,48.06,430.34
1550771400,48.05,48.12,48.06,48.12,223.47
1550771700,48.04,48.25,48.12,48.06,1436.31
1550772000,47.7,48.06,48.05,48.01,7884.28
1550772300,47.92,48.05,48.01,47.92,368.17
1550772600,47.95,48.07,47.95,48.06,364.25
1550772900,47.94,48.05,48.05,48.02,230.85
1550773200,48.0,48.1,48.0,48.02,335.56
1550773500,47.96,48.03,48.02,47.99,304.17
1550773800,47.99,48.0,48.0,47.99,145.63
1550774100,47.96,48.0,48.0,47.98,188.49
1550774400,47.96,47.99,47.98,47.98,76.12
1550774700,47.82,47.99,47.98,47.82,1337.33
1550775000,47.89,47.95,47.9,47.91,137.1
1550775300,47.9,47.94,47.9,47.91,478.18
1550775600,47.82,47.91,47.9,47.83,1894.96
1550775900,47.82,47.93,47.83,47.92,334.32
1550776200,47.8,47.93,47.91,47.84,531.7
1550776500,47.8,47.89,47.83,47.84,204.06
1550776800,47.83,47.89,47.83,47.87,133.46
1550777100,47.9,47.94,47.9,47.94,178.51
1550777400,47.92,47.99,47.94,47.96,402.94
1550777700,47.95,48.0,47.96,47.99,61.46
1550778000,47.88,48.0,47.99,47.88,628.33
1550778300,47.88,47.99,47.88,47.98,216.51
1550778600,47.99,48.1,47.99,48.03,667.27
1550778900,48.0,48.07,48.04,48.01,262.17
1550779200,47.9,48.01,48.01,48.0,357.52
1550779500,48.0,48.11,48.0,48.11,416.55
1550779800,47.97,48.12,48.11,48.06,1086.07
1550780100,48.07,48.14,48.07,48.14,534.47
1550780400,48.08,48.15,48.14,48.13,302.58
1550780700,48.1,48.23,48.1,48.19,721.46
1550781000,48.15,48.22,48.2,48.16,111.89
1550781300,48.14,48.16,48.16,48.15,174.09
1550781600,48.14,48.25,48.14,48.15,455.2
1550781900,48.15,48.26,48.15,48.26,99.61
1550782200,48.11,48.25,48.25,48.11,114.81
1550782500,48.06,48.12,48.11,48.12,797.4
1550782800,48.06,48.19,48.12,48.15,385.53
1550783100,48.08,48.2,48.15,48.1,262.14
1550783400,48.11,48.2,48.11,48.17,224.88
1550783700,48.22,48.27,48.22,48.25,144.46
1550784000,48.25,48.35,48.25,48.34,245.49
1550784300,48.34,48.35,48.35,48.35,320.06
1550784600,48.34,48.35,48.35,48.34,309.68
1550784900,48.32,48.35,48.35,48.33,386.49
1550785200,48.25,48.34,48.33,48.34,506.01
1550785500,48.26,48.34,48.34,48.29,105.69
1550785800,48.29,48.35,48.3,48.31,498.66
1550786100,48.32,48.36,48.32,48.35,103.94
1550786400,48.25,48.35,48.35,48.27,234.28
1550786700,48.25,48.28,48.27,48.28,101.75
1550787000,48.26,48.3,48.27,48.29,185.64
1550787300,48.22,48.29,48.28,48.29,274.2
1550787600,48.26,48.3,48.29,48.29,194.53
1550787900,48.29,48.3,48.3,48.29,350.21
1550788200,48.27,48.3,48.3,48.28,155.42
1550788500,48.2,48.29,48.28,48.22,1259.78
1550788800,48.12,48.22,48.22,48.12,252.14
1550789100,48.1,48.15,48.13,48.11,307.46
1550789400,48.11,48.12,48.11,48.12,412.19
1550789700,48.1,48.11,48.11,48.11,220.09
1550790000,48.1,48.11,48.1,48.11,126.14
1550790300,48.09,48.11,48.11,48.1,264.19
1550790600,48.09,48.1,48.1,48.1,94.36
1550790900,48.09,48.1,48.1,48.09,72.89
1550791200,48.09,48.17,48.1,48.14,184.95
1550791500,48.1,48.17,48.12,48.1,162.72
1550791800,48.0,48.13,48.13,48.12,421.64
1550792100,48.1,48.2,48.13,48.2,100.42
1550792400,48.15,48.22,48.2,48.22,110.35
1550792700,48.21,48.25,48.22,48.25,115.07
1550793000,48.26,48.3,48.27,48.3,562.97
1550793300,48.29,48.47,48.3,48.46,3061.54
1550793600,48.38,48.5,48.47,48.38,362.21
1550793900,48.38,48.44,48.39,48.44,135.75
1550794200,48.43,48.85,48.44,48.83,2205.83
1550794500,48.54,48.77,48.77,48.54,425.51
1550794800,48.54,48.67,48.54,48.66,327.11
1550795100,48.62,48.67,48.62,48.66,164.81
1550795400,48.65,48.67,48.65,48.65,580.59
1550795700,48.65,48.66,48.66,48.65,223.4
1550796000,48.65,48.66,48.66,48.66,201.36
1550796300,48.6,48.67,48.66,48.6,919.39
1550796600,48.4,48.6,48.6,48.47,547.58
1550796900,48.47,48.57,48.47,48.52,640.68
1550797200,48.46,48.52,48.52,48.47,66.8
1550797500,48.46,48.47,48.47,48.47,397.0
1550797800,48.47,48.6,48.47,48.6,625.17
1550798100,48.55,48.65,48.56,48.63,263.06
1550798400,48.63,48.8,48.64,48.79,525.44
1550798700,48.78,48.84,48.79,48.84,1148.61
1550799000,48.84,49.19,48.84,49.11,3600.47
1550799300,48.94,49.11,49.11,49.04,982.82
1550799600,48.93,49.04,49.03,48.95,1109.67
1550799900,48.94,48.95,48.95,48.95,640.94
1550800200,48.94,49.08,48.94,49.08,652.66
1550800500,49.05,49.11,49.07,49.11,732.23
1550800800,49.11,49.4,49.11,49.2,2271.21
1550801100,49.15,49.24,49.15,49.23,346.63
1550801400,49.22,49.38,49.23,49.27,784.19
1550801700,49.18,49.32,49.26,49.18,1199.01
1550802000,49.17,49.28,49.17,49.28,658.64
1550802300,49.27,49.4,49.28,49.36,436.27
1550802600,49.31,49.43,49.32,49.41,433.71
1550802900,49.26,49.4,49.4,49.27,898.12
1550803200,49.19,49.27,49.27,49.19,653.91
1550803500,49.19,49.21,49.2,49.2,98.79
1550803800,49.01,49.2,49.19,49.1,1927.56
1550804100,49.08,49.19,49.09,49.19,358.79
1550804400,49.18,49.2,49.19,49.19,103.26
1550804700,49.19,49.24,49.19,49.21,379.7
1550805000,49.15,49.21,49.21,49.16,226.18
1550805300,49.04,49.16,49.16,49.12,1039.56
1550805600,49.08,49.14,49.11,49.12,643.46
1550805900,49.1,49.12,49.12,49.11,113.07
1550806200,49.1,49.11,49.11,49.1,122.71
1550806500,49.1,49.21,49.11,49.21,218.71
1550806800,49.06,49.21,49.21,49.11,569.58
1550807100,49.06,49.1,49.1,49.07,148.05
1550807400,49.05,49.07,49.07,49.05,105.73
1550807700,49.04,49.06,49.05,49.05,307.36
1550808000,49.04,49.05,49.04,49.05,84.02
1550808300,49.05,49.16,49.05,49.16,564.42
1550808600,49.11,49.16,49.16,49.11,312.57
1550808900,49.11,49.12,49.12,49.12,115.48
1550809200,49.11,49.14,49.12,49.13,136.08
1550809500,49.0,49.13,49.13,49.06,630.58
1550809800,49.03,49.06,49.06,49.06,109.2
1550810100,49.0,49.06,49.06,49.01,334.34
1550810400,49.0,49.01,49.01,49.0,135.69
1550810700,49.0,49.06,49.01,49.06,244.06
1550811000,49.05,49.06,49.06,49.06,129.23
1550811300,49.05,49.16,49.06,49.16,233.44
1550811600,49.14,49.25,49.16,49.23,576.78
1550811900,49.11,49.31,49.24,49.13,393.61
1550812200,49.03,49.2,49.14,49.2,848.34
1550812500,49.19,49.3,49.2,49.3,270.65
1550812800,49.2,49.32,49.26,49.23,686.31
1550813100,49.2,49.23,49.21,49.22,14.92
1550813400,49.15,49.23,49.21,49.23,592.45
1550813700,49.02,49.15,49.15,49.03,1464.69
1550814000,49.02,49.09,49.02,49.02,175.95
1550814300,49.02,49.04,49.03,49.03,88.68
1550814600,48.82,49.03,49.03,48.86,594.99
1550814900,48.85,49.0,48.86,48.98,160.18
1550815200,48.95,49.15,48.99,49.0,537.15
1550815500,48.94,49.07,49.07,48.94,326.49
1550815800,48.87,48.93,48.93,48.91,171.58
1550816100,48.7,48.91,48.91,48.9,470.79
1550816400,48.89,48.96,48.9,48.92,236.45
1550816700,48.9,48.94,48.94,48.9,284.0
1550817000,48.77,48.91,48.91,48.81,266.86
1550817300,48.75,48.9,48.81,48.75,476.66
1550817600,48.81,48.87,48.81,48.83,141.71
1550817900,48.79,48.84,48.79,48.82,20.01
1550818200,48.7,48.82,48.82,48.73,285.36
1550818500,48.7,48.73,48.71,48.7,28.09
1550818800,48.36,48.71,48.71,48.43,2605.72
1550819100,48.2,48.39,48.38,48.21,1274.67
1550819400,48.08,48.2,48.2,48.08,2473.09
1550819700,48.03,48.23,48.07,48.05,1802.85
1550820000,47.9,48.05,48.05,47.95,3607.36
1550820300,47.87,48.0,47.99,47.95,200.08
1550820600,47.96,48.0,47.96,47.96,253.69
1550820900,47.88,47.96,47.96,47.88,339.94
1550821200,47.83,47.9,47.88,47.9,1029.52
1550821500,47.86,48.1,47.86,48.05,895.2
1550821800,47.99,48.02,48.01,48.02,219.61
1550822100,47.99,48.13,48.01,48.06,318.42
1550822400,48.06,48.17,48.07,48.17,347.5
1550822700,48.12,48.18,48.17,48.17,223.12
1550823000,48.14,48.17,48.17,48.14,35.52
1550823300,48.16,48.33,48.16,48.3,159.74
1550823600,48.34,48.8,48.34,48.7,2445.87
1550823900,48.62,49.02,48.62,48.89,1350.57
1550824200,48.84,49.01,48.93,48.88,251.07
1550824500,48.63,48.88,48.88,48.7,487.78
1550824800,48.71,48.83,48.71,48.8,564.33
1550825100,48.86,49.02,48.86,49.02,341.41
1550825400,48.93,49.02,49.02,49.01,156.24
1550825700,49.01,49.02,49.02,49.02,107.54
1550826000,48.87,49.06,49.02,48.87,666.17
1550826300,48.86,48.92,48.91,48.92,464.78
1550826600,48.91,48.92,48.92,48.92,22.33
1550826900,48.86,48.99,48.92,48.89,585.72
1550827200,48.87,48.96,48.88,48.96,613.74
1550827500,48.91,48.99,48.95,48.91,714.67
1550827800,48.91,49.07,48.91,48.96,404.26
1550828100,48.96,48.96,48.96,48.96,73.71
1550828400,48.84,49.1,48.96,48.96,328.91
1550828700,48.86,49.08,48.97,49.08,411.47
1550829000,49.04,49.04,49.04,49.04,9.1
1550829300,49.0,49.05,49.04,49.05,58.67
1550829600,48.94,49.04,49.04,48.97,145.84
1550829900,48.81,48.91,48.91,48.81,78.99
1550830200,48.81,48.97,48.81,48.86,128.78
1550830500,48.88,48.9,48.88,48.9,1.98
1550830800,48.9,48.9,48.9,48.9,24.04
1550831100,48.89,48.9,48.9,48.9,25.57
1550831400,48.89,48.9,48.9,48.89,34.84
1550831700,48.85,48.86,48.86,48.86,50.16
1550832000,48.85,48.86,48.86,48.86,9.3
1550832300,48.85,48.86,48.86,48.86,23.68
1550832600,48.8,48.86,48.85,48.8,162.66
1550832900,48.8,48.81,48.81,48.8,21.73
1550833200,48.56,48.8,48.8,48.67,612.71
1550833500,48.62,48.8,48.62,48.8,94.47
1550833800,48.57,48.74,48.74,48.59,108.12
1550834100,48.57,48.73,48.57,48.73,291.61
1550834400,48.75,48.8,48.75,48.76,249.14
1550834700,48.76,48.9,48.77,48.79,964.4
1550835000,48.75,48.82,48.79,48.82,15.8
1550835300,48.82,48.89,48.82,48.88,80.1
1550835600,48.75,48.9,48.86,48.89,904.38
1550835900,48.78,48.9,48.89,48.78,139.86
1550836200,48.69,48.84,48.78,48.79,441.54
1550836500,48.79,48.89,48.79,48.89,192.7
1550836800,48.84,48.89,48.89,48.88,90.73
1550837100,48.86,48.87,48.87,48.86,13.11
1550837400,48.81,48.95,48.86,48.91,571.07
1550837700,48.87,48.95,48.91,48.87,379.67
1550838000,48.81,49.14,48.81,48.92,1585.53
1550838300,48.9,48.99,48.92,48.99,110.18
1550838600,48.99,49.13,48.99,49.13,171.56
1550838900,49.03,49.2,49.03,49.2,273.72
1550839200,49.2,49.4,49.2,49.27,1367.6
1550839500,49.2,49.34,49.27,49.22,434.18
1550839800,49.08,49.22,49.22,49.15,902.91
1550840100,49.0,49.26,49.15,49.01,733.97
1550840400,49.01,49.09,49.02,49.05,374.39
1550840700,49.06,49.23,49.06,49.17,938.77
1550841000,49.17,49.29,49.17,49.2,941.34
1550841300,49.18,49.24,49.2,49.24,181.64
1550841600,49.05,49.31,49.24,49.22,2164.64
1550841900,49.15,49.26,49.23,49.22,80.03
1550842200,49.22,49.47,49.25,49.44,1287.55
1550842500,49.3,49.4,49.37,49.39,503.24
1550842800,49.32,49.44,49.4,49.38,347.74
1550843100,49.32,49.38,49.38,49.32,515.31
1550843400,49.32,49.45,49.32,49.38,523.79
1550843700,49.26,49.45,49.39,49.32,1540.51
1550844000,49.27,49.33,49.33,49.33,251.56
1550844300,49.25,49.33,49.33,49.29,237.36
1550844600,49.04,49.29,49.29,49.08,924.18
1550844900,49.07,49.25,49.07,49.08,935.66
1550845200,48.89,49.11,49.08,48.93,1369.32
1550845500,48.9,49.08,48.93,49.07,510.02
1550845800,49.04,49.12,49.05,49.04,480.51
1550846100,49.01,49.06,49.05,49.02,211.02
1550846400,49.02,49.15,49.02,49.13,201.34
1550846700,49.09,49.2,49.09,49.1,778.06
1550847000,49.02,49.15,49.1,49.13,1997.45
1550847300,49.02,49.14,49.12,49.05,350.4
1550847600,49.02,49.15,49.09,49.02,287.55
1550847900,48.89,49.03,49.03,48.9,938.4
1550848200,48.7,48.9,48.9,48.83,723.34
1550848500,48.61,48.83,48.83,48.8,1262.17
1550848800,48.42,48.8,48.8,48.51,4499.83
1550849100,48.47,48.67,48.51,48.5,666.53
1550849400,48.15,48.5,48.47,48.5,1714.42
1550849700,48.41,48.66,48.49,48.66,1019.54
1550850000,48.52,48.66,48.65,48.6,295.02
1550850300,48.5,48.65,48.61,48.65,523.73
1550850600,48.6,48.82,48.64,48.78,817.49
1550850900,48.78,48.86,48.78,48.8,604.49
1550851200,48.69,48.85,48.8,48.76,1009.34
1550851500,48.76,48.88,48.77,48.84,386.19
1550851800,48.8,48.88,48.85,48.86,372.79
1550852100,48.81,48.88,48.87,48.87,350.04
1550852400,48.86,48.95,48.87,48.91,1208.85
1550852700,48.87,48.92,48.92,48.89,595.52
1550853000,48.85,48.89,48.89,48.86,156.24
1550853300,48.8,48.98,48.85,48.95,931.54
1550853600,48.88,48.95,48.95,48.89,246.41
1550853900,48.88,48.93,48.88,48.91,153.69
1550854200,48.77,48.94,48.92,48.83,455.64
1550854500,48.83,48.85,48.83,48.85,192.79
1550854800,48.62,48.85,48.85,48.65,310.91
1550855100,48.61,48.83,48.65,48.77,1225.0
1550855400,48.75,48.88,48.77,48.75,471.92
1550855700,48.75,48.79,48.76,48.76,241.62
1550856000,48.76,48.88,48.76,48.83,270.55
1550856300,48.82,48.83,48.83,48.82,139.66
1550856600,48.79,48.83,48.83,48.79,175.24
1550856900,48.79,48.9,48.8,48.9,154.48
1550857200,48.89,48.91,48.89,48.91,166.25
1550857500,48.9,48.91,48.9,48.9,74.65
1550857800,48.9,48.95,48.91,48.95,2738.08
1550858100,48.95,48.96,48.95,48.95,294.13
1550858400,48.95,48.98,48.96,48.98,175.08
1550858700,48.97,48.98,48.98,48.98,127.94
1550859000,48.78,48.98,48.98,48.8,4515.9
1550859300,48.8,48.98,48.81,48.85,230.94
1550859600,48.83,48.91,48.86,48.83,657.05
1550859900,48.84,48.88,48.84,48.87,130.78
1550860200,48.87,48.93,48.88,48.91,137.23
1550860500,48.9,49.0,48.9,49.0,349.02
1550860800,48.95,49.0,49.0,48.96,2510.0
1550861100,48.94,48.97,48.96,48.95,207.76
1550861400,48.94,48.97,48.95,48.97,278.81
1550861700,48.94,48.99,48.97,48.98,167.39
1550862000,48.94,48.98,48.97,48.94,92.23
1550862300,48.94,48.96,48.96,48.95,133.0
1550862600,48.94,49.0,48.95,49.0,471.4
1550862900,48.95,49.08,48.99,48.95,847.91
1550863200,48.94,49.12,48.95,49.1,773.76
1550863500,49.1,49.11,49.1,49.11,39.38
1550863800,49.02,49.11,49.11,49.04,1492.95
1550864100,49.04,49.05,49.05,49.05,229.04
1550864400,49.04,49.07,49.05,49.06,339.51
1550864700,49.06,49.07,49.07,49.06,588.96
1550865000,49.06,49.07,49.07,49.07,439.78
1550865300,49.06,49.07,49.07,49.07,63.55
1550865600,49.05,49.1,49.07,49.06,1480.37
1550865900,49.04,49.15,49.06,49.05,2446.46
1550866200,48.95,49.05,49.05,48.96,415.91
1550866500,48.89,49.0,48.95,49.0,503.14
1550866800,48.89,49.0,49.0,48.89,1347.69
1550867100,48.72,48.9,48.9,48.8,2831.18
1550867400,48.8,48.91,48.8,48.9,333.79
1550867700,48.87,48.9,48.9,48.89,187.01
1550868000,48.88,48.99,48.88,48.98,787.94
1550868300,48.88,48.98,48.98,48.89,157.51
1550868600,48.88,48.89,48.89,48.89,40.07
1550868900,48.88,48.89,48.89,48.89,56.01
1550869200,48.73,48.89,48.89,48.89,409.94
1550869500,48.88,48.95,48.88,48.92,566.62
1550869800,48.92,48.95,48.93,48.93,69.92
1550870100,48.87,48.93,48.93,48.87,271.97
1550870400,48.87,48.88,48.88,48.88,93.47
1550870700,48.88,49.0,48.88,49.0,440.51
1550871000,48.99,49.04,48.99,49.04,197.73
1550871300,49.03,49.04,49.04,49.04,241.18
1550871600,49.01,49.04,49.04,49.03,131.52
1550871900,49.01,49.03,49.03,49.01,124.44
1550872200,48.93,49.02,49.01,48.93,315.18
1550872500,48.92,48.93,48.93,48.93,41.2
1550872800,48.92,49.04,48.93,49.04,1630.82
1550873100,49.03,49.04,49.03,49.04,428.54
1550873400,48.96,49.04,49.04,48.98,558.25
1550873700,48.97,48.98,48.98,48.98,279.04
1550874000,48.97,48.98,48.98,48.97,407.22
1550874300,48.97,48.99,48.98,48.98,293.08
1550874600,48.97,49.0,48.98,48.99,611.61
1550874900,48.99,49.0,49.0,49.0,98.91
1550875200,48.99,49.02,49.0,49.02,544.77
1550875500,49.01,49.13,49.02,49.12,721.34
1550875800,49.12,49.15,49.13,49.14,280.31
1550876100,49.14,49.15,49.15,49.14,233.21
1550876400,49.15,49.17,49.15,49.16,202.38
1550876700,49.16,49.22,49.17,49.21,754.11
1550877000,49.11,49.25,49.21,49.11,535.52
1550877300,49.04,49.22,49.1,49.22,321.2
1550877600,49.1,49.22,49.22,49.19,96.39
1550877900,49.19,49.24,49.2,49.21,254.08
1550878200,49.19,49.21,49.21,49.2,49.43
1550878500,49.2,49.24,49.2,49.21,138.04
1550878800,49.2,49.21,49.2,49.21,159.67
1550879100,49.2,49.25,49.21,49.25,195.69
1550879400,49.24,49.25,49.25,49.25,385.16
1550879700,49.06,49.25,49.24,49.07,1969.91
1550880000,49.06,49.14,49.07,49.06,430.84
1550880300,49.01,49.07,49.07,49.01,1218.19
1550880600,49.0,49.07,49.02,49.01,723.77
1550880900,48.98,49.01,49.01,48.98,720.23
1550881200,48.98,49.08,48.99,49.0,494.46
1550881500,48.98,49.08,49.03,48.98,444.43
1550881800,48.9,49.03,48.99,48.97,945.9
1550882100,48.97,49.07,48.98,49.03,129.52
1550882400,49.0,49.06,49.02,49.02,339.43
1550882700,49.01,49.07,49.02,49.03,99.66
1550883000,49.02,49.03,49.02,49.03,319.67
1550883300,49.04,49.07,49.05,49.05,67.64
1550883600,49.04,49.05,49.05,49.05,96.64
1550883900,49.01,49.05,49.05,49.05,143.81
1550884200,49.05,49.06,49.05,49.05,139.56
1550884500,48.95,49.05,49.05,48.99,474.92
1550884800,48.92,49.03,49.02,48.92,178.22
1550885100,48.89,48.98,48.93,48.9,487.37
1550885400,48.89,49.03,48.9,49.03,492.7
1550885700,48.91,49.04,49.03,48.91,587.95
1550886000,48.97,49.04,48.97,49.01,252.61
1550886300,48.86,49.01,49.01,48.97,706.19
1550886600,48.96,48.99,48.96,48.98,87.16
1550886900,48.98,49.0,49.0,48.99,30.65
1550887200,48.94,49.0,49.0,48.95,201.19
1550887500,48.91,48.98,48.95,48.94,321.96
1550887800,48.91,48.98,48.93,48.95,31.74
1550888100,48.93,48.95,48.95,48.95,110.05
1550888400,48.92,48.95,48.94,48.92,184.38
1550888700,48.92,48.92,48.92,48.92,71.42
1550889000,48.91,48.95,48.92,48.95,144.54
1550889300,48.91,48.95,48.95,48.91,108.89
1550889600,48.91,48.93,48.92,48.93,85.05
1550889900,48.88,48.93,48.93,48.89,460.13
1550890200,48.88,48.89,48.89,48.89,92.02
1550890500,48.88,48.89,48.89,48.88,229.95
1550890800,48.88,48.89,48.88,48.88,521.82
1550891100,48.59,48.89,48.88,48.65,3302.0
1550891400,48.68,48.8,48.69,48.69,896.26
1550891700,48.68,48.69,48.68,48.69,185.4
1550892000,48.68,48.73,48.69,48.73,196.63
1550892300,48.74,48.86,48.76,48.77,469.0
1550892600,48.78,48.79,48.79,48.79,97.96
1550892900,48.78,48.92,48.79,48.92,873.8
1550893200,48.87,48.88,48.88,48.87,388.93
1550893500,48.72,48.87,48.87,48.8,374.62
1550893800,48.79,48.82,48.8,48.81,45.5
1550894100,48.81,48.84,48.81,48.82,101.54
1550894400,48.68,48.83,48.83,48.68,457.16
1550894700,48.68,48.69,48.69,48.69,35.86
1550895000,48.68,48.69,48.68,48.69,105.08
1550895300,48.52,48.69,48.69,48.53,416.65
1550895600,48.52,48.53,48.53,48.52,128.91
1550895900,48.53,48.66,48.53,48.56,194.18
1550896200,48.5,48.57,48.57,48.5,948.19
1550896500,48.38,48.51,48.51,48.41,630.7
1550896800,48.03,48.41,48.41,48.18,5786.08
1550897100,48.17,48.35,48.18,48.35,1420.49
1550897400,48.35,48.37,48.36,48.35,256.8
1550897700,48.18,48.35,48.35,48.21,231.07
1550898000,48.21,48.24,48.21,48.21,291.93
1550898300,48.2,48.3,48.21,48.26,403.56
1550898600,48.22,48.29,48.25,48.29,7.19
1550898900,48.18,48.35,48.3,48.35,2116.13
1550899200,48.22,48.24,48.23,48.24,242.52
1550899500,48.23,48.33,48.23,48.3,148.36
1550899800,48.3,48.31,48.31,48.3,149.91
1550900100,48.3,48.37,48.3,48.37,570.62
1550900400,48.36,48.37,48.37,48.37,132.22
1550900700,48.36,48.37,48.37,48.37,151.59
1550901000,48.24,48.37,48.36,48.31,1298.86
1550901300,48.24,48.34,48.34,48.32,308.81
1550901600,48.34,48.35,48.35,48.35,15.33
1550901900,48.34,48.35,48.35,48.35,171.17
1550902200,48.21,48.35,48.35,48.22,272.31
