1541755500,52.09,52.1,52.1,52.09,79.03
1541755800,52.09,52.1,52.1,52.09,96.5
1541756100,51.5,52.1,52.09,51.66,6259.25
1541756400,51.5,51.7,51.66,51.58,388.52
1541756700,51.55,51.68,51.57,51.65,211.63
1541757000,51.71,51.89,51.71,51.89,37.94
1541757300,51.85,51.89,51.89,51.86,95.13
1541757600,51.71,51.86,51.86,51.85,752.03
1541757900,51.86,51.9,51.86,51.89,138.27
1541758200,51.87,51.9,51.9,51.88,10.88
1541758500,51.87,51.88,51.88,51.88,111.13
1541758800,51.87,51.91,51.87,51.91,65.63
1541759100,51.9,51.93,51.91,51.91,37.98
1541759400,51.9,51.91,51.9,51.91,16.76
1541759700,51.9,51.91,51.91,51.91,20.55
1541760000,51.9,51.91,51.9,51.91,72.63
1541760300,51.9,51.91,51.91,51.9,9.65
1541760600,51.9,51.91,51.9,51.91,32.64
1541760900,51.9,51.91,51.91,51.9,163.99
1541761200,51.9,51.91,51.91,51.91,15.25
1541761500,51.9,51.91,51.91,51.91,6.16
1541761800,51.9,51.91,51.9,51.91,208.46
1541762100,51.9,51.91,51.91,51.91,54.4
1541762400,51.9,51.91,51.91,51.9,22.48
1541762700,51.9,51.91,51.9,51.9,31.21
1541763000,51.91,51.97,51.91,51.97,226.43
1541763300,51.95,51.97,51.96,51.97,25.41
1541763600,51.96,51.98,51.97,51.98,79.0
1541763900,51.92,51.97,51.97,51.93,61.09
1541764200,51.8,51.91,51.91,51.81,1405.71
1541764500,51.78,51.81,51.81,51.78,170.89
1541764800,51.77,51.93,51.77,51.92,591.47
1541765100,51.91,51.92,51.92,51.92,17.65
1541765400,51.91,51.92,51.92,51.92,15.12
1541765700,51.91,51.97,51.92,51.92,33.55
1541766000,51.9,51.98,51.96,51.94,57.94
1541766300,51.94,51.98,51.94,51.97,43.19
1541766600,51.94,51.98,51.97,51.94,126.45
1541766900,51.8,51.95,51.95,51.8,222.27
1541767200,51.77,51.83,51.82,51.79,89.58
1541767500,51.78,51.8,51.79,51.79,136.92
1541767800,51.78,51.79,51.78,51.79,141.55
1541768100,51.78,51.79,51.79,51.78,51.13
1541768400,51.68,51.79,51.79,51.69,346.5
1541768700,51.5,51.69,51.69,51.5,448.0
1541769000,51.51,51.6,51.51,51.6,241.27
1541769300,51.53,51.6,51.59,51.58,170.69
1541769600,51.56,51.6,51.58,51.56,186.36
1541769900,51.5,51.57,51.57,51.51,46.88
1541770200,51.51,51.53,51.51,51.52,59.37
1541770500,51.5,51.53,51.53,51.51,83.48
1541770800,51.4,51.51,51.5,51.47,846.97
1541771100,51.46,51.58,51.46,51.57,190.41
1541771400,51.57,51.58,51.57,51.58,240.41
1541771700,51.57,51.64,51.58,51.64,1623.93
1541772000,51.64,51.74,51.64,51.74,76.39
1541772300,51.6,51.74,51.73,51.65,93.45
1541772600,51.6,51.65,51.65,51.61,36.94
1541772900,51.57,51.61,51.61,51.58,95.78
1541773200,51.57,51.58,51.58,51.58,109.55
1541773500,51.56,51.57,51.57,51.57,143.66
1541773800,51.54,51.58,51.56,51.55,278.8
1541774100,51.28,51.54,51.54,51.35,925.81
1541774400,51.07,51.36,51.35,51.24,2875.74
1541774700,51.19,51.3,51.25,51.29,398.06
1541775000,51.3,51.45,51.3,51.36,695.32
1541775300,51.27,51.38,51.35,51.35,1054.24
1541775600,51.33,51.45,51.35,51.45,239.87
1541775900,51.42,51.48,51.45,51.47,89.88
1541776200,51.29,51.43,51.43,51.38,1022.19
1541776500,51.36,51.44,51.38,51.42,63.12
1541776800,51.39,51.47,51.42,51.43,328.04
1541777100,51.41,51.45,51.42,51.43,72.46
1541777400,51.42,51.49,51.43,51.49,135.88
1541777700,51.48,51.49,51.49,51.49,49.46
1541778000,51.48,51.53,51.49,51.52,46.77
1541778300,51.48,51.53,51.53,51.48,125.27
1541778600,51.48,51.52,51.49,51.51,222.31
1541778900,51.5,51.64,51.5,51.54,965.41
1541779200,51.54,51.63,51.54,51.63,1009.47
1541779500,51.55,51.57,51.57,51.55,165.39
1541779800,51.53,51.56,51.55,51.55,398.86
1541780100,51.54,51.65,51.54,51.65,352.06
1541780400,51.64,51.66,51.65,51.65,101.52
1541780700,51.65,51.84,51.66,51.81,735.83
1541781000,51.78,51.96,51.81,51.86,494.66
1541781300,51.74,51.85,51.85,51.74,166.78
1541781600,51.74,51.75,51.75,51.75,71.01
1541781900,51.63,51.75,51.74,51.66,351.66
1541782200,51.65,51.66,51.65,51.66,329.86
1541782500,51.65,51.72,51.65,51.68,203.0
1541782800,51.65,51.7,51.67,51.68,110.27
1541783100,51.66,51.68,51.67,51.67,98.22
1541783400,51.66,51.67,51.66,51.67,111.7
1541783700,51.66,51.67,51.67,51.66,129.44
1541784000,51.66,51.67,51.67,51.67,28.58
1541784300,51.66,51.67,51.67,51.66,72.1
1541784600,51.66,51.68,51.67,51.68,180.53
1541784900,51.6,51.68,51.68,51.6,784.49
1541785200,51.5,51.61,51.61,51.51,239.96
1541785500,51.5,51.51,51.5,51.5,125.12
1541785800,51.5,51.55,51.5,51.55,74.51
1541786100,51.55,51.59,51.55,51.58,59.8
1541786400,51.55,51.69,51.57,51.6,540.7
1541786700,51.56,51.59,51.59,51.56,95.27
1541787000,51.39,51.57,51.57,51.39,564.43
1541787300,51.42,51.46,51.43,51.42,271.1
1541787600,51.42,51.47,51.42,51.45,125.65
1541787900,51.41,51.45,51.43,51.42,216.14
1541788200,51.41,51.47,51.43,51.46,383.14
1541788500,51.46,51.5,51.46,51.49,139.7
1541788800,51.46,51.49,51.48,51.47,248.65
1541789100,51.42,51.47,51.45,51.47,75.42
1541789400,51.41,51.46,51.46,51.42,105.3
1541789700,51.36,51.42,51.41,51.39,276.84
1541790000,51.36,51.39,51.38,51.38,179.51
1541790300,51.38,51.39,51.38,51.39,210.05
1541790600,51.38,51.39,51.38,51.39,54.06
1541790900,51.38,51.42,51.38,51.42,104.67
1541791200,51.41,51.51,51.42,51.49,403.6
1541791500,51.49,51.52,51.5,51.52,103.12
1541791800,51.51,51.67,51.52,51.66,424.17
1541792100,51.55,51.66,51.66,51.61,696.34
1541792400,51.58,51.62,51.6,51.61,73.68
1541792700,51.54,51.61,51.61,51.55,38.17
1541793000,51.47,51.58,51.58,51.5,79.2
1541793300,51.5,51.55,51.51,51.53,93.72
1541793600,51.54,51.6,51.54,51.59,56.96
1541793900,51.59,51.6,51.59,51.6,95.8
1541794200,51.55,51.62,51.6,51.55,442.32
1541794500,51.57,51.6,51.58,51.59,175.89
1541794800,51.57,51.59,51.59,51.59,48.35
1541795100,51.58,51.59,51.59,51.59,19.17
1541795400,51.58,51.61,51.59,51.6,91.65
1541795700,51.55,51.61,51.61,51.56,244.55
1541796000,51.4,51.56,51.56,51.4,630.26
1541796300,51.41,51.47,51.41,51.46,32.54
1541796600,51.47,51.64,51.47,51.55,904.78
1541796900,51.54,51.58,51.58,51.57,116.31
1541797200,51.52,51.57,51.54,51.52,110.01
1541797500,51.43,51.52,51.52,51.46,106.33
1541797800,51.31,51.47,51.44,51.31,315.94
1541798100,51.31,51.32,51.32,51.32,49.57
1541798400,51.3,51.32,51.31,51.31,35.01
1541798700,51.2,51.31,51.31,51.21,659.93
1541799000,51.2,51.31,51.21,51.31,291.2
1541799300,51.25,51.31,51.31,51.26,295.08
1541799600,51.26,51.29,51.28,51.28,49.87
1541799900,51.28,51.29,51.29,51.29,108.95
1541800200,51.28,51.29,51.29,51.29,156.22
1541800500,51.27,51.32,51.29,51.29,429.63
1541800800,51.29,51.31,51.3,51.31,163.34
1541801100,51.22,51.31,51.31,51.22,477.38
1541801400,51.22,51.33,51.23,51.32,439.45
1541801700,51.17,51.32,51.31,51.2,506.64
1541802000,51.18,51.37,51.18,51.24,1448.94
1541802300,51.2,51.29,51.2,51.26,136.97
1541802600,51.26,51.31,51.29,51.29,52.45
1541802900,51.26,51.3,51.3,51.29,277.91
1541803200,51.28,51.3,51.29,51.3,58.69
1541803500,51.25,51.31,51.3,51.31,273.35
1541803800,51.3,51.37,51.31,51.36,113.38
1541804100,51.29,51.37,51.34,51.37,106.68
1541804400,51.35,51.4,51.36,51.4,974.04
1541804700,51.38,51.4,51.4,51.4,160.07
1541805000,51.39,51.4,51.4,51.4,166.88
1541805300,51.39,51.4,51.4,51.4,173.92
1541805600,51.39,51.49,51.4,51.48,366.21
1541805900,51.42,51.49,51.48,51.45,56.27
1541806200,51.44,51.5,51.44,51.5,115.81
1541806500,51.49,51.5,51.49,51.49,11.75
1541806800,51.5,51.67,51.5,51.65,576.87
1541807100,51.63,51.69,51.63,51.69,242.96
1541807400,51.68,51.75,51.68,51.74,665.63
1541807700,51.64,51.76,51.75,51.66,522.44
1541808000,51.62,51.65,51.65,51.62,33.35
1541808300,51.61,51.67,51.61,51.67,80.37
1541808600,51.66,51.67,51.67,51.67,62.45
1541808900,51.64,51.75,51.66,51.69,211.23
1541809200,51.69,51.76,51.7,51.72,117.88
1541809500,51.72,51.73,51.72,51.73,101.14
1541809800,51.72,51.8,51.73,51.77,63.66
1541810100,51.77,51.8,51.77,51.8,112.86
1541810400,51.74,51.8,51.8,51.77,79.46
1541810700,51.76,51.78,51.77,51.76,57.65
1541811000,51.74,51.77,51.76,51.75,137.73
1541811300,51.7,51.75,51.75,51.71,602.23
1541811600,51.7,51.71,51.71,51.71,46.52
1541811900,51.7,51.71,51.71,51.71,59.63
1541812200,51.7,51.71,51.71,51.71,16.45
1541812500,51.66,51.71,51.71,51.67,48.13
1541812800,51.61,51.67,51.66,51.65,189.94
1541813100,51.64,51.78,51.64,51.72,311.47
1541813400,51.65,51.72,51.72,51.65,66.74
1541813700,51.45,51.62,51.62,51.49,265.65
1541814000,51.46,51.69,51.46,51.66,60.04
1541814300,51.68,51.69,51.68,51.68,54.22
1541814600,51.68,51.78,51.69,51.77,106.58
1541814900,51.77,51.78,51.78,51.78,14.06
1541815200,51.77,51.78,51.77,51.78,12.33
1541815500,51.77,51.78,51.77,51.77,80.91
1541815800,51.77,51.78,51.77,51.78,36.67
1541816100,51.73,51.78,51.78,51.74,128.32
1541816400,51.72,51.8,51.74,51.8,126.55
1541816700,51.79,51.8,51.79,51.8,25.87
1541817000,51.79,51.8,51.8,51.8,62.07
1541817300,51.8,51.83,51.8,51.81,49.27
1541817600,51.63,51.82,51.82,51.63,1568.13
1541817900,51.64,51.69,51.69,51.64,31.04
1541818200,51.63,51.65,51.65,51.65,33.88
1541818500,51.53,51.64,51.64,51.53,74.0
1541818800,51.56,51.61,51.6,51.58,27.73
1541819100,51.51,51.59,51.58,51.58,182.72
1541819400,51.58,51.59,51.59,51.59,53.63
1541819700,51.58,51.64,51.59,51.64,33.76
1541820000,51.64,51.74,51.64,51.71,191.38
1541820300,51.7,51.71,51.71,51.71,23.38
1541820600,51.7,51.71,51.7,51.71,19.62
1541820900,51.7,51.71,51.7,51.71,50.18
1541821200,51.7,51.71,51.71,51.71,22.98
1541821500,51.7,51.71,51.7,51.71,33.35
1541821800,51.7,51.71,51.71,51.7,137.14
1541822100,51.7,51.71,51.71,51.71,49.06
1541822400,51.68,51.71,51.7,51.68,192.85
1541822700,51.69,51.69,51.69,51.69,5.46
1541823000,51.66,51.69,51.69,51.68,85.8
1541823300,51.65,51.68,51.67,51.67,81.45
1541823600,51.67,51.69,51.68,51.68,21.95
1541823900,51.68,51.69,51.69,51.69,71.18
1541824200,51.68,51.72,51.69,51.72,55.72
1541824500,51.71,51.74,51.71,51.71,90.15
1541824800,51.68,51.73,51.72,51.68,46.03
1541825100,51.68,51.73,51.68,51.73,200.18
1541825400,51.73,51.99,51.73,51.99,596.43
1541825700,51.94,51.99,51.97,51.94,182.04
1541826000,51.85,51.94,51.94,51.88,28.41
1541826300,51.86,51.94,51.89,51.86,69.71
1541826600,51.85,51.87,51.87,51.87,37.18
1541826900,51.81,51.84,51.84,51.81,29.42
1541827200,51.81,51.82,51.82,51.81,16.39
1541827500,51.81,51.87,51.81,51.85,32.98
1541827800,51.84,51.85,51.84,51.85,19.76
1541828100,51.82,51.85,51.85,51.82,45.15
1541828400,51.83,51.87,51.83,51.87,38.47
1541828700,51.82,51.86,51.86,51.83,25.37
1541829000,51.83,51.89,51.83,51.87,34.23
1541829300,51.85,51.89,51.88,51.88,97.48
1541829600,51.86,51.89,51.88,51.89,44.01
1541829900,51.87,51.89,51.89,51.88,13.33
1541830200,51.87,51.88,51.88,51.88,16.87
1541830500,51.82,51.87,51.87,51.82,75.15
1541830800,51.82,51.83,51.82,51.83,211.47
1541831100,51.82,51.88,51.83,51.84,165.72
1541831400,51.83,51.88,51.87,51.83,73.03
1541831700,51.81,51.83,51.82,51.83,19.93
1541832000,51.81,51.87,51.82,51.82,148.32
1541832300,51.81,51.82,51.81,51.82,9.72
1541832600,51.81,51.82,51.81,51.81,151.34
1541832900,51.81,51.82,51.82,51.82,14.82
1541833200,51.81,51.82,51.81,51.82,112.01
1541833500,51.81,51.82,51.81,51.82,94.7
1541833800,51.8,51.82,51.82,51.81,125.82
1541834100,51.8,51.81,51.81,51.8,48.08
1541834400,51.8,51.81,51.8,51.81,10.86
1541834700,51.8,51.82,51.8,51.82,9.19
1541835000,51.8,51.82,51.82,51.81,83.8
1541835300,51.8,51.81,51.8,51.81,34.96
1541835600,51.78,51.84,51.81,51.78,318.04
1541835900,51.79,51.8,51.79,51.8,14.23
1541836200,51.79,51.8,51.79,51.8,11.73
1541836500,51.68,51.8,51.8,51.69,472.34
1541836800,51.69,51.7,51.7,51.7,9.57
1541837100,51.7,51.7,51.7,51.7,5.0
1541837400,51.7,51.79,51.7,51.79,63.73
1541837700,51.78,51.79,51.78,51.78,41.06
1541838000,51.79,51.79,51.79,51.79,18.93
1541838300,51.78,51.79,51.79,51.78,70.21
1541838600,51.78,51.79,51.78,51.78,33.81
1541838900,51.72,51.79,51.79,51.72,28.34
1541839200,51.7,51.74,51.74,51.71,26.21
1541839500,51.68,51.73,51.71,51.69,22.73
1541839800,51.68,51.69,51.69,51.69,18.35
1541840100,51.68,51.69,51.68,51.69,4.73
1541840400,51.68,51.68,51.68,51.68,15.67
1541840700,51.68,51.69,51.69,51.69,24.4
1541841000,51.68,51.69,51.69,51.68,6.88
1541841300,51.68,51.69,51.68,51.69,3.38
1541841600,51.68,51.69,51.69,51.68,17.68
1541841900,51.68,51.69,51.69,51.68,28.43
1541842200,51.69,51.69,51.69,51.69,25.95
1541842500,51.68,51.69,51.68,51.68,61.21
1541842800,51.69,51.69,51.69,51.69,30.92
1541843100,51.68,51.69,51.69,51.68,4.93
1541843400,51.69,51.7,51.69,51.7,47.73
1541843700,51.7,51.7,51.7,51.7,1.0
1541844000,51.7,51.72,51.7,51.72,8.55
1541844300,51.71,51.72,51.72,51.72,16.32
1541844600,51.71,51.73,51.73,51.71,144.27
1541844900,51.62,51.72,51.72,51.62,119.05
1541845200,51.61,51.62,51.62,51.62,7.81
1541845500,51.61,51.62,51.62,51.62,13.07
1541845800,51.61,51.62,51.62,51.61,12.9
1541846100,51.61,51.62,51.62,51.61,10.95
1541846400,51.61,51.62,51.62,51.62,35.54
1541846700,51.6,51.62,51.62,51.6,21.19
1541847000,51.6,51.61,51.6,51.6,79.29
1541847300,51.6,51.61,51.6,51.6,26.68
1541847600,51.62,51.62,51.62,51.62,3.5
1541847900,51.61,51.65,51.62,51.65,25.72
1541848200,51.65,51.74,51.65,51.74,23.33
1541848500,51.73,51.75,51.75,51.73,6.91
1541848800,51.72,51.72,51.72,51.72,2.58
1541849100,51.71,51.72,51.72,51.72,19.98
1541849400,51.71,51.72,51.72,51.71,22.51
1541849700,51.72,51.76,51.72,51.75,57.96
1541850000,51.75,51.76,51.76,51.76,15.6
1541850300,51.75,51.78,51.75,51.78,14.32
1541850600,51.78,51.84,51.78,51.84,128.78
1541851200,51.85,51.89,51.85,51.89,45.75
1541851500,51.88,51.93,51.89,51.92,315.94
1541851800,51.92,51.93,51.92,51.93,1.54
1541852100,51.88,51.93,51.92,51.88,53.71
1541852400,51.84,51.88,51.88,51.85,11.8
1541852700,51.85,51.85,51.85,51.85,30.82
1541853000,51.85,51.86,51.85,51.85,29.31
1541853300,51.84,51.85,51.85,51.85,18.29
1541853600,51.84,51.89,51.85,51.89,25.23
1541853900,51.89,51.93,51.89,51.93,58.57
1541854200,51.92,51.93,51.93,51.93,36.92
1541854500,51.92,51.93,51.92,51.92,120.54
1541854800,51.92,51.93,51.93,51.92,4.02
1541855100,51.92,51.93,51.92,51.92,29.38
1541855400,51.92,51.93,51.92,51.93,149.58
1541855700,51.92,51.93,51.93,51.93,47.98
1541856000,51.92,51.93,51.93,51.93,46.44
1541856300,51.92,51.93,51.92,51.93,97.69
1541856600,51.92,51.93,51.92,51.92,17.24
1541856900,51.92,51.93,51.93,51.92,18.69
1541857200,51.92,51.93,51.93,51.93,161.04
1541857500,51.92,51.93,51.92,51.93,51.91
1541857800,51.92,51.93,51.93,51.93,47.11
1541858100,51.92,51.93,51.93,51.93,29.34
1541858400,51.92,51.93,51.93,51.93,68.32
1541858700,51.91,51.92,51.92,51.92,64.94
1541859000,51.91,51.92,51.92,51.92,102.37
1541859300,51.91,51.92,51.91,51.92,38.28
1541859600,51.91,51.95,51.92,51.95,37.77
1541859900,51.94,51.95,51.95,51.95,72.66
1541860200,51.94,51.95,51.94,51.95,109.94
1541860500,51.94,51.95,51.95,51.95,40.39
1541860800,51.94,51.98,51.94,51.96,322.41
1541861100,51.95,51.99,51.95,51.99,75.64
1541861400,51.98,52.0,51.98,51.98,86.68
1541861700,51.98,52.0,51.98,51.98,163.27
1541862000,51.99,52.0,52.0,51.99,93.17
1541862300,51.99,52.0,51.99,52.0,112.56
1541862600,51.99,52.0,52.0,52.0,72.04
1541862900,51.99,52.0,52.0,52.0,30.24
1541863200,51.99,52.0,52.0,52.0,146.82
1541863500,51.99,52.0,52.0,51.99,28.53
1541863800,51.99,52.0,52.0,52.0,73.99
1541864100,51.99,52.0,51.99,52.0,34.48
1541864400,51.98,52.0,51.99,51.99,360.71
1541864700,51.92,51.98,51.98,51.92,103.29
1541865000,51.92,51.95,51.95,51.95,68.59
1541865300,51.91,51.95,51.94,51.93,88.15
1541865600,51.91,51.93,51.91,51.92,59.43
1541865900,51.92,51.95,51.93,51.95,230.57
1541866200,51.94,51.95,51.94,51.94,150.76
1541866500,51.94,51.95,51.95,51.95,46.69
1541866800,51.95,52.0,51.95,52.0,160.4
1541867100,51.99,52.0,51.99,51.99,67.41
