1544079600,66.6,66.65,66.65,66.6,2.72
1544080500,66.49,66.65,66.6,66.65,24.69
1544081400,66.6,66.7,66.65,66.65,21.89
1544082300,66.52,66.7,66.61,66.7,52.17
1544083200,66.9,67.52,66.9,67.52,34.2
1544084100,67.28,67.7,67.6,67.56,53.91
1544085000,67.49,67.69,67.6,67.63,34.82
1544085900,67.37,67.65,67.63,67.62,23.95
1544086800,67.2,67.57,67.51,67.28,48.6
1544087700,67.19,67.6,67.55,67.19,42.12
1544088600,67.15,67.5,67.17,67.38,18.5
1544089500,67.24,67.59,67.48,67.29,32.56
1544090400,66.89,67.27,67.27,67.16,44.5
1544091300,66.71,67.1,66.71,66.76,25.36
1544092200,66.0,67.08,67.03,66.01,14.49
1544093100,65.59,66.01,66.0,65.63,24.84
1544094000,65.28,65.68,65.68,65.45,13.57
1544094900,64.69,65.44,65.4,65.39,89.47
1544095800,65.08,65.56,65.53,65.08,65.7
1544096700,64.61,64.96,64.7,64.95,121.94
1544097600,64.93,65.6,65.07,65.6,58.35
1544098500,64.55,65.72,65.57,64.55,63.34
1544099400,64.01,64.56,64.48,64.14,52.17
1544100300,64.02,64.26,64.11,64.21,25.41
1544101200,63.64,64.29,64.29,63.64,39.26
1544102100,63.71,64.18,63.84,63.81,51.78
1544103000,63.24,63.94,63.94,63.84,53.86
1544103900,62.47,63.75,63.75,62.62,118.22
1544104800,62.01,62.89,62.82,62.01,144.16
1544105700,62.0,63.12,62.11,62.71,193.24
1544106600,60.18,62.71,62.71,60.44,237.45
1544107500,60.02,62.58,60.4,62.08,845.33
1544108400,61.03,62.33,62.06,61.03,122.57
1544109300,60.46,61.2,61.01,60.76,82.91
1544110200,60.08,61.15,60.73,61.03,362.45
1544111100,60.84,61.58,60.9,61.08,221.55
1544112000,60.15,61.08,61.08,60.27,75.84
1544112900,60.27,62.47,60.27,61.09,634.79
1544113800,60.99,61.81,61.2,61.52,136.54
1544114700,60.69,62.11,61.53,61.98,225.4
1544115600,60.43,61.81,61.49,61.11,168.47
1544116500,60.44,61.26,61.23,61.09,79.65
1544117400,60.8,61.5,60.8,60.97,70.09
1544118300,60.89,61.67,61.18,61.67,38.71
1544119200,61.39,61.9,61.7,61.69,52.61
1544120100,61.15,62.18,61.69,61.15,215.71
1544121000,60.28,61.85,61.4,61.85,101.7
1544121900,61.44,61.95,61.48,61.8,44.79
1544122800,61.53,62.34,61.9,61.81,50.68
1544123700,61.72,62.28,62.2,62.22,48.61
1544124600,61.92,62.68,62.2,61.92,60.99
1544125500,61.91,62.49,62.26,62.29,54.7
1544126400,61.56,62.4,62.4,61.86,55.25
1544127300,61.22,61.88,61.78,61.22,116.01
1544128200,61.5,61.9,61.9,61.68,31.28
1544129100,61.42,61.73,61.56,61.73,61.93
1544130000,61.21,61.89,61.75,61.68,52.5
1544130900,61.01,61.69,61.69,61.06,64.44
1544131800,60.68,61.34,61.03,60.92,237.88
1544132700,60.31,61.05,60.92,60.31,56.73
1544133600,60.01,60.83,60.49,60.41,142.09
1544134500,60.04,60.46,60.32,60.23,79.56
1544135400,59.38,60.29,60.02,60.29,91.59
1544136300,59.61,60.32,60.32,59.69,11.86
1544137200,59.68,60.49,59.68,60.16,59.7
1544138100,59.19,60.04,60.04,59.51,14.7
1544139000,57.4,59.41,59.41,57.51,89.69
1544139900,56.66,58.07,57.51,57.0,155.97
1544140800,56.59,57.66,57.45,57.44,59.36
1544141700,57.48,57.91,57.58,57.86,184.61
1544142600,56.72,57.86,57.86,57.03,71.32
1544143500,54.53,56.9,56.9,54.53,85.15
1544144400,54.04,55.51,54.53,54.96,126.39
1544145300,53.06,55.14,55.14,53.52,291.95
1544146200,52.85,54.13,53.49,53.45,266.03
1544147100,53.1,54.19,53.17,54.04,107.75
1544148000,53.91,55.37,53.91,55.09,248.22
1544148900,54.39,55.09,54.85,54.86,94.7
1544149800,53.06,54.66,54.58,53.27,203.93
1544150700,52.44,53.62,53.48,53.57,98.85
1544151600,52.79,53.5,53.5,52.79,75.92
1544152500,52.45,53.18,52.58,53.15,143.97
1544153400,52.75,53.63,53.07,53.18,122.14
1544154300,52.94,53.54,53.19,53.11,44.49
1544155200,52.84,53.73,53.25,53.38,270.49
1544156100,53.07,53.47,53.38,53.24,45.1
1544157000,53.12,53.5,53.24,53.45,149.98
1544157900,53.15,53.53,53.44,53.45,38.7
1544158800,53.15,53.49,53.15,53.49,83.9
1544159700,53.72,54.35,53.8,54.17,77.67
1544160600,54.17,55.35,54.17,54.77,59.44
1544161500,54.43,54.94,54.6,54.76,105.09
1544162400,53.93,54.77,54.77,54.23,29.96
1544163300,53.4,54.11,54.04,53.64,109.64
1544164200,53.26,53.68,53.6,53.26,67.83
1544165100,53.19,53.66,53.27,53.52,51.54
1544166000,53.36,55.49,53.4,54.02,529.88
1544166900,53.96,54.34,54.02,54.3,43.01
1544167800,53.51,54.29,54.29,53.88,40.92
1544168700,53.42,53.95,53.74,53.58,172.61
1544169600,53.15,54.04,53.38,53.79,44.24
1544170500,53.74,54.41,54.26,53.76,50.95
1544171400,52.72,53.98,53.98,53.05,104.77
1544172300,52.71,53.16,52.97,52.71,81.66
1544173200,52.51,53.15,53.06,52.87,25.04
1544174100,52.65,53.06,52.83,52.8,90.98
1544175000,52.69,53.12,53.01,52.96,38.15
1544175900,52.57,53.22,52.57,53.06,62.77
1544176800,52.79,53.16,52.86,53.1,50.66
1544177700,53.0,53.71,53.24,53.51,171.11
1544178600,52.88,53.48,53.44,53.1,25.23
1544179500,53.04,53.51,53.28,53.04,37.4
1544180400,52.77,53.27,52.86,53.03,34.51
1544181300,52.5,53.78,53.03,52.83,70.05
1544182200,51.67,52.12,52.1,51.85,145.93
1544183100,51.61,52.61,51.61,52.42,25.13
1544184000,51.56,52.42,52.42,52.4,155.23
1544184900,52.18,52.81,52.46,52.67,72.84
1544185800,52.56,52.96,52.6,52.68,48.42
1544186700,52.1,53.32,52.6,52.3,282.19
1544187600,51.86,52.26,52.26,51.9,55.66
1544188500,51.99,52.62,52.04,52.59,125.56
1544189400,52.5,53.35,52.5,53.04,211.49
1544190300,52.63,53.05,53.05,52.99,55.59
1544191200,52.97,53.34,52.99,53.29,120.4
1544192100,52.48,53.39,53.39,52.77,65.39
1544193000,52.05,53.18,52.9,53.12,205.44
1544193900,53.19,53.77,53.19,53.29,44.68
1544194800,53.1,53.29,53.28,53.28,31.88
1544195700,52.99,53.39,53.28,53.29,174.9
1544196600,52.75,53.35,53.29,52.75,172.63
1544197500,51.45,52.96,52.78,51.69,107.32
1544198400,51.57,52.19,51.7,51.57,138.34
1544199300,50.0,51.51,51.51,50.0,103.54
1544200200,49.41,50.41,50.0,50.23,272.08
1544201100,50.22,51.02,50.22,50.52,150.39
1544202000,50.15,51.84,50.48,50.81,171.3
1544202900,50.15,51.06,50.54,50.37,128.11
1544203800,50.22,51.98,50.42,50.95,236.54
1544204700,50.53,51.4,50.93,51.39,104.83
1544205600,51.22,51.99,51.4,51.96,115.89
1544206500,51.02,51.76,51.76,51.32,27.67
1544207400,50.94,51.63,51.22,51.55,65.56
1544208300,51.1,51.55,51.55,51.26,201.18
1544209200,51.47,55.77,51.47,55.2,355.2
1544210100,55.12,57.87,55.12,56.48,274.55
1544211000,56.0,56.91,56.74,56.48,120.17
1544211900,56.11,57.44,56.28,57.34,95.47
1544212800,56.58,57.29,56.86,56.58,41.64
1544213700,56.69,57.25,57.01,57.03,105.46
1544214600,54.62,57.1,57.1,54.78,134.05
1544215500,53.67,55.1,54.72,53.83,136.68
1544216400,53.39,54.08,54.08,53.68,68.98
1544217300,53.59,54.2,53.68,53.59,109.16
1544218200,53.68,55.48,53.68,55.17,60.24
1544219100,55.08,55.95,55.32,55.43,50.74
1544220000,55.37,56.45,55.74,55.58,151.76
1544220900,55.36,56.1,55.39,55.98,106.12
1544221800,55.81,56.6,56.37,56.03,14.21
1544222700,56.03,56.44,56.17,56.38,15.94
1544223600,56.21,56.7,56.58,56.52,204.87
1544224500,56.12,56.83,56.46,56.32,72.67
1544225400,56.26,58.48,56.4,58.47,101.74
1544226300,58.24,58.83,58.4,58.59,27.87
1544227200,58.34,59.77,58.96,58.34,92.97
1544228100,58.63,59.55,58.63,59.27,143.69
1544229000,58.82,59.7,59.27,59.7,50.61
1544229900,59.48,61.0,59.48,61.0,92.89
1544230800,60.45,61.51,61.0,60.45,186.77
1544231700,60.07,60.89,60.89,60.08,93.1
1544232600,59.51,60.21,60.04,59.65,80.06
1544233500,59.06,59.61,59.61,59.26,13.52
1544234400,58.74,59.83,59.79,58.94,27.47
1544235300,58.3,58.95,58.83,58.57,99.41
1544236200,57.63,58.59,58.59,57.65,20.77
1544237100,57.78,59.15,57.82,59.15,66.63
1544238000,59.21,61.67,59.36,60.5,146.75
1544238900,59.53,61.09,60.5,59.74,125.56
1544239800,59.41,60.29,59.41,59.71,18.98
1544240700,59.35,60.9,59.68,59.48,25.7
1544241600,59.01,60.27,59.34,59.41,51.95
1544242500,59.66,60.21,60.21,60.11,12.74
1544243400,58.55,60.36,60.28,58.72,30.69
1544244300,58.51,60.12,58.72,58.51,76.36
1544245200,57.77,59.49,58.26,57.91,123.21
1544246100,58.04,59.64,58.08,58.41,50.22
1544247000,57.96,58.58,58.24,58.12,17.59
1544247900,57.24,58.26,58.22,57.34,53.25
1544248800,57.09,58.75,57.53,57.09,110.36
1544249700,57.12,58.92,57.51,57.41,58.06
1544250600,57.31,57.58,57.4,57.45,26.2
1544251500,57.06,57.97,57.32,57.11,8.65
1544252400,57.01,58.1,57.12,57.44,51.82
1544253300,57.46,59.7,57.46,59.52,48.59
1544254200,58.61,59.52,59.51,58.61,123.54
1544255100,58.31,58.88,58.36,58.72,39.49
1544256000,57.67,58.99,58.99,57.95,49.65
1544256900,57.5,58.08,58.08,57.5,44.08
1544257800,56.8,57.49,57.49,57.24,83.62
1544258700,57.15,57.57,57.46,57.26,27.88
1544259600,56.89,57.21,57.2,57.21,22.37
1544260500,57.02,57.37,57.27,57.13,29.08
1544261400,57.22,57.48,57.37,57.25,5.71
1544262300,57.1,57.72,57.17,57.72,36.24
1544263200,57.25,57.75,57.56,57.61,8.95
1544264100,57.26,57.75,57.57,57.53,113.7
1544265000,57.26,57.55,57.55,57.26,11.3
1544265900,56.6,57.25,57.25,56.83,11.77
1544266800,56.87,57.55,56.87,57.55,34.56
1544267700,57.49,57.67,57.49,57.61,7.13
1544268600,57.74,57.76,57.74,57.76,2.84
1544269500,57.66,58.0,57.66,57.99,21.94
1544270400,57.53,57.86,57.86,57.53,11.41
1544271300,56.45,57.41,57.41,56.45,27.58
1544272200,56.44,56.96,56.7,56.49,47.16
1544273100,56.33,56.58,56.45,56.5,29.35
1544274000,56.36,56.77,56.53,56.76,27.78
1544274900,56.18,56.78,56.71,56.75,30.72
1544275800,56.38,56.73,56.64,56.65,41.72
1544276700,55.83,56.4,56.13,56.07,28.53
1544277600,55.28,56.05,56.05,55.97,93.05
1544278500,55.89,56.27,55.98,56.15,51.55
1544279400,55.89,56.22,56.15,56.19,15.67
1544280300,56.03,56.44,56.22,56.11,83.1
1544281200,55.49,56.01,56.01,55.84,77.13
1544282100,55.76,57.15,55.83,56.82,66.13
1544283000,56.31,57.18,56.65,56.73,54.58
1544283900,56.38,56.84,56.84,56.63,53.79
1544284800,56.51,56.9,56.69,56.69,40.87
1544285700,56.65,57.42,56.65,57.14,37.71
1544286600,56.35,56.91,56.88,56.35,60.91
1544287500,56.36,56.74,56.66,56.36,46.96
1544288400,56.01,56.36,56.36,56.19,67.14
1544289300,55.81,56.64,56.19,56.63,37.68
1544290200,56.63,57.77,56.65,56.74,16.25
1544291100,56.45,56.76,56.76,56.65,25.92
1544292000,56.58,57.48,56.6,56.76,177.37
1544292900,56.16,56.86,56.79,56.31,43.93
1544293800,56.0,56.54,56.54,56.14,49.34
1544294700,56.15,57.01,56.15,56.41,30.05
1544295600,55.82,56.75,56.56,56.16,82.7
1544296500,55.29,56.08,55.94,55.8,89.9
1544297400,55.03,56.42,55.39,55.68,79.95
1544298300,55.15,56.41,55.68,55.5,33.3
1544299200,54.89,56.52,55.47,55.05,46.89
1544300100,54.91,55.78,55.16,55.14,90.21
1544301000,54.63,55.19,54.98,54.72,35.86
1544301900,54.4,54.72,54.67,54.64,17.13
1544302800,54.38,54.91,54.57,54.91,27.87
1544303700,54.74,55.05,54.88,54.76,29.52
1544304600,52.53,54.76,54.76,53.33,172.43
1544305500,53.42,54.55,53.56,53.95,56.08
1544306400,53.18,54.03,54.03,53.19,209.3
1544307300,52.86,53.77,52.92,53.77,20.76
1544308200,53.58,54.44,53.69,54.44,56.99
1544309100,53.98,56.49,53.98,56.47,192.79
1544310000,56.49,57.08,56.86,56.89,88.91
1544310900,56.72,56.99,56.82,56.87,33.13
1544311800,56.76,56.94,56.8,56.93,19.13
1544312700,56.09,56.63,56.63,56.09,20.44
1544313600,55.78,56.04,56.04,55.88,20.48
1544314500,55.95,56.77,55.97,56.27,43.74
1544315400,56.35,56.88,56.49,56.88,4.39
1544316300,56.55,57.46,57.12,56.55,76.25
1544317200,56.82,57.17,57.15,57.13,35.75
1544318100,56.6,57.17,56.79,56.74,39.79
1544319000,56.68,57.45,56.74,57.17,25.2
1544319900,56.71,57.12,57.12,56.82,60.02
1544320800,56.9,57.3,57.0,56.9,43.1
1544321700,57.03,57.13,57.03,57.13,13.17
1544322600,57.11,57.47,57.13,57.44,43.02
1544323500,57.06,57.44,57.44,57.2,36.97
1544324400,57.06,57.24,57.15,57.06,15.15
1544325300,56.6,57.04,57.02,56.6,7.31
1544326200,55.35,56.86,56.86,56.56,143.64
1544327100,56.54,56.62,56.54,56.57,8.64
1544328000,56.38,56.67,56.66,56.63,8.46
1544328900,56.49,56.72,56.62,56.69,16.35
1544329800,56.56,57.19,56.56,56.7,95.97
1544330700,56.42,56.8,56.69,56.42,28.36
1544331600,56.13,56.53,56.35,56.53,27.05
1544332500,56.39,56.61,56.57,56.55,19.82
1544333400,56.43,56.5,56.5,56.43,1.58
1544334300,56.49,58.08,56.49,56.51,557.22
1544335200,56.51,56.76,56.51,56.55,13.56
1544336100,56.62,57.12,56.69,56.62,104.73
1544337000,56.46,57.73,56.5,57.19,50.23
1544337900,56.56,58.26,57.39,58.17,198.84
1544338800,57.68,58.37,58.37,57.81,26.38
1544339700,57.67,57.9,57.67,57.89,2.76
1544340600,57.22,57.72,57.72,57.46,8.42
1544341500,56.96,57.44,57.44,56.96,3.82
1544342400,56.83,56.99,56.84,56.89,42.13
1544343300,56.91,57.22,56.91,57.22,2.0
1544344200,57.05,57.05,57.05,57.05,0.0912
1544345100,56.75,57.23,57.23,56.9,5.17
1544346000,57.28,57.35,57.28,57.35,1.83
1544346900,57.35,57.65,57.35,57.6,5.53
1544347800,57.41,57.6,57.6,57.41,13.32
1544348700,57.18,57.49,57.49,57.18,0.534
1544349600,57.25,57.44,57.25,57.38,5.88
1544350500,57.3,57.53,57.3,57.53,7.22
1544351400,57.31,57.33,57.31,57.33,2.92
1544352300,56.74,57.63,57.63,57.57,87.22
1544353200,57.51,57.61,57.61,57.6,1.78
1544354100,57.4,57.41,57.41,57.4,1.12
1544355000,57.15,58.46,57.39,58.28,20.38
1544355900,58.01,58.26,58.26,58.01,4.85
1544356800,58.15,58.35,58.15,58.35,12.41
1544357700,58.29,58.49,58.44,58.46,48.09
1544358600,58.41,58.95,58.41,58.95,15.5
1544359500,58.68,58.99,58.83,58.95,55.63
1544360400,58.68,58.92,58.79,58.81,38.56
1544361300,58.68,58.96,58.78,58.87,9.16
1544362200,58.74,59.49,58.97,59.43,35.7
1544363100,59.26,59.77,59.31,59.41,114.66
1544364000,59.7,60.24,59.74,59.99,66.69
1544364900,60.01,60.5,60.1,60.17,61.07
1544365800,60.37,60.54,60.43,60.54,27.22
1544366700,59.89,60.52,60.52,59.89,30.06
1544367600,59.83,60.26,60.22,60.0,33.54
1544368500,58.93,59.92,59.92,59.45,32.65
1544369400,59.11,59.34,59.11,59.26,61.44
1544370300,59.53,60.63,59.56,60.55,36.81
1544371200,60.08,60.62,60.48,60.3,50.52
1544372100,60.07,60.38,60.3,60.21,11.01
1544373000,59.8,60.59,59.91,60.41,160.6
1544373900,60.4,61.19,60.5,61.19,67.29
1544374800,60.96,61.84,60.96,61.84,127.35
1544375700,60.77,62.0,61.91,60.77,347.19
1544376600,60.4,62.34,60.69,60.83,365.88
1544377500,60.28,61.0,60.82,60.36,99.4
1544378400,60.39,60.75,60.4,60.71,72.25
1544379300,60.49,60.82,60.64,60.8,20.31
1544380200,60.36,60.93,60.8,60.36,49.74
1544381100,60.25,60.74,60.74,60.54,129.67
1544382000,60.54,60.81,60.7,60.66,53.96
1544382900,59.91,60.68,60.68,59.99,217.01
1544383800,59.96,60.26,60.09,60.1,70.52
1544384700,60.1,60.48,60.1,60.39,33.27
1544385600,60.16,60.43,60.4,60.35,23.65
1544386500,60.25,60.61,60.38,60.4,34.44
1544387400,60.21,60.6,60.53,60.51,66.56
1544388300,60.34,60.62,60.41,60.6,124.41
1544389200,60.1,60.65,60.33,60.38,81.69
1544390100,60.1,60.38,60.38,60.16,25.67
1544391000,59.88,60.5,60.11,60.19,581.91
1544391900,59.16,60.08,60.08,59.41,98.1
1544392800,59.1,59.53,59.1,59.23,24.88
1544393700,58.99,59.71,58.99,59.49,43.84
1544394600,59.51,59.8,59.52,59.71,46.72
1544395500,59.48,59.64,59.64,59.52,2.76
1544396400,59.01,59.54,59.01,59.12,33.9
1544397300,59.16,59.55,59.38,59.55,51.22
1544398200,59.17,59.53,59.53,59.37,33.03
1544399100,59.24,59.71,59.4,59.71,18.36
1544400000,59.6,59.77,59.6,59.77,6.47
1544400900,59.88,60.37,59.88,60.35,10.73
1544401800,60.13,60.23,60.15,60.13,19.35
1544402700,60.0,60.18,60.0,60.1,37.19
1544403600,60.12,60.58,60.13,60.57,38.74
1544404500,60.47,60.59,60.56,60.51,15.47
1544405400,60.21,60.47,60.47,60.32,56.88
1544406300,60.03,60.4,60.4,60.12,32.05
1544407200,59.75,60.14,60.03,60.04,16.19
1544408100,58.92,59.92,59.92,59.27,17.35
1544409000,59.07,59.46,59.07,59.44,23.92
1544409900,59.25,59.58,59.36,59.58,7.83
1544410800,58.72,59.45,59.45,59.33,26.1
1544411700,59.12,59.39,59.17,59.12,18.17
1544412600,58.93,59.12,59.07,59.0,72.81
1544413500,58.84,59.38,58.89,58.84,100.04
1544414400,58.66,59.0,59.0,58.66,7.55
1544415300,58.63,58.76,58.64,58.63,58.01
1544416200,58.63,58.78,58.78,58.63,13.46
1544417100,58.52,58.79,58.56,58.79,39.73
1544418000,58.77,58.8,58.79,58.79,21.75
1544418900,58.47,58.8,58.79,58.77,64.31
1544419800,58.52,58.78,58.77,58.57,9.33
1544420700,58.3,58.72,58.68,58.3,7.15
1544421600,57.85,58.42,58.42,57.85,47.1
1544422500,57.52,57.6,57.58,57.53,20.88
1544423400,56.86,57.3,57.3,57.29,26.51
1544424300,57.09,57.85,57.26,57.85,32.91
1544425200,57.55,57.7,57.67,57.55,9.13
1544426100,57.41,57.71,57.58,57.71,10.72
1544427000,57.42,57.94,57.42,57.94,18.89
1544427900,57.82,58.01,58.01,57.82,5.41
1544428800,57.62,57.62,57.62,57.62,3.18
1544429700,56.83,57.61,57.61,56.83,34.68
1544430600,56.55,56.88,56.82,56.55,11.08
1544431500,56.55,56.59,56.56,56.55,16.86
1544432400,55.6,56.55,56.55,55.71,38.22
1544433300,55.86,56.02,55.9,56.02,9.66
1544434200,56.05,56.15,56.06,56.15,1.6
1544435100,56.13,56.66,56.13,56.66,5.74
1544436000,56.6,56.68,56.66,56.68,6.0
1544436900,56.5,56.72,56.54,56.72,14.31
1544437800,56.5,56.65,56.65,56.5,10.54
1544438700,56.7,56.73,56.7,56.73,0.175
1544439600,56.7,57.07,56.7,56.99,2.12
1544440500,56.87,57.1,56.99,56.89,36.45
1544441400,56.59,56.93,56.89,56.59,13.6
1544442300,56.68,56.79,56.77,56.78,10.48
1544443200,56.55,56.78,56.78,56.56,103.37
1544444100,56.43,56.58,56.43,56.58,22.0
1544445000,56.28,56.57,56.57,56.36,26.58
1544445900,56.24,56.38,56.37,56.24,24.29
1544446800,56.37,56.65,56.47,56.65,27.98
1544447700,56.55,56.59,56.55,56.59,10.9
1544448600,56.41,56.66,56.58,56.62,50.71
1544449500,56.39,56.66,56.39,56.58,4.72
1544450400,56.34,56.58,56.58,56.34,6.33
1544451300,56.11,56.37,56.2,56.14,75.39
1544452200,56.13,56.35,56.22,56.14,66.15
1544453100,56.1,56.36,56.24,56.22,10.13
1544454000,54.65,56.1,56.1,55.02,11.38
1544454900,54.8,55.01,54.94,54.89,20.96
1544455800,54.73,55.33,54.8,55.05,34.57
1544456700,54.81,55.09,55.02,55.01,159.49
1544457600,54.68,56.66,54.98,56.61,54.92
1544458500,56.04,56.47,56.46,56.12,43.65
1544459400,55.93,56.29,56.24,56.29,41.34
1544460300,55.96,56.56,56.06,56.29,123.27
1544461200,55.88,56.14,56.14,56.02,42.95
1544462100,54.42,55.8,55.8,55.09,101.0
1544463000,54.74,55.09,55.09,54.99,13.42
1544463900,54.66,55.15,54.66,55.13,22.76
1544464800,55.1,55.62,55.2,55.62,75.97
1544465700,55.42,55.81,55.57,55.81,13.89
1544466600,55.84,55.98,55.85,55.97,60.99
1544467500,55.41,56.18,55.82,55.41,258.61
1544468400,55.15,55.42,55.15,55.26,18.32
1544469300,54.01,55.26,55.26,54.84,405.34
1544470200,54.32,54.93,54.8,54.61,63.67
1544471100,54.51,54.8,54.58,54.6,11.11
1544472000,54.57,54.79,54.61,54.79,18.61
1544472900,54.57,54.8,54.8,54.57,19.1
1544473800,54.37,54.57,54.55,54.55,17.29
