1553160600,57.26,57.35,57.28,57.34,9.87
1553161500,56.94,57.32,57.15,57.21,57.35
1553162400,57.32,57.97,57.32,57.83,9.28
1553163300,57.74,58.18,57.77,58.15,52.23
1553164200,57.5,58.13,58.13,57.5,24.08
1553165100,57.51,57.59,57.51,57.59,40.43
1553166000,57.3,57.59,57.5,57.38,22.85
1553166900,57.5,57.97,57.5,57.95,21.49
1553167800,57.75,58.04,58.04,57.75,10.62
1553168700,57.36,57.86,57.79,57.36,130.35
1553169600,57.21,57.68,57.36,57.68,13.66
1553170500,57.56,58.22,57.73,58.21,25.79
1553171400,57.41,58.17,57.75,58.17,105.39
1553172300,57.28,57.76,57.76,57.49,419.35
1553173200,57.36,57.65,57.45,57.65,43.95
1553174100,56.55,57.68,57.68,56.55,18.9
1553175000,55.95,56.48,56.48,55.95,61.8
1553175900,55.35,56.12,55.91,56.11,231.42
1553176800,56.02,56.11,56.02,56.02,13.99
1553177700,55.44,56.09,56.09,55.5,43.13
1553178600,55.07,55.91,55.89,55.07,32.25
1553179500,54.0,55.05,55.05,54.03,176.22
1553180400,54.02,55.25,54.03,54.45,322.87
1553181300,54.97,55.76,54.97,55.35,22.97
1553182200,54.95,55.35,55.35,55.1,8.44
1553183100,54.99,55.42,55.01,55.42,28.38
1553184000,55.02,55.64,55.3,55.64,71.27
1553184900,54.75,56.54,55.91,55.4,82.67
1553185800,55.0,55.39,55.32,55.0,16.51
1553186700,54.88,55.2,55.0,54.89,28.82
1553187600,54.94,55.24,54.94,55.07,21.36
1553188500,55.0,55.26,55.0,55.26,25.83
1553189400,55.25,55.4,55.31,55.4,85.51
1553190300,55.3,55.37,55.37,55.33,5.17
1553191200,55.25,55.31,55.31,55.26,23.27
1553192100,55.14,55.29,55.26,55.17,114.64
1553193000,54.83,55.08,55.08,54.95,29.2
1553193900,54.8,54.97,54.86,54.96,16.85
1553194800,54.8,54.98,54.98,54.92,28.24
1553195700,54.96,55.14,55.08,55.03,18.26
1553196600,54.95,55.1,55.09,55.1,9.64
1553197500,54.99,55.17,55.0,55.17,42.66
1553198400,54.87,55.11,55.1,54.98,10.51
1553199300,54.99,55.19,54.99,55.07,90.37
1553200200,54.87,55.09,55.04,55.0,42.38
1553201100,54.87,55.09,54.9,55.09,78.7
1553202000,55.05,55.22,55.1,55.19,52.01
1553202900,55.1,55.23,55.1,55.22,14.33
1553203800,55.13,55.26,55.21,55.13,14.51
1553204700,55.13,55.16,55.16,55.13,0.66
1553205600,54.99,55.14,55.13,55.13,14.65
1553206500,55.14,55.49,55.14,55.49,36.82
1553207400,55.36,55.51,55.5,55.48,11.7
1553208300,55.05,55.45,55.45,55.05,25.69
1553209200,54.99,55.13,55.08,55.1,34.02
1553210100,55.05,55.19,55.05,55.19,6.08
1553211000,55.05,55.24,55.05,55.2,24.41
1553211900,55.07,55.28,55.21,55.07,19.05
1553212800,55.18,55.29,55.25,55.22,14.33
1553213700,55.09,55.3,55.27,55.17,32.48
1553214600,55.11,55.23,55.11,55.12,3.38
1553215500,55.17,55.21,55.2,55.21,18.69
1553216400,55.21,55.57,55.21,55.57,22.42
1553217300,55.37,55.54,55.54,55.5,15.0
1553218200,55.3,55.42,55.3,55.42,5.06
1553219100,55.38,55.42,55.42,55.4,13.29
1553220000,55.27,55.39,55.3,55.37,3.9
1553220900,55.13,55.4,55.35,55.24,52.14
1553221800,55.28,55.43,55.32,55.41,11.54
1553222700,55.32,55.32,55.32,55.32,1.0
1553223600,55.26,55.38,55.28,55.38,16.53
1553224500,55.22,55.4,55.27,55.22,7.28
1553225400,55.15,55.21,55.17,55.15,1.21
1553226300,54.67,55.12,55.11,54.82,52.72
1553227200,54.75,54.75,54.75,54.75,2.0
1553228100,54.58,55.04,54.63,54.75,32.43
1553229000,54.46,55.18,54.62,55.18,69.0
1553229900,54.63,55.02,55.02,54.72,16.54
1553230800,54.82,54.99,54.88,54.82,145.19
1553231700,54.83,54.9,54.87,54.9,3.94
1553232600,54.86,54.95,54.9,54.86,34.34
1553233500,54.87,54.93,54.87,54.93,5.01
1553234400,54.84,55.01,54.94,54.88,91.77
1553235300,54.78,54.83,54.83,54.81,12.81
1553236200,54.79,54.89,54.87,54.89,17.12
1553237100,54.73,54.86,54.78,54.73,8.78
1553238000,54.77,54.78,54.77,54.78,2.01
1553238900,54.55,54.55,54.55,54.55,0.0555
1553239800,54.25,54.45,54.45,54.35,5.07
1553240700,54.29,54.52,54.45,54.51,90.6
1553241600,54.64,54.64,54.64,54.64,4.0
1553242500,54.74,56.24,54.74,56.24,200.89
1553243400,54.49,56.24,56.24,55.23,577.37
1553244300,55.34,55.57,55.34,55.41,60.24
1553245200,55.3,55.4,55.4,55.31,13.28
1553246100,55.11,55.75,55.18,55.11,27.01
1553247000,55.11,55.22,55.11,55.22,1.14
1553247900,54.77,55.16,55.05,54.8,90.49
1553248800,54.8,55.12,54.8,55.12,3.94
1553249700,55.12,55.51,55.12,55.51,5.67
1553250600,55.05,55.42,55.42,55.05,61.71
1553251500,55.15,55.21,55.17,55.16,6.01
1553252400,55.0,55.16,55.15,55.0,28.52
1553253300,55.0,55.14,55.01,55.14,4.29
1553254200,55.1,55.21,55.1,55.19,12.34
1553255100,55.17,55.33,55.19,55.17,17.01
1553256000,55.15,55.36,55.15,55.16,37.16
1553256900,55.39,55.51,55.39,55.49,31.5
1553257800,55.39,55.58,55.58,55.58,15.38
1553258700,55.42,56.21,55.61,56.21,211.02
1553259600,55.55,56.19,55.73,55.88,112.2
1553260500,55.67,55.82,55.79,55.67,22.23
1553261400,55.65,55.92,55.65,55.92,20.38
1553262300,55.61,55.95,55.95,55.61,1.97
1553263200,55.61,56.19,55.61,55.97,22.94
1553264100,55.92,56.07,55.98,55.92,18.47
1553265000,55.94,56.09,55.94,56.09,3.54
1553265900,56.0,56.48,56.08,56.3,59.68
1553266800,56.0,56.23,56.08,56.16,21.45
1553267700,55.81,56.27,56.25,55.81,58.55
1553268600,55.76,55.8,55.8,55.8,18.82
1553269500,55.65,55.89,55.81,55.78,32.86
1553270400,55.0,55.75,55.73,55.08,30.87
1553271300,54.52,55.03,55.03,54.84,214.18
1553272200,54.81,55.03,54.85,55.0,41.49
1553273100,54.86,55.14,54.99,55.14,60.49
1553274000,55.0,55.07,55.07,55.01,85.36
1553274900,55.03,55.16,55.12,55.13,7.08
1553275800,55.08,55.3,55.1,55.17,12.23
1553276700,55.03,55.25,55.19,55.11,43.53
1553277600,55.2,55.53,55.2,55.38,111.69
1553278500,55.14,55.24,55.14,55.16,16.39
1553279400,55.07,55.15,55.12,55.07,2.92
1553280300,55.08,55.13,55.11,55.12,5.73
1553281200,55.14,55.19,55.14,55.19,16.63
1553282100,55.1,55.22,55.19,55.13,16.72
1553283000,55.04,55.21,55.05,55.07,55.52
1553283900,55.04,55.18,55.04,55.18,2.59
1553284800,55.0,55.17,55.17,55.01,28.62
1553285700,55.0,55.02,55.01,55.0,13.17
1553286600,55.0,55.02,55.02,55.01,30.74
1553287500,55.0,55.02,55.02,55.01,24.43
1553288400,54.85,55.08,55.0,54.99,77.61
1553289300,54.73,55.0,54.87,54.92,150.32
1553290200,54.8,54.94,54.94,54.8,6.55
1553291100,54.85,55.06,54.87,55.0,53.3
1553292000,54.84,54.96,54.9,54.85,19.51
1553292900,54.82,54.95,54.9,54.91,74.57
1553293800,54.86,55.22,54.91,55.11,72.7
1553294700,55.08,55.16,55.16,55.09,9.55
1553295600,55.18,55.32,55.18,55.23,19.78
1553296500,55.08,55.28,55.27,55.19,14.9
1553297400,55.05,55.19,55.19,55.05,11.43
1553298300,55.04,55.1,55.04,55.04,2.33
1553299200,55.04,55.14,55.1,55.12,33.14
1553300100,54.96,55.12,55.12,55.0,96.79
1553301000,54.81,54.97,54.95,54.95,7.04
1553301900,54.8,54.91,54.86,54.88,43.43
1553305500,54.82,54.87,54.87,54.84,10.27
1553306400,54.8,55.07,54.87,55.07,56.93
1553307300,54.99,55.23,55.12,54.99,16.13
1553308200,55.03,55.22,55.19,55.22,23.47
1553309100,55.04,55.19,55.19,55.19,0.778
1553310000,55.04,55.21,55.21,55.04,4.34
1553310900,55.11,55.21,55.21,55.21,10.9
1553311800,55.13,55.21,55.21,55.21,7.95
1553312700,55.16,55.5,55.21,55.42,57.21
1553313600,55.33,55.55,55.5,55.33,1.46
1553314500,55.33,55.48,55.33,55.35,20.83
1553315400,55.24,55.34,55.24,55.34,5.5
1553316300,55.09,55.29,55.29,55.26,62.0
1553317200,55.29,55.31,55.31,55.29,8.43
1553318100,55.18,55.27,55.18,55.27,6.02
1553319000,55.16,55.34,55.25,55.16,58.54
1553319900,55.16,55.27,55.2,55.27,53.96
1553320800,55.29,55.37,55.29,55.37,1.91
1553321700,55.27,55.74,55.35,55.71,47.95
1553322600,55.68,55.82,55.68,55.8,12.85
1553323500,55.6,55.87,55.61,55.68,35.21
1553324400,55.72,55.99,55.92,55.72,33.49
1553325300,55.72,55.89,55.72,55.89,1.9
1553326200,55.62,55.88,55.78,55.82,1.62
1553327100,55.66,55.79,55.75,55.66,4.8
1553328000,55.61,55.66,55.66,55.61,10.42
1553328900,55.61,55.64,55.61,55.61,5.68
1553329800,55.59,55.71,55.6,55.7,2.76
1553330700,55.63,55.86,55.71,55.86,2.38
1553331600,55.71,55.85,55.8,55.71,4.08
1553332500,55.7,55.86,55.7,55.86,10.23
1553333400,55.67,55.86,55.84,55.67,9.8
1553334300,55.73,55.86,55.86,55.73,40.21
1553335200,55.7,55.85,55.85,55.7,12.59
1553336100,55.13,55.69,55.69,55.13,26.45
1553337000,55.24,55.55,55.55,55.52,8.44
1553337900,55.37,55.51,55.5,55.37,11.5
1553338800,55.42,55.47,55.42,55.47,2.33
1553339700,55.33,55.47,55.36,55.45,11.38
1553340600,55.25,55.25,55.25,55.25,3.73
1553341500,55.28,55.47,55.47,55.31,33.36
1553342400,55.34,55.52,55.51,55.52,9.71
1553343300,55.53,55.57,55.55,55.53,6.97
1553344200,55.33,55.55,55.52,55.55,3.18
1553345100,55.29,55.55,55.39,55.48,6.43
1553346000,55.24,55.44,55.44,55.24,14.94
1553346900,55.17,55.26,55.17,55.26,114.05
1553347800,55.17,55.25,55.24,55.17,1.06
1553348700,55.17,55.24,55.24,55.24,38.49
1553349600,55.05,55.23,55.17,55.1,18.22
1553350500,55.0,55.1,55.1,55.09,45.6
1553351400,55.03,55.18,55.09,55.18,63.52
1553352300,55.11,55.24,55.12,55.24,8.05
1553353200,55.09,55.25,55.25,55.09,7.01
1553354100,55.0,55.24,55.03,55.23,63.89
1553355000,55.21,55.23,55.23,55.21,0.937
1553355900,55.04,55.23,55.09,55.23,6.07
1553356800,55.1,55.32,55.17,55.22,24.83
1553357700,55.06,55.31,55.06,55.13,1.42
1553358600,55.29,55.5,55.34,55.3,1.99
1553359500,55.32,55.73,55.46,55.63,6.18
1553360400,55.6,55.79,55.73,55.79,16.69
1553361300,55.72,55.92,55.74,55.72,25.58
1553362200,55.78,55.97,55.94,55.78,2.79
1553363100,55.91,55.98,55.94,55.93,10.85
1553364000,55.9,55.97,55.91,55.91,12.27
1553364900,55.9,56.01,55.91,56.01,6.42
1553365800,55.74,55.97,55.9,55.82,7.28
1553366700,55.88,55.99,55.88,55.88,8.98
1553367600,55.91,56.1,55.99,56.04,9.07
1553368500,55.86,56.0,56.0,55.86,10.76
1553369400,55.81,56.02,55.81,56.02,14.15
1553370300,55.81,56.02,56.02,55.81,54.98
1553371200,55.8,55.96,55.96,55.94,1.73
1553372100,55.79,56.03,55.79,56.02,4.24
1553373000,55.85,56.03,55.89,56.03,12.94
1553373900,55.84,56.0,55.84,56.0,13.99
1553374800,55.9,55.99,55.99,55.9,17.42
1553375700,55.89,56.03,55.92,56.03,14.01
1553376600,56.03,56.17,56.03,56.17,48.95
1553377500,55.79,56.16,56.16,55.79,20.79
1553378400,55.84,56.17,55.85,56.17,34.07
1553379300,56.06,56.24,56.18,56.24,26.49
1553380200,55.96,56.19,55.97,56.12,7.76
1553381100,55.9,56.09,55.95,55.99,36.47
1553382000,55.99,56.39,56.0,56.39,36.09
1553382900,56.28,56.49,56.31,56.49,19.51
1553383800,56.28,56.52,56.49,56.52,21.93
1553384700,56.34,56.58,56.34,56.58,8.53
1553385600,56.42,56.59,56.51,56.59,17.97
1553386500,56.44,56.63,56.6,56.61,5.82
1553387400,56.56,57.59,56.57,57.59,53.25
1553388300,57.23,57.62,57.5,57.47,44.48
1553389200,57.49,57.82,57.49,57.5,70.53
1553390100,57.27,57.5,57.5,57.27,66.12
1553391000,56.6,57.27,57.21,56.67,140.09
1553391900,56.73,57.25,56.73,57.2,38.71
1553392800,56.98,57.11,57.11,57.1,6.83
1553393700,57.09,57.16,57.1,57.16,23.1
1553394600,56.98,57.16,57.16,57.04,14.32
1553395500,56.91,57.04,56.91,56.97,2.08
1553396400,56.7,56.9,56.85,56.7,7.05
1553397300,56.83,56.92,56.91,56.92,4.09
1553398200,56.84,57.05,56.84,57.05,61.84
1553399100,56.98,57.21,56.98,57.0,5.21
1553400000,57.28,57.28,57.28,57.28,3.61
1553400900,57.06,57.31,57.08,57.23,3.79
1553401800,56.88,57.19,57.19,56.88,22.64
1553402700,56.88,56.88,56.88,56.88,2.33
1553403600,56.88,57.14,56.89,57.14,16.66
1553404500,56.97,57.03,57.0,56.99,6.5
1553405400,56.85,57.21,56.99,56.85,41.41
1553406300,56.61,56.85,56.83,56.69,69.98
1553407200,56.61,56.83,56.75,56.61,10.63
1553408100,56.4,56.61,56.6,56.44,4.59
1553409000,56.57,56.72,56.65,56.57,24.41
1553409900,56.33,56.61,56.43,56.61,22.71
1553410800,56.28,56.48,56.28,56.32,16.48
1553411700,56.5,56.59,56.5,56.58,20.93
1553412600,56.38,56.49,56.39,56.42,22.06
1553413500,56.35,56.38,56.38,56.35,2.26
1553414400,56.35,56.49,56.36,56.49,10.08
1553415300,56.56,56.59,56.56,56.59,2.08
1553416200,56.57,56.7,56.62,56.7,10.8
1553417100,56.73,56.82,56.73,56.82,13.93
1553418000,56.6,56.71,56.62,56.71,29.43
1553418900,56.6,56.79,56.79,56.71,10.62
1553419800,56.61,56.76,56.74,56.76,17.35
1553420700,56.36,56.62,56.62,56.37,198.41
1553421600,56.35,56.45,56.36,56.35,20.74
1553422500,56.35,56.4,56.35,56.4,1.22
1553423400,56.35,56.44,56.35,56.35,62.62
1553424300,56.36,56.42,56.42,56.36,0.54
1553425200,56.35,56.38,56.35,56.36,48.74
1553426100,56.35,56.35,56.35,56.35,0.114
1553427000,56.36,56.69,56.36,56.51,7.15
1553427900,56.64,56.68,56.68,56.65,1.14
1553428800,56.45,56.58,56.45,56.54,4.41
1553429700,56.36,56.45,56.44,56.42,3.25
1553430600,56.37,56.45,56.37,56.45,3.77
1553432400,56.35,56.49,56.49,56.35,60.74
1553433300,56.35,56.47,56.38,56.47,60.65
1553435100,56.6,56.6,56.6,56.6,0.238
1553436000,56.64,56.77,56.72,56.77,6.61
1553436900,56.59,56.77,56.77,56.71,4.65
1553437800,56.61,56.68,56.68,56.61,1.72
1553438700,56.48,56.6,56.59,56.6,5.9
1553439600,56.5,56.76,56.5,56.76,33.14
1553440500,56.75,57.65,56.77,57.54,82.78
1553441400,57.26,57.57,57.57,57.39,20.19
1553442300,57.45,57.9,57.74,57.45,55.36
1553443200,57.15,57.72,57.72,57.15,407.21
1553444100,57.08,57.44,57.1,57.15,7.93
1553445000,57.0,57.24,57.0,57.21,26.12
1553445900,57.01,57.21,57.21,57.11,20.43
1553446800,57.2,57.2,57.2,57.2,1.41
1553447700,57.06,57.23,57.23,57.06,7.07
1553448600,56.79,57.2,57.2,57.07,26.69
1553449500,56.94,57.12,56.98,56.94,0.281
1553450400,56.95,57.52,56.95,57.38,22.41
1553451300,56.91,57.47,57.42,56.93,16.4
1553452200,56.82,57.02,56.93,56.82,33.94
1553453100,56.62,56.9,56.9,56.62,31.08
1553454000,56.68,56.96,56.7,56.88,3.37
1553454900,56.69,57.01,57.0,56.72,17.69
1553455800,56.53,56.81,56.69,56.81,30.22
1553456700,56.61,56.72,56.63,56.61,4.86
1553457600,56.51,56.71,56.71,56.51,68.73
1553458500,56.15,56.63,56.63,56.15,124.27
1553459400,56.17,56.38,56.17,56.38,9.45
1553460300,56.35,56.35,56.35,56.35,0.159
1553461200,56.18,56.39,56.33,56.37,17.65
1553462100,56.3,56.43,56.42,56.42,8.37
1553463000,56.27,56.43,56.32,56.32,11.05
1553463900,56.27,56.43,56.32,56.43,23.74
1553464800,56.34,56.63,56.45,56.63,15.37
1553465700,56.42,56.69,56.51,56.42,9.25
1553466600,56.49,56.72,56.62,56.63,20.1
1553467500,56.66,56.87,56.66,56.69,223.67
1553468400,56.42,56.84,56.72,56.68,107.63
1553469300,56.76,56.92,56.84,56.8,6.8
1553470200,56.76,56.88,56.88,56.76,4.06
1553471100,56.87,56.88,56.87,56.88,3.54
1553472000,56.65,56.77,56.67,56.77,11.92
1553472900,56.47,56.6,56.55,56.57,1.9
1553473800,56.35,56.51,56.5,56.38,9.41
1553474700,56.45,56.51,56.51,56.45,3.58
1553475600,56.41,56.45,56.43,56.45,2.69
1553476500,56.37,56.47,56.45,56.41,14.19
1553477400,56.25,56.4,56.29,56.27,10.43
1553478300,56.26,56.5,56.27,56.5,18.97
1553479200,56.33,56.53,56.34,56.53,56.49
1553480100,56.36,56.51,56.5,56.38,38.06
1553481000,56.42,56.42,56.42,56.42,0.0588
1553481900,56.44,56.54,56.44,56.51,21.85
1553482800,56.4,56.53,56.53,56.43,2.03
1553483700,56.43,56.57,56.43,56.55,11.24
1553484600,56.43,56.54,56.43,56.54,2.77
1553485500,56.41,56.52,56.5,56.52,10.27
1553486400,56.35,56.46,56.35,56.46,8.77
1553487300,56.27,56.4,56.27,56.37,5.56
1553488200,56.22,56.37,56.37,56.22,1.88
1553489100,56.22,56.33,56.22,56.33,9.28
1553490000,56.24,56.24,56.24,56.24,0.42
1553490900,56.21,56.31,56.31,56.21,14.33
1553491800,56.05,56.21,56.14,56.05,33.94
1553492700,56.05,56.07,56.05,56.07,3.0
1553493600,54.26,56.0,56.0,55.68,1509.71
1553494500,55.75,55.75,55.75,55.75,1.09
1553495400,55.59,55.64,55.6,55.63,61.06
1553496300,55.55,55.74,55.55,55.69,98.77
1553497200,55.6,55.75,55.68,55.75,1.67
1553498100,55.66,55.79,55.66,55.79,68.28
1553499000,55.66,55.66,55.66,55.66,0.0572
1553499900,55.68,55.8,55.8,55.71,10.06
1553500800,55.76,55.9,55.76,55.9,9.91
1553501700,55.77,55.86,55.86,55.77,1.6
1553502600,55.77,55.86,55.77,55.86,2.92
1553503500,55.9,55.9,55.9,55.9,3.1
1553505300,55.84,55.98,55.94,55.98,56.61
1553506200,55.79,55.9,55.9,55.9,4.01
1553507100,55.91,56.0,55.91,56.0,8.83
1553508000,55.78,55.86,55.78,55.78,6.7
1553508900,55.82,55.97,55.87,55.82,53.53
1553509800,55.92,55.94,55.92,55.94,20.0
1553510700,55.82,55.84,55.82,55.84,1.29
1553511600,56.07,56.09,56.07,56.09,1.62
1553512500,55.96,56.13,56.1,56.01,2.54
1553513400,55.97,56.02,55.97,56.02,4.95
1553514300,55.95,56.05,56.05,55.95,1.78
1553515200,55.94,56.07,56.07,55.98,12.71
1553516100,55.47,55.89,55.89,55.6,225.89
1553517000,55.38,55.5,55.39,55.5,112.54
1553517900,55.09,55.48,55.48,55.09,213.44
1553518800,55.38,55.6,55.38,55.54,8.11
1553519700,55.58,55.77,55.59,55.76,32.14
1553520600,55.62,55.75,55.75,55.72,62.31
1553521500,55.67,55.68,55.68,55.68,19.29
1553522400,55.45,55.68,55.67,55.68,32.31
1553523300,55.47,55.73,55.51,55.53,37.14
1553524200,55.53,55.74,55.68,55.71,20.46
1553525100,55.56,55.71,55.71,55.66,11.3
1553526000,55.6,55.72,55.63,55.72,4.65
1553526900,55.39,55.72,55.72,55.39,9.12
1553527800,55.4,55.67,55.4,55.67,106.22
1553528700,54.92,55.55,55.55,54.97,16.82
1553529600,54.86,55.03,54.92,54.86,21.3
1553530500,54.81,55.05,54.93,54.95,132.39
1553531400,55.05,55.4,55.06,55.19,33.86
1553532300,55.21,55.4,55.21,55.29,29.24
1553533200,55.29,55.41,55.39,55.4,32.16
1553534100,54.97,55.4,55.4,54.97,30.79
1553535000,54.99,55.18,55.18,54.99,3.21
1553535900,54.98,55.11,55.11,55.08,1.53
1553536800,55.0,55.17,55.01,55.12,29.34
1553537700,54.78,55.03,55.0,54.78,102.03
1553538600,54.41,54.77,54.77,54.49,58.65
1553539500,54.01,54.5,54.49,54.01,71.23
1553540400,53.8,54.32,54.02,54.32,662.49
1553541300,54.23,54.57,54.23,54.33,53.54
1553542200,54.38,54.38,54.38,54.38,0.0612
1553543100,54.38,54.57,54.57,54.38,4.68
1553544000,54.15,54.58,54.57,54.15,9.34
1553544900,53.87,54.12,54.12,53.96,66.52
1553545800,54.0,54.16,54.01,54.16,4.33
1553546700,54.12,54.45,54.22,54.45,28.31
1553547600,54.17,54.17,54.17,54.17,1.62
1553548500,54.18,54.48,54.26,54.48,10.8
1553549400,54.32,54.56,54.48,54.41,48.44
1553550300,54.43,54.69,54.51,54.43,45.86
1553551200,54.32,54.51,54.4,54.51,44.28
1553552100,54.53,54.78,54.53,54.78,22.76
1553553000,54.12,54.62,54.59,54.62,41.27
1553553900,54.64,54.82,54.64,54.78,17.27
1553554800,54.66,54.89,54.8,54.84,34.74
1553555700,54.69,54.88,54.85,54.88,35.57
1553556600,54.88,54.94,54.88,54.94,9.48
1553557500,54.85,54.96,54.96,54.96,4.06
1553558400,54.85,55.04,54.85,55.04,4.85
1553559300,54.81,55.06,55.0,54.81,8.7
1553560200,54.85,55.0,54.97,54.99,20.44
1553561100,54.77,54.93,54.89,54.9,10.64
1553562000,54.77,54.96,54.96,54.77,0.425
1553562900,54.74,54.89,54.88,54.75,14.34
1553563800,54.88,54.9,54.9,54.88,0.218
1553564700,54.64,54.84,54.84,54.8,4.23
1553565600,54.72,54.89,54.83,54.88,18.19
1553566500,54.82,54.84,54.82,54.84,35.75
1553567400,54.69,54.86,54.86,54.69,9.45
1553568300,54.61,54.74,54.72,54.65,5.39
1553569200,54.74,54.75,54.74,54.75,9.39
1553570100,54.43,54.61,54.43,54.61,5.32
1553571000,54.46,54.6,54.6,54.46,10.24
1553571900,54.4,54.49,54.45,54.49,0.524
1553572800,54.35,54.44,54.35,54.44,0.392
1553573700,54.24,54.44,54.44,54.32,3.8
1553574600,54.32,54.33,54.33,54.32,2.68
1553575500,54.26,54.26,54.26,54.26,3.94
1553576400,54.18,54.25,54.25,54.19,34.6
1553577300,53.98,54.24,54.18,53.98,29.98
1553578200,54.05,54.14,54.05,54.14,5.07
1553579100,53.88,54.14,54.14,53.96,28.3
1553580000,53.88,54.06,54.01,53.88,1.68
1553580900,53.96,53.99,53.99,53.97,23.98
1553581800,53.68,53.95,53.95,53.68,87.87
1553582700,53.4,53.68,53.68,53.43,19.51
1553583600,53.4,53.43,53.4,53.43,1.06
1553584500,53.34,53.4,53.38,53.34,4.65
1553585400,53.34,53.35,53.35,53.35,17.18
1553586300,53.41,53.41,53.41,53.41,1.01
1553587200,53.32,53.58,53.34,53.58,1.02
1553588100,53.39,53.55,53.53,53.46,2.68
1553589000,53.4,53.43,53.43,53.4,2.18
1553589900,53.32,53.38,53.38,53.32,20.01
1553590800,53.39,53.46,53.42,53.46,16.78
1553591700,53.34,53.43,53.36,53.34,1.53
1553592600,53.46,53.47,53.47,53.46,11.96
1553593500,53.42,53.42,53.42,53.42,0.252
1553594400,53.1,53.33,53.33,53.1,75.02
1553595300,53.28,53.39,53.28,53.39,6.66
1553596200,53.31,53.48,53.39,53.43,14.79
1553597100,53.33,53.47,53.45,53.44,65.17
1553598000,53.32,53.33,53.33,53.32,0.415
1553598900,53.32,53.4,53.4,53.32,14.23
1553599800,53.32,53.4,53.32,53.33,49.14
1553600700,53.28,53.32,53.32,53.28,2.76
1553601600,53.15,53.33,53.33,53.23,5.75
1553602500,52.95,53.1,53.1,52.95,12.08
1553603400,52.9,52.98,52.95,52.91,54.13
1553604300,52.62,52.9,52.9,52.62,41.57
1553605200,52.72,53.51,52.72,53.0,787.63
1553606100,52.9,52.98,52.98,52.9,27.16
1553607000,52.71,52.96,52.9,52.73,116.22
1553607900,52.55,52.76,52.7,52.55,58.59
1553608800,52.56,52.94,52.56,52.94,66.93
1553609700,53.1,53.2,53.1,53.18,5.05
1553610600,53.18,53.39,53.18,53.39,20.15
1553611500,53.17,53.45,53.32,53.28,4.86
1553612400,53.11,53.2,53.2,53.18,7.86
1553613300,52.93,53.16,53.16,53.02,18.75
1553614200,52.98,53.08,53.0,53.08,6.41
1553615100,53.04,53.18,53.08,53.17,22.7
1553616000,53.19,53.4,53.24,53.28,13.34
1553616900,53.2,53.4,53.29,53.2,24.2
1553617800,53.2,53.2,53.2,53.2,16.45
1553618700,53.01,53.2,53.2,53.01,48.15
1553619600,53.11,53.6,53.19,53.6,444.7
1553620500,53.46,53.63,53.59,53.47,11.13
1553621400,53.47,53.48,53.48,53.47,2.44
1553622300,53.47,53.6,53.48,53.47,19.09
1553623200,53.47,53.77,53.58,53.66,111.72
1553624100,53.51,53.81,53.63,53.55,154.34
1553625000,53.44,53.56,53.44,53.55,11.39
1553625900,53.49,53.61,53.56,53.55,3.1
1553626800,53.49,53.66,53.55,53.58,23.64
1553627700,53.64,53.74,53.64,53.74,23.95
1553628600,53.66,54.07,53.66,53.78,493.99
1553629500,53.73,53.93,53.79,53.77,103.02
1553630400,53.77,53.83,53.77,53.83,35.1
1553631300,53.72,53.76,53.72,53.72,13.6
1553632200,53.72,53.82,53.73,53.72,70.73
1553633100,53.64,53.75,53.72,53.64,13.58
1553634000,53.64,53.71,53.71,53.69,21.7
1553634900,53.57,53.68,53.68,53.57,25.61
1553635800,53.56,53.63,53.57,53.62,34.16
1553636700,53.55,53.67,53.55,53.6,14.03
1553637600,53.56,53.75,53.67,53.62,5.05
1553638500,53.62,53.76,53.76,53.75,8.58
1553639400,53.71,53.78,53.71,53.78,2.38
1553640300,53.68,53.81,53.79,53.69,12.08
1553641200,53.68,54.34,53.68,54.27,60.48
1553642100,53.82,54.31,53.85,54.11,93.13
1553643000,54.01,54.33,54.28,54.28,146.1
1553643900,53.94,54.31,54.22,54.2,38.01
1553644800,53.95,54.22,54.22,53.95,18.02
1553645700,54.09,54.29,54.09,54.17,19.49
1553646600,54.12,54.74,54.12,54.72,23.35
1553647500,54.7,54.96,54.74,54.96,25.31
1553648400,54.83,55.06,54.94,54.94,22.49
1553649300,54.4,54.99,54.77,54.4,26.02
1553650200,54.48,54.87,54.54,54.87,9.37
1553651100,54.57,54.86,54.82,54.58,29.0
1553652000,54.28,54.45,54.45,54.28,16.08
1553652900,54.28,54.5,54.33,54.31,21.39
1553653800,54.35,54.53,54.35,54.53,9.39
1553654700,54.53,54.54,54.53,54.54,3.07
1553655600,54.45,54.65,54.54,54.64,12.74
1553656500,54.47,54.74,54.47,54.74,7.76
1553657400,54.57,54.79,54.57,54.71,21.74
1553658300,54.74,54.79,54.79,54.76,9.38
1553659200,54.79,55.0,54.79,54.9,24.91
1553660100,54.9,55.03,54.91,54.9,58.29
1553661000,54.9,54.91,54.9,54.9,58.02
1553661900,54.77,54.91,54.9,54.85,24.85
1553662800,54.81,54.87,54.85,54.81,1.8
1553663700,54.81,54.97,54.81,54.97,3.23
1553664600,54.93,55.07,54.98,55.07,10.13
1553665500,55.04,55.18,55.04,55.09,5.01
1553666400,54.8,54.9,54.9,54.8,4.11
1553667300,54.75,54.83,54.82,54.75,38.52
1553668200,54.71,54.81,54.76,54.81,80.63
1553669100,54.63,54.8,54.8,54.63,28.01
1553670000,54.62,54.85,54.63,54.63,33.21
1553670900,54.76,55.02,54.97,54.76,1.07
1553671800,54.72,54.72,54.72,54.72,0.0588
1553672700,54.65,54.66,54.65,54.66,17.51
1553673600,54.69,54.8,54.8,54.78,2.04
1553674500,54.61,54.72,54.62,54.71,3.22
1553675400,54.6,54.73,54.63,54.6,37.81
1553676300,54.53,54.6,54.6,54.53,8.12
1553677200,54.59,54.73,54.59,54.66,2.96
1553678100,54.74,54.85,54.74,54.85,1.06
1553679000,54.84,54.93,54.84,54.93,0.0898
1553679900,54.73,54.97,54.92,54.97,1.09
1553680800,54.85,55.04,54.97,55.04,16.85
1553681700,55.06,55.5,55.06,55.49,32.87
1553682600,55.27,55.48,55.33,55.27,5.87
1553683500,55.43,55.55,55.45,55.54,15.93
1553684400,55.49,55.69,55.6,55.49,32.81
1553685300,55.47,55.67,55.59,55.67,25.35
1553686200,55.54,55.78,55.54,55.67,73.76
1553687100,55.68,55.92,55.68,55.89,7.27
1553688000,55.67,55.91,55.91,55.67,14.22
1553688900,55.49,55.74,55.7,55.65,39.68
1553689800,55.44,55.49,55.49,55.44,6.26
1553690700,55.41,55.48,55.45,55.47,16.86
1553691600,55.43,55.61,55.61,55.43,3.51
1553692500,55.36,55.55,55.49,55.46,25.75
1553693400,55.35,55.68,55.53,55.68,84.86
1553694300,55.46,55.89,55.51,55.89,20.25
1553695200,55.88,55.96,55.9,55.96,11.8
1553696100,55.83,56.0,55.96,56.0,5.68
1553697000,55.83,56.09,55.83,55.86,127.33
1553697900,55.84,56.0,55.99,55.85,45.34
1553698800,55.81,55.99,55.85,55.81,28.21
1553699700,55.7,55.86,55.8,55.86,15.05
1553700600,55.72,55.93,55.72,55.93,6.71
1553701500,55.67,55.82,55.73,55.68,13.68
1553702400,55.77,55.88,55.77,55.88,1.23
1553703300,55.72,56.03,55.72,56.03,40.1
1553704200,55.84,56.03,56.02,55.89,7.02
1553705100,55.93,56.02,56.01,56.02,7.13
1553706000,55.91,56.02,56.0,55.92,35.61
1553706900,55.91,56.05,56.0,56.04,16.92
1553707800,56.04,56.35,56.04,56.35,124.16
1553708700,56.28,56.59,56.3,56.44,146.13
1553709600,56.43,56.5,56.44,56.43,7.35
1553710500,56.43,56.5,56.5,56.43,6.65
1553711400,56.43,56.5,56.48,56.49,4.03
1553712300,56.31,56.5,56.48,56.5,14.61
1553713200,56.31,56.5,56.31,56.39,34.69
1553714100,56.39,56.98,56.39,56.98,170.17
1553715000,56.43,56.63,56.55,56.63,19.34
1553715900,56.62,56.97,56.63,56.9,18.89
1553716800,56.37,56.78,56.75,56.78,37.48
1553717700,56.5,56.74,56.62,56.58,9.41
1553718600,56.58,56.99,56.58,56.63,303.47
1553719500,56.51,56.77,56.76,56.51,76.38
1553720400,56.56,56.66,56.57,56.66,6.4
1553721300,56.51,56.76,56.59,56.76,167.25
1553722200,56.56,56.77,56.56,56.68,16.17
1553723100,56.47,56.69,56.54,56.47,43.82
1553724000,56.39,56.84,56.45,56.84,61.09
1553724900,56.51,56.84,56.84,56.55,23.34
1553725800,56.57,56.88,56.71,56.65,45.48
1553726700,56.68,56.83,56.69,56.81,12.08
1553727600,56.8,56.85,56.83,56.84,26.14
1553728500,56.74,56.97,56.9,56.74,52.63
1553729400,56.76,56.94,56.84,56.94,26.11
1553730300,56.76,57.0,56.86,56.76,95.3
1553731200,56.6,56.78,56.76,56.6,62.26
1553732100,56.3,56.61,56.61,56.54,48.33
1553733000,56.32,56.51,56.48,56.51,37.17
1553733900,56.37,56.59,56.4,56.42,63.79
1553734800,56.32,56.55,56.55,56.49,13.2
1553735700,56.12,56.5,56.5,56.12,18.03
1553736600,55.97,56.3,56.1,56.2,31.0
1553737500,56.05,56.21,56.21,56.09,15.23
1553738400,56.06,56.27,56.1,56.09,17.93
1553739300,56.11,56.41,56.27,56.31,29.9
1553740200,56.25,56.31,56.3,56.3,24.23
1553741100,56.29,56.55,56.3,56.55,23.39
1553742000,56.11,56.56,56.42,56.32,48.18
1553742900,56.1,56.28,56.28,56.1,1.2
1553743800,56.1,56.19,56.19,56.11,4.69
1553744700,56.01,56.11,56.1,56.09,1.75
1553745600,55.95,56.05,56.02,55.95,15.37
1553746500,55.7,55.96,55.96,55.74,33.25
1553747400,55.5,55.7,55.7,55.5,50.19
1553748300,55.58,55.68,55.61,55.68,4.38
1553749200,55.45,55.68,55.68,55.56,88.09
1553750100,55.51,55.62,55.51,55.62,1.63
1553751000,55.57,55.65,55.57,55.65,134.73
1553751900,55.9,56.0,55.94,55.9,0.664
1553752800,55.97,56.03,55.98,56.03,3.88
1553753700,55.89,56.04,56.04,55.9,2.99
1553754600,55.7,55.89,55.89,55.7,56.66
1553755500,55.61,55.83,55.65,55.61,38.32
1553756400,55.25,55.71,55.61,55.38,39.78
1553757300,55.31,55.4,55.4,55.4,12.77
1553758200,55.4,55.72,55.4,55.69,27.02
1553759100,55.47,55.69,55.69,55.5,57.65
1553760000,55.36,55.56,55.36,55.37,20.54
1553760900,55.27,55.37,55.37,55.27,0.307
1553761800,55.27,55.35,55.35,55.28,2.71
1553762700,55.24,55.46,55.41,55.24,4.79
1553763600,55.14,55.31,55.21,55.14,3.77
1553764500,55.15,55.19,55.19,55.16,7.52
1553765400,55.2,55.3,55.3,55.2,1.8
1553766300,55.02,55.37,55.28,55.02,14.04
1553767200,55.02,55.27,55.04,55.26,23.5
1553768100,55.09,55.26,55.16,55.26,27.53
1553769000,55.07,55.24,55.24,55.07,1.97
1553769900,55.21,55.27,55.21,55.25,11.64
1553770800,55.22,55.37,55.24,55.22,56.19
1553771700,55.1,55.34,55.26,55.18,96.39
1553772600,55.31,55.32,55.32,55.31,2.72
1553773500,55.38,55.42,55.38,55.42,0.168
1553774400,55.53,55.87,55.53,55.78,180.6
1553775300,55.57,55.92,55.9,55.57,11.92
1553776200,55.11,55.58,55.4,55.58,295.44
1553777100,55.59,55.64,55.63,55.64,14.47
1553778000,55.51,55.74,55.64,55.74,3.89
1553778900,55.58,55.74,55.74,55.58,1.23
1553779800,55.6,55.8,55.72,55.6,1.69
1553780700,55.51,55.68,55.68,55.62,46.06
1553781600,55.45,55.63,55.63,55.45,26.99
1553782500,55.35,55.54,55.4,55.51,10.16
1553783400,55.39,55.54,55.39,55.54,2.36
1553784300,55.47,55.55,55.49,55.51,18.07
1553785200,55.5,55.55,55.5,55.55,2.66
1553786100,55.47,55.63,55.55,55.59,26.17
1553787000,55.34,55.51,55.47,55.41,15.85
1553787900,55.33,55.55,55.33,55.45,61.37
1553788800,55.43,55.56,55.51,55.52,5.95
1553789700,55.32,55.48,55.38,55.33,8.8
1553790600,55.24,55.4,55.4,55.35,14.84
1553791500,55.1,55.37,55.24,55.1,43.75
1553792400,55.12,55.39,55.23,55.39,11.16
1553793300,55.16,55.33,55.19,55.27,16.17
1553794200,55.16,55.38,55.16,55.27,27.3
1553795100,55.12,55.46,55.28,55.24,7.96
1553796000,55.25,55.43,55.27,55.43,4.32
1553796900,55.42,55.56,55.42,55.54,5.57
1553797800,55.44,55.68,55.6,55.68,14.02
1553798700,55.57,56.0,55.57,55.99,62.63
1553799600,55.74,55.91,55.91,55.75,3.47
1553800500,55.75,55.98,55.75,55.98,9.29
1553801400,55.91,56.07,55.91,56.07,37.26
1553802300,55.77,56.11,56.07,56.06,121.18
1553803200,55.82,56.09,56.05,55.9,145.24
1553804100,55.92,56.13,56.06,55.98,20.78
1553805000,55.93,56.14,56.02,55.98,30.0
1553805900,55.9,56.14,56.05,55.9,7.92
1553806800,55.69,56.08,55.92,55.69,32.1
1553807700,55.54,55.88,55.81,55.6,133.7
1553808600,55.62,55.91,55.79,55.7,11.59
1553809500,55.64,55.86,55.67,55.7,16.28
1553810400,55.65,56.06,55.65,56.06,72.64
1553811300,55.86,56.06,55.86,55.89,10.52
1553812200,55.68,55.89,55.89,55.8,4.98
1553813100,55.8,56.04,55.8,56.04,90.84
1553814000,55.88,56.06,56.03,55.88,13.8
1553814900,55.76,56.1,55.76,56.03,10.48
1553815800,55.98,56.1,56.1,56.0,2.92
1553816700,55.99,56.1,56.09,56.1,68.99
1553817600,55.97,56.09,55.99,56.0,9.13
1553818500,56.04,56.19,56.09,56.15,50.9
1553819400,56.15,56.44,56.15,56.44,146.39
1553820300,55.95,56.45,56.3,55.95,18.64
1553821200,55.8,56.0,55.95,55.83,21.88
1553822100,55.83,55.94,55.88,55.93,54.31
1553823000,55.77,55.85,55.85,55.83,15.46
1553823900,55.64,55.77,55.7,55.71,9.6
1553824800,55.64,55.83,55.64,55.66,77.96
1553825700,55.64,55.83,55.82,55.65,18.94
1553826600,55.6,55.78,55.65,55.63,22.26
1553827500,55.63,55.78,55.74,55.73,10.57
1553828400,55.64,55.78,55.73,55.64,13.41
1553829300,55.75,55.83,55.78,55.75,53.61
1553830200,55.56,55.75,55.57,55.75,8.18
1553831100,55.66,55.81,55.81,55.77,3.97
1553832000,55.64,55.8,55.64,55.65,2.5
1553832900,55.66,55.94,55.66,55.94,4.81
1553833800,55.94,56.16,55.94,56.07,23.37
1553834700,55.71,56.0,56.0,55.73,25.03
1553835600,55.65,55.82,55.82,55.75,14.89
1553836500,55.65,55.78,55.76,55.65,24.62
1553837400,55.65,55.81,55.65,55.81,17.62
1553838300,55.68,55.79,55.79,55.76,7.9
1553839200,55.73,55.76,55.75,55.76,2.61
1553841000,55.65,55.73,55.65,55.65,2.43
1553841900,55.65,55.73,55.73,55.65,3.35
1553842800,55.65,56.19,55.73,56.19,352.38
1553843700,55.8,55.94,55.81,55.93,9.15
1553844600,55.8,55.98,55.84,55.98,11.47
1553845500,55.9,56.05,56.01,56.05,46.56
1553846400,55.87,55.92,55.92,55.87,58.23
1553847300,55.76,55.87,55.87,55.85,6.15
1553848200,55.81,56.02,55.9,55.81,28.51
1553849100,55.81,55.98,55.81,55.9,6.57
1553850000,55.88,56.15,55.88,56.09,7.92
1553850900,56.2,56.46,56.2,56.25,31.78
1553851800,56.13,56.46,56.27,56.46,68.55
1553852700,56.28,56.47,56.28,56.47,39.78
1553853600,56.37,56.67,56.47,56.58,27.04
1553854500,56.5,56.6,56.59,56.6,10.96
1553855400,56.39,56.71,56.6,56.61,31.33
1553856300,56.21,56.41,56.39,56.21,31.44
1553857200,56.22,56.38,56.38,56.37,30.22
1553858100,56.34,56.5,56.47,56.5,6.85
1553859000,56.39,56.67,56.49,56.54,18.65
1553859900,56.37,56.54,56.5,56.53,42.35
1553860800,56.21,56.51,56.51,56.4,74.51
1553861700,56.25,56.38,56.38,56.36,6.69
1553862600,56.25,56.36,56.36,56.35,27.84
1553863500,56.27,56.39,56.35,56.32,13.86
1553864400,56.02,56.48,56.43,56.04,8.37
1553865300,55.8,56.01,56.0,55.95,48.71
1553866200,55.82,56.0,55.94,55.93,25.53
1553867100,55.94,56.01,56.0,56.0,53.06
1553868000,55.81,56.03,55.89,55.99,88.52
1553868900,55.94,56.27,55.94,56.09,33.2
1553869800,56.08,56.42,56.23,56.42,19.42
1553870700,56.33,56.74,56.33,56.74,40.49
1553871600,56.66,56.91,56.66,56.9,46.02
1553872500,56.64,56.99,56.73,56.99,49.94
1553873400,56.85,57.09,56.99,57.05,32.42
1553874300,56.91,57.1,56.91,57.08,7.79
1553875200,56.96,57.19,56.96,57.04,18.04
1553876100,57.0,57.2,57.13,57.18,30.08
1553877000,57.06,57.4,57.19,57.14,219.83
1553877900,57.18,57.65,57.28,57.62,95.3
1553878800,57.45,57.67,57.61,57.55,125.36
1553879700,57.56,57.67,57.57,57.66,63.18
1553880600,57.6,57.77,57.66,57.77,54.18
1553881500,57.67,57.89,57.77,57.86,33.66
1553882400,57.72,57.97,57.86,57.83,22.73
1553883300,57.6,57.95,57.89,57.6,175.98
1553884200,57.39,57.7,57.7,57.54,35.54
1553885100,57.35,57.76,57.35,57.61,11.3
1553886000,57.62,57.79,57.62,57.79,13.47
1553886900,57.35,57.79,57.79,57.35,48.71
1553887800,57.25,57.74,57.35,57.57,13.37
1553888700,57.42,57.72,57.72,57.49,37.9
1553889600,57.21,57.52,57.33,57.21,52.19
1553890500,57.0,57.21,57.21,57.1,105.54
1553891400,57.06,57.62,57.1,57.1,40.08
1553892300,57.06,57.11,57.11,57.06,26.42
1553893200,57.0,57.09,57.07,57.0,57.53
1553894100,57.0,57.37,57.0,57.35,42.81
1553895000,57.31,57.51,57.35,57.46,7.22
1553895900,57.41,57.48,57.41,57.48,18.49
1553896800,57.41,57.54,57.47,57.41,12.86
1553897700,57.17,57.76,57.41,57.36,125.0
1553898600,57.31,57.63,57.35,57.33,12.64
1553899500,57.3,57.53,57.34,57.38,12.56
1553900400,57.0,57.47,57.29,57.0,11.09
1553901300,57.08,57.29,57.1,57.12,43.57
1553902200,57.02,57.21,57.1,57.21,36.1
1553903100,57.0,57.21,57.05,57.0,9.36
1553904000,56.87,57.11,56.87,57.02,36.52
1553904900,56.89,57.54,57.13,57.03,164.86
1553905800,57.0,57.25,57.1,57.06,75.36
1553906700,57.11,57.44,57.13,57.15,20.75
1553907600,57.11,57.35,57.13,57.15,13.21
1553908500,57.01,57.23,57.23,57.05,20.53
1553909400,56.83,57.05,57.04,56.83,26.28
1553910300,56.78,56.96,56.89,56.83,63.95
1553911200,56.78,56.93,56.9,56.9,21.39
1553912100,56.61,56.91,56.79,56.78,151.43
1553913000,56.89,56.9,56.89,56.89,4.6
1553913900,56.67,56.89,56.89,56.67,19.4
1553914800,56.5,56.83,56.83,56.64,25.39
1553915700,56.25,56.57,56.49,56.39,5.6
1553916600,56.2,56.33,56.33,56.2,4.86
1553917500,56.11,56.33,56.21,56.11,7.9
1553918400,55.65,56.19,56.08,55.66,100.2
1553919300,55.5,55.78,55.69,55.72,16.72
1553920200,55.73,56.19,55.73,56.01,15.36
1553921100,55.84,56.45,55.84,55.96,2.29
1553922000,55.94,56.44,56.06,56.44,5.45
1553922900,56.12,56.43,56.43,56.12,1.52
1553923800,56.15,56.3,56.15,56.29,21.15
1553924700,56.19,56.48,56.28,56.48,21.47
1553925600,56.31,56.31,56.31,56.31,0.107
1553926500,56.27,56.46,56.27,56.46,6.61
1553927400,56.19,56.42,56.42,56.25,9.81
1553928300,56.19,56.2,56.19,56.2,0.0712
1553929200,56.2,56.41,56.2,56.41,26.02
1553930100,56.28,56.48,56.48,56.28,7.1
1553931000,56.05,56.52,56.42,56.05,13.17
1553931900,56.07,56.56,56.11,56.33,105.72
1553932800,56.15,56.15,56.15,56.15,0.0587
1553933700,56.07,56.56,56.27,56.56,101.98
1553934600,56.12,56.3,56.3,56.12,3.04
1553935500,56.1,56.33,56.13,56.1,1.79
1553936400,56.1,56.34,56.34,56.1,12.28
1553937300,56.19,56.4,56.37,56.33,3.85
1553938200,56.09,56.39,56.39,56.31,3.21
1553939100,56.36,56.37,56.36,56.37,2.89
1553940000,55.26,56.3,56.3,56.02,635.67
1553940900,55.84,56.1,56.1,55.91,15.45
1553941800,55.85,56.0,55.9,55.86,4.52
1553942700,55.8,55.92,55.82,55.91,25.56
1553943600,55.95,56.06,55.95,56.06,2.69
1553944500,56.12,56.13,56.12,56.13,4.49
1553945400,56.15,56.57,56.15,56.5,82.55
1553946300,56.57,56.7,56.57,56.7,33.07
1553947200,56.69,56.69,56.69,56.69,3.79
1553948100,56.53,56.74,56.73,56.74,114.46
1553949000,56.62,56.76,56.76,56.63,1.12
1553949900,56.51,56.65,56.61,56.54,18.16
1553950800,56.54,56.71,56.54,56.71,6.1
1553951700,56.58,56.71,56.7,56.67,16.08
1553952600,56.47,56.67,56.67,56.47,16.7
1553953500,56.4,56.6,56.4,56.42,15.74
1553954400,56.51,56.64,56.54,56.64,4.83
1553955300,56.52,56.66,56.62,56.62,67.93
1553956200,55.97,56.64,56.5,56.37,356.92
1553957100,56.25,56.41,56.37,56.33,15.0
1553958000,56.24,56.46,56.46,56.36,9.44
1553958900,56.2,56.36,56.2,56.36,1.32
1553959800,56.2,56.42,56.36,56.42,6.33
1553960700,56.2,56.4,56.4,56.27,14.82
1553961600,56.09,56.36,56.09,56.21,59.6
1553962500,56.2,56.31,56.3,56.2,5.84
1553963400,55.84,56.15,56.15,55.95,97.76
1553964300,55.76,56.21,55.95,56.21,29.31
1553965200,56.11,56.26,56.21,56.25,11.24
1553966100,56.09,56.24,56.09,56.24,4.57
1553967000,55.95,56.25,56.03,56.11,9.17
1553967900,55.95,56.11,56.08,55.98,21.2
1553968800,56.1,56.26,56.1,56.23,4.34
1553969700,56.05,56.2,56.12,56.19,9.44
1553970600,56.05,56.27,56.05,56.19,6.78
1553971500,56.19,56.29,56.19,56.26,24.25
1553972400,56.26,56.41,56.29,56.26,114.79
1553973300,56.26,56.59,56.27,56.59,10.93
1553974200,56.38,56.53,56.42,56.4,3.76
1553975100,56.4,56.54,56.53,56.42,11.22
1553976000,56.39,56.67,56.41,56.53,25.89
1553976900,56.53,56.67,56.53,56.67,38.61
1553977800,56.52,56.69,56.56,56.68,11.27
1553978700,56.54,56.67,56.54,56.57,25.67
1553979600,56.55,56.75,56.68,56.55,18.03
1553980500,56.56,56.73,56.64,56.73,11.77
1553981400,56.63,56.74,56.74,56.74,2.37
1553982300,56.63,57.01,56.74,57.01,65.57
1553983200,56.83,57.03,56.99,57.03,21.29
1553984100,56.83,56.94,56.83,56.94,9.01
1553985000,56.63,57.15,56.93,56.63,122.59
1553985900,56.67,56.89,56.89,56.87,4.61
1553986800,56.76,57.15,56.76,57.15,1.81
1553987700,56.93,57.29,56.93,57.28,3.6
1553988600,56.92,57.29,57.19,56.92,12.23
1553989500,56.8,56.9,56.86,56.84,39.12
1553990400,56.68,56.83,56.82,56.68,17.54
1553991300,56.69,56.81,56.73,56.69,4.4
1553992200,56.6,56.8,56.65,56.6,21.97
1553993100,56.6,56.89,56.6,56.89,7.91
1553994000,56.79,56.92,56.79,56.92,7.9
1553994900,56.86,57.14,56.86,57.14,14.18
1553995800,56.96,57.08,56.99,57.0,24.41
1553996700,56.68,57.01,56.86,56.78,15.69
1553997600,56.63,56.77,56.63,56.64,4.03
1553998500,56.84,56.98,56.84,56.98,6.93
1553999400,56.82,57.04,56.96,57.04,27.8
1554000300,56.79,57.02,57.02,56.8,4.57
1554001200,56.8,56.91,56.88,56.82,65.48
1554002100,56.82,57.23,56.83,57.11,65.96
1554003000,57.09,57.36,57.09,57.13,39.03
1554003900,56.92,57.17,57.02,57.04,44.09
1554004800,57.06,57.18,57.17,57.18,6.43
1554005700,57.2,57.36,57.2,57.35,19.32
1554006600,57.31,57.7,57.31,57.6,163.08
1554007500,57.7,57.85,57.74,57.83,52.56
1554008400,57.77,57.95,57.94,57.95,155.6
1554009300,57.96,58.0,57.96,57.99,71.44
1554010200,57.99,58.07,57.99,57.99,29.21
1554011100,58.0,58.22,58.07,58.11,89.52
1554012000,57.98,58.09,58.09,57.98,182.26
1554012900,57.63,57.81,57.79,57.63,200.7
1554013800,57.49,57.58,57.51,57.58,10.16
1554014700,57.57,57.74,57.64,57.72,11.97
1554015600,57.92,58.22,58.05,58.2,30.85
1554016500,57.9,58.06,58.06,57.94,25.22
1554017400,57.78,58.05,57.8,58.05,1.5
1554018300,57.91,58.05,58.04,58.05,54.35
1554019200,58.05,58.05,58.05,58.05,42.94
1554020100,57.9,58.06,57.91,57.97,13.83
1554021000,57.84,58.01,57.97,57.84,15.1
1554021900,57.81,57.9,57.84,57.84,9.78
1554022800,57.89,58.02,58.0,58.02,6.37
1554023700,57.8,58.01,57.93,57.8,59.65
1554024600,57.66,57.94,57.87,57.94,7.88
1554025500,57.7,57.85,57.71,57.77,33.02
1554026400,57.63,57.98,57.77,57.63,29.08
1554027300,57.28,57.61,57.61,57.28,31.11
1554028200,57.28,57.55,57.53,57.28,10.14
1554029100,57.29,57.39,57.29,57.39,1.58
1554030000,57.31,57.48,57.46,57.32,29.96
1554030900,57.36,57.51,57.51,57.47,2.22
1554031800,57.31,57.47,57.31,57.36,0.501
1554032700,57.37,57.44,57.37,57.44,3.86
1554033600,57.2,57.44,57.28,57.21,13.33
1554034500,57.4,57.4,57.4,57.4,2.2
1554035400,57.35,57.87,57.4,57.35,58.26
1554036300,57.46,57.65,57.56,57.65,6.12
1554037200,57.26,57.62,57.52,57.6,29.01
1554038100,57.35,57.68,57.35,57.49,2.17
1554039000,57.52,57.94,57.62,57.67,28.74
1554039900,57.5,57.76,57.56,57.72,42.88
1554040800,57.71,57.86,57.86,57.82,4.41
1554041700,57.48,57.83,57.63,57.83,20.76
1554042600,57.65,57.94,57.76,57.92,7.89
1554043500,57.72,57.98,57.8,57.98,47.2
1554044400,57.63,57.94,57.94,57.8,15.97
1554045300,57.73,58.0,57.73,58.0,101.19
1554046200,57.81,58.0,58.0,58.0,19.21
1554047100,57.64,58.0,58.0,57.73,110.41
1554048000,57.54,57.88,57.88,57.54,4.58
1554048900,57.51,57.8,57.51,57.76,9.66
1554049800,57.71,57.99,57.71,57.94,117.14
1554050700,57.66,57.93,57.93,57.87,72.4
1554051600,57.53,57.87,57.87,57.62,62.02
1554052500,57.45,57.65,57.47,57.58,47.04
1554053400,57.44,57.6,57.46,57.56,4.96
1554054300,57.58,57.87,57.58,57.8,118.24
1554055200,57.68,57.99,57.8,57.99,96.28
1554056100,57.9,58.19,58.02,58.18,46.18
1554057000,58.06,58.34,58.18,58.09,17.83
1554057900,58.18,58.42,58.34,58.42,41.82
1554058800,58.4,58.5,58.42,58.49,108.74
1554059700,58.5,58.72,58.5,58.66,22.64
1554060600,58.47,58.77,58.47,58.77,16.75
1554061500,58.67,59.0,58.67,58.99,60.01
1554062400,58.71,59.05,58.99,58.71,121.77
1554063300,58.86,59.04,58.88,59.04,42.76
1554064200,58.76,59.05,58.86,59.05,71.33
1554065100,58.82,59.06,59.04,59.04,69.77
1554066000,58.83,59.09,59.05,59.02,31.24
1554066900,58.64,58.99,58.99,58.86,51.15
1554067800,58.27,58.6,58.6,58.42,17.29
1554068700,58.09,58.44,58.2,58.44,16.04
1554069600,58.28,58.43,58.43,58.41,16.6
1554070500,58.27,58.41,58.41,58.33,40.78
1554071400,58.27,58.37,58.33,58.36,31.55
1554072300,58.02,58.36,58.36,58.14,40.77
1554073200,58.32,58.44,58.36,58.43,15.78
1554074100,58.39,58.64,58.43,58.45,74.33
1554075000,58.34,58.6,58.46,58.6,52.71
1554075900,58.52,58.71,58.69,58.54,20.11
1554076800,58.53,58.83,58.56,58.64,11.44
1554077700,57.89,58.77,58.67,57.89,50.72
1554078600,58.38,58.87,58.51,58.61,11.15
1554079500,58.63,59.1,58.83,58.93,7.92
1554080400,58.94,59.39,58.99,59.14,111.54
1554081300,58.76,59.29,59.13,58.86,146.87
1554082200,58.81,58.91,58.89,58.91,13.46
1554083100,58.75,59.03,58.94,59.03,38.12
1554084000,59.02,59.33,59.02,59.04,23.21
1554084900,59.09,59.53,59.19,59.5,55.24
1554085800,59.33,59.9,59.33,59.9,30.32
1554086700,59.79,59.99,59.9,59.88,36.16
1554087600,59.99,60.37,59.99,60.37,60.37
1554088500,60.13,61.0,60.4,60.13,317.12
1554089400,60.38,60.65,60.65,60.42,88.16
1554090300,60.26,61.14,60.36,60.81,578.01
1554091200,60.58,61.0,60.7,60.86,138.85
1554092100,60.32,60.86,60.86,60.5,156.76
1554093000,60.27,60.49,60.4,60.27,97.57
1554093900,60.26,60.4,60.4,60.3,26.49
1554094800,60.46,60.58,60.56,60.53,17.08
1554095700,60.55,60.81,60.55,60.8,75.6
1554096600,60.51,60.79,60.7,60.68,183.13
1554097500,60.59,60.82,60.67,60.82,48.38
1554098400,60.65,61.14,60.65,61.11,29.68
1554099300,60.97,61.59,61.14,61.28,593.33
1554100200,60.91,61.23,61.15,60.95,295.97
1554101100,60.54,60.96,60.65,60.81,29.8
1554102000,61.14,61.29,61.26,61.23,8.58
1554102900,61.23,61.54,61.36,61.52,106.31
1554103800,61.24,61.64,61.52,61.64,7.22
1554104700,61.07,61.86,61.5,61.07,56.18
1554105600,61.08,61.43,61.43,61.08,35.34
1554106500,61.02,61.75,61.1,61.02,107.47
1554107400,60.96,61.27,61.23,61.04,21.13
1554108300,61.04,61.44,61.13,61.27,16.64
1554109200,61.33,61.85,61.33,61.69,19.85
1554110100,61.71,61.93,61.79,61.71,44.92
1554111000,61.61,61.87,61.71,61.87,92.67
1554111900,61.71,61.99,61.83,61.99,23.24
1554112800,61.99,62.4,61.99,62.15,30.37
1554113700,62.27,62.49,62.27,62.49,19.19
1554114600,62.39,62.5,62.49,62.5,141.85
1554115500,62.49,62.94,62.62,62.91,127.8
1554116400,62.68,63.0,62.91,62.84,86.32
1554117300,61.97,62.68,62.68,62.07,110.43
1554118200,61.86,62.45,62.37,62.09,135.66
1554119100,61.71,62.03,61.9,61.77,73.63
1554120000,61.68,62.16,61.7,61.9,125.33
1554120900,62.08,62.64,62.09,62.64,103.7
1554121800,62.58,63.02,62.62,63.02,49.25
1554122700,62.48,63.31,63.02,63.09,70.07
1554123600,62.77,63.31,63.16,62.82,169.13
1554124500,62.62,63.09,63.03,62.62,63.4
1554125400,62.29,62.66,62.34,62.29,57.22
1554126300,61.92,62.36,62.29,61.98,94.61
1554127200,61.48,61.96,61.8,61.89,104.74
1554128100,61.52,61.83,61.77,61.75,55.14
1554129000,61.56,62.12,61.56,62.02,196.19
1554129900,61.41,62.06,61.89,61.41,140.13
1554130800,61.22,61.77,61.41,61.58,89.08
1554131700,61.01,61.68,61.65,61.68,219.35
1554132600,61.3,61.73,61.44,61.73,192.0
1554133500,61.13,61.48,61.36,61.17,112.14
1554134400,61.34,61.98,61.4,61.98,73.14
1554135300,61.85,63.08,61.85,63.08,188.56
1554136200,62.89,63.34,62.9,62.96,60.3
1554137100,62.94,63.44,62.94,63.39,25.96
1554138000,63.19,63.43,63.39,63.43,53.73
1554138900,63.2,63.5,63.43,63.41,147.83
1554139800,63.21,63.58,63.29,63.4,204.47
1554140700,63.08,63.44,63.4,63.34,205.18
1554141600,63.14,63.43,63.14,63.15,64.93
1554142500,62.9,63.38,63.3,63.15,255.81
1554143400,62.76,63.1,63.1,62.97,85.29
1554144300,62.34,62.96,62.77,62.42,323.2
1554145200,62.29,62.66,62.48,62.66,114.48
1554146100,62.36,62.89,62.71,62.5,44.95
1554147000,62.31,62.63,62.44,62.63,45.54
1554147900,62.24,62.86,62.68,62.24,23.93
1554148800,62.23,62.81,62.32,62.81,45.76
1554149700,62.6,62.94,62.63,62.85,56.74
1554150600,62.43,62.85,62.85,62.78,16.48
1554151500,62.49,62.79,62.78,62.56,43.08
1554152400,62.49,62.69,62.59,62.58,49.43
1554153300,62.45,62.61,62.47,62.45,51.22
1554154200,62.4,62.68,62.59,62.49,104.99
1554155100,62.41,62.66,62.66,62.65,31.5
1554156000,62.59,62.74,62.69,62.74,8.59
1554156900,62.59,62.76,62.74,62.73,22.08
1554157800,62.6,62.74,62.72,62.69,53.61
1554158700,62.41,62.75,62.69,62.75,36.69
1554159600,62.6,62.71,62.7,62.62,29.05
1554160500,62.45,62.75,62.61,62.51,56.67
1554161400,62.5,62.9,62.5,62.82,40.94
1554162300,62.55,62.81,62.62,62.71,52.2
1554163200,62.43,62.61,62.59,62.45,20.96
1554164100,62.42,62.57,62.45,62.57,35.68
1554165000,62.41,62.6,62.55,62.58,24.51
1554165900,62.4,62.88,62.44,62.78,30.06
1554166800,62.49,62.77,62.73,62.69,19.73
1554167700,62.48,62.78,62.71,62.71,64.01
1554168600,62.58,62.91,62.76,62.8,42.6
1554169500,62.4,62.66,62.65,62.46,57.77
1554170400,62.3,62.82,62.35,62.42,12.88
1554171300,62.35,62.88,62.66,62.35,39.8
1554172200,61.91,62.65,62.65,62.05,42.87
1554173100,61.96,62.31,62.05,62.12,55.95
1554174000,61.37,62.08,61.86,61.64,57.06
1554174900,60.79,61.57,61.4,60.96,165.17
1554175800,60.92,61.21,60.92,61.1,49.68
1554176700,60.38,61.02,61.01,60.55,160.34
1554177600,60.79,61.29,60.8,61.29,18.72
1554178500,61.22,62.12,61.3,61.93,113.1
1554179400,61.78,64.21,61.78,63.24,656.53
1554180300,63.36,67.0,63.42,64.94,1864.06
1554181200,64.57,66.41,65.15,65.09,319.92
1554182100,64.75,66.98,65.93,65.72,165.0
1554183000,63.1,65.53,64.75,64.74,396.15
1554183900,63.34,64.8,64.7,64.8,330.35
1554184800,63.52,64.99,64.8,64.95,569.92
1554185700,64.19,66.0,64.32,64.62,857.12
1554186600,64.15,64.72,64.72,64.41,225.22
1554187500,64.14,83.57,64.53,64.61,1542.74
1554188400,64.46,68.0,64.9,64.63,237.63
1554189300,64.63,65.51,64.64,64.73,100.09
1554190200,64.47,65.24,64.74,65.24,36.65
1554191100,64.6,65.3,64.71,64.88,324.23
1554192000,64.66,65.16,64.93,65.12,49.85
1554192900,64.85,65.42,64.94,65.01,45.55
1554193800,65.2,65.61,65.2,65.4,68.53
1554194700,65.3,65.66,65.56,65.52,83.45
1554195600,65.21,65.59,65.3,65.5,12.56
1554196500,65.21,65.89,65.56,65.87,60.78
1554197400,65.37,65.94,65.94,65.79,30.99
1554198300,65.44,65.95,65.84,65.77,42.42
1554199200,65.67,66.16,65.95,65.85,97.39
1554200100,65.82,66.4,66.0,66.4,115.57
1554201000,66.3,66.99,66.39,66.62,109.58
1554201900,66.55,66.97,66.6,66.88,224.43
1554202800,66.81,67.32,67.0,67.31,125.22
1554203700,67.31,69.39,67.48,67.86,164.95
1554204600,67.95,69.16,68.96,68.52,93.81
1554205500,67.96,69.07,68.27,68.41,105.65
1554206400,68.1,68.72,68.41,68.27,40.66
1554207300,67.97,68.63,68.26,68.6,87.73
1554208200,68.31,69.0,68.36,68.75,319.64
1554209100,68.5,69.16,68.5,68.83,82.73
1554210000,68.9,69.48,68.92,69.08,108.8
1554210900,68.41,69.22,68.45,68.99,54.81
1554211800,68.25,69.2,68.95,68.25,58.02
1554212700,68.44,68.96,68.49,68.75,138.53
1554213600,66.9,68.93,68.75,67.77,345.33
1554214500,66.32,67.75,67.7,66.87,144.84
1554215400,65.66,66.96,66.63,66.92,125.11
1554216300,66.67,67.14,66.98,66.93,136.03
1554217200,66.13,66.95,66.74,66.26,133.25
1554218100,66.21,66.53,66.43,66.53,36.33
1554219000,66.41,66.75,66.66,66.63,57.36
1554219900,66.43,66.99,66.43,66.54,15.68
1554220800,66.07,66.83,66.82,66.25,105.82
1554221700,66.24,67.19,66.24,66.74,299.31
1554222600,66.71,68.23,66.85,67.53,199.31
1554223500,67.08,67.51,67.49,67.08,64.43
1554224400,66.94,67.42,67.42,67.19,61.34
1554225300,66.58,67.22,67.21,66.65,167.36
1554226200,66.65,67.99,66.76,66.89,148.41
1554227100,66.65,66.85,66.85,66.83,41.72
1554228000,66.43,66.85,66.82,66.64,102.34
1554228900,66.46,66.91,66.46,66.69,101.54
1554229800,66.52,66.93,66.87,66.71,92.46
1554230700,66.72,67.02,66.72,67.02,49.81
1554231600,66.69,67.01,66.88,66.8,84.35
1554232500,66.95,67.73,66.95,67.69,121.15
1554233400,67.43,67.94,67.49,67.9,59.79
1554234300,67.63,68.11,67.92,68.11,68.22
1554235200,67.86,68.61,67.91,68.24,110.91
1554236100,68.13,68.44,68.37,68.44,159.49
1554237000,67.39,68.45,68.44,68.11,228.88
1554237900,68.11,68.43,68.11,68.4,126.32
1554238800,68.27,68.73,68.41,68.41,79.14
1554239700,68.21,68.57,68.44,68.28,44.57
1554240600,68.24,68.58,68.45,68.3,52.89
1554241500,68.16,68.31,68.24,68.18,40.16
1554242400,67.65,68.47,68.17,68.4,393.5
1554243300,68.3,68.8,68.39,68.8,95.51
1554244200,68.6,68.8,68.79,68.65,156.84
1554245100,68.65,69.01,68.65,68.81,201.12
1554246000,68.84,69.56,68.94,69.56,318.42
1554246900,69.52,70.71,69.57,70.5,190.27
1554247800,69.94,71.61,70.59,69.94,337.09
1554248700,70.04,71.1,71.1,70.48,267.4
1554249600,69.66,71.01,70.36,70.72,252.6
1554250500,70.62,72.4,71.04,72.4,117.92
1554251400,67.25,72.61,72.39,71.5,391.79
1554252300,70.69,72.61,71.51,72.61,117.3
1554253200,70.43,72.55,72.32,70.43,229.92
1554254100,70.99,71.79,71.07,71.54,66.73
1554255000,71.18,72.11,71.57,72.11,276.03
1554255900,72.0,73.45,72.1,72.55,310.18
1554256800,72.39,73.73,72.72,73.6,52.15
1554257700,73.32,74.6,73.32,74.02,234.09
1554258600,73.7,74.46,73.8,74.45,140.16
1554259500,72.0,74.95,74.1,74.45,1761.03
1554260400,72.77,74.56,74.22,72.77,179.38
1554261300,72.26,73.08,72.77,72.75,129.13
1554262200,72.96,74.06,72.98,73.78,179.5
1554263100,72.62,73.52,73.49,73.15,150.03
1554264000,70.6,74.05,72.6,71.15,361.81
1554264900,69.03,71.09,71.06,70.66,92.55
1554265800,70.15,71.13,70.9,70.2,127.63
1554266700,68.61,70.36,69.68,70.01,310.16
1554267600,69.96,71.1,69.96,70.74,39.46
1554268500,70.8,71.78,70.95,71.5,190.54
1554269400,71.03,72.15,71.35,71.87,87.19
1554270300,71.43,72.05,72.0,71.43,222.98
1554271200,70.56,71.67,71.43,71.67,168.05
1554272100,71.33,71.83,71.38,71.77,102.72
1554273000,71.56,72.05,71.92,71.86,26.25
1554273900,71.85,72.54,71.85,72.0,34.01
1554274800,72.0,72.29,72.13,72.16,24.63
1554275700,72.0,72.72,72.62,72.15,144.98
1554276600,72.15,73.2,72.15,72.47,94.47
1554277500,71.47,72.42,72.42,71.81,68.77
1554278400,70.84,71.87,71.87,70.98,23.08
1554279300,70.62,70.98,70.98,70.62,35.33
1554280200,70.63,70.98,70.72,70.68,53.15
1554281100,70.81,70.98,70.81,70.96,36.63
1554282000,70.98,71.73,70.98,71.02,87.29
1554282900,71.03,71.59,71.03,71.4,10.49
1554283800,71.32,71.62,71.5,71.33,72.06
1554284700,71.45,71.77,71.66,71.77,21.59
1554285600,71.83,72.46,71.96,72.46,67.88
1554286500,72.02,72.54,72.26,72.31,62.67
1554287400,72.07,72.55,72.39,72.55,15.86
1554288300,71.88,72.61,72.54,71.88,37.1
1554289200,71.86,72.15,72.13,71.98,31.78
1554290100,71.76,72.17,71.76,72.07,108.76
1554291000,71.82,72.68,71.82,72.41,51.42
1554291900,72.17,72.7,72.7,72.46,25.19
1554292800,72.27,73.83,72.27,73.52,62.49
1554293700,73.56,74.29,74.13,74.18,189.58
1554294600,73.21,74.09,74.09,73.33,73.48
1554295500,73.28,73.98,73.28,73.83,129.0
1554296400,73.43,74.33,73.88,74.1,43.93
1554297300,73.72,74.53,74.1,73.82,131.81
1554298200,73.73,74.56,73.96,74.12,30.63
1554299100,73.74,74.78,74.27,74.77,488.74
1554300000,73.78,74.7,74.5,74.3,260.48
1554300900,73.81,74.56,74.28,74.08,82.61
1554301800,73.24,74.0,73.87,73.79,278.11
1554302700,73.0,73.73,73.66,73.0,96.26
1554303600,72.78,73.96,73.11,73.96,154.27
1554304500,73.61,74.27,73.85,74.18,76.43
1554305400,73.85,74.24,73.85,74.08,45.07
1554306300,73.4,74.09,74.09,73.41,24.74
1554307200,73.4,76.52,73.4,75.79,466.57
1554308100,75.51,76.33,75.89,76.01,494.54
1554309000,75.41,76.46,75.95,76.29,353.87
1554309900,76.19,77.13,76.43,76.86,230.85
1554310800,75.72,77.98,76.86,75.76,740.54
1554311700,74.28,75.97,75.7,75.44,886.38
1554312600,75.0,75.92,75.34,75.35,160.97
1554313500,75.16,76.01,75.56,75.29,273.61
1554314400,75.07,75.55,75.52,75.53,195.68
1554315300,75.19,75.86,75.38,75.58,189.61
1554316200,75.42,76.26,75.42,76.03,186.85
1554317100,75.42,76.57,76.41,75.43,426.15
1554318000,75.28,75.81,75.42,75.48,189.82
1554318900,75.41,76.0,75.76,75.99,318.29
1554319800,75.32,76.08,75.97,75.55,290.7
1554320700,75.11,75.68,75.62,75.46,142.98
1554321600,75.2,76.25,75.54,76.25,93.8
1554322500,76.23,77.86,76.68,76.44,458.55
1554323400,75.47,76.79,76.7,76.14,448.06
1554324300,75.93,76.65,76.06,76.44,195.44
1554325200,75.68,77.12,76.47,76.08,151.24
1554326100,75.49,76.26,76.0,76.04,77.32
1554327000,75.12,76.43,76.42,75.24,127.35
1554327900,73.75,75.61,75.61,73.75,328.38
1554328800,73.6,74.62,73.83,73.83,399.03
1554329700,73.69,74.07,73.99,73.99,323.06
1554330600,69.5,74.0,73.99,69.5,1648.56
1554331500,68.36,71.54,69.52,70.6,1171.51
1554332400,66.47,70.77,70.44,67.58,1694.03
1554333300,66.48,70.25,67.58,68.48,450.98
1554334200,68.27,70.0,68.52,69.97,697.91
1554335100,68.74,70.54,69.57,69.23,188.57
1554336000,68.21,69.43,69.1,68.55,150.0
1554336900,68.27,69.93,68.9,69.68,175.16
1554337800,69.31,70.54,69.79,69.9,127.87
1554338700,69.75,71.18,69.75,71.18,132.87
1554339600,69.89,71.1,70.77,70.33,109.33
1554340500,70.2,71.0,70.33,70.2,111.51
1554341400,70.08,70.91,70.2,70.91,166.91
1554342300,69.01,70.92,70.66,69.03,192.61
1554343200,69.07,70.0,69.22,69.88,58.58
1554344100,69.44,70.08,69.86,69.84,127.38
1554345000,69.48,70.32,69.66,69.63,355.95
1554345900,69.0,69.92,69.92,69.8,766.87
1554346800,69.44,70.07,69.92,69.61,396.4
1554347700,68.6,69.79,69.64,68.6,171.83
1554348600,68.55,68.97,68.6,68.6,34.87
1554349500,68.09,68.76,68.4,68.5,23.13
1554350400,68.1,69.14,68.76,68.94,36.38
1554351300,69.08,69.5,69.16,69.5,58.98
1554352200,69.36,70.02,69.5,69.86,75.5
1554353100,69.44,69.9,69.86,69.77,74.15
1554354000,69.68,70.39,69.76,70.23,71.09
1554354900,70.22,70.98,70.23,70.42,42.48
1554355800,69.94,70.79,70.66,70.1,43.74
1554356700,69.8,70.35,70.32,70.14,17.38
1554357600,69.94,70.43,70.15,70.4,20.4
1554358500,70.3,70.9,70.39,70.5,74.68
1554359400,70.5,70.69,70.51,70.69,37.91
1554360300,70.22,70.59,70.5,70.22,34.05
1554361200,70.2,70.84,70.22,70.2,31.52
1554362100,70.02,70.7,70.17,70.35,55.27
1554363000,70.07,70.59,70.4,70.07,27.55
1554363900,70.06,70.62,70.25,70.31,226.79
1554364800,70.16,70.34,70.34,70.3,9.37
1554365700,70.3,70.81,70.3,70.65,27.62
1554366600,69.83,70.59,70.37,70.33,31.59
1554367500,70.05,70.4,70.31,70.37,3.39
1554368400,69.32,70.3,70.3,69.39,52.56
1554369300,69.27,69.59,69.3,69.59,16.04
1554370200,68.75,69.55,69.35,68.91,10.26
1554371100,68.42,68.75,68.6,68.75,26.47
1554372000,68.2,69.01,68.9,68.37,86.19
1554372900,68.5,68.81,68.52,68.81,20.94
1554373800,68.32,68.74,68.55,68.35,35.42
1554374700,68.06,68.82,68.49,68.18,49.44
1554375600,67.27,68.33,68.09,67.3,64.67
1554376500,66.68,67.48,67.25,67.11,212.47
1554377400,67.28,67.86,67.29,67.7,34.54
1554378300,67.45,67.84,67.81,67.49,23.17
1554379200,67.5,68.08,67.51,68.08,73.8
1554380100,67.84,68.26,68.08,68.06,25.41
1554381000,67.98,68.57,68.08,68.19,464.48
1554381900,68.29,69.43,68.52,69.43,29.57
1554382800,68.94,69.43,69.39,69.26,27.06
1554383700,68.73,69.32,69.26,68.89,106.52
1554384600,68.61,69.28,68.89,69.28,72.01
1554385500,69.25,69.74,69.39,69.39,54.69
1554386400,69.25,69.65,69.61,69.45,49.87
1554387300,69.28,69.65,69.42,69.53,203.21
1554388200,68.81,69.61,69.5,68.81,85.56
1554389100,68.61,69.55,68.75,68.69,352.58
1554390000,68.27,68.94,68.71,68.27,35.76
1554390900,67.93,68.57,68.25,67.93,30.05
1554391800,67.9,68.32,67.91,68.21,101.42
1554392700,68.2,68.66,68.2,68.66,53.23
1554393600,68.24,68.64,68.64,68.42,40.31
1554394500,67.04,68.4,68.39,67.04,84.12
1554395400,66.87,67.63,67.0,66.97,113.13
1554396300,66.7,67.29,66.98,66.71,101.46
1554397200,66.43,67.0,66.82,67.0,521.54
1554398100,67.07,67.38,67.27,67.11,29.63
1554399000,66.33,67.22,67.0,66.47,128.38
1554399900,65.92,67.0,66.33,65.92,1566.0
1554400800,65.15,66.12,65.93,65.18,144.15
1554401700,65.15,66.08,65.22,65.93,127.03
1554402600,65.42,66.11,66.0,65.7,127.36
1554403500,65.65,66.4,66.0,65.65,41.03
1554404400,65.49,66.07,65.93,65.87,119.93
1554405300,65.56,66.09,65.94,66.04,125.08
1554406200,65.48,66.03,66.03,65.75,28.42
1554407100,65.26,65.74,65.74,65.35,19.21
1554408000,64.79,65.63,65.35,64.79,101.18
1554408900,64.79,65.28,64.79,64.99,58.17
1554409800,64.99,65.73,64.99,65.73,61.51
1554410700,65.34,65.95,65.74,65.42,105.56
1554411600,65.45,65.78,65.45,65.71,15.69
1554412500,65.77,66.49,65.78,66.47,37.11
1554413400,66.49,66.97,66.59,66.89,190.7
1554414300,66.94,67.34,66.99,67.12,39.44
1554415200,66.99,67.61,67.12,67.31,128.3
1554416100,66.68,67.45,67.21,66.97,62.44
1554417000,66.49,67.05,66.76,66.69,31.84
1554417900,66.49,66.82,66.49,66.68,4.22
1554418800,66.68,67.06,66.73,66.96,46.2
1554419700,67.04,67.41,67.06,67.04,41.25
1554420600,67.16,67.34,67.16,67.25,3.44
1554421500,66.82,67.24,67.24,66.83,7.68
1554422400,66.82,67.94,66.82,67.94,46.84
1554423300,67.52,68.06,67.93,68.0,31.68
1554424200,67.98,68.55,68.19,68.33,64.52
1554425100,68.08,68.82,68.08,68.25,58.82
1554426000,68.38,68.81,68.43,68.62,34.69
1554426900,68.48,68.83,68.78,68.49,40.97
1554427800,68.42,68.76,68.56,68.42,37.61
1554428700,68.13,68.61,68.61,68.14,52.24
1554429600,68.46,68.7,68.59,68.7,9.75
1554430500,68.33,68.68,68.59,68.33,17.73
1554431400,68.13,68.31,68.2,68.19,11.9
1554432300,68.1,68.55,68.1,68.55,35.56
1554433200,68.42,68.59,68.58,68.45,11.11
1554434100,68.44,68.49,68.49,68.44,0.382
1554435000,67.4,68.24,68.2,67.4,39.02
1554435900,67.37,67.75,67.47,67.48,100.4
1554436800,67.49,68.1,67.57,68.1,14.84
1554437700,67.9,68.18,68.18,68.17,6.34
1554438600,67.74,68.07,67.91,68.07,2.7
1554439500,67.84,69.01,67.92,68.95,51.82
1554440400,68.61,69.8,68.82,69.8,94.67
1554441300,68.86,69.7,69.7,68.88,143.28
1554442200,68.57,69.26,68.99,68.85,11.41
1554443100,67.86,69.46,69.01,69.46,713.18
1554444000,69.04,69.41,69.39,69.29,34.25
1554444900,69.12,69.7,69.47,69.12,6.38
1554445800,69.07,69.33,69.19,69.3,29.05
1554446700,68.55,69.2,69.2,68.71,18.54
1554447600,67.81,68.69,68.58,68.55,377.62
1554448500,68.5,69.01,68.5,69.01,35.65
1554449400,68.82,68.96,68.82,68.94,7.98
1554450300,69.21,69.62,69.21,69.47,25.75
1554451200,69.47,69.9,69.47,69.88,40.97
1554452100,69.78,70.48,69.78,70.28,35.95
1554453000,69.98,70.14,70.1,70.14,10.49
1554453900,70.04,70.34,70.15,70.04,3.67
1554454800,69.57,70.02,70.02,69.57,101.55
1554455700,69.79,71.75,69.81,70.74,517.65
1554456600,70.84,71.31,70.99,71.31,70.11
1554457500,70.99,71.35,71.14,71.13,41.77
1554458400,70.92,71.15,71.11,70.92,6.44
1554459300,70.81,72.28,71.05,70.98,581.51
1554460200,70.81,71.42,71.01,71.42,73.84
1554461100,71.04,72.33,71.33,71.9,189.71
1554462000,71.78,72.15,71.83,72.13,52.68
1554462900,72.0,72.45,72.19,72.0,45.28
1554463800,71.97,72.85,71.97,72.83,106.53
1554464700,72.1,72.75,72.56,72.27,35.41
1554465600,71.77,72.68,72.55,72.02,26.1
1554466500,71.91,72.23,72.01,72.14,20.48
1554467400,72.05,72.62,72.05,72.4,47.2
1554468300,72.27,72.7,72.4,72.67,88.4
1554469200,71.96,72.6,72.6,72.2,63.17
1554470100,72.19,72.8,72.19,72.72,181.54
1554471000,71.51,72.8,72.8,71.95,146.24
1554471900,71.13,72.1,71.95,71.53,51.56
1554472800,70.96,71.64,71.32,71.64,176.89
1554473700,71.01,71.67,71.66,71.23,26.56
1554474600,71.0,71.4,71.28,71.01,38.83
1554475500,70.25,71.16,71.01,70.52,29.41
1554476400,70.63,70.92,70.88,70.92,15.55
1554477300,70.55,71.15,70.92,71.11,26.05
1554478200,70.8,71.11,70.96,70.98,14.62
1554479100,70.78,71.09,70.93,70.85,47.22
1554480000,70.37,70.9,70.9,70.37,15.71
1554480900,70.67,71.62,70.67,71.51,37.64
1554481800,71.4,72.18,71.4,71.88,236.58
1554482700,71.05,71.71,71.69,71.29,204.95
1554483600,71.28,71.41,71.29,71.34,47.24
1554484500,71.28,71.56,71.3,71.55,56.18
1554485400,70.83,71.5,71.28,71.48,26.5
1554486300,71.09,71.91,71.09,71.62,61.34
1554487200,71.28,72.09,71.61,71.77,125.61
1554488100,71.83,72.35,72.01,71.85,106.58
1554489000,71.54,72.07,72.07,71.59,127.34
1554489900,71.16,71.66,71.4,71.3,89.0
1554490800,71.46,71.83,71.52,71.75,9.01
1554491700,71.51,71.76,71.75,71.52,26.87
1554492600,71.4,71.65,71.65,71.55,44.47
1554493500,71.49,71.86,71.53,71.5,22.31
1554494400,71.29,71.85,71.5,71.84,134.27
1554495300,71.08,71.96,71.87,71.29,92.38
1554496200,70.85,71.31,71.31,71.13,63.02
1554497100,70.58,71.12,70.83,71.12,20.9
1554498000,70.72,71.03,70.72,70.98,40.78
1554498900,70.74,71.02,70.99,70.98,44.67
1554499800,70.6,70.84,70.67,70.81,14.03
1554500700,70.57,70.81,70.63,70.7,14.68
1554501600,70.56,70.92,70.67,70.92,15.77
1554502500,70.72,71.0,70.72,71.0,16.78
1554503400,70.91,71.35,70.91,71.35,6.4
1554504300,71.11,71.62,71.11,71.62,32.65
1554505200,71.53,72.09,71.59,72.09,61.0
1554506100,71.49,72.7,71.94,72.63,135.73
1554507000,71.99,72.62,72.62,72.16,15.62
1554507900,72.16,72.6,72.25,72.35,146.93
1554508800,71.99,72.48,72.2,72.48,157.87
1554509700,71.84,72.31,72.23,72.05,150.45
1554510600,71.92,72.28,71.92,72.25,157.36
1554511500,71.49,72.2,72.19,71.49,1520.0
1554512400,71.64,71.93,71.64,71.66,25.78
1554513300,71.6,71.78,71.78,71.77,20.47
1554514200,71.18,71.4,71.4,71.3,108.33
1554515100,71.3,71.76,71.3,71.47,23.67
1554516000,71.26,71.67,71.58,71.52,71.92
1554516900,71.37,71.81,71.52,71.62,124.66
1554517800,71.28,71.63,71.6,71.57,15.63
1554518700,71.35,71.93,71.73,71.63,33.58
1554519600,71.3,71.52,71.52,71.43,29.3
1554520500,71.11,71.43,71.21,71.11,11.99
1554521400,71.19,71.33,71.31,71.19,8.27
1554522300,71.08,71.38,71.22,71.17,22.79
1554523200,71.09,71.34,71.09,71.19,13.78
1554524100,71.15,71.4,71.15,71.34,37.02
1554525000,71.08,71.29,71.29,71.2,12.47
1554525900,71.25,71.42,71.29,71.42,30.32
