1541625000,216.31,216.31,216.31,216.31,0.27
1541626800,217.0,217.0,217.0,217.0,0.445
1541627400,217.0,217.01,217.0,217.01,4.22
1541627700,216.9,217.01,217.01,217.01,45.35
1541628000,217.01,217.01,217.01,217.01,2.71
1541628900,216.4,216.4,216.4,216.4,0.326
1541630400,216.73,216.8,216.8,216.73,6.02
1541630700,217.01,217.01,217.01,217.01,0.513
1541631000,217.01,217.01,217.01,217.01,5.09
1541631300,217.01,217.01,217.01,217.01,1.48
1541631900,216.84,216.84,216.84,216.84,1.12
1541632500,216.42,216.43,216.43,216.42,10.47
1541633400,216.75,216.75,216.75,216.75,15.75
1541633700,216.75,216.75,216.75,216.75,4.25
1541634300,216.72,216.72,216.72,216.72,0.848
1541634600,216.75,216.75,216.75,216.75,0.425
1541634900,216.88,216.93,216.93,216.88,0.655
1541635500,217.0,217.01,217.0,217.01,11.68
1541635800,217.37,218.31,217.37,218.3,2.6
1541636700,217.73,217.76,217.73,217.76,0.759
1541637000,217.68,217.75,217.75,217.68,1.21
1541637300,217.74,217.74,217.74,217.74,0.321
1541638200,217.86,217.86,217.86,217.86,0.681
1541638500,217.24,217.4,217.4,217.24,5.0
1541639400,217.18,217.25,217.25,217.18,1.65
1541639700,217.21,217.24,217.21,217.24,0.373
1541640000,217.24,217.24,217.24,217.24,0.244
1541640300,217.27,217.43,217.43,217.27,6.59
1541640600,217.17,217.17,217.17,217.17,2.45
1541641500,216.81,217.0,217.0,216.81,1.38
1541641800,216.61,216.61,216.61,216.61,4.6
1541643000,216.62,216.62,216.62,216.62,2.98
1541644200,216.36,216.6,216.6,216.36,2.98
1541644800,213.43,216.25,216.25,213.43,9.2
1541645400,213.64,213.69,213.69,213.64,12.23
1541646900,213.93,213.93,213.93,213.93,1.0
1541647200,213.51,213.58,213.58,213.51,1.11
1541647500,213.5,213.5,213.5,213.5,1.0
1541648100,212.85,213.02,213.02,212.85,134.88
1541649300,212.12,212.2,212.2,212.12,1.54
1541649600,212.21,212.21,212.21,212.21,0.47
1541650500,212.99,212.99,212.99,212.99,0.222
1541650800,213.32,213.47,213.47,213.32,0.96
1541651100,213.63,213.63,213.63,213.63,2.14
1541653200,213.84,213.84,213.84,213.84,0.325
1541655300,213.14,213.14,213.14,213.14,0.418
1541655900,213.17,213.23,213.17,213.18,2.27
1541656200,213.05,213.19,213.19,213.05,2.09
1541658000,212.87,212.87,212.87,212.87,0.122
1541658300,212.94,212.94,212.94,212.94,0.509
1541658600,212.97,212.97,212.97,212.97,9.28
1541659500,212.53,212.53,212.53,212.53,0.5
1541660100,212.39,212.39,212.39,212.39,3.33
1541664000,212.95,212.95,212.95,212.95,0.109
1541664300,212.95,213.83,212.95,213.83,5.28
1541664600,213.74,213.74,213.74,213.74,0.341
1541664900,213.79,213.79,213.79,213.79,0.45
1541666700,213.33,213.43,213.33,213.43,1.89
1541667000,213.39,213.43,213.43,213.39,1.58
1541667300,213.39,213.39,213.39,213.39,0.609
1541667900,213.15,213.28,213.28,213.15,5.29
1541668800,213.03,213.03,213.03,213.03,1.17
1541669100,212.92,212.92,212.92,212.92,1.13
1541669400,212.92,212.92,212.92,212.92,2.03
1541671500,213.05,213.05,213.05,213.05,5.75
1541673300,213.06,213.07,213.06,213.07,14.83
1541673600,213.68,213.68,213.68,213.68,6.52
1541673900,213.68,213.69,213.69,213.69,8.43
1541674200,214.03,214.04,214.03,214.04,6.46
1541674500,213.63,213.77,213.69,213.77,1.94
1541676000,213.53,213.55,213.55,213.53,13.92
1541676900,213.83,213.83,213.83,213.83,0.0502
1541677800,213.5,213.5,213.5,213.5,2.94
1541680200,213.49,213.5,213.49,213.5,2.18
1541680500,213.5,213.5,213.5,213.5,0.949
1541681100,213.5,213.5,213.5,213.5,0.835
1541681400,213.49,213.49,213.49,213.49,2.31
1541681700,213.5,214.16,213.5,214.15,10.15
1541682000,214.12,214.12,214.12,214.12,3.65
1541682300,214.12,214.28,214.12,214.12,11.82
1541682600,214.12,214.77,214.12,214.77,3.37
1541683200,214.23,214.76,214.76,214.23,37.01
1541683500,214.76,214.76,214.76,214.76,11.37
1541683800,214.75,215.21,214.75,215.21,26.33
1541684100,215.06,215.06,215.06,215.06,1.32
1541684400,215.06,215.07,215.07,215.06,30.69
1541684700,215.06,215.07,215.07,215.07,43.73
1541685000,215.07,215.07,215.07,215.07,1.62
1541685300,214.61,214.62,214.61,214.62,1.9
1541685600,214.62,214.62,214.62,214.62,7.2
1541685900,214.62,214.62,214.62,214.62,0.952
1541686200,214.52,214.52,214.52,214.52,7.01
1541686500,214.52,214.52,214.52,214.52,1.63
1541686800,214.41,214.41,214.41,214.41,3.0
1541687100,214.4,214.52,214.4,214.52,3.34
1541687400,214.52,214.52,214.52,214.52,2.0
1541687700,214.52,214.52,214.52,214.52,3.54
1541688000,214.51,214.52,214.52,214.51,7.81
1541688300,214.52,214.52,214.52,214.52,80.0
1541688600,214.52,214.52,214.52,214.52,11.99
1541688900,214.63,214.63,214.63,214.63,0.645
1541689200,214.63,214.63,214.63,214.63,34.58
1541690100,214.51,214.51,214.51,214.51,9.88
1541690400,213.52,214.04,214.04,213.52,6.03
1541690700,213.51,213.51,213.51,213.51,1.0
1541691000,213.49,213.67,213.49,213.67,5.65
1541692200,213.41,213.51,213.51,213.41,10.0
1541692500,212.73,213.42,213.42,212.73,2.45
1541692800,210.25,212.42,212.42,210.25,3.83
1541693100,210.72,211.02,211.02,210.72,1.96
1541694000,211.49,211.75,211.49,211.75,10.69
1541694600,211.85,211.86,211.86,211.85,122.99
1541694900,212.4,212.49,212.47,212.4,27.66
1541695200,211.97,212.2,212.17,211.97,12.62
1541695500,212.01,212.05,212.04,212.01,6.73
1541695800,211.0,211.87,211.87,211.0,215.15
1541696400,212.52,212.52,212.52,212.52,0.53
1541697900,211.3,211.3,211.3,211.3,2.32
1541698200,211.48,211.49,211.48,211.49,10.34
1541700900,211.31,211.79,211.79,211.31,22.09
1541701800,211.75,211.75,211.75,211.75,5.0
1541702400,211.6,211.6,211.6,211.6,20.0
1541702700,211.54,211.54,211.54,211.54,24.0
1541703000,211.8,211.89,211.8,211.89,2.35
1541706900,211.88,211.89,211.88,211.89,3.18
1541707200,211.89,212.82,211.89,212.75,92.91
1541707500,212.75,212.87,212.75,212.87,35.13
1541708100,213.16,213.25,213.16,213.24,5.1
1541708400,213.13,213.25,213.13,213.25,7.47
1541708700,213.16,213.75,213.25,213.68,42.02
1541709000,213.01,213.49,213.01,213.49,5.88
1541709900,213.0,213.37,213.01,213.37,5.45
1541710200,213.33,213.86,213.33,213.86,5.61
1541710500,212.66,213.59,213.01,212.66,55.27
1541711100,212.81,213.48,213.1,212.81,9.49
1541711400,213.13,213.17,213.17,213.13,5.08
1541711700,212.52,213.07,213.07,212.52,57.4
1541712000,212.9,212.9,212.9,212.9,18.57
1541712300,212.91,212.96,212.96,212.91,16.17
1541712600,212.76,213.18,213.18,212.76,19.83
1541713200,212.57,212.9,212.76,212.9,10.68
1541713500,212.44,212.88,212.44,212.88,2.2
1541713800,212.74,212.78,212.76,212.78,18.45
1541714100,212.73,212.73,212.73,212.73,2.02
1541714400,212.58,213.01,213.01,212.96,7.98
1541714700,212.95,212.96,212.96,212.96,22.44
1541715300,212.84,212.98,212.84,212.89,8.19
1541715900,212.67,212.94,212.67,212.67,30.49
1541716500,212.75,212.8,212.75,212.8,1.17
1541716800,212.79,212.79,212.79,212.79,0.0227
1541717100,211.67,211.97,211.91,211.67,19.04
1541717400,211.7,211.7,211.7,211.7,1.47
1541717700,211.67,211.67,211.67,211.67,1.78
1541718900,210.97,211.48,211.48,210.97,1.3
1541719500,211.14,211.14,211.14,211.14,9.29
1541720100,211.14,211.43,211.14,211.43,0.212
1541720400,211.14,211.4,211.4,211.14,1.73
1541720700,211.15,211.15,211.15,211.15,0.814
1541721000,210.15,211.14,211.14,210.15,145.89
1541721300,210.34,210.34,210.34,210.34,4.72
1541721600,210.47,210.47,210.47,210.47,7.82
1541721900,210.47,211.22,210.47,211.22,79.02
1541722200,211.22,211.63,211.22,211.63,23.42
1541722500,211.77,211.77,211.77,211.77,0.523
1541722800,211.78,211.78,211.78,211.78,7.25
1541723400,211.39,211.39,211.39,211.39,4.33
1541723700,211.55,211.55,211.55,211.55,0.937
1541724000,211.17,211.5,211.26,211.5,8.11
1541724300,211.14,211.18,211.18,211.14,10.0
1541724600,211.21,211.21,211.21,211.21,4.99
1541724900,211.21,211.21,211.21,211.21,4.19
1541725200,211.07,211.16,211.16,211.07,18.57
1541725500,211.15,211.15,211.15,211.15,11.33
1541725800,210.99,210.99,210.99,210.99,0.734
1541726100,210.99,211.08,211.08,210.99,8.12
1541726700,211.12,211.12,211.12,211.12,0.458
1541727000,211.06,211.14,211.06,211.14,6.22
1541727300,211.08,211.15,211.14,211.08,6.9
1541728500,211.21,211.21,211.21,211.21,16.09
1541728800,211.21,211.22,211.21,211.22,18.13
1541729700,211.31,211.57,211.57,211.31,12.31
1541730000,211.21,211.25,211.21,211.25,3.17
1541730300,211.25,211.5,211.25,211.5,2.82
1541730900,211.3,211.55,211.55,211.5,9.65
1541731200,211.46,211.54,211.5,211.46,4.26
1541731500,211.41,211.51,211.46,211.51,1.48
1541731800,211.07,211.24,211.24,211.07,6.39
1541732100,210.98,211.01,210.98,210.99,16.63
1541732400,210.98,210.98,210.98,210.98,7.34
1541732700,211.17,211.17,211.17,211.17,0.0474
1541733000,210.95,211.05,211.04,210.97,4.01
1541733300,210.97,210.97,210.97,210.97,2.87
1541733600,211.15,211.15,211.15,211.15,0.947
1541734500,211.66,211.66,211.66,211.66,15.06
1541734800,211.52,211.61,211.61,211.52,11.4
1541736000,211.78,212.1,211.78,212.1,13.99
1541736300,212.13,212.13,212.13,212.13,3.11
1541736600,211.84,211.9,211.89,211.9,19.48
1541738100,211.68,211.68,211.68,211.68,4.88
1541738700,211.72,212.31,211.72,212.31,33.01
1541740200,211.49,211.55,211.55,211.54,2.24
1541744100,211.37,211.48,211.48,211.37,7.11
1541744400,211.36,211.36,211.36,211.36,3.38
1541746200,211.5,211.68,211.5,211.61,1.77
1541747400,211.29,211.39,211.39,211.29,10.67
1541749500,211.68,211.68,211.68,211.68,0.0153
1541749800,211.69,211.69,211.69,211.69,8.79
1541750100,211.68,211.68,211.68,211.68,0.0822
1541750700,211.7,211.7,211.7,211.7,0.802
1541754000,210.99,210.99,210.99,210.99,0.3
1541754900,209.3,210.01,210.01,209.3,5.23
1541755800,209.86,209.86,209.86,209.86,4.76
1541761500,209.0,209.0,209.0,209.0,0.384
1541763900,209.0,209.0,209.0,209.0,0.539
1541766600,209.0,209.0,209.0,209.0,2.0
1541766900,209.0,209.44,209.0,209.44,4.32
1541767800,209.28,209.28,209.28,209.28,1.19
1541768700,208.99,208.99,208.99,208.99,0.0464
1541769600,208.99,208.99,208.99,208.99,0.0893
1541770500,208.58,208.98,208.98,208.58,4.18
1541770800,208.0,208.0,208.0,208.0,0.791
1541771400,208.38,208.99,208.38,208.99,2.39
1541774700,207.65,207.65,207.65,207.65,2.0
1541775900,208.18,208.18,208.18,208.18,0.282
1541776500,208.18,208.3,208.18,208.3,76.0
1541776800,208.3,208.3,208.3,208.3,56.13
1541778600,208.27,208.27,208.27,208.27,18.54
1541778900,208.27,208.27,208.27,208.27,0.27
1541780100,208.28,208.28,208.28,208.28,4.56
1541780400,208.28,208.31,208.28,208.31,13.31
1541782200,208.55,208.55,208.55,208.55,0.958
1541782800,208.55,208.55,208.55,208.55,3.78
1541783400,208.55,208.56,208.56,208.56,2.36
1541783700,208.55,208.55,208.55,208.55,6.0
1541784600,208.55,208.55,208.55,208.55,16.12
1541785200,208.55,208.55,208.55,208.55,11.27
1541785500,208.5,208.52,208.52,208.5,1.21
1541786700,208.45,208.46,208.46,208.45,14.83
1541787300,208.46,208.46,208.46,208.46,1.0
1541788200,208.27,208.27,208.27,208.27,23.97
1541788800,208.2,208.2,208.2,208.2,0.144
1541793000,207.81,207.82,207.81,207.82,0.527
1541797800,207.5,207.5,207.5,207.5,0.241
1541798400,206.58,206.58,206.58,206.58,35.62
1541799000,207.6,207.6,207.6,207.6,4.82
1541799600,207.83,207.83,207.83,207.83,1.0
1541801100,207.62,207.62,207.62,207.62,0.1
1541802000,207.99,207.99,207.99,207.99,0.214
1541803500,207.27,207.27,207.27,207.27,2.0
1541805600,207.99,207.99,207.99,207.99,0.201
1541806200,208.0,208.03,208.0,208.03,1.15
1541807700,208.38,208.38,208.38,208.38,1.54
1541810400,207.03,207.98,207.98,207.03,114.78
1541811600,207.91,207.91,207.91,207.91,0.0806
1541812800,207.0,208.03,207.98,207.01,13.73
1541814000,207.99,207.99,207.99,207.99,2.2
1541814300,208.04,208.04,208.04,208.04,0.133
1541814600,208.04,208.04,208.04,208.04,0.323
1541823600,208.46,208.52,208.46,208.52,23.75
1541824200,208.55,208.55,208.55,208.55,3.81
1541824800,208.55,208.55,208.55,208.55,9.76
1541825400,208.56,209.29,208.56,209.29,18.48
1541825700,209.71,209.71,209.71,209.71,0.01
1541826300,209.85,209.95,209.95,209.85,2.49
1541827200,209.84,209.84,209.84,209.84,3.55
1541828400,209.92,209.92,209.92,209.92,1.0
1541828700,209.82,209.82,209.82,209.82,0.1
1541829000,209.94,209.94,209.94,209.94,0.24
1541829600,209.95,209.95,209.95,209.95,1.0
1541829900,210.0,210.0,210.0,210.0,10.4
1541839800,209.87,209.87,209.87,209.87,0.25
1541842500,209.4,209.61,209.61,209.4,1.0
1541844600,209.62,209.62,209.62,209.62,0.477
1541847300,209.6,209.6,209.6,209.6,0.122
1541849400,209.63,209.63,209.63,209.63,0.887
1541850300,209.63,209.63,209.63,209.63,0.113
1541851800,211.0,211.0,211.0,211.0,5.1
1541853300,211.04,211.04,211.04,211.04,2.36
1541853600,211.0,211.05,211.05,211.0,1.24
1541853900,211.13,212.18,211.13,212.18,13.97
1541854200,211.78,211.78,211.78,211.78,5.14
1541858100,211.66,211.66,211.66,211.66,2.07
1541858700,211.66,211.66,211.66,211.66,0.133
1541859000,211.66,211.66,211.66,211.66,0.258
1541859300,211.28,211.59,211.28,211.59,12.52
1541859900,211.09,211.09,211.09,211.09,0.128
1541860200,211.09,211.09,211.09,211.09,0.0489
1541861100,211.09,211.09,211.09,211.09,0.035
1541862600,211.1,211.1,211.1,211.1,0.151
1541864700,211.09,211.1,211.09,211.1,3.41
1541865000,211.0,211.1,211.1,211.0,107.69
1541865600,211.29,211.29,211.29,211.29,0.103
1541867100,211.29,211.29,211.29,211.29,0.897
1541871000,211.71,212.0,211.71,212.0,12.82
1541875200,211.44,211.44,211.44,211.44,1.96
1541875800,211.49,211.49,211.49,211.49,0.028
1541877000,211.41,211.41,211.41,211.41,0.25
1541877600,211.08,211.4,211.4,211.08,1.0
1541878500,211.41,211.41,211.41,211.41,0.344
1541884200,211.4,211.41,211.41,211.4,0.356
1541884800,211.98,211.98,211.98,211.98,1.18
1541889300,211.62,211.62,211.62,211.62,0.0282
1541893500,210.5,211.08,211.08,210.5,4.03
1541900700,210.28,211.03,211.03,210.28,4.72
1541906400,210.17,210.17,210.17,210.17,0.0646
1541916000,209.15,210.0,210.0,209.15,1.0
1541916600,209.8,209.8,209.8,209.8,0.0333
1541919300,210.01,210.78,210.01,210.78,6.83
1541921700,209.34,210.75,210.75,209.34,14.19
1541925600,211.0,211.05,211.0,211.05,1.57
1541929800,211.05,211.48,211.05,211.48,1.36
1541930400,210.93,210.93,210.93,210.93,1.0
1541930700,210.11,210.11,210.11,210.11,0.143
1541932800,210.43,210.43,210.43,210.43,1.18
1541936700,210.16,210.16,210.16,210.16,0.396
1541938800,210.09,210.09,210.09,210.09,0.108
1541943000,210.16,210.16,210.16,210.16,0.291
1541947500,209.64,209.64,209.64,209.64,0.13
1541948700,209.64,209.64,209.64,209.64,9.27
1541950500,208.97,209.0,209.0,208.97,1.05
1541950800,206.8,208.11,208.11,206.8,2.61
1541952000,206.99,207.62,207.62,206.99,7.18
1541953200,207.43,207.43,207.43,207.43,0.3
1541953500,207.45,207.45,207.45,207.45,1.41
1541955300,207.54,208.23,207.54,208.23,4.57
1541956800,207.5,207.5,207.5,207.5,0.592
1541957700,207.21,207.49,207.49,207.21,15.38
1541958300,207.22,207.22,207.22,207.22,1.75
1541961600,207.22,207.22,207.22,207.22,0.467
1541963100,207.5,207.6,207.5,207.6,9.41
1541963700,208.61,208.61,208.61,208.61,0.0915
1541965500,208.7,208.99,208.7,208.99,12.45
1541966700,208.72,208.72,208.72,208.72,0.917
1541968200,208.9,208.9,208.9,208.9,0.955
1541969700,208.57,208.57,208.57,208.57,0.143
1541970000,208.57,208.57,208.57,208.57,3.04
1541972400,208.08,208.08,208.08,208.08,0.377
1541972700,208.01,208.01,208.01,208.01,0.46
1541973000,208.01,208.01,208.01,208.01,1.87
1541973300,207.86,207.99,207.99,207.97,4.84
1541978100,208.15,208.15,208.15,208.15,2.2
1541978700,208.15,208.55,208.15,208.55,7.27
1541979900,208.55,209.1,208.55,209.1,26.76
1541980200,209.1,209.12,209.1,209.12,5.77
1541980500,209.15,209.15,209.15,209.15,0.807
1541980800,209.64,209.64,209.64,209.64,1.6
1541981100,209.98,209.98,209.98,209.98,0.45
1541984700,210.9,210.9,210.9,210.9,0.285
1541985000,210.9,210.9,210.9,210.9,17.96
1541985300,210.9,210.9,210.9,210.9,0.999
1541987700,210.9,210.9,210.9,210.9,0.331
1541988000,210.9,210.9,210.9,210.9,3.96
1541989800,210.65,210.65,210.65,210.65,0.598
1541992500,210.89,210.89,210.89,210.89,0.895
1541993400,210.29,210.29,210.29,210.29,0.707
1541993700,210.42,210.53,210.53,210.42,2.11
1541994000,210.42,210.42,210.42,210.42,0.571
1541994300,210.23,210.32,210.32,210.23,5.29
1541999700,210.07,210.18,210.07,210.18,18.02
1542000600,210.05,210.05,210.05,210.05,4.75
1542003300,209.91,210.05,210.05,209.91,2.67
1542006000,209.18,209.19,209.19,209.18,5.0
1542010500,208.4,208.4,208.4,208.4,0.15
1542010800,208.27,208.45,208.27,208.45,19.85
1542012300,209.46,209.46,209.46,209.46,0.065
1542012900,209.43,209.43,209.43,209.43,2.86
1542015900,209.27,209.27,209.27,209.27,15.51
1542016800,209.25,209.25,209.25,209.25,0.5
1542018600,209.25,209.25,209.25,209.25,10.72
1542021000,209.0,209.0,209.0,209.0,0.05
1542023100,209.0,209.0,209.0,209.0,0.477
1542024000,209.0,209.0,209.0,209.0,13.89
1542024300,209.24,209.28,209.24,209.28,17.42
1542025500,209.6,209.6,209.6,209.6,2.37
1542026100,209.6,209.6,209.6,209.6,7.43
1542026400,210.38,210.38,210.38,210.38,0.446
1542027000,210.21,210.37,210.37,210.21,2.0
1542030600,210.0,210.0,210.0,210.0,4.76
1542030900,209.83,209.98,209.98,209.83,9.22
1542031200,209.96,209.96,209.96,209.96,1.28
1542031800,209.97,209.97,209.97,209.97,7.9
1542032100,209.86,209.86,209.86,209.86,0.0306
1542032400,209.98,209.98,209.98,209.98,16.97
1542032700,210.0,210.38,210.0,210.38,35.56
1542035700,210.37,210.37,210.37,210.37,1.18
1542036600,209.61,209.61,209.61,209.61,0.4
1542040200,209.62,209.62,209.62,209.62,2.4
1542040500,209.85,209.85,209.85,209.85,4.17
1542041100,209.62,209.78,209.62,209.78,1.99
1542042000,209.53,209.53,209.53,209.53,1.19
1542043200,209.28,209.28,209.28,209.28,2.6
1542044400,209.06,209.06,209.06,209.06,0.427
1542048600,208.64,208.64,208.64,208.64,0.0298
1542048900,208.39,208.64,208.64,208.39,0.795
1542050400,208.28,208.28,208.28,208.28,20.0
1542052500,208.42,208.42,208.42,208.42,0.05
1542060300,207.87,207.87,207.87,207.87,0.481
1542060900,207.5,207.64,207.64,207.5,0.16
1542063000,207.86,207.86,207.86,207.86,0.558
1542064200,208.22,208.5,208.22,208.5,5.28
1542066600,208.5,208.5,208.5,208.5,2.0E-7
1542072300,207.55,207.74,207.74,207.55,25.0
1542072900,206.68,207.5,207.5,206.68,2.25
1542074700,205.5,205.94,205.94,205.5,0.251
1542076200,206.77,206.77,206.77,206.77,1.0
1542076800,206.5,206.5,206.5,206.5,1.0
1542077700,206.77,206.98,206.77,206.98,2.44
1542078600,206.96,206.96,206.96,206.96,1.0
1542081900,207.07,207.07,207.07,207.07,0.111
1542084300,207.02,207.02,207.02,207.02,0.12
1542088500,206.78,207.64,206.78,207.64,9.99
1542092400,206.77,206.77,206.77,206.77,50.55
1542092700,206.77,206.78,206.77,206.77,77.26
1542093300,205.91,205.91,205.91,205.91,0.513
1542096600,206.38,206.38,206.38,206.38,14.84
1542099300,205.0,205.05,205.05,205.0,3.0
1542099900,204.83,204.83,204.83,204.83,0.0548
1542100800,204.9,204.9,204.9,204.9,1.21
1542102000,204.9,204.9,204.9,204.9,13.79
1542104100,205.43,205.43,205.43,205.43,8.15
1542107400,205.8,205.8,205.8,205.8,15.0
1542108000,206.1,206.1,206.1,206.1,20.0
1542110700,206.11,206.11,206.11,206.11,0.0187
1542112200,205.99,205.99,205.99,205.99,26.17
1542112800,206.15,206.15,206.15,206.15,1.21
1542114900,206.15,206.15,206.15,206.15,2.34
1542115200,206.2,206.2,206.2,206.2,1.34
1542115500,206.2,206.2,206.2,206.2,2.94
1542116400,206.2,206.3,206.2,206.3,8.57
1542117300,205.94,205.94,205.94,205.94,4.85
1542117600,205.88,205.88,205.88,205.88,0.137
1542118500,205.55,205.55,205.55,205.55,0.255
1542118800,205.4,205.4,205.4,205.4,0.228
1542119100,205.37,205.37,205.37,205.37,7.28
1542120000,205.58,205.58,205.58,205.58,3.83
1542120900,205.95,205.95,205.95,205.95,3.42
1542121200,205.95,205.95,205.95,205.95,3.29
1542123000,205.95,206.0,205.95,206.0,11.28
1542123300,206.3,206.3,206.3,206.3,0.112
1542123600,206.3,206.3,206.3,206.3,0.0483
1542123900,206.3,206.3,206.3,206.3,7.2
1542125400,206.29,206.3,206.29,206.29,7.05
1542126600,206.3,206.3,206.3,206.3,0.209
1542126900,206.29,206.29,206.29,206.29,16.09
1542127500,206.3,206.3,206.3,206.3,1.31
1542127800,206.3,206.83,206.3,206.83,38.69
1542128100,206.98,206.98,206.98,206.98,2.35
1542129000,207.17,207.17,207.17,207.17,0.15
1542129300,206.91,206.91,206.91,206.91,0.612
1542129600,206.99,206.99,206.99,206.99,0.0744
1542130200,206.23,207.0,206.87,207.0,77.98
1542130800,206.86,206.86,206.86,206.86,2.53
1542131100,206.8,206.8,206.8,206.8,5.08
1542131700,206.4,206.6,206.4,206.6,0.943
1542132900,205.96,205.96,205.96,205.96,0.493
1542133200,205.94,205.94,205.94,205.94,0.5
1542134700,205.39,205.39,205.39,205.39,1.21
1542135000,204.26,204.89,204.89,204.26,2.23
1542135300,203.29,204.02,204.02,203.29,72.13
1542135600,203.19,203.19,203.19,203.19,1.0
1542140100,203.94,203.94,203.94,203.94,2.23
1542141300,204.26,204.26,204.26,204.26,0.5
1542142800,203.91,203.91,203.91,203.91,0.1
1542153000,203.92,203.93,203.92,203.93,4.99
1542153600,203.31,203.31,203.31,203.31,0.126
1542153900,203.0,203.0,203.0,203.0,3.62
1542154200,202.46,203.0,203.0,202.46,0.02
1542154800,202.86,202.87,202.86,202.87,12.3
1542156000,203.02,203.02,203.02,203.02,31.0
1542158100,203.22,203.22,203.22,203.22,0.0982
1542159000,203.2,203.2,203.2,203.2,19.97
1542159300,203.2,203.2,203.2,203.2,5.78
1542159600,203.2,203.2,203.2,203.2,6.33
1542173700,203.93,203.93,203.93,203.93,0.0977
1542175800,204.64,205.05,204.64,205.05,0.612
1542182100,203.52,203.52,203.52,203.52,4.75
1542182400,203.52,203.52,203.52,203.52,8.44
1542182700,203.52,203.52,203.52,203.52,2.8
1542183000,203.52,203.52,203.52,203.52,2.09
1542183300,203.52,203.52,203.52,203.52,0.122
1542185100,203.81,203.81,203.81,203.81,0.133
1542186900,203.14,203.14,203.14,203.14,1.86
1542188100,203.15,203.15,203.15,203.15,0.679
1542189000,201.0,201.98,201.98,201.0,2.09
1542189300,199.0,200.5,200.5,199.0,7.12
1542189600,199.0,199.13,199.13,199.0,3.5
1542190200,199.1,199.1,199.1,199.1,5.0
1542190800,198.5,198.59,198.59,198.5,0.06
1542191100,196.64,197.1,197.02,197.1,16.69
1542193500,197.65,197.65,197.65,197.65,0.0146
1542194400,198.2,198.2,198.2,198.2,12.13
1542194700,198.2,198.73,198.2,198.73,3.3
1542195000,198.27,198.27,198.27,198.27,2.39
1542196800,198.73,198.73,198.73,198.73,15.51
1542198900,198.89,198.9,198.9,198.89,1.25
1542200100,198.59,198.59,198.59,198.59,0.557
1542200700,198.81,198.81,198.81,198.81,0.252
1542201300,198.27,198.41,198.41,198.27,5.43
1542201900,197.91,197.91,197.91,197.91,1.26
1542202500,197.43,197.43,197.43,197.43,0.918
1542203100,198.27,198.27,198.27,198.27,1.04
1542203400,198.13,198.13,198.13,198.13,15.19
1542205800,196.5,196.5,196.5,196.5,0.05
1542206100,196.17,196.17,196.17,196.17,4.08
1542206400,195.5,195.5,195.5,195.5,20.0
1542206700,196.34,196.34,196.34,196.34,1.52
1542207000,196.34,196.34,196.34,196.34,5.39
1542207900,195.13,195.13,195.13,195.13,4.1
1542208200,193.0,195.0,195.0,193.0,2.64
1542208500,190.81,191.97,191.97,190.81,1.37
1542208800,193.0,193.0,193.0,193.0,3.15
1542209100,191.5,191.5,191.5,191.5,1.75
1542209400,190.01,192.5,191.49,192.5,28.18
1542210300,191.58,191.71,191.71,191.58,16.35
1542210600,191.17,191.39,191.17,191.39,8.33
1542210900,186.2,190.0,190.0,186.2,41.33
1542211200,186.8,188.05,186.8,188.05,41.22
1542211500,185.0,187.0,187.0,185.0,13.06
1542211800,184.58,185.84,184.58,185.84,24.0
1542212100,178.86,184.39,184.39,178.86,130.41
1542212400,173.7,178.93,176.0,178.93,25.21
1542212700,174.95,177.97,177.79,174.95,10.72
1542213000,169.77,171.68,169.77,171.38,79.69
1542213300,173.56,181.08,173.56,178.0,120.84
1542213600,179.13,181.16,180.29,179.13,11.04
1542214200,180.19,180.19,180.19,180.19,17.96
1542214500,180.95,182.25,182.25,180.95,38.42
1542214800,179.34,180.97,180.97,179.34,2.95
1542215100,178.67,178.67,178.67,178.67,7.71
1542215400,178.47,178.47,178.47,178.47,0.455
1542215700,178.81,178.91,178.81,178.91,4.21
1542216300,179.15,180.36,179.15,180.36,20.76
1542216600,179.8,181.15,180.39,181.15,27.95
1542216900,180.5,180.72,180.72,180.5,24.12
1542217200,182.27,182.68,182.61,182.68,17.4
1542217500,183.4,183.4,183.4,183.4,1.41
1542218100,182.19,183.0,183.0,182.64,3.07
1542218400,182.0,183.97,182.0,183.97,9.53
1542219000,181.23,181.23,181.23,181.23,0.181
1542219300,181.24,181.25,181.24,181.25,28.58
1542219600,182.27,182.68,182.27,182.68,11.18
1542220200,180.82,180.82,180.82,180.82,0.234
1542220500,180.0,180.88,180.66,180.0,10.27
1542220800,179.12,180.2,179.38,179.46,12.55
1542221100,175.93,178.34,178.34,176.17,53.91
1542221400,176.63,177.52,177.52,176.63,4.36
1542221700,176.59,177.09,176.59,177.09,26.69
1542222000,174.81,176.36,175.55,176.36,37.77
1542222300,176.33,178.06,176.33,178.06,15.42
1542222600,177.11,177.93,177.93,177.11,3.91
1542222900,174.9,176.2,176.2,174.9,12.25
1542223200,173.62,175.28,175.28,173.62,5.05
1542223500,171.49,173.84,173.84,171.78,143.22
1542223800,169.36,171.99,171.99,169.85,20.46
1542224100,169.02,170.25,170.25,169.88,7.48
1542224400,171.83,173.07,171.83,173.07,39.28
1542224700,171.27,171.71,171.71,171.27,2.6
1542225000,172.0,172.95,172.18,172.95,21.67
1542225300,174.34,175.45,174.34,174.44,4.27
1542225900,173.12,173.12,173.12,173.12,0.179
1542226200,171.92,172.4,172.4,171.92,16.26
1542226500,171.62,172.88,172.39,172.88,14.96
1542226800,171.36,171.9,171.86,171.36,5.44
1542227100,168.84,168.84,168.84,168.84,1.0
1542227400,165.22,165.82,165.82,165.22,47.9
1542228000,168.0,168.0,168.0,168.0,1.41
1542228300,167.79,167.79,167.79,167.79,2.92
1542228600,169.83,169.95,169.83,169.95,6.75
1542229800,172.17,172.48,172.48,172.17,11.38
1542230700,174.94,175.54,175.42,174.94,22.24
1542231000,175.34,176.01,175.34,176.01,1.85
1542231600,177.76,177.78,177.76,177.78,3.46
1542231900,177.76,177.79,177.77,177.76,10.24
1542232200,176.72,176.72,176.72,176.72,15.2
1542232500,176.32,176.64,176.61,176.64,7.1
1542232800,175.81,175.81,175.81,175.81,4.44
1542233100,174.75,175.1,174.75,175.09,1.95
1542233400,175.09,175.42,175.09,175.4,24.28
1542233700,173.19,173.8,173.19,173.8,6.4
1542234000,174.98,175.15,174.98,175.15,25.46
1542234600,175.46,175.46,175.46,175.46,2.25
1542234900,175.49,175.54,175.49,175.54,0.0339
1542235200,176.2,176.2,176.2,176.2,9.8
1542236100,174.78,174.82,174.78,174.82,1.72
1542236400,174.36,174.36,174.36,174.36,4.58
1542237000,175.11,176.38,175.11,176.38,6.39
1542237300,175.58,175.58,175.58,175.58,0.025
1542237600,175.58,175.58,175.58,175.58,21.24
1542237900,175.58,175.58,175.58,175.58,11.73
1542238500,176.59,176.6,176.6,176.59,0.995
1542238800,176.6,177.54,176.6,177.54,6.9
1542239400,177.08,177.08,177.08,177.08,18.01
1542239700,178.29,178.45,178.45,178.29,15.03
1542240000,177.0,178.39,178.39,177.6,80.86
1542240300,177.73,177.73,177.73,177.73,0.674
1542240600,177.06,177.64,177.64,177.46,4.54
1542241200,177.79,178.1,177.85,177.97,40.82
1542241500,178.23,178.78,178.25,178.56,90.89
1542241800,178.39,178.87,178.39,178.57,23.07
1542242100,179.77,180.2,179.88,180.2,71.79
1542242700,180.8,180.8,180.8,180.8,3.18
1542243300,178.6,178.96,178.96,178.6,12.24
1542243900,177.24,177.24,177.24,177.24,3.79
1542244200,177.11,177.11,177.11,177.11,0.931
1542244500,177.33,177.33,177.33,177.33,0.315
1542245100,177.32,177.32,177.32,177.32,0.5
1542245700,177.83,177.83,177.83,177.83,0.186
1542246000,178.0,178.0,178.0,178.0,0.392
1542247200,176.58,177.18,177.18,176.58,1.46
1542247500,176.02,176.3,176.3,176.02,1.55
1542247800,176.18,176.18,176.18,176.18,0.464
1542249000,175.33,176.01,176.01,175.33,8.28
1542249900,174.55,174.55,174.55,174.55,3.53
1542250200,172.8,174.55,174.55,172.8,5.12
1542250500,172.99,173.0,172.99,173.0,9.47
1542251400,174.86,174.86,174.86,174.86,3.18
1542251700,174.86,174.86,174.86,174.86,7.82E-4
1542252000,175.4,175.4,175.4,175.4,19.53
1542252600,174.99,175.76,175.15,174.99,45.26
1542253500,175.5,175.5,175.5,175.5,15.0
1542254700,174.9,174.9,174.9,174.9,6.71
1542255000,171.89,171.89,171.89,171.89,4.23
1542257100,172.98,172.98,172.98,172.98,0.546
1542257400,172.21,172.21,172.21,172.21,2.38
1542258600,174.24,174.26,174.26,174.24,0.837
1542258900,174.15,174.15,174.15,174.15,0.0573
1542259500,174.3,174.3,174.3,174.3,0.0473
1542259800,173.47,173.99,173.99,173.47,11.07
1542260100,173.99,173.99,173.99,173.99,4.61
1542260400,173.78,174.48,174.0,174.0,8.28
1542260700,174.53,174.53,174.53,174.53,0.0985
1542261000,173.18,175.24,174.5,175.24,31.36
1542261900,175.42,175.42,175.42,175.42,1.61
1542262200,175.0,175.05,175.01,175.0,31.44
1542262500,175.29,175.31,175.29,175.31,4.65
1542263400,175.02,175.3,175.3,175.02,24.57
1542264000,174.25,174.53,174.53,174.25,9.16
1542264300,174.85,174.85,174.85,174.85,0.964
1542264600,174.92,174.92,174.92,174.92,4.58
1542265500,175.15,175.15,175.15,175.15,0.455
1542266100,175.5,175.5,175.5,175.5,5.15E-4
1542267000,177.2,177.3,177.3,177.2,9.03
1542267900,177.08,177.08,177.08,177.08,5.88
1542268800,177.45,177.45,177.45,177.45,1.4
1542269100,177.52,177.52,177.52,177.52,3.42
1542269400,177.38,177.51,177.51,177.38,14.65
1542269700,176.77,177.32,177.32,176.77,22.63
1542270000,176.6,176.6,176.6,176.6,14.19
1542270300,176.59,176.59,176.59,176.59,0.598
1542270600,176.59,176.59,176.59,176.59,1.7
1542270900,176.5,176.6,176.5,176.6,2.19
1542271200,176.31,176.31,176.31,176.31,0.692
1542274500,175.92,175.92,175.92,175.92,0.111
1542276000,176.13,176.13,176.13,176.13,0.691
1542276600,173.27,173.41,173.41,173.27,4.02
1542277200,170.53,170.53,170.53,170.53,4.67
1542278100,173.0,173.0,173.0,173.0,0.576
1542279000,171.64,171.64,171.64,171.64,4.44
1542280200,171.57,171.57,171.57,171.57,0.146
1542282600,172.0,172.0,172.0,172.0,2.0
1542283800,172.63,172.7,172.7,172.63,5.0
1542284700,173.21,173.21,173.21,173.21,5.0
1542285000,172.63,172.83,172.83,172.69,15.02
1542286500,171.86,172.41,172.41,171.86,7.48
1542287400,171.82,172.23,171.82,172.23,3.03
1542288000,172.1,172.1,172.1,172.1,0.26
1542288300,172.23,172.23,172.23,172.23,1.62
1542288900,173.0,173.0,173.0,173.0,1.15
1542290400,171.82,171.82,171.82,171.82,0.385
1542290700,170.47,170.47,170.47,170.47,1.59
1542292800,168.0,169.59,169.59,168.0,12.68
1542293100,167.43,168.03,167.48,167.43,5.27
1542293700,165.23,166.95,166.95,165.23,3.0
1542294300,166.86,168.45,166.9,168.45,17.0
1542294600,170.93,174.99,170.93,174.99,55.37
1542294900,173.73,173.73,173.73,173.73,4.6
1542295500,174.81,174.81,174.81,174.81,1.5
1542295800,172.67,173.34,173.34,172.67,14.04
1542297300,174.99,175.01,174.99,175.01,32.75
1542298200,173.9,173.9,173.9,173.9,14.0
1542298500,174.9,176.5,174.9,176.5,30.18
1542299100,175.75,176.5,176.5,175.75,19.53
1542299400,175.0,175.34,175.0,175.34,2.27
1542299700,174.71,174.71,174.71,174.71,0.565
1542300000,174.5,174.5,174.5,174.5,0.544
1542301500,176.94,176.94,176.94,176.94,1.36
1542302400,175.73,175.92,175.73,175.92,1.94
1542303300,175.25,175.25,175.25,175.25,12.75
1542303600,175.25,175.25,175.25,175.25,12.37
1542304200,176.31,176.31,176.31,176.31,0.543
1542304500,175.52,175.52,175.52,175.52,2.43
1542304800,175.11,175.11,175.11,175.11,125.07
1542305100,175.11,175.17,175.11,175.17,0.285
1542306000,174.99,174.99,174.99,174.99,25.0
1542306300,174.98,174.98,174.98,174.98,24.45
1542306900,174.99,174.99,174.99,174.99,9.5
1542307200,174.99,176.33,174.99,176.33,23.28
1542307500,174.99,175.76,175.76,175.05,149.38
1542308100,175.6,175.6,175.6,175.6,0.0569
1542308400,175.6,175.6,175.6,175.6,0.0349
1542308700,175.64,175.64,175.64,175.64,4.55
1542309000,174.89,175.45,175.45,175.01,21.93
1542309300,175.14,175.37,175.19,175.37,7.91
1542310200,177.36,177.85,177.36,177.85,0.975
1542310500,178.25,178.25,178.25,178.25,0.0553
1542311100,178.52,178.76,178.52,178.76,5.13
1542312000,179.4,179.4,179.4,179.4,0.27
1542312900,178.88,178.98,178.88,178.97,7.57
1542313200,177.87,177.87,177.87,177.87,0.01
1542313500,176.89,177.87,177.87,176.9,29.32
1542313800,176.9,176.9,176.9,176.9,2.72
1542314100,176.82,178.2,176.9,176.82,38.37
1542314400,175.32,176.0,175.33,176.0,11.0
1542314700,174.91,175.79,175.79,174.91,15.09
1542315000,175.59,176.0,175.59,176.0,10.18
1542315300,175.59,175.7,175.7,175.59,2.02
1542315600,175.09,175.3,175.3,175.09,0.149
1542315900,174.12,174.15,174.15,174.12,4.72
1542317100,174.79,174.79,174.79,174.79,0.57
1542317400,174.23,174.31,174.23,174.31,21.36
1542318000,174.31,174.31,174.31,174.31,0.234
1542318900,174.83,174.83,174.83,174.83,0.345
1542319200,174.9,175.49,174.9,175.49,64.41
1542319500,173.38,174.86,174.86,173.71,42.96
1542321600,175.0,175.09,175.0,175.02,48.28
1542321900,174.92,175.02,175.02,174.92,0.0725
1542322500,175.12,175.12,175.12,175.12,19.36
1542324000,175.64,176.0,175.82,176.0,44.0
1542324300,176.0,176.0,176.0,176.0,0.599
1542324900,176.1,176.1,176.1,176.1,0.044
1542325500,178.0,178.0,178.0,178.0,0.27
1542325800,178.08,178.08,178.08,178.08,4.49
1542326100,178.5,178.59,178.5,178.59,5.94
1542327000,177.9,178.35,178.35,177.9,27.73
1542327600,178.21,178.21,178.21,178.21,0.0873
1542329100,176.94,176.94,176.94,176.94,0.892
1542330300,176.67,176.67,176.67,176.67,0.715
1542331200,176.78,176.96,176.78,176.96,0.255
1542331500,176.92,176.92,176.92,176.92,3.04
1542332100,176.82,176.82,176.82,176.82,0.282
1542333900,176.53,176.53,176.53,176.53,24.91
1542334800,176.94,177.01,176.94,177.01,14.64
1542335100,177.01,177.01,177.01,177.01,1.6
1542335400,177.01,177.01,177.01,177.01,46.6
1542335700,177.01,177.01,177.01,177.01,31.94
1542336000,175.28,177.16,177.16,177.05,85.98
1542336300,176.99,177.08,176.99,177.07,11.7
1542336600,177.07,177.07,177.07,177.07,1.64
1542336900,177.13,177.23,177.13,177.23,4.0
1542337200,177.25,177.25,177.25,177.25,2.0
1542337500,177.38,177.73,177.38,177.73,8.39
1542337800,178.07,179.19,178.1,179.19,117.55
1542338400,178.06,178.06,178.06,178.06,0.14
1542338700,177.85,177.87,177.85,177.87,2.25
1542339000,177.84,178.13,177.84,178.08,76.78
1542339300,177.82,177.83,177.82,177.82,2.28
1542339600,177.84,178.33,177.84,178.13,92.51
1542339900,178.04,178.15,178.13,178.14,113.85
1542340200,178.14,179.05,178.14,178.14,11.64
1542340500,177.92,178.13,178.13,177.92,5.95
1542340800,177.77,178.0,178.0,177.84,64.95
1542341100,177.64,178.22,177.96,178.22,56.62
1542341700,177.35,177.35,177.35,177.35,1.11
1542342000,177.34,177.5,177.34,177.34,94.16
1542342600,177.36,177.41,177.37,177.41,2.57
1542342900,177.4,178.5,177.4,177.47,54.77
1542343200,177.41,177.46,177.41,177.44,9.45
1542343500,177.32,177.39,177.39,177.32,3.57
1542343800,177.32,177.32,177.32,177.32,9.8
1542344400,176.77,177.0,177.0,176.77,19.52
1542344700,176.97,177.07,177.04,176.97,2.64
1542345000,176.65,176.97,176.97,176.65,0.209
1542345900,177.3,177.31,177.3,177.31,2.85
1542346200,177.21,177.21,177.21,177.21,1.05
1542347100,177.16,177.16,177.16,177.16,4.51
1542347400,176.99,177.08,177.08,176.99,2.42
1542348300,176.84,177.05,176.84,177.05,0.396
1542348600,176.81,176.81,176.81,176.81,0.947
1542348900,176.48,176.62,176.62,176.48,3.25
1542351300,176.97,177.15,177.01,176.97,1.59
1542351600,177.27,177.27,177.27,177.27,0.496
1542351900,177.56,177.56,177.56,177.56,1.17
1542352200,177.59,177.59,177.59,177.59,0.495
1542353400,177.05,177.44,177.44,177.21,12.21
1542353700,177.13,177.53,177.53,177.37,4.77
1542354000,177.18,177.29,177.22,177.29,14.6
1542354300,176.65,177.15,177.15,176.65,2.08
1542354600,176.99,176.99,176.99,176.99,0.05
1542354900,176.72,176.72,176.72,176.72,0.035
1542355200,176.84,176.84,176.84,176.84,1.41
1542356100,177.05,177.05,177.05,177.05,1.41
1542356700,176.68,176.68,176.68,176.68,3.08
1542357000,176.68,176.68,176.68,176.68,1.44
1542357900,177.1,177.1,177.1,177.1,2.97
1542358200,175.9,176.21,176.21,175.9,10.0
1542359100,176.41,176.62,176.41,176.62,12.6
1542359400,176.47,176.47,176.47,176.47,0.717
1542360300,175.23,175.46,175.46,175.23,5.0
1542361200,175.3,175.3,175.3,175.3,0.0341
1542361500,173.26,174.72,174.72,173.26,36.13
1542362700,176.09,176.09,176.09,176.09,4.19
1542365700,176.37,176.37,176.37,176.37,1.97
1542366000,176.77,176.77,176.77,176.77,0.39
1542366900,177.18,177.51,177.18,177.51,1.77
1542368100,176.82,176.82,176.82,176.82,0.0101
1542370800,176.16,176.16,176.16,176.16,5.82
1542372900,176.31,176.57,176.31,176.33,3.34
1542375000,176.81,176.81,176.81,176.81,6.41
1542376200,177.04,177.12,177.1,177.04,0.908
1542376800,176.72,176.72,176.72,176.72,5.64
1542377100,176.67,176.67,176.67,176.67,6.32
1542378000,176.54,176.69,176.69,176.54,5.13
1542380100,176.07,176.21,176.21,176.09,16.95
1542380700,175.99,176.04,176.04,175.99,5.06
1542381300,175.14,175.96,175.96,175.14,42.73
1542381900,174.87,175.67,175.67,174.87,43.72
1542382200,175.78,175.78,175.78,175.78,40.17
1542382500,175.78,175.78,175.78,175.78,15.83
1542384900,175.76,175.76,175.76,175.76,1.42
1542385800,175.9,176.46,175.9,176.46,14.1
1542386100,176.57,176.94,176.57,176.94,4.24
1542388200,175.69,175.87,175.87,175.69,0.612
1542389400,175.66,175.66,175.66,175.66,0.961
1542390600,175.55,175.55,175.55,175.55,0.169
1542391200,175.05,175.55,175.55,175.05,1.31
1542392100,174.71,174.74,174.74,174.71,3.63
1542392400,174.6,174.6,174.6,174.6,1.45
1542393300,174.69,174.7,174.7,174.69,1.37
1542393900,174.66,174.89,174.66,174.89,12.83
1542394500,174.85,174.85,174.85,174.85,1.33
1542394800,174.97,174.97,174.97,174.97,0.0578
1542396900,174.74,174.74,174.74,174.74,0.228
1542397200,174.0,174.44,174.44,174.0,5.34
1542397800,173.48,173.81,173.69,173.81,23.22
1542398100,173.7,173.7,173.7,173.7,0.283
1542398400,173.7,173.7,173.7,173.7,0.576
1542398700,173.28,173.28,173.28,173.28,2.82
1542399300,173.22,173.22,173.22,173.22,1.0
1542399600,172.75,172.75,172.75,172.75,0.174
1542399900,172.64,172.81,172.64,172.81,5.87
1542400500,173.33,173.33,173.33,173.33,1.0
1542400800,173.22,173.22,173.22,173.22,0.408
1542401100,173.16,173.18,173.18,173.16,1.4
1542401400,173.19,173.19,173.19,173.19,0.653
1542402000,172.9,173.05,173.05,172.9,85.0
1542402600,173.04,173.04,173.04,173.04,1.66
1542404100,171.78,171.78,171.78,171.78,1.5
1542404700,170.81,171.19,171.19,170.89,3.05
1542405000,171.83,171.83,171.83,171.83,1.45
1542405300,170.9,170.9,170.9,170.9,1.06
1542405600,170.68,170.68,170.68,170.68,0.02
1542405900,170.74,171.1,171.1,170.74,0.767
1542406200,170.08,170.59,170.55,170.09,12.34
1542406500,170.63,170.64,170.63,170.64,9.2
1542407700,170.07,170.07,170.07,170.07,0.883
1542408000,169.97,170.12,170.12,169.97,3.8
1542408900,169.94,169.94,169.94,169.94,0.333
1542410700,172.5,172.5,172.5,172.5,0.0934
1542411600,171.07,171.96,171.96,171.07,65.68
1542413400,171.86,172.5,172.5,171.86,20.91
1542414000,172.74,172.75,172.74,172.75,2.31
1542414300,171.85,172.21,172.21,171.85,39.09
1542414600,172.6,172.6,172.6,172.6,4.64
1542415500,171.84,172.21,172.21,171.84,35.93
1542416400,172.33,172.64,172.33,172.64,0.531
1542417000,172.44,172.44,172.44,172.44,0.251
1542417300,172.79,172.8,172.8,172.79,0.599
1542417900,173.09,173.09,173.09,173.09,2.05
1542418800,172.75,172.77,172.77,172.75,11.62
1542419100,172.87,173.07,172.88,173.04,20.18
1542420600,171.01,171.01,171.01,171.01,0.514
1542421200,171.31,171.57,171.32,171.57,11.2
1542422100,171.33,171.33,171.33,171.33,0.572
1542424500,171.91,171.91,171.91,171.91,1.23
1542425700,171.4,171.4,171.4,171.4,0.199
1542428100,171.31,171.31,171.31,171.31,0.532
1542429000,171.31,171.31,171.31,171.31,0.316
1542429300,171.44,171.44,171.44,171.44,0.03
1542430800,171.93,171.94,171.93,171.94,11.52
1542433800,171.49,171.49,171.49,171.49,0.368
1542436800,171.94,172.18,171.94,172.18,1.07
1542441000,172.2,172.2,172.2,172.2,0.154
1542442500,173.02,173.02,173.02,173.02,0.7
1542443100,173.03,173.36,173.03,173.36,0.394
1542446100,172.72,172.72,172.72,172.72,0.03
1542446400,172.95,173.25,172.95,173.25,5.5
1542450900,172.18,172.18,172.18,172.18,0.1
1542453600,172.03,172.03,172.03,172.03,0.589
1542454800,172.28,172.28,172.28,172.28,0.01
1542455700,172.47,172.47,172.47,172.47,0.362
1542458100,172.42,172.43,172.43,172.43,54.03
1542458400,172.43,172.43,172.43,172.43,54.12
1542460200,171.47,172.15,172.15,171.74,51.85
1542460500,171.87,171.87,171.87,171.87,0.16
1542460800,171.87,171.88,171.87,171.88,32.73
1542461100,171.86,171.86,171.86,171.86,2.76
1542461400,171.66,171.66,171.66,171.66,1.45
1542461700,171.66,171.66,171.66,171.66,0.484
1542462000,171.65,171.66,171.66,171.65,0.262
1542464700,171.8,171.8,171.8,171.8,2.03
1542465600,171.14,171.16,171.14,171.16,3.14
1542466200,171.45,171.45,171.45,171.45,2.11
1542471600,171.37,171.44,171.37,171.44,13.74
1542472800,171.41,171.41,171.41,171.41,0.84
1542473100,171.1,171.1,171.1,171.1,2.44
1542473700,171.11,171.41,171.11,171.41,29.17
1542474000,171.41,171.41,171.41,171.41,5.84
1542474600,171.41,171.41,171.41,171.41,0.49
1542475500,171.15,171.15,171.15,171.15,1.14
1542475800,171.41,171.41,171.41,171.41,7.41
1542476400,171.31,171.31,171.31,171.31,1.34
1542477300,171.35,171.35,171.35,171.35,1.24
1542479100,170.81,171.24,170.81,171.24,5.83
1542479400,171.41,171.41,171.41,171.41,19.5
1542479700,171.41,171.45,171.41,171.45,19.53
1542480000,171.89,172.78,171.89,172.78,0.07
1542480900,172.6,172.6,172.6,172.6,0.367
1542485400,172.2,172.22,172.2,172.22,2.74
1542487500,172.41,173.07,172.41,173.07,2.69
1542488400,172.61,172.89,172.61,172.89,5.42
1542488700,172.62,172.62,172.62,172.62,1.86
1542489600,172.56,173.32,172.56,173.32,117.09
1542489900,172.59,172.59,172.59,172.59,0.555
1542491400,171.99,171.99,171.99,171.99,1.0
1542492000,172.11,172.48,172.11,172.48,9.77
1542494400,172.37,172.37,172.37,172.37,1.16
1542498000,172.31,172.31,172.31,172.31,2.84
1542499200,172.31,172.31,172.31,172.31,17.58
1542499500,172.31,172.31,172.31,172.31,3.14
1542499800,172.31,172.31,172.31,172.31,9.06
1542500100,172.48,172.48,172.48,172.48,0.226
1542501300,172.48,172.48,172.48,172.48,0.284
1542501900,172.48,172.48,172.48,172.48,29.4
1542502200,172.6,172.6,172.6,172.6,77.0
1542504900,172.36,172.36,172.36,172.36,1.14
1542506400,172.46,172.46,172.46,172.46,1.0
1542507000,173.26,173.26,173.26,173.26,0.485
1542507300,173.09,173.09,173.09,173.09,1.15
1542509700,173.64,173.64,173.64,173.64,0.574
1542510600,173.62,173.82,173.62,173.82,66.05
1542511200,174.3,174.3,174.3,174.3,0.05
1542515700,174.49,174.49,174.49,174.49,0.0619
1542522000,174.69,174.69,174.69,174.69,1.0
1542528300,174.34,174.34,174.34,174.34,0.15
1542528600,174.29,174.29,174.29,174.29,0.2
1542528900,174.33,174.33,174.33,174.33,1.86
1542529200,174.18,174.18,174.18,174.18,0.07
1542529800,174.18,174.18,174.18,174.18,0.25
1542531000,174.19,174.39,174.19,174.39,0.686
1542538500,173.6,173.6,173.6,173.6,0.81
1542540900,172.84,172.84,172.84,172.84,0.7
1542544800,174.14,174.14,174.14,174.14,0.0573
1542548100,173.99,173.99,173.99,173.99,2.22
1542548400,173.67,173.97,173.97,173.67,11.82
1542558600,174.68,175.07,174.68,174.92,6.22
1542558900,174.91,174.91,174.91,174.91,0.09
1542559800,174.84,174.84,174.84,174.84,0.567
1542561600,173.71,174.34,174.34,173.71,4.48
1542563700,173.38,173.81,173.38,173.81,4.05
1542565500,173.45,173.45,173.45,173.45,0.01
1542566100,174.87,176.0,174.87,176.0,9.86
1542567300,176.0,176.33,176.0,176.33,0.0109
1542567600,177.33,179.83,177.33,178.81,32.01
1542569700,176.5,176.5,176.5,176.5,1.29
1542570300,176.0,176.0,176.0,176.0,1.67
1542574200,174.52,174.52,174.52,174.52,0.01
1542574500,174.25,174.72,174.72,174.25,8.17
1542574800,174.16,174.16,174.16,174.16,0.0563
1542576600,173.91,173.91,173.91,173.91,0.603
1542577500,174.46,174.64,174.46,174.64,1.14
1542578400,174.05,174.05,174.05,174.05,0.5
1542580800,173.9,173.9,173.9,173.9,0.0494
1542583800,174.74,174.74,174.74,174.74,0.06
1542585300,174.9,175.72,174.9,175.72,0.196
1542586800,174.75,174.75,174.75,174.75,0.35
1542587400,174.84,174.84,174.84,174.84,2.53
1542589200,173.48,174.69,174.69,173.48,26.21
1542589500,172.3,173.1,173.1,172.3,4.42
1542589800,171.36,171.7,171.36,171.7,22.71
1542590100,171.63,171.63,171.63,171.63,5.86
1542591000,171.59,171.64,171.64,171.59,0.315
1542591300,171.87,172.0,172.0,171.87,36.94
1542592800,171.43,171.64,171.64,171.43,27.28
1542593700,170.62,170.62,170.62,170.62,0.01
1542594000,167.84,169.77,169.77,168.97,83.94
1542594900,169.18,169.18,169.18,169.18,0.522
1542595800,169.42,169.42,169.42,169.42,0.53
1542596100,169.09,169.32,169.32,169.09,1.53
1542596700,168.7,169.01,169.01,168.7,2.58
1542600300,168.81,169.27,169.27,168.81,8.72
1542602400,168.52,168.52,168.52,168.52,7.0
1542602700,167.38,168.06,168.06,167.38,16.36
1542603000,167.01,167.46,167.46,167.01,8.86
1542604500,166.9,166.9,166.9,166.9,0.28
1542605400,166.0,166.0,166.0,166.0,2.0
1542606300,160.86,165.0,165.0,160.86,125.74
1542606600,161.32,161.52,161.52,161.32,21.28
1542607200,162.31,162.46,162.34,162.31,3.15
1542607500,162.08,162.33,162.33,162.08,1.11
1542607800,162.04,162.2,162.04,162.2,31.33
1542608400,162.0,162.0,162.0,162.0,16.47
1542609900,160.99,161.25,161.02,161.24,13.91
1542610200,161.54,161.54,161.54,161.54,0.746
1542611100,161.16,161.16,161.16,161.16,2.33
1542612300,160.05,160.21,160.21,160.05,1.58
1542612600,159.95,160.0,159.95,160.0,54.06
1542613800,159.81,160.15,160.15,159.89,79.88
1542614400,155.98,159.93,159.93,156.69,339.29
1542614700,153.82,155.47,155.0,155.02,117.26
1542615000,155.24,155.53,155.53,155.24,5.51
1542615300,155.66,155.81,155.81,155.66,42.87
1542615600,153.04,153.84,153.58,153.52,13.03
1542615900,152.41,153.82,153.82,152.41,1.6
1542616200,152.42,153.77,152.42,153.77,5.79
1542616500,154.0,155.04,154.3,155.04,26.36
1542617400,155.02,155.02,155.02,155.02,1.44
1542619200,153.53,153.53,153.53,153.53,0.05
1542619500,154.05,154.53,154.53,154.05,1.44
1542619800,154.18,154.31,154.31,154.18,3.85
1542620400,152.59,153.56,153.56,152.59,47.96
1542620700,153.42,153.47,153.47,153.42,4.0
1542621000,153.49,153.63,153.63,153.49,5.0
1542621300,152.46,153.1,153.1,152.46,12.0
1542621600,152.77,157.34,152.77,156.77,51.68
1542621900,155.8,157.69,157.69,155.8,63.19
1542622200,156.26,156.26,156.26,156.26,0.606
1542622800,154.98,155.99,155.99,154.98,68.3
1542623100,156.5,156.5,156.5,156.5,0.35
1542623400,155.93,156.4,156.4,155.93,2.83
1542623700,155.86,156.08,156.08,155.86,12.14
1542624300,157.15,157.26,157.18,157.26,2.83
1542624600,157.55,157.55,157.55,157.55,0.275
1542624900,157.53,157.53,157.53,157.53,1.0
1542625500,155.71,156.53,156.02,156.5,32.86
1542625800,155.58,155.58,155.58,155.58,1.6
1542627000,155.97,155.97,155.97,155.97,0.01
1542630600,154.79,154.79,154.79,154.79,0.03
1542631200,154.0,154.12,154.12,154.0,7.0
1542631500,154.76,154.76,154.76,154.76,1.42
1542631800,154.77,154.77,154.77,154.77,20.0
1542632100,154.03,154.46,154.46,154.03,2.23
1542632400,153.54,154.13,154.13,154.0,78.56
1542632700,153.01,154.08,154.08,153.08,5.23
1542633000,153.54,153.54,153.54,153.54,0.504
1542633300,153.18,153.18,153.18,153.18,2.18
1542633600,151.01,151.68,151.68,151.01,31.48
1542633900,151.4,151.4,151.4,151.4,3.94
1542634200,152.35,152.35,152.35,152.35,2.0
1542634500,152.44,152.44,152.44,152.44,6.96
1542634800,151.27,152.4,152.37,151.27,13.67
1542635100,151.43,151.57,151.43,151.57,20.0
1542635400,152.93,153.91,152.93,153.91,0.636
1542635700,153.48,153.65,153.48,153.65,7.22
1542636000,152.86,152.97,152.86,152.97,5.33
1542636300,153.92,154.23,153.92,153.93,11.62
1542636900,152.95,153.69,153.69,152.95,6.87
1542637500,151.3,152.54,151.41,152.28,38.38
1542637800,153.16,153.17,153.17,153.16,21.95
1542638100,152.8,152.8,152.8,152.8,2.57
1542638400,153.92,154.95,153.92,154.34,240.74
1542639300,153.67,153.71,153.71,153.67,8.08
1542639600,153.32,153.32,153.32,153.32,1.0
1542639900,153.05,153.07,153.06,153.05,56.58
1542640200,152.35,152.58,152.43,152.58,8.72
1542640500,152.22,152.24,152.22,152.24,16.56
1542641100,153.25,155.02,153.25,155.02,44.85
1542641400,154.77,155.03,155.03,154.9,99.67
1542641700,153.87,153.87,153.87,153.87,0.937
1542642000,153.13,153.17,153.17,153.13,11.38
1542642600,154.15,154.15,154.15,154.15,0.833
1542643800,152.88,153.16,153.16,152.88,0.42
1542644100,151.73,152.42,151.73,152.42,10.56
1542644400,152.4,152.4,152.4,152.4,0.404
1542644700,151.5,151.6,151.53,151.6,0.535
1542645000,149.64,151.3,151.3,150.0,518.64
1542645600,152.25,153.85,152.25,153.13,24.07
1542645900,153.0,153.84,153.0,153.84,137.59
1542646800,152.96,152.96,152.96,152.96,1.26
1542647100,152.82,152.96,152.96,152.82,2.93
1542647400,152.7,152.7,152.7,152.7,1.89
1542647700,152.33,153.01,153.01,152.33,3.39
1542648000,152.11,152.11,152.11,152.11,0.388
1542648900,152.1,152.1,152.1,152.1,0.0496
1542649500,152.31,152.31,152.31,152.31,6.76
1542649800,152.11,152.12,152.12,152.11,0.584
1542650100,151.82,151.93,151.82,151.93,4.0
1542650400,151.77,151.77,151.77,151.77,5.28
1542650700,152.82,153.21,152.82,153.21,0.022
1542651900,151.9,152.6,152.6,152.1,31.75
1542652200,151.7,152.06,152.06,151.98,17.93
1542652500,151.57,152.16,152.16,151.57,7.92
1542652800,151.06,152.05,151.29,152.05,31.64
1542653700,150.59,150.94,150.94,150.59,1.93
1542654000,150.35,150.35,150.35,150.35,0.408
1542654300,150.69,150.69,150.69,150.69,0.3
1542654600,149.98,150.12,149.98,150.12,1.21
1542655200,151.67,153.61,151.67,151.74,55.98
1542655500,150.87,151.77,151.77,150.87,8.11
1542656400,151.77,151.77,151.77,151.77,3.43
1542656700,151.77,152.37,151.77,152.36,4.85
1542657000,151.53,151.53,151.53,151.53,1.0
1542657300,152.17,152.6,152.34,152.17,3.51
1542657600,153.19,153.19,153.19,153.19,3.76
1542657900,152.29,152.29,152.29,152.29,16.7
1542659100,151.23,151.43,151.33,151.43,6.37
1542659400,151.94,152.48,151.94,152.48,40.0
1542659700,151.87,151.87,151.87,151.87,1.34
1542660000,151.75,152.13,152.13,151.75,3.23
1542660300,151.51,151.51,151.51,151.51,1.22
1542660600,151.11,151.11,151.11,151.11,1.54
1542660900,149.98,150.77,150.77,149.98,35.84
1542661200,149.98,149.98,149.98,149.98,2.51
1542661800,148.29,149.57,149.57,148.29,86.25
1542662100,147.42,149.07,148.17,149.07,68.74
1542662400,147.96,148.13,148.13,147.96,0.0495
1542662700,147.58,147.74,147.68,147.58,4.88
1542663300,145.55,147.53,147.53,146.06,35.74
1542663600,146.28,146.29,146.29,146.28,2.43
1542663900,144.33,145.15,145.15,144.33,69.66
1542664200,141.71,146.18,143.23,142.04,197.91
1542664500,145.88,147.26,145.88,147.26,5.85
1542665700,147.57,147.82,147.57,147.82,39.83
1542666000,147.18,148.09,147.83,147.18,21.43
1542666300,147.18,147.18,147.18,147.18,4.75
1542666600,146.06,146.41,146.41,146.06,0.697
1542666900,144.92,145.93,144.92,145.91,9.87
1542667500,144.07,145.44,145.44,145.37,91.51
1542667800,145.5,146.38,145.5,146.38,6.01
1542668100,145.95,146.92,146.81,146.67,31.65
1542668700,146.49,146.67,146.49,146.67,13.64
1542669000,146.81,146.81,146.81,146.81,4.08
1542669600,147.51,147.51,147.51,147.51,0.323
1542669900,147.52,147.52,147.52,147.52,0.01
1542670200,147.9,147.96,147.96,147.9,0.373
1542671400,146.17,146.91,146.91,146.17,0.554
1542671700,145.9,146.07,146.07,145.9,130.48
1542672600,144.97,145.35,145.35,144.97,0.898
1542672900,145.12,145.23,145.23,145.12,215.93
1542673200,145.47,145.56,145.56,145.47,1.86
1542673500,145.31,145.47,145.47,145.31,1.06
1542673800,145.59,145.59,145.59,145.59,0.5
1542674100,145.13,146.0,145.36,146.0,12.8
1542674700,146.2,146.2,146.2,146.2,0.52
1542675600,146.01,146.01,146.01,146.01,8.43
1542677400,145.9,145.95,145.95,145.94,29.4
1542678000,145.94,145.98,145.98,145.94,3.23
1542678300,146.0,146.0,146.0,146.0,20.0
1542679800,146.83,146.84,146.83,146.84,47.08
1542680100,147.66,148.42,147.66,148.42,13.55
1542680400,148.72,148.72,148.72,148.72,12.76
1542680700,148.5,148.72,148.72,148.5,4.0
1542681000,148.89,149.6,148.89,149.6,20.23
1542682200,148.35,148.53,148.53,148.35,20.74
1542682500,148.16,148.16,148.16,148.16,0.685
1542683400,147.33,147.84,147.33,147.76,10.35
1542683700,147.46,147.46,147.46,147.46,1.0
1542684300,147.06,147.06,147.06,147.06,0.48
1542684600,147.16,147.16,147.16,147.16,0.664
1542686400,146.4,146.68,146.68,146.4,16.9
1542687000,146.3,147.15,147.15,146.3,20.0
1542687300,146.09,146.09,146.09,146.09,4.25
1542689400,144.14,144.14,144.14,144.14,0.0103
1542689700,142.76,143.1,143.1,142.76,2.32
1542690000,144.0,144.0,144.0,144.0,1.0
1542690600,141.75,141.75,141.75,141.75,1.0
1542691200,142.04,142.29,142.04,142.29,28.19
1542691500,138.61,140.62,140.62,139.32,9.67
1542691800,139.67,140.86,140.86,139.67,70.24
1542692100,140.0,140.0,140.0,140.0,20.57
1542692400,140.0,141.0,140.0,140.69,110.48
1542693000,140.7,140.7,140.7,140.7,0.87
1542693600,139.97,140.0,139.97,139.97,6.47
1542693900,138.07,139.48,139.48,138.07,50.3
1542694200,137.29,138.65,138.65,138.51,43.95
1542694500,137.82,138.57,138.57,138.31,28.07
1542694800,138.67,138.67,138.67,138.67,1.41
1542695400,138.12,138.47,138.12,138.14,51.81
1542696000,135.47,136.34,136.34,135.97,44.16
1542696300,134.9,135.54,135.54,134.9,27.11
1542696600,133.44,134.76,134.76,134.27,28.25
1542696900,134.91,135.78,134.91,135.78,20.84
1542697200,135.97,136.44,135.97,136.07,4.62
1542697500,135.79,136.52,135.79,136.52,47.98
1542697800,136.58,136.99,136.99,136.63,19.68
1542698100,137.11,137.18,137.18,137.11,6.75
1542698400,136.93,136.93,136.93,136.93,1.82
1542699600,136.0,136.31,136.31,136.0,0.498
1542699900,135.4,135.53,135.4,135.53,11.84
1542700500,135.24,135.24,135.24,135.24,5.91
1542700800,133.39,133.4,133.4,133.39,9.97
1542701100,132.12,133.38,132.71,133.38,111.76
1542701400,131.86,133.44,132.91,131.86,18.69
1542701700,131.86,131.86,131.86,131.86,0.979
1542702600,129.76,130.7,130.67,129.76,18.08
1542702900,128.2,129.62,129.41,128.2,13.9
1542703200,126.0,127.87,127.87,126.0,11.48
1542703500,122.1,125.61,125.61,122.86,36.44
1542703800,122.4,125.06,122.4,125.06,63.48
1542704100,126.84,126.84,126.84,126.84,1.02
1542704400,127.75,131.04,127.75,130.42,132.02
1542704700,128.61,130.18,130.18,128.61,41.53
1542705000,129.41,131.1,129.41,131.1,105.2
1542705600,130.11,132.43,132.42,130.11,45.36
1542707100,128.75,128.83,128.83,128.75,6.61
1542707400,128.36,129.15,128.49,129.15,118.77
1542707700,129.45,129.81,129.45,129.81,61.63
1542709200,132.18,132.18,132.18,132.18,5.77
1542709800,132.57,132.57,132.57,132.57,1.15
1542710100,133.05,133.05,133.05,133.05,29.55
1542710400,133.69,133.82,133.69,133.82,3.28
1542711600,131.73,131.73,131.73,131.73,0.64
1542712500,130.71,130.71,130.71,130.71,0.0545
1542712800,130.52,132.28,130.99,130.63,322.12
1542713100,130.28,131.43,131.43,130.28,130.57
1542713700,130.36,131.39,130.37,131.11,102.0
1542714000,130.49,130.88,130.88,130.49,50.0
1542714300,126.67,130.94,130.48,130.94,16.46
1542714600,128.71,130.11,129.31,129.57,118.51
1542714900,128.76,129.35,129.35,129.13,6.9
1542715200,129.61,130.66,129.88,129.61,46.33
1542715800,129.78,130.36,130.36,129.78,40.0
1542716100,130.0,130.0,130.0,130.0,4.97
1542716400,131.34,131.34,131.34,131.34,1.52
1542717000,130.59,132.42,130.61,131.19,102.0
1542717300,121.01,132.63,131.24,121.01,91.99
1542717600,121.49,132.46,132.33,122.79,61.46
1542717900,131.84,131.86,131.84,131.86,24.3
1542718500,130.0,130.92,130.92,130.0,32.41
1542718800,129.98,130.0,130.0,129.99,24.33
1542719400,129.98,131.26,129.99,131.26,2.25
1542719700,130.38,130.38,130.38,130.38,1.12
1542720000,129.68,130.07,130.07,129.68,1.85
1542720300,129.87,129.87,129.87,129.87,3.91
1542720600,127.65,130.12,129.36,127.65,7.87
1542720900,130.47,130.47,130.47,130.47,20.0
1542721200,130.78,130.78,130.78,130.78,1.52
1542722100,129.9,130.4,130.4,129.9,36.99
1542722400,129.45,129.45,129.45,129.45,0.874
1542722700,129.86,129.86,129.86,129.86,6.17
1542723000,130.4,131.58,130.4,131.58,40.65
1542723300,130.89,131.5,131.5,130.89,45.07
1542723600,131.07,131.43,131.07,131.43,12.2
1542723900,131.47,131.56,131.47,131.56,5.42
1542724200,131.54,131.54,131.54,131.54,7.88
1542724500,132.83,133.62,133.17,133.2,51.64
1542725100,133.53,134.23,134.23,133.87,16.11
1542725700,136.42,139.46,136.52,137.83,48.38
1542726000,138.07,139.42,138.07,139.42,0.804
1542726300,138.54,139.23,139.09,139.02,10.9
1542726600,137.38,137.38,137.38,137.38,5.81
1542727200,137.1,137.9,137.1,137.71,8.7
1542727500,138.47,138.75,138.57,138.63,18.88
1542727800,138.13,138.13,138.13,138.13,2.55
1542728100,137.51,138.06,137.52,138.06,2.71
1542728700,139.44,139.92,139.92,139.78,134.39
1542729000,141.56,141.61,141.56,141.61,2.99
1542729300,141.62,141.87,141.62,141.87,2.27
1542729600,143.99,143.99,143.99,143.99,0.979
1542731700,140.31,141.32,140.31,141.32,46.56
1542732000,139.92,140.46,139.92,140.46,5.77
1542732600,141.42,141.59,141.59,141.42,14.37
1542732900,141.29,141.79,141.29,141.79,0.03
1542733200,142.15,142.15,142.15,142.15,5.63
1542733500,140.59,141.44,141.44,140.59,3.15
1542733800,140.0,140.0,140.0,140.0,0.01
1542734100,139.21,139.21,139.21,139.21,2.52
1542734700,137.32,137.67,137.32,137.52,8.02
1542735000,137.69,138.45,137.69,138.45,11.8
1542735300,136.24,137.0,136.43,136.91,11.2
1542735600,136.24,136.24,136.24,136.24,0.723
1542735900,136.25,136.55,136.25,136.55,13.29
1542736500,135.35,135.35,135.35,135.35,20.0
1542736800,134.43,135.19,135.19,134.71,20.2
1542737400,135.06,135.06,135.06,135.06,0.405
1542737700,135.38,135.99,135.71,135.82,7.38
1542738000,134.51,135.37,135.37,134.86,24.88
1542738600,134.41,134.63,134.63,134.41,33.02
1542738900,133.48,134.49,134.24,134.49,8.24
1542739500,135.33,135.47,135.47,135.33,4.78
1542739800,135.78,136.46,135.78,136.46,10.94
1542740700,137.2,137.22,137.2,137.22,6.26
1542741600,136.07,136.07,136.07,136.07,0.735
1542742200,135.14,135.14,135.14,135.14,0.432
1542742800,135.65,135.65,135.65,135.65,0.2
1542743400,134.92,135.04,135.04,134.92,1.75
1542744000,131.96,134.92,134.92,131.96,9.05
1542744300,131.5,132.0,131.54,131.74,34.93
1542744600,130.95,132.5,130.95,132.5,5.04
1542744900,127.74,130.13,130.08,127.74,104.66
1542745200,122.79,127.1,127.1,122.79,28.88
1542745500,123.47,127.07,123.47,126.48,44.42
1542745800,124.08,126.83,126.52,124.23,57.23
1542746100,124.2,126.94,124.22,126.69,44.02
1542746400,126.54,126.58,126.54,126.58,3.81
1542746700,128.17,130.06,128.17,129.76,245.45
1542747000,128.78,129.17,129.09,128.79,10.31
1542747300,129.83,131.32,130.47,129.83,18.45
1542747600,129.2,129.69,129.48,129.2,8.6
1542748200,129.86,131.21,130.34,131.21,68.21
1542748500,131.12,132.34,132.34,131.59,50.39
1542748800,131.31,131.92,131.73,131.31,33.37
1542749100,130.89,130.89,130.89,130.89,3.75
1542750000,130.23,130.23,130.23,130.23,5.72
1542750600,129.66,129.77,129.77,129.66,8.0
1542750900,129.97,130.91,129.97,130.91,3.14
1542751200,131.48,131.82,131.48,131.82,69.34
1542752700,130.01,130.01,130.01,130.01,8.0
1542753000,128.47,129.78,129.78,128.84,207.98
1542753300,128.33,129.26,128.95,128.66,90.96
1542753600,126.49,128.64,128.64,126.49,258.33
1542753900,125.47,126.76,126.47,126.14,279.43
1542754500,126.17,126.17,126.17,126.17,0.01
1542755100,122.33,123.19,123.19,122.52,4.98
1542755400,122.99,123.97,123.5,122.99,11.77
1542755700,123.0,123.0,123.0,123.0,1.3
1542756000,125.33,125.33,125.33,125.33,7.74
1542756300,125.23,125.23,125.23,125.23,6.4
1542756600,125.86,126.4,125.86,126.4,4.63
1542756900,126.81,127.17,126.81,127.17,8.26
1542757200,126.43,126.69,126.43,126.69,14.77
1542757500,126.45,127.26,126.45,127.26,14.16
1542757800,127.58,128.0,127.58,128.0,0.06
1542758100,128.0,129.05,128.36,128.0,49.42
1542758700,127.53,127.91,127.53,127.91,3.9
1542759000,127.36,127.66,127.58,127.41,6.97
1542759600,127.41,127.41,127.41,127.41,2.87
1542760500,125.7,127.11,127.11,125.7,16.81
1542760800,124.55,125.49,125.49,124.55,25.3
1542761100,125.25,125.3,125.29,125.25,6.98
1542761400,124.96,125.41,125.41,124.96,3.52
1542761700,125.07,125.18,125.07,125.18,1.24
1542762600,125.58,125.58,125.58,125.58,0.0153
1542762900,123.69,124.28,124.28,123.78,30.26
1542763500,123.5,123.52,123.5,123.52,2.58
1542763800,122.77,123.05,123.05,122.77,12.1
1542764400,124.54,124.69,124.54,124.69,8.44
1542764700,124.69,124.69,124.69,124.69,0.931
1542765600,126.02,127.05,126.02,127.05,8.77
1542765900,127.91,128.13,128.13,128.07,26.84
1542766200,127.34,128.8,128.26,127.83,43.71
1542766500,130.16,139.94,130.16,130.51,26.13
1542766800,129.29,129.29,129.29,129.29,2.0
1542767100,129.65,130.32,129.65,130.23,67.88
1542767400,128.98,128.98,128.98,128.98,0.195
1542768300,129.16,129.16,129.16,129.16,20.91
1542769200,129.82,133.92,129.82,130.06,18.14
1542769500,129.81,129.81,129.81,129.81,1.06
1542769800,129.52,129.52,129.52,129.52,5.71
1542770100,129.4,129.4,129.4,129.4,0.323
1542770400,128.16,128.16,128.16,128.16,0.386
1542771300,129.47,130.79,130.57,129.47,86.11
1542771600,131.61,132.83,131.61,131.88,33.04
1542771900,131.05,132.32,132.3,131.05,7.94
1542772200,131.11,131.11,131.11,131.11,13.4
1542772500,131.41,131.69,131.41,131.69,2.92
1542772800,131.22,131.22,131.22,131.22,3.0
1542773100,130.96,131.07,130.96,131.07,1.45
1542773400,131.6,131.6,131.6,131.6,1.95
1542774000,130.61,130.61,130.61,130.61,5.71
1542774600,130.47,130.47,130.47,130.47,5.37
1542774900,130.83,130.83,130.83,130.83,3.82
1542775200,131.53,131.53,131.53,131.53,0.475
1542775500,131.08,131.21,131.21,131.08,3.78
1542776100,132.69,132.69,132.69,132.69,3.75
1542778200,130.47,130.47,130.47,130.47,1.9
1542778500,129.22,129.22,129.22,129.22,0.586
1542779700,126.62,128.43,128.43,126.62,5.98
1542780000,126.48,127.15,126.76,126.56,51.39
1542780300,126.28,126.55,126.55,126.39,3.94
1542780600,127.14,127.57,127.14,127.57,26.39
1542780900,127.3,127.3,127.3,127.3,11.78
1542781500,128.0,128.0,128.0,128.0,9.78
1542782100,127.86,127.86,127.86,127.86,0.023
1542782400,128.47,130.27,128.6,128.47,35.1
1542782700,129.27,129.27,129.27,129.27,1.92
1542783600,129.44,129.44,129.44,129.44,1.03
1542784800,130.07,130.1,130.07,130.1,2.47
1542785400,129.45,129.93,129.93,129.68,54.96
1542786000,129.55,129.55,129.55,129.55,0.0285
1542786300,129.43,129.56,129.56,129.43,2.57
1542786600,129.37,129.37,129.37,129.37,0.116
1542787200,130.92,131.07,131.06,130.92,8.89
1542787500,130.62,130.62,130.62,130.62,0.542
1542787800,130.77,130.9,130.77,130.9,1.76
1542788400,130.74,130.77,130.77,130.74,2.18
1542788700,130.75,131.28,130.75,131.28,0.813
1542789000,131.29,134.02,131.29,133.27,16.57
1542789300,132.7,133.09,133.09,132.7,2.41
1542789900,134.37,135.75,134.37,135.26,27.03
1542790200,135.09,136.21,136.21,135.09,2.21
1542790500,135.56,135.56,135.56,135.56,0.984
1542790800,133.94,135.3,135.3,133.94,97.83
1542792000,134.99,134.99,134.99,134.99,0.764
1542792300,135.61,135.85,135.85,135.64,16.63
1542792600,135.85,136.97,135.85,136.97,5.81
1542792900,136.16,136.88,136.88,136.16,1.47
1542793200,135.82,135.88,135.82,135.88,6.64
1542795000,133.96,134.04,134.04,133.96,2.64
1542795600,133.12,133.12,133.12,133.12,0.538
1542795900,132.94,133.1,133.1,132.94,26.45
1542796500,133.36,134.25,133.36,134.25,4.02
1542797100,134.48,134.61,134.48,134.61,5.44
1542798600,134.61,134.78,134.61,134.78,2.99
1542799800,133.86,133.86,133.86,133.86,1.0
1542800100,133.64,133.64,133.64,133.64,4.5
1542801300,132.45,132.71,132.71,132.45,70.63
1542801600,133.94,134.0,133.94,134.0,17.01
1542802200,134.19,134.43,134.19,134.43,8.74
1542802500,135.03,135.03,135.03,135.03,0.206
1542802800,135.12,135.12,135.12,135.12,1.25
1542803100,134.69,134.69,134.69,134.69,0.647
1542804000,136.75,137.08,136.75,137.08,17.67
1542804600,136.5,136.5,136.5,136.5,0.127
1542804900,136.46,136.46,136.46,136.46,0.163
1542805200,136.05,136.06,136.05,136.06,1.66
1542805500,135.65,136.05,136.05,135.65,4.95
1542806100,135.0,135.0,135.0,135.0,1.45
1542806700,134.65,134.65,134.65,134.65,0.251
1542807300,135.0,135.0,135.0,135.0,3.25
1542807600,135.9,135.9,135.9,135.9,1.82
1542807900,135.55,135.55,135.55,135.55,1.83
1542808200,133.9,135.0,135.0,133.9,71.67
1542809100,132.52,132.81,132.52,132.81,12.09
1542809400,133.22,133.22,133.22,133.22,0.537
1542810300,132.82,132.82,132.82,132.82,0.375
1542810600,131.22,131.22,131.22,131.22,0.537
1542810900,131.59,131.91,131.91,131.82,15.39
1542811200,131.13,131.31,131.13,131.3,10.07
1542811500,131.57,131.57,131.57,131.57,23.8
1542812400,132.58,132.62,132.58,132.62,5.22
1542813300,131.95,131.95,131.95,131.95,6.06
1542813600,132.62,133.56,132.62,133.56,14.19
1542814200,133.67,133.67,133.67,133.67,0.383
1542814800,134.75,134.75,134.75,134.75,1.21
1542815100,134.5,134.5,134.5,134.5,4.5
1542815400,134.39,134.39,134.39,134.39,4.36
1542819600,132.47,132.47,132.47,132.47,23.29
1542820200,130.48,131.89,131.89,130.48,92.44
1542820500,131.17,131.17,131.17,131.17,0.43
1542820800,130.55,130.97,130.55,130.95,3.49
1542822000,131.96,132.09,131.96,132.09,8.88
1542822600,132.11,132.11,132.11,132.11,2.95
1542823200,131.67,131.67,131.67,131.67,0.793
1542825300,132.02,132.02,132.02,132.02,2.69
1542825600,132.44,132.44,132.44,132.44,0.316
1542826200,131.03,131.03,131.03,131.03,24.72
1542826500,131.11,131.11,131.11,131.11,1.89
1542826800,130.2,130.37,130.37,130.2,64.12
1542827400,129.87,129.94,129.94,129.87,38.63
1542827700,129.87,129.87,129.87,129.87,9.3
1542828900,130.73,130.73,130.73,130.73,2.97
1542829200,130.34,130.34,130.34,130.34,1.64
1542830100,130.27,130.27,130.27,130.27,2.36
1542830400,130.01,130.01,130.01,130.01,2.76
1542831000,130.86,130.86,130.86,130.86,2.96
1542831600,130.85,132.72,130.85,132.72,117.93
1542831900,132.66,132.66,132.66,132.66,4.25
1542833400,131.42,131.44,131.44,131.42,4.82
1542834000,131.62,131.62,131.62,131.62,2.72
1542834300,131.56,131.56,131.56,131.56,2.29
1542834600,131.61,131.94,131.61,131.94,6.72
1542834900,131.76,131.76,131.76,131.76,0.0595
1542835800,130.0,131.11,131.11,130.0,35.97
1542836100,128.98,130.27,129.64,130.27,136.74
1542836400,131.86,132.43,131.86,132.43,25.68
1542836700,131.68,131.68,131.68,131.68,0.01
1542837900,134.25,134.25,134.25,134.25,5.02
1542838500,134.25,134.67,134.25,134.66,51.2
1542840300,133.27,133.27,133.27,133.27,0.356
1542840600,132.87,132.94,132.87,132.94,35.52
1542841200,132.68,132.68,132.68,132.68,20.14
1542841800,133.98,135.0,133.98,134.59,16.26
1542842100,134.27,134.27,134.27,134.27,0.108
1542843000,135.08,135.59,135.08,135.59,64.04
1542843300,135.38,135.39,135.39,135.38,10.15
1542843600,135.0,135.0,135.0,135.0,0.06
1542844500,135.16,135.16,135.16,135.16,5.92
1542844800,134.95,134.95,134.95,134.95,0.284
1542846000,133.67,133.67,133.67,133.67,5.0
1542846300,134.09,134.18,134.18,134.09,3.7
1542846600,134.2,134.52,134.2,134.4,14.78
1542846900,134.36,134.5,134.5,134.36,3.69
1542847500,134.77,134.77,134.77,134.77,0.149
1542847800,134.77,134.77,134.77,134.77,1.69
1542848400,134.17,134.37,134.37,134.19,17.05
1542849300,134.63,135.25,134.63,135.25,18.4
1542849600,135.09,135.09,135.09,135.09,0.0891
1542850500,135.24,135.24,135.24,135.24,0.337
1542850800,135.25,135.52,135.25,135.52,16.75
1542851400,135.34,135.34,135.34,135.34,0.368
1542851700,136.03,136.18,136.03,136.18,26.84
1542852000,136.03,136.03,136.03,136.03,0.921
1542856200,135.22,135.26,135.26,135.22,8.33
1542856800,134.93,134.93,134.93,134.93,38.67
1542857400,134.62,134.89,134.89,134.62,6.25
1542858300,135.31,135.31,135.31,135.31,2.15
1542859200,135.13,135.29,135.13,135.29,0.429
1542860400,135.37,135.37,135.37,135.37,0.144
1542861300,134.97,134.97,134.97,134.97,2.0
1542861600,134.7,134.7,134.7,134.7,0.51
1542861900,134.4,134.4,134.4,134.4,18.38
1542862500,134.38,134.38,134.38,134.38,16.51
1542862800,134.38,134.38,134.38,134.38,10.49
1542863100,134.6,134.6,134.6,134.6,0.98
1542865200,134.66,134.66,134.66,134.66,2.64
1542866100,134.96,134.96,134.96,134.96,0.111
1542867300,134.39,134.63,134.63,134.39,19.9
1542870000,133.56,133.59,133.56,133.58,5.41
1542870300,133.12,133.44,133.44,133.12,0.335
1542870600,132.73,133.12,133.12,132.79,14.79
1542870900,132.78,132.81,132.8,132.81,6.58
1542871800,132.81,132.81,132.81,132.81,0.741
1542872100,133.34,133.57,133.34,133.57,8.88
1542873000,133.57,133.57,133.57,133.57,8.73
1542873300,133.65,133.65,133.65,133.65,2.0
1542874500,133.29,133.29,133.29,133.29,2.9
1542878400,132.08,132.13,132.13,132.08,5.93
1542879000,131.64,131.65,131.65,131.64,107.7
1542880500,130.41,130.45,130.41,130.45,6.45
1542881100,130.75,131.04,130.75,131.04,5.61
1542881700,131.0,131.32,131.32,131.0,0.782
1542883200,131.63,131.63,131.63,131.63,3.78
1542885900,131.01,131.01,131.01,131.01,0.523
1542886200,130.02,130.05,130.02,130.05,4.59
1542886500,130.89,130.89,130.89,130.89,0.447
1542887100,130.97,130.97,130.97,130.97,0.1
1542888000,130.44,130.75,130.61,130.44,4.3
1542889500,130.3,130.3,130.3,130.3,0.0782
1542890100,130.42,130.46,130.46,130.42,2.19
1542890400,130.34,130.34,130.34,130.34,8.5
1542891000,129.75,130.0,130.0,129.75,5.28
1542891300,128.77,129.69,129.66,129.0,2.76
1542891600,127.66,128.72,128.72,127.66,19.29
1542891900,127.1,127.74,127.1,127.71,11.7
1542892800,127.99,128.53,128.53,128.39,40.07
1542893700,128.39,128.39,128.39,128.39,17.39
1542894300,129.1,129.1,129.1,129.1,0.387
1542895200,128.67,128.67,128.67,128.67,45.94
1542895800,129.04,129.13,129.04,129.13,3.44
1542896100,129.32,130.53,129.32,130.53,8.58
1542897600,130.76,130.88,130.76,130.88,67.65
1542897900,130.53,130.53,130.53,130.53,0.01
1542898200,130.21,130.21,130.21,130.21,2.1
1542899100,129.81,130.27,130.27,129.81,0.309
1542900000,129.92,129.92,129.92,129.92,2.0
1542900300,129.81,129.91,129.91,129.81,0.966
1542900600,129.44,129.44,129.44,129.44,0.01
1542901200,129.99,130.0,129.99,130.0,7.44
1542901800,130.23,130.23,130.23,130.23,0.0912
1542902400,129.73,129.73,129.73,129.73,34.54
1542902700,129.78,129.78,129.78,129.78,0.168
1542903000,129.4,129.92,129.4,129.92,0.952
1542903300,129.28,129.6,129.6,129.28,0.579
1542903600,129.0,129.0,129.0,129.0,0.775
1542903900,129.0,129.18,129.0,129.18,11.31
1542904200,129.07,129.07,129.07,129.07,0.166
1542904800,129.56,129.56,129.56,129.56,0.2
1542906000,129.65,129.65,129.65,129.65,3.08
1542906600,130.33,130.33,130.33,130.33,0.845
1542907800,130.05,130.05,130.05,130.05,5.0
1542909900,130.5,130.5,130.5,130.5,1.64
1542910200,130.22,130.22,130.22,130.22,0.257
1542910800,130.01,130.03,130.01,130.03,35.8
1542911700,129.78,130.03,130.0,129.83,13.75
1542913800,128.76,128.76,128.76,128.76,4.8
1542915300,128.75,128.75,128.75,128.75,0.5
1542915600,127.91,128.46,128.46,127.91,93.07
1542915900,127.87,127.87,127.87,127.87,3.91
1542916800,128.24,128.77,128.24,128.77,35.4
1542918300,128.18,128.18,128.18,128.18,0.103
1542918900,128.3,128.3,128.3,128.3,1.99
1542919800,127.99,127.99,127.99,127.99,1.02
1542920400,129.38,130.23,129.38,129.96,18.18
1542921300,129.27,129.27,129.27,129.27,0.205
1542921900,129.18,129.26,129.18,129.26,0.657
1542922500,128.87,128.87,128.87,128.87,1.3
1542923100,128.55,128.7,128.55,128.7,20.47
1542925800,127.87,127.89,127.89,127.87,15.79
1542926100,128.23,128.69,128.23,128.69,61.12
1542927600,128.13,128.13,128.13,128.13,6.24
1542928500,126.66,127.76,127.76,126.66,104.55
1542928800,126.56,126.95,126.56,126.95,100.37
1542929100,123.88,126.37,126.37,124.29,640.15
1542929400,123.74,125.05,123.98,125.05,42.19
1542930000,125.36,125.36,125.36,125.36,0.2
1542930600,124.65,124.65,124.65,124.65,4.75
1542930900,122.84,124.32,124.32,122.89,52.11
1542931200,122.85,124.29,122.89,124.13,45.18
1542931800,124.44,124.71,124.44,124.53,25.43
1542932100,124.27,124.65,124.65,124.46,59.28
1542933000,123.7,123.9,123.9,123.77,113.97
1542933300,123.24,123.24,123.24,123.24,2.76
1542933600,123.22,123.65,123.65,123.22,3.1
1542934200,123.25,123.67,123.67,123.25,1.03
1542934500,123.0,123.13,123.13,123.0,12.9
1542934800,122.61,122.74,122.74,122.61,36.46
1542935100,120.34,122.37,122.37,120.45,219.88
1542935400,119.69,120.86,120.86,119.69,294.27
1542935700,116.8,119.34,119.34,116.8,325.03
1542936000,116.42,118.8,116.8,118.76,189.28
1542936300,118.66,118.96,118.76,118.66,13.42
1542936600,119.36,119.79,119.36,119.51,12.23
1542936900,119.47,119.47,119.47,119.47,6.71
1542938100,118.28,118.79,118.28,118.79,5.06
1542938400,117.88,117.88,117.88,117.88,55.3
1542938700,116.85,116.86,116.86,116.86,43.75
1542939300,119.33,120.34,119.33,120.34,54.34
1542939600,120.29,120.29,120.29,120.29,5.5
1542939900,120.59,120.59,120.59,120.59,4.93
1542940200,119.37,119.38,119.38,119.37,6.93
1542941100,118.4,118.97,118.4,118.97,13.32
1542941700,120.31,120.31,120.31,120.31,1.85
1542942000,119.99,121.07,119.99,121.07,5.89
1542942300,121.07,123.54,121.07,123.13,47.16
1542942600,122.18,122.53,122.53,122.18,5.6
1542942900,122.14,122.24,122.14,122.24,14.56
1542943500,122.82,122.82,122.82,122.82,2.37
1542944100,122.54,123.88,123.63,122.54,76.07
1542945300,121.65,121.65,121.65,121.65,3.42
1542947100,122.74,122.74,122.74,122.74,0.0924
1542947400,122.74,122.75,122.75,122.74,19.81
1542948000,121.65,122.02,122.02,121.65,0.638
1542948300,120.56,121.23,121.23,120.63,15.16
1542948900,120.91,120.91,120.91,120.91,4.44
1542949200,120.71,120.85,120.85,120.71,0.315
1542949500,119.81,120.69,120.69,119.81,11.54
1542950400,121.16,121.94,121.94,121.16,51.38
1542950700,121.49,122.23,121.49,122.23,10.75
1542951900,122.5,122.63,122.5,122.63,29.04
1542952200,122.1,122.1,122.1,122.1,0.0389
1542955200,121.78,121.78,121.78,121.78,28.0
1542957900,123.15,123.15,123.15,123.15,0.724
1542961800,122.06,122.06,122.06,122.06,0.309
1542962100,122.29,122.29,122.29,122.29,1.89
1542963300,123.09,123.09,123.09,123.09,2.43
1542964200,124.11,124.11,124.11,124.11,0.624
1542964500,123.38,123.38,123.38,123.38,0.329
1542966300,122.8,123.23,123.23,122.8,108.27
1542966600,122.75,122.75,122.75,122.75,30.09
1542966900,122.77,122.79,122.79,122.77,0.421
1542967200,122.78,122.79,122.78,122.79,18.53
1542967800,123.15,123.15,123.15,123.15,0.529
1542969300,123.05,123.05,123.05,123.05,0.326
1542969600,123.05,123.06,123.05,123.06,2.71
1542971100,122.07,122.07,122.07,122.07,0.356
1542971700,121.21,121.84,121.68,121.45,66.29
1542972000,121.75,121.75,121.75,121.75,0.167
1542973500,121.88,121.88,121.88,121.88,2.78
1542974100,122.15,122.15,122.15,122.15,6.02
1542974400,122.68,122.68,122.68,122.68,1.91
1542975300,121.46,122.0,122.0,121.46,11.9
1542976200,121.35,121.41,121.41,121.35,4.55
1542976500,121.16,121.16,121.16,121.16,1.97
1542976800,120.57,120.78,120.78,120.57,10.49
1542977100,120.72,120.72,120.72,120.72,24.53
1542977400,120.75,120.75,120.75,120.75,3.67
1542978300,119.66,119.89,119.89,119.66,0.355
1542978900,119.88,119.93,119.93,119.88,13.99
1542979200,119.81,119.89,119.89,119.81,1.73
1542979800,118.4,118.88,118.88,118.4,0.523
1542980100,118.67,118.86,118.77,118.67,2.23
1542980400,119.05,119.18,119.05,119.18,5.62
1542980700,119.18,119.37,119.18,119.37,0.173
1542981000,120.12,120.17,120.14,120.17,22.13
1542981300,119.95,120.02,120.02,119.95,9.89
1542981900,120.35,120.51,120.45,120.35,1.87
1542983700,119.89,119.89,119.89,119.89,1.42
1542984000,120.22,120.22,120.22,120.22,0.829
1542985200,120.67,120.67,120.67,120.67,6.63
1542985800,120.55,120.72,120.55,120.72,2.16
1542988800,120.33,120.33,120.33,120.33,0.0653
1542989400,120.08,120.08,120.08,120.08,0.0563
1542990300,119.01,119.01,119.01,119.01,3.12
1542991500,118.14,118.59,118.59,118.14,8.5
1542991800,118.48,118.48,118.48,118.48,0.984
1542992100,118.99,118.99,118.99,118.99,0.039
1542992400,119.07,119.07,119.07,119.07,1.37
1542993300,117.04,118.0,118.0,117.04,221.94
1542993900,117.71,117.71,117.71,117.71,1.41
1542994200,117.95,118.51,117.95,118.51,8.53
1542994500,118.8,118.8,118.8,118.8,0.0653
1542994800,118.99,119.0,118.99,118.99,25.7
1542995100,118.39,118.43,118.39,118.43,1.73
1542995400,118.37,118.37,118.37,118.37,0.677
1542995700,118.43,118.52,118.52,118.43,10.58
1542996000,117.9,118.23,118.23,117.9,50.0
1542996300,117.9,118.52,118.52,117.9,2.77
1542997200,119.12,119.18,119.18,119.12,2.09
1543001100,118.88,120.0,118.88,119.95,10.19
1543003800,118.97,118.97,118.97,118.97,0.0604
1543004700,118.82,118.82,118.82,118.82,6.74
1543006500,119.03,119.03,119.03,119.03,2.63
1543007400,119.54,119.54,119.54,119.54,1.0
1543008300,119.38,119.45,119.38,119.39,24.66
1543008900,119.45,119.45,119.45,119.45,0.34
1543009500,120.0,120.0,120.0,120.0,1.1
1543011000,119.47,119.47,119.47,119.47,0.921
1543011300,119.99,119.99,119.99,119.99,1.58
1543012200,120.65,121.58,120.65,121.58,10.95
1543012500,120.87,120.87,120.87,120.87,6.61
1543012800,121.15,121.49,121.15,121.49,5.34
1543013100,121.46,121.46,121.46,121.46,2.05
1543013700,122.0,122.25,122.0,122.24,8.08
1543014000,122.25,122.43,122.25,122.43,2.45
1543014300,121.77,122.25,122.25,121.77,15.75
1543014600,121.95,121.95,121.95,121.95,6.56
1543014900,122.1,122.1,122.1,122.1,0.934
1543015200,121.78,121.78,121.78,121.78,2.42
1543015500,121.67,121.68,121.68,121.67,9.83
1543017000,121.66,121.66,121.66,121.66,4.09
1543017600,121.87,122.1,121.87,122.1,2.55
1543019400,122.19,123.89,122.19,123.24,67.66
1543020300,124.65,125.69,124.65,125.56,26.73
1543020600,125.01,125.01,125.01,125.01,6.4
1543020900,125.0,125.0,125.0,125.0,0.784
1543021200,125.0,125.0,125.0,125.0,0.075
1543022700,123.61,123.74,123.61,123.74,23.4
1543023300,123.3,123.9,123.62,123.9,17.54
1543023900,124.13,124.13,124.13,124.13,2.25
1543024500,124.12,124.12,124.12,124.12,1.0
1543024800,124.01,124.01,124.01,124.01,0.975
1543025100,124.13,124.13,124.13,124.13,0.82
1543025700,123.8,123.8,123.8,123.8,2.94
1543026000,123.5,123.5,123.5,123.5,0.0553
1543026900,123.57,123.58,123.57,123.58,0.996
1543030200,123.39,123.39,123.39,123.39,5.39
1543034100,123.71,123.71,123.71,123.71,0.45
1543034700,123.53,123.53,123.53,123.53,4.92
1543035600,122.57,122.57,122.57,122.57,6.53
1543036200,122.01,122.14,122.14,122.01,32.02
1543038000,121.95,121.96,121.96,121.95,9.82
1543040400,122.07,122.07,122.07,122.07,0.69
1543041300,122.3,122.3,122.3,122.3,17.23
1543042200,122.34,122.34,122.34,122.34,1.13
1543043100,120.82,120.97,120.97,120.82,140.88
1543043400,120.98,120.98,120.98,120.98,2.61
1543043700,120.82,120.82,120.82,120.82,17.68
1543045800,120.79,120.79,120.79,120.79,0.999
1543046700,120.97,120.97,120.97,120.97,1.05
1543047300,121.18,121.18,121.18,121.18,1.54
1543047600,121.16,121.16,121.16,121.16,0.176
1543047900,120.99,121.21,121.21,120.99,40.86
1543050300,120.99,121.18,121.18,120.99,3.76
1543053300,121.0,121.18,121.0,121.18,118.0
1543056300,121.0,121.0,121.0,121.0,3.3
1543056600,120.51,120.51,120.51,120.51,0.923
1543056900,119.8,120.28,120.28,119.8,54.95
1543057200,119.95,119.96,119.96,119.95,4.04
1543063500,120.35,120.35,120.35,120.35,3.25
1543063800,120.38,120.38,120.38,120.38,10.22
1543064100,120.38,120.58,120.38,120.58,13.98
1543064700,120.58,120.58,120.58,120.58,4.12
1543065600,120.5,120.5,120.5,120.5,2.74
1543066200,120.58,120.69,120.58,120.69,7.41
1543066500,120.69,120.69,120.69,120.69,1.48
1543067100,120.69,120.69,120.69,120.69,1.73
1543068000,120.64,120.64,120.64,120.64,0.449
1543069800,120.66,120.66,120.66,120.66,2.34
1543070100,120.66,121.09,120.66,121.09,6.46
1543070700,120.86,120.86,120.86,120.86,0.1
1543071000,121.0,121.12,121.0,121.12,24.39
1543071300,121.1,121.1,121.1,121.1,0.876
1543072200,120.96,120.96,120.96,120.96,3.3
1543072500,120.33,120.45,120.45,120.33,2.45
1543074300,120.36,120.36,120.36,120.36,1.58
1543074600,120.22,120.22,120.22,120.22,1.28
1543075500,119.82,119.82,119.82,119.82,21.41
1543076100,119.58,119.61,119.61,119.58,9.32
1543077000,119.6,119.6,119.6,119.6,13.82
1543077900,119.44,119.44,119.44,119.44,43.63
1543078500,119.18,119.38,119.38,119.18,7.69
1543078800,119.23,119.23,119.23,119.23,17.67
1543079700,119.2,119.2,119.2,119.2,6.04
1543080000,119.2,119.2,119.2,119.2,124.12
1543080300,119.19,119.19,119.19,119.19,10.83
1543080600,119.2,119.2,119.2,119.2,5.31
1543081200,119.2,119.2,119.2,119.2,0.298
1543081500,119.2,119.2,119.2,119.2,5.2
1543081800,119.2,119.2,119.2,119.2,5.34
1543083000,119.2,119.81,119.2,119.81,6.2
1543084500,119.57,119.58,119.58,119.57,0.343
1543088100,119.27,119.27,119.27,119.27,8.06
1543088400,118.14,118.75,118.75,118.14,108.07
1543088700,117.99,118.38,118.38,118.0,56.97
1543090200,117.86,117.86,117.86,117.86,0.653
1543090500,118.06,118.15,118.06,118.15,6.83
1543093500,118.3,118.3,118.3,118.3,0.135
1543093800,118.11,118.29,118.29,118.11,6.71
1543094100,115.44,117.72,117.72,115.6,199.7
1543094400,112.5,115.27,115.27,112.5,79.44
1543094700,111.61,113.15,111.61,112.21,38.45
1543095000,110.21,112.21,112.21,110.21,1.31
1543095600,110.16,111.66,110.61,111.43,9.34
1543095900,108.67,110.0,110.0,108.94,60.85
1543096200,108.32,110.34,108.46,110.34,25.61
1543096500,109.89,110.73,110.12,110.29,27.42
1543096800,111.15,111.15,111.15,111.15,4.76
1543097100,109.88,111.61,111.61,110.45,6.09
1543097400,109.37,109.37,109.37,109.37,0.261
1543097700,109.39,110.74,109.39,110.49,8.04
1543098000,108.88,109.85,109.84,108.88,14.95
1543098300,108.41,109.08,109.08,108.41,81.01
1543098600,107.55,108.31,108.31,107.98,29.34
1543098900,107.89,109.82,107.95,109.82,36.96
1543099200,109.56,109.56,109.56,109.56,3.27
1543099500,109.61,110.15,109.61,110.05,30.52
1543099800,107.9,107.9,107.9,107.9,2.32
1543100100,107.52,109.57,107.98,109.57,72.19
1543100400,109.0,109.11,109.0,109.11,3.22
1543100700,109.51,109.72,109.51,109.72,4.49
1543101000,109.49,110.7,109.49,110.7,59.11
1543101300,111.73,113.95,111.73,113.95,70.31
1543101600,112.02,113.2,113.2,112.02,13.35
1543101900,112.25,112.78,112.26,112.25,19.53
1543102200,112.07,112.08,112.07,112.07,11.84
1543102500,111.12,111.12,111.12,111.12,0.59
1543103400,110.96,111.95,111.95,111.02,9.85
1543103700,110.95,111.09,110.95,111.09,2.01
1543104000,110.73,110.73,110.73,110.73,6.5
1543104300,111.04,111.27,111.11,111.27,6.72
1543104600,111.2,111.31,111.2,111.31,30.98
1543105500,110.13,110.64,110.64,110.13,56.03
1543105800,109.69,110.06,110.06,109.69,30.33
1543106100,109.9,110.16,109.9,110.16,2.4
1543106400,110.2,110.21,110.21,110.2,4.17
1543106700,110.74,110.75,110.74,110.75,3.37
1543107000,110.77,110.84,110.78,110.84,92.48
1543107300,110.35,110.47,110.47,110.35,5.92
1543107900,109.99,110.02,109.99,110.02,3.57
1543108200,110.46,110.7,110.7,110.46,7.91
1543109100,110.68,110.68,110.68,110.68,7.24
1543109700,110.03,110.03,110.03,110.03,7.27
1543110300,109.9,109.9,109.9,109.9,10.65
1543110600,109.49,109.65,109.65,109.49,21.3
1543110900,109.49,109.5,109.5,109.5,12.95
1543111200,108.59,109.37,109.37,108.59,320.05
1543111500,108.3,108.89,108.58,108.89,58.56
1543111800,108.35,108.35,108.35,108.35,0.0945
1543112100,107.61,107.95,107.95,107.61,9.31
1543112400,107.34,107.53,107.53,107.34,46.32
1543113000,108.05,108.05,108.05,108.05,4.76
1543113900,107.02,107.34,107.34,107.02,201.31
1543114200,106.11,107.02,107.02,106.11,48.83
1543114800,107.38,107.38,107.38,107.38,2.81
1543115100,106.95,107.38,107.38,106.95,47.78
1543115400,106.35,106.75,106.75,106.35,72.41
1543115700,105.94,106.35,106.35,105.94,81.33
1543116300,106.01,106.01,106.01,106.01,1.02
1543116600,105.0,105.36,105.23,105.36,48.13
1543116900,104.96,105.0,105.0,104.96,0.701
1543117200,102.59,103.87,103.87,102.59,43.88
1543117800,103.66,103.66,103.66,103.66,3.93
1543118100,103.45,103.66,103.66,103.45,1.3
1543118400,103.07,103.51,103.51,103.07,7.22
1543118700,102.61,103.06,103.06,102.61,9.72
1543119000,102.97,102.97,102.97,102.97,0.0522
1543119300,103.84,104.52,103.84,104.3,130.01
1543119600,103.71,104.13,104.13,103.71,8.06
1543119900,103.79,104.3,104.3,103.79,20.99
1543120200,104.99,105.0,104.99,105.0,5.67
1543120500,105.0,105.41,105.0,105.36,77.25
1543120800,104.65,105.01,105.01,104.65,366.53
1543121400,104.38,104.39,104.39,104.38,22.24
1543121700,103.82,103.82,103.82,103.82,2.32
1543122000,103.39,103.39,103.39,103.39,17.74
1543122600,102.43,103.39,103.39,102.43,210.73
1543123200,103.5,103.5,103.5,103.5,0.24
1543123800,103.73,103.73,103.73,103.73,1.3
1543124100,103.61,103.61,103.61,103.61,0.5
1543125900,104.0,104.92,104.0,104.92,137.53
1543127100,104.16,104.25,104.25,104.16,8.23
1543127400,104.6,104.6,104.6,104.6,0.117
1543128000,103.95,104.03,103.95,104.03,8.05
1543128900,104.02,104.02,104.02,104.02,10.94
1543129200,103.83,103.84,103.83,103.84,1.36
1543129500,103.84,104.49,103.84,104.49,12.4
1543129800,105.0,105.0,105.0,105.0,0.371
1543130100,104.74,104.77,104.77,104.74,5.6
1543130700,103.66,104.44,104.33,104.44,103.0
1543131000,104.97,105.0,104.97,105.0,8.25
1543131300,104.55,104.85,104.55,104.85,5.19
1543131600,104.55,104.57,104.57,104.55,11.5
1543131900,103.54,104.24,104.24,103.54,164.0
1543133100,104.45,104.46,104.45,104.46,0.873
1543135200,104.43,104.56,104.55,104.43,15.01
1543136400,104.35,104.35,104.35,104.35,2.66
1543137600,104.02,104.08,104.08,104.02,15.38
1543137900,103.34,103.34,103.34,103.34,2.84
1543138200,102.03,102.38,102.38,102.03,73.34
1543139100,101.52,102.02,102.02,101.52,0.26
1543139700,101.04,101.33,101.33,101.04,3.27
1543140600,98.58,100.06,100.06,98.58,40.23
1543141200,98.85,98.85,98.85,98.85,2.53
1543141500,100.4,100.4,100.4,100.4,0.1
1543141800,101.23,101.23,101.23,101.23,0.377
1543143300,103.11,105.56,103.12,105.56,112.7
1543143600,105.77,113.39,105.77,112.08,91.12
1543143900,110.97,111.23,111.08,110.97,8.07
1543144200,109.24,111.08,110.98,109.5,34.49
1543144500,109.43,109.87,109.43,109.54,11.86
1543144800,110.41,110.81,110.56,110.41,7.47
1543145100,109.96,109.96,109.96,109.96,1.99
1543145400,108.32,108.92,108.32,108.78,7.03
1543145700,108.27,108.45,108.45,108.27,9.87
1543146000,108.11,108.71,108.11,108.71,7.69
1543146300,109.35,109.35,109.35,109.35,1.28
1543146600,108.91,109.35,109.35,108.91,8.65
1543146900,108.7,108.7,108.7,108.7,0.275
1543147200,107.32,108.41,108.35,107.32,7.79
1543147500,107.31,107.6,107.6,107.31,11.16
1543147800,107.43,107.43,107.43,107.43,0.4
1543148100,108.21,108.21,108.21,108.21,2.74
1543148400,108.49,108.49,108.49,108.49,1.5
1543148700,108.31,108.46,108.46,108.31,13.14
1543149000,108.21,108.21,108.21,108.21,7.39
1543149300,108.46,109.35,108.46,109.35,5.05
1543149600,108.99,109.04,108.99,109.04,4.92
1543149900,109.05,109.97,109.05,109.27,37.08
1543150200,108.85,109.27,109.27,108.85,13.19
1543150500,108.31,108.31,108.31,108.31,7.39
1543150800,108.14,108.14,108.14,108.14,7.36
1543151400,107.97,107.97,107.97,107.97,5.65
1543151700,108.13,108.14,108.14,108.14,18.3
1543152000,108.54,108.54,108.54,108.54,0.536
1543152300,108.66,108.74,108.74,108.66,7.95
1543152600,108.57,108.58,108.57,108.58,0.664
1543153200,109.28,109.58,109.28,109.58,3.67
1543153500,109.68,111.08,109.68,110.76,9.65
1543154100,109.88,110.16,110.12,109.92,21.34
1543154400,109.6,109.6,109.6,109.6,5.31
1543155300,109.02,109.02,109.02,109.02,7.34
1543156500,109.12,109.12,109.12,109.12,8.01
1543156800,109.12,109.12,109.12,109.12,0.988
1543157400,109.91,110.35,109.91,110.35,10.84
1543158600,109.22,109.28,109.28,109.22,14.64
1543158900,108.35,108.57,108.57,108.35,12.41
1543159200,108.38,108.38,108.38,108.38,4.14
1543159500,108.26,108.26,108.26,108.26,0.527
1543159800,108.19,108.54,108.19,108.41,10.25
1543160100,107.01,107.5,107.5,107.01,7.8
1543160400,107.09,107.09,107.09,107.09,5.99
1543161000,107.2,107.2,107.2,107.2,5.0
1543161600,107.38,108.26,107.38,108.26,3.94
1543161900,108.05,108.05,108.05,108.05,0.59
1543162200,107.74,107.74,107.74,107.74,7.31
1543162500,106.87,107.39,107.39,106.87,7.87
1543162800,107.7,107.7,107.7,107.7,2.72
1543163100,107.7,108.67,108.31,108.06,18.89
1543163700,108.07,108.37,108.07,108.37,2.0
1543164000,107.53,107.54,107.54,107.53,2.0
1543164600,106.85,107.35,107.35,106.85,17.51
1543165500,106.67,106.67,106.67,106.67,3.0
1543166100,105.7,105.7,105.7,105.7,0.397
1543166700,103.31,104.0,104.0,103.31,79.75
1543167900,104.32,104.32,104.32,104.32,1.04
1543168200,104.61,104.62,104.61,104.62,4.77
1543168800,104.98,105.82,104.98,105.82,8.25
1543169100,106.8,107.42,107.42,106.8,5.36
1543170900,105.24,105.48,105.48,105.24,13.41
1543171500,105.88,105.88,105.88,105.88,0.353
1543173000,107.61,107.85,107.61,107.85,5.82
1543173300,108.86,109.19,109.16,108.86,11.83
1543173600,108.94,110.11,108.94,110.11,0.765
1543173900,109.83,110.07,110.07,109.83,3.87
1543174200,110.0,110.0,110.0,110.0,72.32
1543174500,110.17,110.2,110.2,110.17,13.25
1543175400,108.21,109.5,109.5,108.21,110.88
1543176000,108.5,108.5,108.5,108.5,1.04
1543176300,108.12,108.62,108.5,108.12,14.3
1543176600,109.41,109.41,109.41,109.41,0.302
1543178100,112.95,112.96,112.95,112.96,2.05
1543178400,111.94,113.28,113.28,112.08,14.02
1543179000,114.11,115.4,114.12,114.11,31.82
1543179300,113.62,114.53,113.93,113.78,111.72
1543179600,113.45,113.63,113.45,113.45,24.73
1543179900,112.5,113.03,113.03,112.5,21.38
1543180200,112.5,113.62,112.5,113.62,29.43
1543180500,113.99,115.01,113.99,114.21,34.56
1543180800,114.25,115.52,114.26,115.52,24.46
1543181100,115.76,116.18,115.76,116.17,17.16
1543181700,114.74,115.45,115.2,114.74,8.28
1543182000,115.01,115.36,115.12,115.36,8.4
1543182300,116.5,118.99,116.5,118.0,313.68
1543182600,117.72,118.04,118.03,117.72,1.98
1543182900,116.4,117.37,117.37,116.4,8.1
1543183200,115.63,115.63,115.63,115.63,0.741
1543183500,115.2,116.0,115.2,115.95,209.77
1543183800,115.8,116.3,115.8,116.2,37.09
1543184100,116.03,116.19,116.14,116.03,74.2
1543184400,116.08,116.22,116.12,116.22,5.83
1543184700,117.03,117.14,117.14,117.03,0.594
1543185000,116.25,116.56,116.56,116.25,4.68
1543185300,115.71,115.83,115.75,115.71,42.29
1543185600,115.88,116.28,116.02,115.88,79.7
1543185900,115.0,115.21,115.21,115.0,5.2
1543186200,114.28,114.38,114.38,114.34,128.79
1543186500,114.18,114.57,114.48,114.18,86.92
1543186800,114.11,114.11,114.11,114.11,2.19
1543187100,114.92,115.01,114.92,114.93,25.73
1543187400,114.87,114.87,114.87,114.87,6.96
1543187700,113.95,114.29,114.29,114.17,10.77
1543188000,113.53,113.67,113.66,113.53,1.51
1543188300,112.49,113.66,113.66,113.66,171.72
1543188600,114.15,114.26,114.26,114.15,30.05
1543189200,114.41,114.76,114.41,114.76,1.43
1543189500,114.82,114.82,114.82,114.82,1.34
1543190100,114.45,114.48,114.45,114.48,1.86
1543190400,114.45,115.02,114.45,114.94,25.68
1543190700,114.96,115.02,114.96,115.02,24.41
1543191000,115.28,115.5,115.28,115.5,9.68
1543192200,115.5,115.5,115.5,115.5,6.43E-4
1543192500,116.23,116.23,116.23,116.23,6.88
1543192800,115.74,115.74,115.74,115.74,1.73
1543193100,115.04,115.04,115.04,115.04,1.12
1543193400,115.03,115.03,115.03,115.03,6.96
1543193700,114.6,115.01,115.01,114.6,12.93
1543194000,114.47,114.47,114.47,114.47,6.5
1543194900,114.17,114.17,114.17,114.17,0.05
1543195200,113.57,113.58,113.58,113.57,6.78
1543195500,114.0,114.0,114.0,114.0,4.62
1543196400,114.38,114.47,114.38,114.47,13.34
1543196700,114.25,114.3,114.3,114.25,5.38
1543197000,114.25,114.25,114.25,114.25,1.87
1543197600,112.87,113.8,113.8,112.87,6.28
1543197900,112.53,112.53,112.53,112.53,0.01
1543198800,112.76,112.77,112.77,112.76,1.05
1543200000,113.42,113.43,113.42,113.43,2.2
1543202400,113.28,113.28,113.28,113.28,2.58
1543203000,113.56,113.56,113.56,113.56,0.51
1543204500,113.85,114.02,113.85,114.02,2.27
1543206600,112.29,112.3,112.3,112.29,3.58
1543208400,112.44,112.44,112.44,112.44,4.68
1543208700,112.0,112.0,112.0,112.0,2.51
1543209000,112.79,112.8,112.79,112.8,0.368
1543210500,113.45,113.45,113.45,113.45,2.35
1543213800,116.07,116.07,116.07,116.07,6.89
1543214100,116.0,116.0,116.0,116.0,1.74
1543214400,116.0,116.0,116.0,116.0,6.89
1543214700,116.11,116.11,116.11,116.11,3.03
1543215300,115.95,115.95,115.95,115.95,6.45
1543215600,116.05,116.07,116.05,116.07,4.99
1543221300,111.62,112.12,111.62,112.12,33.94
1543221600,111.63,111.9,111.63,111.9,43.18
1543221900,112.12,112.78,112.16,112.24,186.7
1543222200,112.0,112.33,112.33,112.0,54.73
1543222500,111.8,112.19,112.19,111.8,69.06
1543223100,112.81,112.82,112.82,112.81,4.02
1543223700,112.18,112.2,112.2,112.18,23.67
1543224600,112.49,113.72,112.51,112.49,197.69
1543224900,111.42,112.24,112.13,111.42,194.75
1543225200,111.5,111.5,111.5,111.5,1.0
1543225500,111.06,111.52,111.49,111.52,31.38
1543225800,111.51,111.55,111.51,111.55,25.23
1543226100,111.65,111.92,111.65,111.92,5.87
1543226400,111.69,111.73,111.73,111.69,27.54
1543226700,111.84,111.84,111.84,111.84,1.3
1543227300,112.25,112.65,112.25,112.65,2.66
1543227600,112.8,113.16,112.8,113.16,11.28
1543227900,113.33,113.33,113.33,113.33,0.01
1543228500,112.74,113.2,112.75,113.2,23.87
1543228800,113.2,113.27,113.27,113.22,71.81
1543229700,113.25,113.25,113.25,113.25,0.103
1543230300,112.39,112.39,112.39,112.39,0.325
1543230600,112.43,112.46,112.46,112.43,8.39
1543233600,113.06,113.12,113.12,113.06,19.42
1543233900,112.79,112.79,112.79,112.79,5.0
1543234500,112.53,112.53,112.53,112.53,0.766
1543234800,112.26,112.41,112.4,112.29,123.88
1543237200,112.58,112.61,112.58,112.61,19.07
1543237500,112.54,112.54,112.54,112.54,2.0
1543237800,112.21,112.22,112.21,112.22,88.24
1543238100,112.14,112.24,112.14,112.24,2.16
1543239000,111.42,111.42,111.42,111.42,0.629
1543239600,110.84,110.84,110.84,110.84,0.05
1543239900,111.0,111.34,111.0,111.34,2.43
1543240200,109.62,109.98,109.66,109.98,100.62
1543240800,109.65,110.1,109.65,110.09,15.62
1543241100,109.46,109.57,109.57,109.54,52.52
1543241700,109.02,109.02,109.02,109.02,13.21
1543242000,107.78,107.78,107.78,107.78,2.31
1543242300,106.93,106.93,106.93,106.93,1.4
1543242600,106.52,107.13,107.13,106.71,3.46
1543242900,107.76,108.93,108.12,108.93,19.64
1543243200,108.2,108.2,108.2,108.2,0.111
1543243500,108.16,108.56,108.56,108.28,117.56
1543244100,108.64,108.74,108.64,108.74,5.3
1543244400,107.57,108.56,108.56,107.57,1.76
1543244700,107.22,107.86,107.86,107.23,3.64
1543245900,108.11,108.15,108.14,108.11,17.64
1543247400,107.21,107.21,107.21,107.21,5.5
1543248000,104.73,106.61,106.61,104.74,36.79
1543248300,103.29,105.14,105.14,103.95,14.12
1543248600,104.88,105.4,104.88,105.4,5.57
1543248900,104.73,105.46,104.73,105.46,4.2
1543249800,103.57,103.95,103.95,103.57,3.35
1543250100,102.92,103.9,102.92,103.42,40.15
1543250400,103.37,105.33,103.37,105.23,15.34
1543250700,105.56,107.44,105.56,107.44,29.0
1543251300,107.41,108.35,107.41,108.35,3.29
1543251600,107.5,107.95,107.95,107.5,12.02
1543251900,107.48,107.65,107.48,107.61,34.08
1543252200,107.38,107.38,107.38,107.38,1.94
1543253100,108.29,108.71,108.29,108.71,2.71
1543253400,108.94,109.0,108.94,109.0,16.05
1543253700,107.35,107.66,107.53,107.66,8.72
1543254600,107.83,107.83,107.83,107.83,0.661
1543254900,106.88,106.89,106.88,106.89,1.99
1543255200,106.57,106.57,106.57,106.57,1.36
1543255800,106.12,106.12,106.12,106.12,1.34
1543256400,106.9,106.98,106.9,106.98,2.8
1543257000,107.22,107.22,107.22,107.22,1.03
1543257300,106.89,106.9,106.9,106.89,2.57
1543257600,107.28,107.28,107.28,107.28,1.02
1543257900,108.36,108.36,108.36,108.36,1.42
1543258200,107.98,108.18,107.98,108.18,6.63
1543258500,108.85,108.85,108.85,108.85,7.63
1543259100,108.58,108.62,108.62,108.58,25.77
1543259700,108.57,108.99,108.57,108.94,1.28
1543260000,108.99,109.54,108.99,109.54,20.08
1543260300,109.32,110.0,109.32,110.0,0.242
1543260600,109.59,109.86,109.86,109.59,25.27
1543261200,108.02,108.27,108.02,108.27,1.6
1543261500,108.58,108.58,108.58,108.58,0.196
1543261800,108.29,108.67,108.67,108.29,8.47
1543262100,107.8,108.3,108.14,108.3,25.18
1543262400,108.11,108.11,108.11,108.11,3.25
1543263000,107.28,107.47,107.47,107.33,8.25
1543263600,107.67,107.67,107.67,107.67,3.62
1543264500,105.22,107.0,107.0,105.22,153.89
1543264800,104.04,104.2,104.13,104.2,318.8
1543265100,104.43,105.77,104.43,105.64,16.38
1543265700,103.42,105.09,103.6,104.88,74.6
1543266000,104.46,104.46,104.46,104.46,0.142
1543266300,104.38,104.38,104.38,104.38,11.0
1543266600,104.75,104.98,104.98,104.75,3.55
1543266900,104.65,104.65,104.65,104.65,3.25
1543267200,103.55,104.33,104.33,103.55,17.01
1543267500,104.26,104.26,104.26,104.26,6.5
1543268100,102.86,102.94,102.94,102.86,7.93
1543268400,104.51,104.51,104.51,104.51,2.64
1543268700,103.53,105.28,105.28,103.53,5.77
1543269000,103.57,103.68,103.68,103.57,5.51
1543269300,103.96,103.96,103.96,103.96,2.26
1543269600,103.88,103.88,103.88,103.88,4.0
1543270200,104.86,104.86,104.86,104.86,6.1
1543270500,105.0,105.22,105.0,105.22,3.21
1543270800,105.34,105.66,105.62,105.39,10.04
1543271400,105.14,105.16,105.14,105.16,5.0
1543271700,104.74,104.75,104.75,104.74,6.58
1543272300,104.51,104.51,104.51,104.51,0.289
1543272600,103.86,103.92,103.92,103.86,5.0
1543272900,103.7,103.9,103.85,103.9,20.93
1543273500,103.81,104.71,103.81,104.71,18.71
1543273800,104.68,104.69,104.68,104.69,8.29
1543274100,104.72,105.13,104.72,105.13,8.75
1543274400,105.97,105.97,105.97,105.97,13.39
1543276200,106.76,106.98,106.98,106.76,13.77
1543279200,105.87,105.87,105.87,105.87,4.21
1543281900,102.82,104.15,104.15,102.82,12.53
1543282200,103.05,103.05,103.05,103.05,0.901
1543282800,103.45,103.45,103.45,103.45,0.1
1543284000,103.15,103.36,103.36,103.15,7.99
1543286100,104.04,104.1,104.1,104.04,60.42
1543287000,104.29,104.47,104.29,104.47,12.45
1543287300,104.47,104.47,104.47,104.47,0.00127
1543288800,104.37,104.38,104.38,104.37,6.46
1543291500,103.21,103.21,103.21,103.21,0.29
1543292100,104.03,104.03,104.03,104.03,5.85
1543292400,103.91,103.91,103.91,103.91,1.29
1543293000,104.53,104.53,104.53,104.53,3.65
1543293300,104.53,104.53,104.53,104.53,4.19E-5
1543293900,104.6,104.6,104.6,104.6,9.0
1543294200,104.7,104.7,104.7,104.7,9.0
1543295100,104.66,104.66,104.66,104.66,9.0
1543295400,105.1,105.8,105.1,105.8,17.0
1543295700,106.0,106.0,106.0,106.0,9.0
1543296000,105.74,105.74,105.74,105.74,2.0
1543296300,106.24,106.24,106.24,106.24,0.273
1543298700,105.35,105.44,105.44,105.35,10.3
1543299300,105.21,105.21,105.21,105.21,2.4
1543299600,105.02,105.02,105.02,105.02,7.0
1543299900,105.4,105.4,105.4,105.4,7.0
1543301700,106.3,106.31,106.3,106.31,4.69
1543302000,107.16,107.16,107.16,107.16,1.77
1543303800,105.43,105.5,105.5,105.44,3.4
1543304100,105.35,105.43,105.43,105.37,2.99
1543304700,105.4,105.4,105.4,105.4,2.74
1543305600,105.12,105.12,105.12,105.12,38.09
1543307400,103.36,104.03,103.4,103.91,35.15
1543307700,104.06,104.06,104.06,104.06,7.34
1543310100,103.6,103.6,103.6,103.6,0.0107
1543311900,104.43,104.43,104.43,104.43,0.233
1543312200,104.43,104.43,104.43,104.43,0.843
1543313400,101.5,102.7,102.7,101.51,283.4
1543313700,99.4,101.5,101.5,99.91,127.54
1543314000,101.03,102.13,101.03,102.02,20.29
1543314600,103.98,104.01,104.01,103.98,6.5
1543317600,102.47,102.76,102.47,102.76,10.25
1543317900,102.61,102.61,102.61,102.61,4.09
1543318200,102.48,102.51,102.51,102.48,7.46
1543319100,102.53,102.53,102.53,102.53,6.5
1543319400,102.31,102.37,102.31,102.37,10.82
1543320000,101.32,101.83,101.83,101.32,12.93
1543322400,103.09,103.09,103.09,103.09,0.826
1543323900,103.6,104.24,103.6,104.24,5.41
1543324500,104.37,104.73,104.73,104.37,3.35
1543325100,103.69,103.69,103.69,103.69,7.69
1543326300,104.13,104.63,104.13,104.63,87.41
1543327200,104.58,104.58,104.58,104.58,1.25
1543327500,104.14,104.78,104.78,104.14,6.69
1543328100,104.17,104.77,104.17,104.77,10.86
1543328400,104.77,104.77,104.77,104.77,5.51
1543328700,104.31,104.31,104.31,104.31,0.5
1543329300,104.3,104.3,104.3,104.3,10.0
1543330800,104.06,104.21,104.21,104.06,3.18
1543331100,103.61,103.7,103.7,103.61,11.36
1543332600,103.12,103.12,103.12,103.12,100.0
1543333800,103.15,103.22,103.15,103.22,20.06
1543334100,103.18,103.18,103.18,103.18,2.25
1543335000,103.12,103.12,103.12,103.12,191.15
1543335300,102.8,102.8,102.8,102.8,7.76
1543336500,103.01,104.18,103.01,104.18,3.36
1543337100,104.5,104.5,104.5,104.5,0.175
1543338000,105.11,105.19,105.11,105.19,37.96
1543338900,105.47,106.04,105.47,105.9,26.87
1543339200,105.47,105.89,105.89,105.47,7.48
1543339500,105.47,105.47,105.47,105.47,1.51
1543339800,105.06,105.16,105.16,105.06,5.69
1543340400,105.32,105.32,105.32,105.32,0.141
1543342800,104.93,105.25,104.93,105.25,4.15
1543343100,105.33,105.4,105.33,105.4,2.96
1543343400,105.66,105.66,105.66,105.66,5.0
1543344600,105.41,105.54,105.41,105.46,4.05
1543345800,105.89,106.86,105.89,106.63,26.52
1543346100,106.05,106.05,106.05,106.05,4.17
1543346400,106.02,106.02,106.02,106.02,3.21
1543347000,105.75,106.05,106.05,105.83,4.89
1543347300,105.35,105.73,105.73,105.35,0.719
1543348500,105.66,105.66,105.66,105.66,2.12
1543349100,105.22,105.45,105.22,105.45,30.91
1543349700,105.3,105.3,105.3,105.3,0.805
1543350000,105.06,105.24,105.24,105.06,0.407
1543350600,105.32,105.32,105.32,105.32,0.434
1543350900,105.41,105.41,105.41,105.41,4.23
1543351200,105.46,105.46,105.46,105.46,0.0791
1543351500,105.55,105.59,105.55,105.59,1.39
1543351800,105.65,105.67,105.65,105.67,6.22
1543352100,105.91,106.21,105.91,106.21,86.08
1543352400,105.23,105.88,105.87,105.23,16.01
1543352700,105.11,105.11,105.11,105.11,0.25
1543353000,104.67,104.67,104.67,104.67,0.187
1543354800,106.39,106.4,106.39,106.4,7.75
1543355100,106.32,106.32,106.32,106.32,3.4
1543355700,106.64,106.64,106.64,106.64,0.2
1543356000,108.73,199.0,108.73,109.08,253.55
1543356300,107.69,109.19,109.19,107.69,5.29
1543356900,107.17,107.72,107.72,107.17,113.07
1543357500,107.98,108.72,107.98,108.72,20.46
1543357800,108.51,108.51,108.51,108.51,0.5
1543358100,108.92,108.92,108.92,108.92,1.0
1543358400,110.85,113.88,110.85,113.88,21.29
1543358700,110.5,113.88,110.5,111.07,10.08
1543359300,110.32,111.04,111.04,110.32,0.319
1543359600,110.48,110.48,110.48,110.48,1.0
1543359900,109.65,110.18,109.65,110.18,4.5
1543360500,109.26,109.65,109.26,109.65,0.31
1543360800,109.79,109.8,109.8,109.79,1.29
1543361400,109.48,109.48,109.48,109.48,0.627
1543362300,108.52,108.52,108.52,108.52,2.24
1543363500,109.21,109.9,109.21,109.9,5.81
1543364400,110.18,110.18,110.18,110.18,0.408
1543365000,110.66,111.0,110.66,111.0,3.06
1543365300,110.38,110.38,110.38,110.38,2.38
1543365900,110.0,110.0,110.0,110.0,2.73
1543366500,109.03,109.68,109.68,109.03,12.19
1543367400,109.27,109.9,109.27,109.9,0.155
