1522742400,7335.58,7410.54,7410.54,7339.99,348.45629700999643
1522746000,7335.58,7382.99,7340.0,7363.77,222.8669850800007
1522749600,7265.14,7388.95,7363.77,7313.62,500.69271521999707
1522753200,7299.0,7342.33,7313.62,7307.01,398.17139754999704
1522756800,7301.0,7369.99,7307.01,7367.62,379.42635409999855
1522760400,7321.0,7435.0,7367.62,7336.06,937.5360135099904
1522764000,7290.5,7353.0,7336.06,7353.0,692.9660909199974
1522767600,7342.0,7417.97,7352.99,7390.0,897.2635496199987
1522771200,7368.0,7439.51,7389.99,7403.0,970.689769219999
1522774800,7375.0,7425.0,7403.01,7425.0,617.8437346499982
1522778400,7410.03,7500.0,7425.0,7465.46,1600.9178893599865
1522782000,7452.0,7520.0,7465.47,7463.18,843.8281170399964
1522785600,7384.34,7475.0,7463.18,7399.01,832.3327748299959
1522789200,7371.0,7434.0,7399.0,7429.46,412.03606583999965
1522792800,7361.58,7429.47,7429.47,7392.48,373.6074266599979
1522796400,7376.0,7430.0,7392.47,7424.9,327.36755128000016
1522800000,7390.0,7424.91,7424.91,7407.8,349.49753618999864
1522803600,7300.0,7415.0,7407.79,7334.0,811.423802029994
1522807200,7227.17,7340.94,7333.99,7296.35,822.0054783399919
1522810800,7275.99,7319.5,7296.34,7291.99,366.3947084399983
1522814400,7275.78,7304.65,7291.99,7299.91,307.5656058099989
1522818000,7299.9,7385.0,7299.91,7357.0,351.7804481099984
1522821600,7340.0,7365.0,7356.99,7352.69,130.8623910600004
1522825200,7321.21,7365.71,7352.7,7321.21,185.72544576000075
1522828800,7281.0,7335.64,7321.22,7299.99,171.17183231000053
1522832400,7054.11,7300.0,7299.99,7085.67,1520.4764377999822
1522836000,7044.0,7126.81,7085.66,7095.01,734.3292332199927
1522839600,7007.7,7095.0,7095.0,7067.62,485.2082758399956
1522843200,7012.5,7075.0,7067.62,7061.01,288.73951961000097
1522846800,7060.01,7106.62,7061.0,7072.92,540.908483199997
1522850400,6805.71,7073.01,7073.01,6864.96,2021.5036020899638
1522854000,6766.5,6900.0,6864.96,6785.21,963.8482922599932
1522857600,6785.21,6900.0,6785.21,6888.0,826.5688394399912
1522861200,6825.01,6888.01,6888.0,6845.9,536.0758364299982
1522864800,6725.0,6847.31,6845.89,6825.0,926.8844407499898
1522868400,6775.0,6881.0,6825.0,6856.0,714.2326879199926
1522872000,6828.51,6898.29,6855.99,6832.99,547.2561175199927
1522875600,6759.56,6854.98,6832.99,6824.82,397.37350129999743
1522879200,6711.0,6824.82,6824.81,6756.01,722.1770746199896
1522882800,6708.46,6818.0,6756.0,6791.68,586.2321509099949
1522886400,6682.01,6815.0,6791.68,6697.1,851.1203353299888
1522890000,6568.64,6711.59,6697.1,6595.0,1661.7292285599717
1522893600,6590.0,6645.0,6595.01,6609.99,745.9724093299898
1522897200,6597.77,6800.0,6610.0,6767.46,877.5625677499866
1522900800,6750.06,6845.0,6767.45,6780.02,866.6311210499906
1522904400,6761.61,6850.26,6780.02,6843.02,419.8689123999976
1522908000,6723.0,6852.0,6843.02,6747.99,367.2550290199968
1522911600,6721.53,6819.0,6747.98,6786.0,252.05139025000125
1522915200,6778.86,6903.1,6786.0,6872.12,460.0972394999939
1522918800,6835.57,6887.15,6872.13,6844.0,253.19022232000125
1522922400,6769.73,6844.0,6843.99,6792.0,257.6175624700003
1522926000,6776.54,6820.73,6791.99,6790.64,189.60049361000105
1522929600,6631.0,6792.01,6790.7,6669.01,690.1560428499909
1522933200,6632.5,6850.0,6670.0,6843.0,977.1356087399896
1522936800,6765.0,6933.11,6842.99,6765.01,761.6190132799891
1522940400,6703.0,6766.32,6765.01,6741.05,635.7908922099917
1522944000,6670.0,6760.0,6741.05,6720.82,669.6319441899852
1522947600,6685.01,6794.34,6720.81,6704.0,557.2965138799927
1522951200,6688.53,6750.0,6704.0,6694.99,523.7707496999951
1522954800,6695.0,6798.23,6695.0,6767.68,498.655634459997
1522958400,6739.12,6780.0,6767.68,6753.99,330.48189284999887
1522962000,6674.22,6754.0,6754.0,6726.59,420.0050475899989
1522965600,6726.59,6824.99,6726.59,6820.0,651.955099039994
1522969200,6782.47,6839.99,6819.99,6785.85,527.2000479699972
1522972800,6776.08,6842.71,6785.86,6812.0,337.3942472999972
1522976400,6763.02,6817.18,6812.0,6797.69,273.64234687000163
1522980000,6731.0,6815.0,6797.68,6774.6,456.34229227999583
1522983600,6749.99,6775.0,6774.0,6767.1,237.16091532000112
1522987200,6751.08,6819.09,6767.11,6792.99,475.817586939995
1522990800,6770.0,6847.0,6792.98,6770.01,455.74745971999596
1522994400,6537.15,6770.01,6770.0,6577.19,1792.796418099972
1522998000,6561.25,6657.89,6577.19,6628.99,572.5914748599919
1523001600,6572.82,6629.0,6629.0,6606.66,209.0442560400001
1523005200,6566.62,6606.66,6606.65,6586.37,191.2689019400008
1523008800,6518.88,6595.1,6586.37,6518.89,405.1209387199972
1523012400,6518.89,6663.24,6518.89,6616.17,489.09807649999595
1523016000,6557.1,6625.0,6616.17,6605.01,396.9651099699972
1523019600,6570.68,6645.81,6605.0,6625.11,364.9858826499974
1523023200,6596.25,6629.39,6625.11,6602.95,324.9939075799997
1523026800,6570.01,6608.52,6602.95,6594.57,449.050110339999
1523030400,6583.99,6630.01,6594.58,6612.22,698.6819774999975
1523034000,6600.0,6625.0,6612.21,6617.52,385.2009392099986
1523037600,6592.2,6630.0,6614.32,6599.0,428.33117298999923
1523041200,6585.0,6620.0,6599.01,6620.0,366.1581225399997
1523044800,6595.8,6620.01,6619.99,6605.0,341.1484505500006
1523048400,6606.0,6625.0,6606.0,6625.0,253.0270509599999
1523052000,6551.0,6625.0,6625.0,6551.0,427.89454676999884
1523055600,6522.07,6623.0,6551.0,6619.01,356.91408369
1523059200,6605.08,6639.09,6619.01,6639.09,278.6905213500001
1523062800,6639.77,6900.0,6639.77,6837.0,1825.6852408899774
1523066400,6806.48,6854.99,6836.99,6833.0,396.8786147499995
1523070000,6818.59,6879.78,6833.0,6850.0,336.61181694999806
1523073600,6824.7,6850.06,6850.0,6842.4,240.83809057000076
1523077200,6834.05,6879.99,6842.4,6846.01,318.5704091799983
1523080800,6838.47,6877.0,6846.01,6862.43,239.92435465000008
1523084400,6844.01,6862.44,6862.44,6855.0,107.85456382
1523088000,6855.0,6900.0,6855.01,6875.0,339.6064537399988
1523091600,6841.4,6875.0,6874.99,6857.19,135.7779956000006
1523095200,6848.0,6869.0,6857.19,6862.01,71.54675779000004
1523098800,6851.6,6867.75,6862.01,6860.99,80.28381246999987
1523102400,6860.99,6869.0,6860.99,6869.0,89.64110331000002
1523106000,6773.65,6869.0,6869.0,6838.44,419.89886041999483
1523109600,6840.99,6869.0,6841.0,6852.75,198.8866053800003
1523113200,6852.74,7022.77,6852.75,7001.01,1810.519353059992
1523116800,6992.88,7064.64,7001.01,7019.97,811.5908889699929
1523120400,6980.17,7024.5,7019.99,7003.99,335.3139898400001
1523124000,6966.81,7020.01,7004.0,6981.95,442.5665866699993
1523127600,6970.84,6988.02,6981.96,6988.0,214.86647811000023
1523131200,6974.0,7004.99,6988.0,7002.02,305.5120528000003
1523134800,6951.29,7002.02,7002.02,6969.22,440.51364396999656
1523138400,6911.99,6977.0,6969.22,6930.03,461.2555155999948
1523142000,6860.1,6940.53,6930.03,6894.01,447.53686400999646
1523145600,6894.0,6973.0,6894.01,6964.36,435.18565926999776
1523149200,6907.61,6981.01,6964.36,6942.0,249.15287407000076
1523152800,6921.1,6961.59,6942.0,6936.99,135.43969290000052
1523156400,6924.22,6960.0,6937.0,6958.85,119.9264013900002
1523160000,6953.73,6990.0,6958.84,6969.0,212.74339269000052
1523163600,6920.01,7000.0,6969.0,6944.04,545.6291839999955
1523167200,6880.0,6944.04,6944.04,6919.0,392.8981640099937
1523170800,6919.0,6949.37,6919.01,6940.56,60.88249660000002
1523174400,6940.0,6960.0,6940.57,6958.01,36.09245000000012
1523178000,6958.01,7008.0,6958.01,6991.91,190.70048103000047
1523181600,6980.0,7000.0,6991.9,6980.01,100.11077017000021
1523185200,6976.02,7099.99,6980.0,7099.97,525.4134019399959
1523188800,7062.79,7099.99,7099.98,7080.0,298.11795085000034
1523192400,7049.36,7080.0,7080.0,7059.95,289.2493831699993
1523196000,7030.46,7070.0,7059.96,7030.46,294.5486843899998
1523199600,7030.46,7060.0,7030.46,7037.02,218.20569081000008
1523203200,6990.0,7037.02,7037.02,6990.0,402.52732258999885
1523206800,6950.0,6995.96,6990.01,6980.0,343.6169476899996
1523210400,6956.77,7005.59,6980.0,6994.01,337.1372064799986
1523214000,6975.94,7000.0,6994.0,6989.0,191.98412538000022
1523217600,6957.3,6989.0,6989.0,6957.3,185.06651148999995
1523221200,6957.3,6991.36,6957.3,6991.35,154.39620262000014
1523224800,6991.35,7050.0,6991.36,7020.93,383.0356707699976
1523228400,6992.63,7024.91,7020.94,7020.01,194.76582609000084
1523232000,7020.0,7090.21,7020.01,7055.1,596.3341219699923
1523235600,7055.1,7125.0,7055.1,7110.99,870.1673067899948
1523239200,7107.38,7163.03,7111.0,7110.0,702.6798302599917
1523242800,7069.7,7124.13,7110.0,7119.99,399.23139824999885
1523246400,7103.31,7150.0,7120.0,7135.13,279.4971833500001
1523250000,7103.31,7135.13,7135.13,7103.32,162.49166017000033
1523253600,7091.01,7130.0,7103.32,7117.99,153.42323732000062
1523257200,7112.05,7138.0,7118.0,7120.89,138.37739892000025
1523260800,7120.0,7165.9,7120.89,7165.01,335.53887410999977
1523264400,7075.0,7169.53,7165.0,7082.52,395.8594540699976
1523268000,6776.0,7081.0,7081.0,6783.0,2049.851668639946
1523271600,6703.0,6783.01,6782.0,6755.0,999.7772429699825
1523275200,6703.02,6780.0,6755.0,6749.51,825.1195918899916
1523278800,6726.02,6759.83,6749.5,6736.93,420.54008278999504
1523282400,6685.0,6742.0,6734.01,6742.0,648.0009696399953
1523286000,6712.0,6787.17,6741.99,6724.01,845.6756860099903
1523289600,6711.74,6743.0,6724.01,6737.67,362.349502969999
1523293200,6719.62,6739.9,6737.67,6735.52,282.07763368000013
1523296800,6729.26,6759.13,6735.51,6747.58,305.4135685499998
1523300400,6650.0,6750.42,6747.59,6677.5,1271.0950107799852
1523304000,6617.0,6678.94,6677.51,6665.67,851.4116257499901
1523307600,6665.67,6726.06,6665.68,6713.9,378.6667433099986
1523311200,6680.34,6713.9,6713.89,6693.0,287.06374740000075
1523314800,6692.73,6784.0,6692.99,6771.13,382.20831013999646
1523318400,6758.18,6780.88,6771.14,6766.98,220.90113787000047
1523322000,6714.46,6766.98,6766.98,6728.53,255.84504753000076
1523325600,6728.21,6759.46,6728.54,6741.35,169.06462583000055
1523329200,6739.99,6789.0,6739.99,6789.0,267.68613634000053
1523332800,6747.6,6798.07,6789.0,6760.25,236.80974833000082
1523336400,6731.97,6765.2,6760.25,6757.45,182.2305043000005
1523340000,6695.47,6761.02,6757.45,6705.56,223.0605644200006
1523343600,6700.0,6740.0,6705.56,6725.94,124.52308909000061
1523347200,6661.19,6735.0,6725.95,6734.99,233.35413081000084
1523350800,6734.26,6770.0,6735.0,6769.99,78.00404136000012
1523354400,6713.7,6770.0,6770.0,6720.0,158.52479026000012
1523358000,6699.92,6747.73,6720.0,6740.0,256.7207059800006
1523361600,6725.73,6758.85,6740.0,6751.92,227.25695701000035
1523365200,6749.41,6770.0,6751.92,6754.17,214.8728224800003
1523368800,6737.82,6769.65,6754.17,6751.23,411.288748449998
1523372400,6751.23,6850.0,6751.24,6821.0,1032.5642155399937
1523376000,6814.0,6838.4,6821.01,6837.91,399.26622596
1523379600,6835.0,6865.81,6837.91,6859.09,334.8991053599991
1523383200,6823.7,6859.98,6859.09,6838.0,312.5488635499992
1523386800,6829.96,6847.36,6838.0,6847.36,259.3857196399996
1523390400,6812.84,6847.36,6847.36,6835.98,323.54142374999935
1523394000,6825.87,6855.0,6835.98,6841.52,465.8804584499983
1523397600,6784.15,6893.29,6841.52,6790.99,784.9684625599929
1523401200,6784.26,6830.0,6791.0,6824.99,313.4887981199999
1523404800,6824.99,6849.0,6825.0,6837.5,345.9991887500001
1523408400,6824.99,6846.0,6837.5,6836.0,220.39232150000026
1523412000,6831.7,6848.5,6835.99,6840.0,257.32490538999997
1523415600,6806.01,6841.99,6840.0,6818.0,294.6204596000003
1523419200,6817.99,6827.99,6818.0,6827.98,87.01235671000006
1523422800,6826.72,6859.0,6827.98,6826.72,420.14218474999666
1523426400,6810.0,6840.0,6826.73,6839.99,211.60804791000007
1523430000,6839.99,6844.38,6840.0,6844.38,84.13930834999995
1523433600,6844.37,6858.75,6844.38,6854.0,105.25336361000004
1523437200,6849.8,6857.5,6853.99,6853.32,83.58816393999992
1523440800,6839.9,6853.33,6853.33,6841.23,146.30596405999975
1523444400,6819.0,6858.0,6841.23,6857.82,206.91679148999978
1523448000,6845.0,6857.81,6857.81,6854.91,160.90624984999985
1523451600,6854.9,6960.0,6854.9,6932.0,1273.3825854199863
1523455200,6932.0,6954.0,6932.0,6938.01,367.03688288999973
1523458800,6917.0,6938.01,6938.01,6929.99,355.3499233100001
1523462400,6906.0,6930.0,6930.0,6917.98,452.97711852000015
1523466000,6870.7,6918.0,6917.98,6902.0,471.65054463999917
1523469600,6892.38,6909.97,6902.0,6901.48,382.0628391999996
1523473200,6896.97,6914.93,6901.48,6914.48,341.04166520999956
1523476800,6884.43,6914.48,6914.48,6889.92,409.7389118799989
1523480400,6882.2,6898.95,6889.92,6898.95,189.8566465499997
1523484000,6898.94,6915.0,6898.94,6915.0,284.08665571000034
1523487600,6914.99,6974.0,6915.0,6942.99,1031.596454549994
1523491200,6921.31,6950.0,6943.0,6928.0,523.4941961999994
1523494800,6901.0,6927.99,6927.99,6925.0,400.7723437299993
1523498400,6924.99,6940.0,6925.0,6939.99,276.6472726300001
1523502000,6931.0,6949.04,6940.0,6936.0,504.9979950199997
1523505600,6935.5,6960.0,6936.0,6960.0,505.9993160700003
1523509200,6923.0,6960.0,6960.0,6937.2,400.97213607
1523512800,6780.0,6941.02,6937.21,6786.98,1105.8844299899904
1523516400,6767.77,6846.87,6786.99,6829.01,396.00490739999805
1523520000,6811.0,6845.0,6829.01,6843.51,280.5688608800003
1523523600,6826.3,6850.02,6843.51,6850.01,167.9289854
1523527200,6842.2,6945.08,6850.01,6930.18,312.60938025999997
1523530800,6930.17,8050.0,6930.18,7725.0,8677.381714891135
1523534400,7616.1,7788.25,7725.01,7700.99,3074.6559302400487
1523538000,7640.0,7721.0,7700.99,7685.7,1621.6474978400067
1523541600,7585.6,7717.0,7685.47,7644.05,1408.5564624199792
1523545200,7591.11,7647.3,7644.0,7617.99,864.7942103099937
1523548800,7555.0,7618.0,7617.99,7612.02,1159.4335459599934
1523552400,7612.01,7745.35,7612.02,7680.0,2046.1964262099764
1523556000,7661.55,7685.0,7680.0,7675.0,738.1537255499951
1523559600,7669.69,7743.0,7675.0,7683.01,989.6390948499879
1523563200,7679.0,7730.0,7683.01,7727.89,584.1687647799952
1523566800,7716.0,7900.0,7730.0,7830.52,1764.775593899983
1523570400,7750.22,7850.0,7830.51,7849.99,1270.3661621999884
1523574000,7840.0,7975.0,7850.0,7916.0,2006.518317199974
1523577600,7833.0,7972.17,7915.99,7893.19,2022.5224328299619
1523581200,7760.0,7894.0,7893.19,7779.99,1103.014404099982
1523584800,7779.99,7885.0,7780.0,7875.0,772.0765432499911
1523588400,7825.0,7894.0,7875.0,7825.0,523.0212674799959
1523592000,7800.0,7835.0,7825.01,7814.0,484.67010517999813
1523595600,7766.91,7824.99,7813.65,7794.76,400.0248257799989
1523599200,7786.3,7865.0,7794.75,7819.98,437.40196629999406
1523602800,7819.99,8176.92,7819.99,8074.82,1980.2882360799633
1523606400,8048.07,8139.92,8074.83,8125.0,944.901561509992
1523610000,8057.74,8146.69,8124.01,8059.0,679.6284499699937
1523613600,8018.05,8094.74,8059.0,8065.0,462.67071740999324
1523617200,8065.0,8132.0,8065.01,8087.01,795.5395458699943
1523620800,8087.0,8220.0,8087.0,8203.0,1140.9614810999901
1523624400,8030.0,8214.71,8203.01,8098.92,1578.466498969978
1523628000,8037.0,8120.0,8098.93,8112.01,1041.4907224299911
1523631600,8081.23,8131.63,8112.0,8131.63,453.06193383999613
1523635200,8098.31,8150.0,8131.62,8131.02,816.9678310599921
1523638800,8069.0,8153.03,8131.02,8125.01,712.8665691199943
1523642400,8085.91,8125.01,8125.0,8113.0,578.6546687199991
1523646000,8045.0,8118.0,8113.0,8096.02,650.6547268899952
1523649600,7845.0,8096.02,8096.02,7897.01,2182.8246951400047
1523653200,7842.0,7912.0,7897.01,7874.96,617.7670721399963
1523656800,7805.9,7900.0,7874.95,7900.0,797.8379823499916
1523660400,7860.91,7965.0,7900.0,7893.19,803.9202904799847
1523664000,7830.0,7932.0,7893.19,7913.0,492.8591208599956
1523667600,7908.18,8050.0,7913.0,8036.97,823.7155785799945
1523671200,7997.71,8060.0,8036.96,8027.0,559.4643098899982
1523674800,8000.0,8040.0,8027.0,8034.39,361.1401227399994
1523678400,7960.0,8035.95,8034.39,7974.98,380.34433446999793
1523682000,7963.52,8021.34,7974.98,7963.52,314.7205443099987
1523685600,7963.52,8010.0,7963.52,8008.51,150.88931641000002
1523689200,7990.16,8150.0,8008.5,8129.59,1251.0241181999756
1523692800,8078.91,8150.0,8129.6,8102.15,363.11708539999756
1523696400,7996.52,8111.95,8102.14,8035.0,337.152568999997
1523700000,7927.15,8040.1,8035.01,7962.0,312.0875769199994
1523703600,7936.68,8010.0,7961.99,7974.96,174.17370850000063
1523707200,7875.0,7988.39,7974.96,7903.99,543.8470378599952
1523710800,7903.98,7965.87,7903.99,7965.87,292.0669122600008
1523714400,7941.99,7981.74,7965.86,7981.74,269.3342604099998
1523718000,7965.1,7999.99,7981.74,7965.11,227.41309184000067
1523721600,7941.99,8010.0,7965.11,8005.0,335.1554308999987
1523725200,7956.54,8005.0,8004.99,7974.99,279.30497527999904
1523728800,7960.54,8042.51,7974.99,8042.51,343.62881423999755
1523732400,8001.71,8042.51,8042.51,8026.0,264.54832602000033
1523736000,8015.88,8080.77,8026.01,8080.77,342.18778235999866
1523739600,8037.43,8086.74,8080.77,8051.95,353.9249982899973
1523743200,8048.9,8079.0,8051.96,8056.01,185.09709808000045
1523746800,7975.0,8056.01,8056.01,8003.11,379.3717696699982
1523750400,8003.11,8124.0,8003.12,8071.68,797.175637269985
1523754000,8051.1,8115.0,8071.68,8107.01,441.8044462099954
1523757600,8080.0,8119.99,8107.01,8092.48,351.67741685999675
1523761200,8080.99,8099.0,8092.81,8087.0,161.08355038000047
1523764800,8084.23,8150.0,8087.0,8105.15,477.8660314299956
1523768400,8046.29,8123.37,8105.15,8123.37,417.90027607999656
1523772000,8100.0,8127.26,8123.37,8124.16,167.39568542000023
1523775600,8087.0,8124.16,8124.16,8088.31,131.7228831099997
1523779200,8088.31,8150.0,8088.31,8120.0,349.31021149999816
1523782800,8089.75,8129.0,8120.0,8113.0,129.9160399600002
1523786400,8112.99,8127.36,8112.99,8122.13,51.55451208999992
1523790000,8122.12,8392.56,8122.12,8330.0,1954.7734122699708
1523793600,8305.26,8349.0,8330.01,8331.0,397.0699895499997
1523797200,8331.01,8379.0,8331.01,8346.01,305.48090848999965
1523800800,8326.16,8368.0,8346.0,8334.99,327.3963079000002
1523804400,8250.01,8335.0,8335.0,8281.01,640.6148267999957
1523808000,8269.99,8302.0,8281.0,8279.99,424.97204854999836
1523811600,8267.0,8314.36,8279.99,8293.63,249.16793377000022
1523815200,8291.0,8334.89,8293.62,8328.92,317.4462430999995
1523818800,8285.99,8328.92,8328.92,8300.16,175.62212817000002
1523822400,8309.56,8309.57,8309.57,8309.57,3.7430848
1523826000,8295.0,8298.73,8298.73,8295.0,5.214654419999999
1523829600,8300.0,8300.01,8300.01,8300.01,4.874383399999999
1523833200,8345.01,8347.11,8345.01,8347.11,8.10708086
1523836800,8351.05,8356.05,8355.24,8351.05,19.003056380000004
1523840400,8379.99,8390.0,8380.0,8389.99,18.17288047999999
1523844000,8341.0,8343.0,8341.01,8341.0,6.76510343
1523847600,8140.0,8140.01,8140.0,8140.0,35.13663529000001
1523851200,8154.03,8161.68,8161.68,8154.04,2.1541599899999992
1523854800,8133.0,8138.79,8138.78,8137.39,14.670629129999998
1523858400,8049.99,8050.0,8050.0,8050.0,10.97242084
1523862000,8084.0,8090.0,8090.0,8084.01,3.4758731000000003
1523865600,8105.0,8110.27,8106.01,8105.0,5.958993510000001
1523869200,8127.25,8129.0,8127.99,8129.0,1.50016799
1523872800,8088.88,8098.09,8098.09,8088.88,0.9336
1523876400,8070.99,8071.0,8071.0,8070.99,0.60430679
1523880000,8085.98,8085.99,8085.98,8085.99,2.1324031900000002
1523883600,7952.5,7952.87,7952.87,7952.5,2.81067242
1523887200,7957.99,7959.0,7958.0,7959.0,6.101127250000001
1523890800,7972.99,7975.0,7972.99,7975.0,1.7746991699999999
1523894400,7971.18,7974.06,7974.06,7973.29,1.3931058299999997
1523898000,7966.99,7967.0,7967.0,7967.0,1.33462059
1523901600,8030.99,8031.0,8030.99,8031.0,10.08165177
1523905200,8019.19,8020.0,8020.0,8019.19,2.60013691
1523908800,7968.98,7985.0,7984.99,7980.0,18.549423689999994
1523912400,7978.87,7992.0,7979.0,7992.0,7.906504679999999
1523916000,8014.99,8016.01,8015.0,8016.01,18.66267105
1523919600,8011.31,8023.0,8011.31,8023.0,99.09290113000004
1523923200,8048.92,8048.93,8048.92,8048.93,1.2153489499999999
1523926800,8039.99,8043.0,8042.91,8039.99,54.73796083
1523930400,8029.99,8030.0,8029.99,8029.99,5.88104789
1523934000,8025.99,8026.0,8026.0,8026.0,14.046967460000001
1523937600,8025.01,8027.0,8025.01,8027.0,5.57046617
1523941200,8009.99,8010.0,8009.99,8009.99,4.50837123
1523944800,7974.0,7974.01,7974.01,7974.01,0.9063271900000001
1523948400,8012.01,8014.01,8014.01,8012.02,4.1930029
1523952000,8122.29,8129.0,8122.3,8129.0,14.008595169999994
1523955600,8138.81,8139.98,8139.98,8138.82,9.424418729999996
1523959200,8144.87,8147.5,8144.88,8147.5,9.257470420000002
1523962800,8094.0,8094.01,8094.01,8094.0,0.4525
1523966400,8109.99,8110.0,8109.99,8110.0,1.2265521499999998
1523970000,8097.99,8110.28,8097.99,8109.96,27.163017610000026
1523973600,8091.16,8093.38,8091.17,8093.38,3.4648559299999997
1523977200,8104.29,8108.0,8104.29,8108.0,7.554923419999999
1523980800,8084.0,8084.01,8084.0,8084.01,2.07900038
1523984400,8112.99,8113.0,8113.0,8112.99,3.4898530899999995
1523988000,8100.0,8106.01,8106.0,8100.0,14.59011714
1523991600,7860.0,7954.0,7954.0,7864.98,280.65975207000014
1523995200,7878.01,7880.01,7880.0,7878.01,13.918086279999997
1523998800,7910.05,7912.5,7912.28,7912.49,4.24655614
1524002400,7908.0,7908.01,7908.01,7908.01,0.29962884
1524006000,7898.98,7898.99,7898.99,7898.99,6.528159449999999
1524009600,7883.0,7892.11,7892.11,7883.01,16.751380909999998
1524013200,7909.99,7915.0,7910.0,7914.99,6.618325709999999
1524016800,7930.11,7938.15,7930.12,7932.38,7.711719859999997
1524020400,7912.94,7913.01,7912.94,7913.01,10.179418
1524024000,7934.99,7935.0,7935.0,7935.0,2.6315774700000003
1524027600,7919.0,7924.99,7924.99,7919.0,2.9982530699999987
1524031200,7920.0,7921.0,7921.0,7920.0,7.324499529999999
1524034800,8120.1,8155.0,8120.1,8140.3,138.0907435800001
1524038400,8109.62,8115.17,8109.62,8115.17,7.173530219999998
1524042000,8085.82,8087.01,8087.01,8085.82,0.33584412
1524045600,8100.0,8100.01,8100.01,8100.01,0.61072661
1524049200,8092.29,8092.3,8092.3,8092.3,0.10069999999999998
1524052800,8105.99,8106.0,8106.0,8106.0,11.71905924
1524056400,8089.98,8089.99,8089.99,8089.98,3.40025226
1524060000,8094.0,8096.55,8096.54,8095.01,12.80517926
1524063600,7950.0,7987.0,7954.83,7977.08,228.74133209000001
1524067200,8005.5,8005.51,8005.5,8005.51,1.3988201
1524070800,8113.85,8113.86,8113.85,8113.86,1.26648365
1524074400,8096.0,8105.87,8096.0,8105.87,4.441306869999998
1524078000,8103.54,8105.68,8103.95,8103.55,2.4247274800000005
1524081600,8101.75,8110.0,8110.0,8101.75,8.14990462
1524085200,8180.69,8189.0,8183.01,8182.99,16.632912540000003
1524088800,8189.2,8189.9,8189.2,8189.9,2.458447609999999
1524092400,8151.53,8161.12,8151.54,8161.12,3.4407030799999996
1524096000,8152.05,8152.06,8152.05,8152.06,30.36024590000001
1524099600,8148.43,8148.44,8148.43,8148.44,5.14430304
1524103200,8177.03,8179.79,8179.79,8177.04,9.86429748
1524106800,8203.1,8203.11,8203.11,8203.11,8.72048654
1524110400,8182.47,8190.01,8190.01,8182.48,14.069779539999999
1524114000,8182.95,8185.21,8185.21,8182.95,11.365981509999997
1524117600,8174.49,8189.69,8174.49,8189.69,34.91921154000002
1524121200,8173.98,8175.01,8173.98,8175.0,2.7268979
1524124800,8156.0,8160.12,8160.11,8160.0,5.01338331
1524128400,8173.91,8173.91,8173.91,8173.91,0.41370596
1524132000,8224.2,8225.93,8224.2,8225.93,1.1746117400000005
1524135600,8224.2,8224.21,8224.21,8224.21,6.100155620000001
1524139200,8195.93,8199.96,8199.96,8195.93,0.75306081
1524142800,8229.95,8237.11,8237.11,8231.11,8.680873199999999
1524146400,8221.0,8223.0,8223.0,8221.01,10.53158582
1524150000,8225.0,8229.0,8225.0,8229.0,4.00965075
1524153600,8218.99,8219.0,8219.0,8219.0,8.98953037
1524157200,8239.99,8243.34,8239.99,8239.99,10.339410179999998
1524160800,8259.0,8260.0,8259.01,8259.99,10.58646435
1524164400,8263.04,8263.05,8263.05,8263.04,6.09548332
1524168000,8246.99,8248.8,8248.8,8246.99,2.2513741599999992
1524171600,8229.65,8229.99,8229.65,8229.99,8.23397773
1524175200,8261.0,8265.0,8261.0,8264.99,7.9606438399999995
1524178800,8241.0,8285.0,8259.99,8274.0,248.93277641000077
1524182400,8273.99,8355.0,8274.0,8349.96,1106.4480544799926
1524186000,8318.0,8373.56,8349.96,8362.0,588.9403003899928
1524189600,8288.19,8398.8,8362.0,8338.99,1136.955755440001
1524193200,8330.0,8330.01,8330.0,8330.0,8.442427019999998
1524196800,8290.11,8331.01,8331.0,8293.14,126.82607571999999
1524200400,8244.22,8260.0,8259.99,8248.43,71.13221221000003
1524204000,8276.59,8279.01,8276.59,8279.01,6.19699819
1524207600,8308.99,8309.0,8308.99,8309.0,0.7626064699999999
1524211200,8319.42,8323.39,8319.43,8323.39,8.10533761
1524214800,8288.0,8306.45,8306.44,8288.0,25.61510309000003
1524218400,8310.1,8315.36,8315.36,8310.1,6.437226090000003
1524222000,8489.0,8489.01,8489.01,8489.01,2.6115834500000004
1524225600,8512.99,8516.29,8516.28,8513.0,13.761951269999997
1524229200,8521.95,8523.31,8521.96,8523.3,13.762104239999998
1524232800,8504.99,8505.0,8505.0,8504.99,2.68371201
1524236400,8501.91,8501.93,8501.92,8501.92,9.61340083
1524240000,8470.0,8474.0,8474.0,8470.0,8.751073940000001
1524243600,8506.99,8507.0,8507.0,8506.99,7.0542558600000005
1524247200,8493.75,8500.0,8493.75,8500.0,3.3669646499999994
1524250800,8504.0,8504.01,8504.01,8504.0,7.998198930000001
1524254400,8524.0,8524.23,8524.22,8524.0,8.02883247
1524258000,8529.91,8529.92,8529.91,8529.91,4.59429072
1524261600,8515.18,8540.97,8515.18,8531.0,23.94320913
1524265200,8810.0,8847.36,8844.12,8837.98,80.65955420000002
1524268800,8866.26,8866.42,8866.27,8866.42,4.05245716
1524272400,8831.0,8831.01,8831.01,8831.0,6.737642169999999
1524276000,8819.99,8824.93,8821.64,8820.0,16.487014310000003
1524279600,8840.99,8856.99,8840.99,8856.99,30.41827093
1524283200,8868.78,8870.01,8870.01,8868.78,12.246110779999997
1524286800,8848.0,8848.01,8848.0,8848.01,2.2076698800000005
1524290400,8863.92,8880.0,8863.92,8880.0,10.503167980000006
1524294000,8929.0,8932.49,8932.48,8929.0,6.804256479999999
1524297600,8836.46,8878.0,8878.0,8850.0,57.657567650000004
1524301200,8796.0,8808.79,8803.92,8796.0,43.498804390000004
1524304800,8715.5,8728.0,8715.5,8727.99,3.6914339799999984
1524308400,8708.0,8712.53,8712.53,8708.0,5.472308000000003
1524312000,8711.78,8734.44,8711.79,8734.44,37.67373559000002
1524315600,8761.19,8773.96,8761.2,8766.71,9.369301069999999
1524319200,8765.65,8787.0,8767.91,8768.0,256.1415710600002
1524322800,8768.0,8846.33,8768.01,8819.12,598.4585544699949
1524326400,8772.0,8872.35,8819.12,8786.99,836.4502839599918
1524330000,8740.01,8813.14,8786.98,8771.0,384.7793441799988
1524333600,8753.01,8831.0,8771.01,8800.0,346.64665932999765
1524337200,8768.08,8824.23,8800.01,8791.0,411.6316525899983
1524340800,8724.0,8794.0,8792.0,8768.15,262.91453904
1524344400,8777.09,8777.5,8777.09,8777.09,8.725452179999998
1524348000,8778.82,8778.83,8778.83,8778.83,5.8329626
1524351600,8808.01,8810.01,8808.02,8810.0,1.16768256
1524355200,8915.0,8915.43,8915.42,8915.01,5.290592559999999
1524358800,8835.0,8836.1,8835.0,8836.1,4.31037541
1524362400,8828.0,8830.1,8830.1,8828.01,9.56757273
1524366000,8854.33,8866.62,8854.33,8862.0,15.122207740000004
1524369600,8825.34,8840.01,8840.0,8834.01,58.8866828
1524373200,8841.7,8845.0,8841.71,8845.0,9.65358646
1524376800,8849.99,8850.01,8850.01,8849.99,1.11854947
1524380400,8888.86,8896.0,8888.87,8896.0,9.575950739999993
1524384000,8866.32,8869.94,8866.32,8869.93,0.50826101
1524387600,8932.0,8935.95,8935.95,8934.02,2.66889923
1524391200,8909.23,8915.88,8909.24,8915.88,7.495139320000002
1524394800,8949.99,8950.0,8950.0,8950.0,5.862512360000001
1524398400,8928.01,8945.66,8928.01,8945.66,7.967467240000001
1524402000,8856.0,8857.01,8857.01,8856.0,3.26663813
1524405600,8875.0,8875.01,8875.01,8875.0,3.711589289999999
1524409200,8955.0,8974.84,8974.84,8960.0,13.320563959999998
1524412800,8931.0,8937.0,8931.01,8937.0,6.40625024
1524416400,8917.0,8929.98,8917.0,8929.97,8.716827070000003
1524420000,8939.4,8939.41,8939.4,8939.41,1.5670225800000002
1524423600,8880.0,8950.85,8950.84,8880.0,256.4323790000001
1524427200,8874.0,8881.3,8881.0,8874.01,16.87437492
1524430800,8889.99,8890.0,8890.0,8890.0,1.22259134
1524434400,8909.99,8910.0,8910.0,8910.0,3.0577055300000002
1524438000,8849.01,8855.0,8854.99,8849.01,5.485511159999999
1524441600,8795.0,8795.01,8795.0,8795.01,2.3659376199999995
1524445200,8819.99,8820.0,8820.0,8819.99,6.5248586799999995
1524448800,8849.0,8860.99,8849.01,8858.0,14.549156539999997
1524452400,8842.99,8850.0,8842.99,8849.99,15.067439579999999
1524456000,8865.7,8865.71,8865.71,8865.71,4.842633080000001
1524459600,8854.99,8855.0,8854.99,8855.0,1.17760818
1524463200,8873.0,8874.01,8874.01,8873.0,8.5278984
1524466800,8896.0,8897.01,8896.01,8897.01,1.52041683
1524470400,8926.72,8926.89,8926.72,8926.88,4.98485929
1524474000,8904.83,8910.15,8910.14,8908.44,0.53201431
1524477600,8889.99,8890.0,8890.0,8890.0,1.3786399800000002
1524481200,8891.86,8893.98,8893.98,8893.04,1.5408733199999998
1524484800,8914.98,8933.0,8914.98,8932.99,18.735415469999996
1524488400,8937.49,8937.5,8937.49,8937.5,1.09931479
1524492000,8910.02,8920.11,8920.11,8917.0,22.697017109999997
1524495600,8911.23,8911.24,8911.24,8911.23,7.216840549999999
1524499200,8902.0,8904.0,8902.01,8904.0,7.809099460000001
1524502800,8915.98,8915.99,8915.99,8915.99,7.36879503
1524506400,8888.34,8889.99,8888.34,8889.98,9.55005066
1524510000,8901.47,8906.0,8906.0,8901.47,2.8057090099999997
1524513600,8840.85,8850.0,8850.0,8840.86,53.81731714999999
1524517200,8924.4,8924.41,8924.41,8924.41,2.228089140000001
1524520800,8938.99,8939.0,8939.0,8938.99,6.098326460000001
1524524400,8910.0,8931.02,8929.3,8923.77,201.3745040599999
1524528000,8930.0,8972.2,8931.31,8964.57,388.49153581999997
1524531600,9101.45,9180.01,9180.0,9163.92,479.2145650000003
1524535200,9185.93,9225.0,9185.94,9192.0,566.3460607600001
1524538800,9173.05,9197.95,9192.0,9190.01,145.56898724999996
1524542400,9192.0,9214.95,9192.01,9214.95,100.27688964
1524546000,9220.04,9288.0,9256.55,9268.0,470.01503493999996
1524549600,9240.93,9277.5,9269.91,9250.01,164.54245113999994
1524553200,9205.5,9240.77,9233.0,9219.03,148.1323633599999
1524556800,9224.27,9226.99,9224.27,9226.98,11.57768664
1524560400,9231.87,9276.89,9253.9,9257.0,147.38689706
1524564000,9270.0,9290.0,9280.0,9289.99,133.9555243
1524567600,9287.1,9326.06,9287.1,9326.05,201.17915229000002
1524571200,9291.96,9303.95,9291.97,9303.94,44.508741580000006
1524574800,9234.0,9401.99,9371.43,9268.99,1309.1269767599752
1524578400,9200.0,9303.79,9269.0,9286.0,690.0614645100001
1524582000,9290.0,9325.16,9290.01,9317.0,59.897184110000026
1524585600,9321.01,9365.0,9354.99,9339.0,351.88090565
1524589200,9345.0,9380.0,9350.0,9375.39,346.18693272
1524592800,9370.0,9410.0,9402.3,9370.01,342.1392645500001
1524596400,9397.0,9399.68,9397.64,9397.01,121.59118828999999
1524600000,9417.09,9460.0,9445.0,9437.5,457.4516700000001
1524603600,9447.44,9489.62,9455.01,9460.0,429.4910379100001
1524607200,9465.95,9490.0,9471.44,9490.0,171.58292132999998
1524610800,9533.72,9570.01,9570.01,9541.4,141.5291970700001
1524614400,9461.32,9686.13,9645.0,9575.0,2127.1610705600015
1524618000,9515.0,9640.0,9553.0,9639.99,473.09863427999994
1524621600,9629.45,9763.49,9629.45,9725.8,1058.8424809900007
1524625200,9619.99,9726.83,9695.32,9650.56,869.1240066200004
1524628800,9385.0,9512.0,9390.0,9471.14,845.9518941300006
1524632400,9298.99,9330.0,9298.99,9330.0,97.65811325000014
1524636000,9354.95,9463.9,9369.4,9430.01,431.3812729899999
1524639600,9407.43,9435.0,9413.0,9428.01,178.20971119
1524643200,9409.08,9435.0,9411.0,9434.98,39.990469389999994
1524646800,9300.0,9325.54,9300.0,9325.51,8.070205810000004
1524650400,9115.0,9302.0,9301.99,9115.0,695.0685405699999
1524654000,9020.82,9173.63,9148.35,9089.99,776.25914927
1524657600,9085.0,9200.0,9127.01,9106.89,694.5352146700002
1524661200,9070.0,9160.5,9145.0,9072.94,323.1391138800002
1524664800,8900.0,9034.65,9019.22,8919.0,622.58411996
1524668400,8719.86,8800.0,8749.88,8781.0,68.37866356000009
1524672000,8768.0,8935.25,8934.6,8909.0,1172.7455885199804
1524675600,8909.0,9013.0,8909.0,9013.0,501.13228509
1524679200,8978.12,9045.37,9044.99,9023.51,518.5680291700002
1524682800,8970.0,9006.99,8985.0,9000.0,112.65447264000002
1524686400,8969.79,9013.48,8969.8,9011.01,36.30445220000002
1524690000,9079.99,9144.0,9080.0,9140.01,384.7880379
1524693600,9077.99,9177.96,9177.0,9104.97,509.2147395300003
1524697200,8875.0,9002.0,8957.01,8910.0,572.6667954100001
1524700800,8758.24,8869.21,8865.98,8764.36,206.93289035000004
1524704400,8740.25,8843.5,8806.8,8819.99,601.1756373099998
1524708000,8758.54,8849.58,8758.54,8840.66,228.36049915000007
1524711600,8830.0,8874.0,8850.01,8873.61,107.88507304
1524715200,8805.94,8849.0,8805.95,8836.99,66.82035778999996
1524718800,8868.02,8945.0,8915.0,8914.0,288.26420504000004
1524722400,8888.0,8915.0,8888.0,8901.0,110.07883203000002
1524726000,8805.0,8842.56,8837.21,8811.0,42.54117636999999
1524729600,8851.32,8851.33,8851.33,8851.32,0.558128
1524733200,8661.03,8752.99,8715.01,8674.07,208.68330845
1524736800,8736.75,8782.23,8736.76,8778.0,110.05130873
1524740400,8817.0,8850.0,8836.79,8850.0,47.84697591999999
1524744000,8847.99,8872.9,8847.99,8872.9,14.247976669999984
1524747600,8800.0,8892.14,8892.14,8809.99,198.22539295999997
1524751200,8780.0,8849.99,8816.01,8788.47,317.2240831300001
1524754800,8785.16,8818.0,8817.43,8785.17,72.88431333000001
1524758400,8780.92,8799.71,8799.71,8791.61,26.70112275000001
1524762000,8854.95,8906.0,8880.0,8868.01,344.96279182000006
1524765600,8840.04,8886.0,8864.25,8886.0,172.53163692
1524769200,8839.93,8854.0,8839.94,8854.0,94.94090509000003
1524772800,8867.32,8869.95,8868.98,8869.94,30.059081809999995
1524776400,9108.14,9150.0,9115.0,9132.45,435.30877642999997
1524780000,9094.99,9175.0,9095.0,9160.01,266.13617894999993
1524783600,9204.16,9285.0,9209.99,9243.24,819.5158362600005
1524787200,9227.94,9284.37,9272.12,9254.0,279.78108392999997
1524790800,9228.81,9270.0,9228.81,9268.99,143.48141886
1524794400,9244.95,9249.06,9244.96,9249.05,13.896840399999999
1524798000,9219.81,9260.36,9257.54,9227.55,253.74703459
1524801600,9120.01,9198.6,9148.99,9189.99,264.17773772000004
1524805200,9200.0,9212.43,9203.03,9210.0,38.95119907
1524808800,9175.0,9239.67,9180.2,9212.01,280.1511424400001
1524812400,9188.27,9225.0,9225.0,9203.42,100.70612413999999
1524816000,9210.33,9275.6,9222.0,9260.0,194.00086944999993
1524819600,9241.63,9254.0,9254.0,9245.99,22.55046273
1524823200,9300.38,9369.0,9341.18,9362.49,321.05573162999997
1524826800,9306.41,9359.95,9356.61,9327.0,176.83201722
1524830400,9302.0,9343.96,9302.0,9333.87,100.10042131999998
1524834000,9249.02,9299.67,9287.35,9253.99,83.16114696999999
1524837600,9215.0,9216.21,9215.0,9216.21,1.4161469199999999
1524841200,9201.23,9262.0,9261.0,9227.0,345.67697285000014
1524844800,9218.05,9295.0,9224.99,9275.0,311.2425562899999
1524848400,9267.24,9283.45,9267.24,9282.53,91.03178823999998
1524852000,9228.91,9287.27,9279.34,9237.13,250.85198501000002
1524855600,9176.93,9240.0,9231.01,9204.98,310.87362215999997
1524859200,9091.22,9135.0,9091.22,9135.0,118.99443666
1524862800,8928.57,9050.0,8970.99,8999.99,540.1657329799999
1524866400,8980.99,9061.35,8980.99,9061.35,235.68810659999997
1524870000,9029.98,9055.0,9030.0,9042.63,89.40127586999998
1524873600,8863.42,8922.56,8922.56,8892.29,246.78304568000007
1524877200,8999.99,9084.65,9000.0,9080.01,192.43713308999997
1524880800,9061.73,9110.0,9110.0,9098.99,167.58789958000003
1524884400,9051.01,9103.87,9051.01,9103.87,62.79230021999999
1524888000,9110.14,9150.01,9150.01,9116.07,69.98238486
1524891600,9121.81,9137.87,9121.82,9124.99,48.37656403000002
1524895200,9144.14,9179.96,9144.15,9170.01,112.87434010999998
1524898800,9107.39,9151.94,9151.39,9151.93,67.34476585
1524902400,9080.0,9125.98,9125.98,9096.57,64.68778748
1524906000,9169.98,9241.3,9218.41,9209.99,143.30577663
1524909600,9238.36,9311.49,9266.35,9248.92,229.34195845000005
1524913200,9225.05,9274.24,9269.78,9237.94,79.57545897
1524916800,9199.02,9252.47,9199.94,9252.47,130.26646094
1524920400,9332.12,9350.21,9349.97,9332.13,58.27301619000002
1524924000,9302.94,9415.0,9369.73,9320.44,405.29943115
1524927600,9252.0,9315.0,9311.0,9315.0,238.41395507999997
1524931200,9323.88,9360.0,9339.99,9337.19,154.22566232
1524934800,9287.69,9318.33,9287.69,9317.71,75.87553991000001
1524938400,9283.0,9383.48,9290.5,9370.51,272.8158902400002
1524942000,9377.28,9387.24,9387.23,9383.19,41.78959399000001
1524945600,9348.01,9392.0,9378.85,9389.99,310.9234900100001
1524949200,9250.0,9330.0,9320.31,9250.03,356.71578528000003
1524952800,9259.0,9339.0,9259.0,9304.85,98.81698252
1524956400,9326.61,9333.25,9326.62,9333.24,20.12118049
1524960000,9329.99,9330.0,9329.99,9330.0,0.57472971
1524963600,9375.0,9473.59,9376.01,9473.59,286.9967966100001
1524967200,9433.0,9512.5,9433.0,9469.94,676.9254343000003
1524970800,9479.99,9487.93,9480.0,9480.01,39.878787839999994
1524974400,9423.99,9458.0,9424.0,9432.01,278.12251580999913
1524978000,9377.0,9452.45,9432.0,9420.1,214.2721920999992
1524981600,9376.03,9450.0,9420.1,9443.86,172.89938389999998
1524985200,9402.74,9455.77,9443.86,9431.09,148.2218198400002
1524988800,9429.97,9431.1,9431.09,9429.97,8.288415960000002
1524992400,9200.0,9328.45,9293.83,9255.0,378.6972151699998
1524996000,9256.0,9304.29,9294.92,9272.55,58.53594991999999
1524999600,9180.01,9219.99,9215.01,9199.99,28.904631619999993
1525003200,9250.52,9254.0,9254.0,9254.0,11.734518869999999
1525006800,9239.99,9278.0,9240.0,9270.52,205.43902638000006
1525010400,9301.01,9325.32,9301.03,9320.0,171.89647996000002
1525014000,9275.9,9304.82,9279.5,9299.99,115.53209110999998
1525017600,9310.0,9324.91,9316.35,9310.0,10.07315908
1525021200,9230.0,9315.0,9299.0,9315.0,236.70960341000057
1525024800,9295.08,9315.0,9314.99,9312.89,152.07740021000004
1525028400,9300.1,9331.0,9312.89,9300.1,163.20271566999978
1525032000,9298.6,9300.11,9300.11,9298.61,40.34280310999999
1525035600,9294.13,9333.0,9294.14,9319.02,79.21589653000004
1525039200,9315.99,9382.92,9315.99,9382.92,178.91425106
1525042800,9377.0,9412.02,9389.99,9389.01,204.97366716
1525046400,9349.9,9415.0,9389.01,9402.25,304.2693156599992
1525050000,9369.89,9407.0,9402.24,9398.0,240.0528370599998
1525053600,9395.88,9398.0,9398.0,9397.99,23.687571710000004
1525057200,9342.2,9447.0,9419.98,9342.2,463.4198664399999
1525060800,9261.0,9319.0,9268.04,9269.0,347.6569618200013
1525064400,9259.0,9304.7,9269.01,9295.67,59.76242593
1525068000,9317.61,9329.86,9329.86,9320.01,3.4167546300000002
1525071600,9204.18,9308.54,9298.7,9223.88,396.65154943
1525075200,9110.88,9246.62,9216.96,9166.05,489.5301829899999
1525078800,9170.06,9209.1,9190.0,9209.1,87.98947464000001
1525082400,9179.01,9199.67,9197.08,9199.67,24.17590022
1525086000,9233.31,9267.59,9255.01,9240.0,141.28459644999998
1525089600,9261.6,9294.0,9261.66,9293.95,125.07968355000006
1525093200,9276.29,9311.0,9291.93,9283.0,97.90328041
1525096800,9244.0,9272.01,9272.01,9255.53,331.79065342
1525100400,9235.52,9263.96,9255.53,9263.96,243.65938652000003
1525104000,9278.41,9310.0,9278.41,9289.1,251.33917717
1525107600,9255.64,9280.0,9255.65,9279.99,45.42325133
1525111200,9301.01,9331.04,9301.56,9328.72,234.94327228999995
1525114800,9275.0,9315.0,9308.19,9275.01,212.95692176999995
1525118400,9301.85,9312.06,9301.89,9312.0,106.32922186999997
1525122000,9208.0,9272.4,9272.4,9210.05,373.79588251
1525125600,9209.0,9280.54,9209.99,9245.3,221.76941436999994
1525129200,9179.98,9234.5,9179.99,9222.23,170.96757636
1525132800,9205.0,9245.37,9243.83,9205.01,90.90975487999997
1525136400,8973.66,8993.51,8973.66,8993.51,16.947620730000008
1525140000,8943.27,9015.19,8995.0,9001.86,749.04809103
1525143600,8960.0,9014.0,9007.0,8960.01,187.59798834999992
1525147200,8948.6,8989.0,8948.61,8962.85,112.01438232
1525150800,8930.01,8981.6,8981.6,8965.22,121.0670067
1525154400,8939.99,8960.23,8940.0,8960.23,21.24169414
1525158000,8967.82,9004.79,8971.25,8975.0,148.3380876
1525161600,8974.41,9039.65,8974.41,9037.24,77.14861654000002
1525165200,9011.99,9050.0,9032.05,9020.64,80.91715622999999
1525168800,9012.94,9033.96,9029.12,9012.95,19.75825753
1525172400,9010.05,9037.72,9019.99,9010.09,124.07132637999996
1525176000,8831.21,8980.18,8970.01,8836.1,565.8750325000001
1525179600,8851.13,8915.0,8894.0,8915.0,301.19740177
1525183200,8901.57,8922.48,8914.29,8914.25,75.69164391
1525186800,8901.48,8914.99,8901.48,8910.76,20.340676999999992
1525190400,8913.37,8977.13,8913.37,8977.13,243.8529662500001
1525194000,8954.84,8985.0,8984.99,8965.84,124.02817149999998
1525197600,8973.12,8992.5,8991.23,8973.13,63.99167566999999
1525201200,8980.28,8989.5,8983.94,8985.0,9.127421640000003
1525204800,8966.84,9040.0,8973.0,9009.75,330.18054096
1525208400,9014.0,9089.63,9014.0,9087.76,187.38984556000005
1525212000,9072.17,9075.11,9075.11,9072.32,56.160129950000005
1525215600,9040.79,9042.5,9042.45,9040.8,21.386362039999998
1525219200,9069.2,9093.6,9072.29,9073.05,443.9948125599998
1525222800,8990.0,9030.76,9030.76,8998.0,248.45639499000004
1525226400,9024.0,9040.0,9024.0,9034.09,57.481417199999996
1525230000,9000.32,9039.33,9039.33,9025.26,160.67393266999997
1525233600,9028.0,9080.0,9028.0,9071.99,189.47838592999994
1525237200,9069.98,9088.13,9072.0,9069.98,242.43677520000008
1525240800,9069.98,9069.99,9069.98,9069.98,7.719878189999999
1525244400,9130.0,9155.94,9150.0,9146.81,141.70513634
1525248000,9117.0,9145.0,9144.99,9123.0,34.89172407999999
1525251600,9120.0,9136.02,9120.0,9135.63,35.31085198000001
1525255200,9117.05,9145.5,9117.06,9138.89,51.345118240000005
1525258800,9140.52,9170.09,9140.52,9150.76,97.57866123999996
1525262400,9130.0,9160.0,9145.0,9130.0,77.33785176
1525266000,9012.5,9068.3,9068.3,9059.99,303.59270499999997
1525269600,9040.0,9068.0,9068.0,9064.99,193.75499542
1525273200,9063.08,9069.83,9069.83,9063.08,12.451432420000005
1525276800,9118.0,9134.0,9133.99,9124.69,134.64064331
1525280400,9110.01,9122.0,9114.85,9110.23,87.75777138
1525284000,9090.98,9115.05,9103.24,9115.05,85.50872820999999
1525287600,9110.56,9118.0,9118.0,9110.57,15.039797459999997
1525291200,9103.53,9115.0,9113.08,9114.97,136.71196696000004
1525294800,9175.99,9226.32,9176.0,9217.6,499.2981544800001
1525298400,9201.61,9226.01,9226.01,9201.62,223.8132167300001
1525302000,9234.32,9249.65,9242.0,9234.33,49.85981392999999
1525305600,9138.89,9212.09,9190.47,9179.21,626.34869299
1525309200,9149.99,9196.0,9149.99,9195.99,173.60329248
1525312800,9168.12,9201.18,9201.18,9200.0,273.54739295999997
1525316400,9180.59,9243.0,9220.0,9215.66,431.9852565799981
1525320000,9215.65,9290.0,9215.65,9240.06,483.0884870800003
1525323600,9231.72,9255.12,9255.11,9231.72,66.79573072000004
1525327200,9155.1,9185.23,9185.0,9174.01,124.92172714000002
1525330800,9188.18,9227.2,9205.0,9227.19,67.35108989000001
1525334400,9183.62,9230.0,9229.99,9200.0,72.10300073
1525338000,9178.58,9210.0,9210.0,9193.5,50.648087049999994
1525341600,9179.99,9211.0,9180.0,9203.32,31.785420680000005
1525345200,9139.27,9208.0,9204.64,9169.99,353.72762484000003
1525348800,9154.34,9243.0,9170.0,9242.99,299.04815104
1525352400,9269.0,9334.98,9300.0,9324.99,440.71223655
1525356000,9374.23,9445.62,9420.0,9420.15,814.13657585
1525359600,9379.11,9425.0,9409.99,9381.0,308.81405093999985
1525363200,9378.39,9418.0,9388.99,9417.99,150.89218896000003
1525366800,9500.2,9569.01,9569.01,9544.55,135.69104382999998
1525370400,9580.0,9720.24,9668.99,9605.7,1564.9374325500003
1525374000,9626.32,9673.48,9635.51,9649.46,318.73486589
1525377600,9601.35,9642.99,9623.61,9622.3,243.85253314999994
1525381200,9638.3,9648.04,9639.75,9644.0,56.42133842
1525384800,9621.85,9639.0,9636.94,9630.0,276.52226149
1525388400,9674.99,9800.0,9674.99,9744.98,988.8022657200003
1525392000,9451.5,9725.75,9725.74,9599.99,1213.67410234
1525395600,9589.99,9675.0,9590.01,9612.99,533.824510089998
1525399200,9595.68,9632.5,9613.0,9611.0,308.0580163600002
1525402800,9529.05,9631.24,9611.0,9573.56,459.78992603
1525406400,9563.5,9609.0,9563.52,9599.99,216.81642271000032
1525410000,9580.21,9600.0,9599.99,9596.52,71.49620304999995
1525413600,9571.03,9593.01,9593.01,9571.04,22.24041157
1525417200,9620.0,9669.0,9645.07,9623.45,182.9511276
1525420800,9650.0,9742.0,9650.0,9701.11,293.1528167200002
1525424400,9617.99,9722.64,9718.47,9618.0,151.88404169000003
1525428000,9670.05,9691.39,9675.57,9670.06,24.794931259999995
1525431600,9619.11,9677.0,9677.0,9659.31,178.19233017
1525435200,9707.04,9745.0,9727.17,9707.04,224.73940453999998
1525438800,9666.12,9700.0,9676.65,9669.85,150.70521119000003
1525442400,9622.05,9650.0,9629.99,9646.06,112.48438866000006
1525446000,9565.0,9674.34,9672.01,9591.0,723.8168606999965
1525449600,9539.63,9591.0,9590.99,9577.74,166.18487456000014
1525453200,9637.96,9711.91,9637.97,9648.99,643.8555644399997
1525456800,9617.39,9653.36,9653.36,9627.26,300.24133057999995
1525460400,9628.0,9640.0,9630.49,9640.0,152.61405682
1525464000,9650.0,9692.05,9650.0,9655.0,253.18422876999992
1525467600,9680.99,9704.0,9684.89,9702.21,143.88514457
1525471200,9700.99,9725.56,9701.0,9725.55,70.2411144
1525474800,9687.67,9728.64,9727.52,9700.0,162.10522098
1525478400,9668.02,9720.0,9685.0,9720.0,158.46093851
1525482000,9711.71,9742.59,9742.59,9739.98,118.17440731
1525485600,9759.34,9851.45,9759.34,9815.82,584.0735971299998
1525489200,9780.12,9817.38,9816.4,9800.01,304.09407555999996
1525492800,9795.0,9849.0,9811.01,9825.0,448.81007717999864
1525496400,9780.0,9825.05,9825.04,9795.0,288.77700882999875
1525500000,9794.99,9795.0,9795.0,9795.0,0.34096730000000003
1525503600,9765.0,9783.41,9765.01,9777.85,72.94833732999999
1525507200,9771.77,9800.99,9777.85,9800.99,77.18811745000002
1525510800,9795.09,9826.0,9795.09,9819.98,36.84006804999999
1525514400,9807.52,9847.64,9808.71,9847.64,94.27030817999996
1525518000,9813.01,9877.01,9877.0,9846.54,209.61802849000006
1525521600,9850.75,9906.63,9850.75,9906.63,174.13149222999996
1525525200,9895.25,9948.12,9895.25,9940.2,329.80554028000006
1525528800,9869.99,9927.0,9870.0,9899.67,240.38915911000007
1525532400,9883.81,9927.99,9916.51,9907.17,408.53345254999994
1525536000,9860.0,9900.0,9880.0,9890.05,315.03111370999994
1525539600,9882.95,9898.17,9882.96,9885.1,78.37363676
1525543200,9805.0,9859.43,9848.08,9821.52,189.00602455000006
1525546800,9834.2,9834.75,9834.74,9834.2,22.24874219
1525550400,9815.55,9815.55,9815.55,9815.55,0.32573148
1525554000,9660.28,9745.0,9720.0,9730.01,472.6095401299999
1525557600,9738.0,9778.35,9748.98,9770.01,127.86994763
1525561200,9788.01,9819.2,9788.02,9798.29,64.64817367999997
1525564800,9799.99,9800.0,9799.99,9800.0,11.023468829999999
1525568400,9838.4,9880.0,9870.01,9856.87,290.81935580999993
1525572000,9824.54,9866.73,9861.0,9824.54,151.12704824
1525575600,9809.0,9827.56,9825.39,9809.0,83.91213798999999
1525579200,9800.0,9841.0,9816.06,9800.01,158.84552160000007
1525582800,9711.8,9800.01,9800.0,9711.81,398.7186263100009
1525586400,9567.0,9711.8,9711.8,9642.51,905.1343193399916
1525590000,9614.94,9665.0,9642.52,9664.99,113.29018105000002
1525593600,9410.0,9665.0,9664.99,9494.82,514.1395913599985
1525597200,9474.05,9533.0,9523.38,9480.0,139.40007701
1525600800,9505.6,9550.0,9506.53,9532.99,51.44861531
1525604400,9480.0,9537.16,9508.67,9508.71,94.89575405
1525608000,9450.99,9455.0,9451.0,9455.0,22.955312729999996
1525611600,9488.5,9607.22,9492.27,9577.93,277.86350927
1525615200,9529.0,9560.0,9553.01,9548.25,112.84678822000001
1525618800,9457.55,9510.41,9510.4,9474.0,113.95106685
1525622400,9460.65,9532.65,9460.65,9526.91,114.00649167
1525626000,9522.9,9530.17,9530.16,9525.68,9.064816669999997
1525629600,9525.0,9555.22,9546.0,9537.99,95.34925913999997
1525633200,9490.0,9520.01,9520.01,9490.02,106.29968787000001
1525636800,9492.52,9510.74,9502.0,9496.6,64.28564887
1525640400,9510.73,9515.98,9515.97,9510.74,16.73546772
1525644000,9505.37,9633.83,9505.38,9590.2,437.54144394000014
1525647600,9555.0,9600.0,9576.43,9580.01,132.02261026999997
1525651200,9570.0,9619.55,9600.0,9575.73,156.22915162
1525654800,9400.0,9448.0,9444.01,9429.99,346.8966932000001
1525658400,9310.96,9322.63,9322.63,9310.96,27.135702400000007
1525662000,9237.21,9289.27,9289.26,9238.01,230.21192820000002
1525665600,9316.43,9350.0,9317.44,9320.0,228.50290526999993
1525669200,9260.16,9310.0,9310.0,9291.19,91.93593963999997
1525672800,9330.0,9356.55,9339.99,9345.01,73.18785408000001
1525676400,9263.82,9331.51,9331.51,9263.82,181.48389454000002
1525680000,9267.85,9329.44,9303.0,9301.3,53.07209898000001
1525683600,9276.55,9364.99,9364.99,9291.29,66.62704881999998
1525687200,9259.34,9288.44,9259.35,9277.18,21.82380672
1525690800,9280.0,9329.88,9289.0,9310.88,200.25757961999997
1525694400,9306.7,9340.0,9317.76,9306.71,90.56057703
1525698000,9275.17,9323.0,9322.99,9275.17,153.57191702999995
1525701600,9169.0,9263.74,9263.74,9176.12,488.65267391999987
1525705200,9297.34,9300.01,9300.0,9297.36,23.873711800000002
1525708800,9324.99,9380.01,9324.99,9329.99,390.29271681
1525712400,9340.9,9379.97,9347.05,9370.01,178.0096518
1525716000,9342.86,9369.66,9342.86,9368.01,112.72674282000003
1525719600,9359.54,9360.0,9359.9,9360.0,40.38868611
1525723200,9414.99,9420.0,9415.0,9420.0,10.898523749999999
1525726800,9399.85,9438.23,9433.0,9399.85,207.92326984000002
1525730400,9314.45,9395.84,9395.84,9316.65,238.5066925500001
1525734000,9308.32,9332.98,9310.0,9308.33,68.83025221
1525737600,9353.0,9383.0,9356.25,9369.42,84.38266431999998
1525741200,9375.92,9427.95,9375.92,9393.0,352.08672312
1525744800,9411.42,9433.33,9411.43,9432.62,218.53405995999995
1525748400,9385.0,9434.12,9425.92,9401.98,162.51363131999997
1525752000,9394.89,9426.4,9420.5,9410.57,176.09368551999995
1525755600,9388.82,9410.56,9410.56,9388.82,35.40315075
1525759200,9300.0,9357.54,9328.67,9325.87,207.12045057999998
1525762800,9324.7,9348.52,9324.71,9348.51,55.15757722
1525766400,9349.99,9361.05,9350.0,9354.0,39.69859458
1525770000,9336.96,9380.0,9380.0,9336.97,36.02650479999999
1525773600,9299.66,9314.99,9299.66,9314.99,3.0619597599999984
1525777200,9187.0,9299.08,9295.16,9230.0,482.7037390799999
1525780800,9050.0,9200.0,9200.0,9102.1,1192.3209130299988
1525784400,9123.4,9158.0,9123.41,9148.77,148.06467004
1525788000,9111.18,9132.25,9113.0,9132.24,57.12389848999999
1525791600,9126.16,9149.46,9126.16,9149.46,327.03190796999996
1525795200,9133.0,9173.16,9173.15,9134.99,220.59452054000002
1525798800,9118.92,9145.7,9123.36,9145.7,89.52226799999998
1525802400,9055.0,9132.17,9119.51,9066.99,176.94126602000006
1525806000,9200.0,9235.0,9200.01,9220.96,153.27858901000005
1525809600,9211.47,9235.0,9234.99,9222.0,78.85584433
1525813200,9160.0,9160.01,9160.0,9160.0,61.21868661999999
1525816800,9187.0,9187.01,9187.01,9187.0,1.6955409399999997
1525820400,9192.99,9247.24,9193.0,9233.33,180.07103555000012
1525824000,9123.9,9180.31,9177.81,9147.57,268.91912535999995
1525827600,9120.0,9165.0,9120.0,9163.23,55.77408726999999
1525831200,9069.46,9157.74,9153.7,9077.62,440.91382369999934
1525834800,8990.28,9077.62,9077.62,9020.56,1148.192051029993
1525838400,8960.0,9055.0,9020.55,9054.99,764.201616219997
1525842000,8990.0,9054.99,9054.98,9007.51,553.3493102599999
1525845600,9036.0,9066.0,9036.94,9038.55,102.74259991999998
1525849200,9056.97,9069.0,9056.98,9066.71,20.678943229999998
1525852800,9018.0,9027.34,9018.67,9027.34,5.90092128
1525856400,9069.87,9104.72,9104.72,9089.87,78.72504007000002
1525860000,9081.4,9100.0,9094.42,9100.0,32.7237383
1525863600,9167.19,9198.89,9180.65,9198.89,81.04067144000001
1525867200,9245.92,9322.0,9245.92,9293.38,269.61969456000014
1525870800,9245.94,9290.18,9267.0,9267.48,373.58933047000005
1525874400,9247.65,9275.12,9260.0,9265.01,258.73617244
1525878000,9279.52,9306.79,9299.99,9283.93,125.90116485000001
1525881600,9266.0,9280.0,9275.51,9280.0,56.060394210000005
1525885200,9295.9,9370.0,9295.9,9316.55,468.34110230999994
1525888800,9294.99,9330.0,9304.01,9295.0,151.56178839999998
1525892400,9250.0,9279.91,9266.53,9250.02,142.27223253999998
1525896000,9276.0,9291.23,9276.0,9291.23,42.82903988
1525899600,9242.11,9249.62,9244.02,9244.84,10.65002586
1525903200,9231.67,9315.0,9234.86,9312.99,218.01650916000006
1525906800,9275.0,9310.02,9310.01,9278.99,101.60682508000002
1525910400,9297.0,9317.08,9300.08,9309.97,113.10560372
1525914000,9305.6,9329.87,9308.33,9329.87,37.77675748
1525917600,9280.0,9316.18,9316.18,9307.74,124.22708680999996
1525921200,9280.99,9319.88,9307.74,9291.7,168.65440190000015
1525928400,9291.64,9348.76,9291.64,9348.75,85.89441959
1525932000,9287.0,9320.0,9288.06,9305.01,29.99686848
1525935600,9274.99,9295.0,9275.0,9295.0,20.995298540000004
1525939200,9355.03,9375.0,9355.03,9364.08,17.416446290000003
1525942800,9321.0,9337.42,9333.5,9337.42,33.89333356000001
1525946400,9327.57,9360.06,9342.1,9360.06,48.14141041
1525950000,9330.0,9374.05,9369.06,9330.0,70.88143181
1525953600,9314.16,9329.98,9320.77,9319.14,43.33049244000001
1525957200,9330.0,9333.0,9333.0,9330.01,20.1207665
1525960800,9366.26,9370.3,9370.3,9366.27,6.603057590000001
1525964400,9318.38,9343.74,9323.13,9330.99,137.74081012999997
1525968000,9319.59,9367.45,9319.6,9350.0,176.20929916999998
1525971600,9161.37,9342.22,9342.21,9162.98,673.5599805700003
1525975200,9070.0,9150.0,9150.0,9129.35,246.24250249
1525978800,9114.0,9127.81,9127.81,9114.32,9.347843399999995
1525982400,9056.93,9105.92,9087.85,9105.44,400.53873311
1525986000,9095.0,9131.66,9095.53,9128.0,103.53744576999999
1525989600,9084.56,9102.99,9102.6,9090.21,100.77855925999998
1525993200,9001.01,9096.9,9096.42,9010.51,623.3335995599972
1525996800,8876.0,9010.51,9010.51,8890.0,1434.2746242800004
1526000400,8906.99,8939.99,8931.01,8939.99,212.18980039999997
1526004000,8919.99,8939.21,8920.0,8931.33,38.97312434
1526007600,8887.18,8901.0,8900.01,8901.0,56.808693220000016
1526011200,8920.48,8941.0,8920.49,8941.0,107.10441269999998
1526014800,8940.5,8975.0,8948.51,8956.73,141.30137383
1526018400,8992.0,8992.01,8992.01,8992.01,16.41763058
1526022000,8761.0,8818.77,8810.0,8810.85,288.13061570000013
1526025600,8724.34,8825.79,8738.51,8774.98,472.3683188800001
1526029200,8679.03,8792.06,8792.06,8713.09,369.82783122999996
1526032800,8721.54,8780.0,8743.64,8760.0,263.16153551
1526036400,8679.0,8737.0,8717.0,8683.53,330.5210762199999
1526040000,8505.01,8611.12,8611.12,8580.01,1423.4401333299998
1526043600,8513.87,8616.66,8542.0,8533.26,831.7183420099985
1526047200,8532.27,8655.0,8533.26,8642.34,895.4126985499937
1526050800,8565.7,8649.27,8642.33,8579.63,654.7843499099969
1526054400,8579.63,8614.65,8579.63,8614.64,34.225658640000006
1526058000,8559.0,8652.82,8643.63,8593.0,437.8924125099986
1526061600,8563.58,8600.0,8593.0,8586.0,129.12447679
1526065200,8610.59,8620.28,8612.23,8620.28,20.718897339999998
1526068800,8608.0,8635.0,8609.68,8628.26,85.99135128999993
1526072400,8351.0,8449.0,8432.01,8386.72,820.9637494899939
1526076000,8379.01,8442.21,8386.72,8432.0,169.12604153
1526079600,8425.48,8475.0,8425.49,8459.41,58.42116423999999
1526083200,8403.33,8450.0,8403.33,8450.0,113.9339951
1526086800,8375.0,8476.3,8455.0,8448.81,592.0404281999979
1526090400,8413.77,8466.42,8448.82,8436.09,244.94515868000062
1526094000,8357.28,8448.6,8430.83,8407.5,397.77213889000086
1526097600,8407.5,8428.0,8407.5,8428.0,10.457997709999999
1526101200,8304.0,8398.39,8397.57,8330.29,709.85315252
1526104800,8225.0,8319.63,8319.63,8270.0,672.0034589600001
1526108400,8270.81,8335.91,8308.1,8304.26,85.07120929000001
1526112000,8297.1,8336.47,8336.47,8303.63,164.34052764999998
1526115600,8244.22,8289.69,8266.28,8248.88,49.75325371999999
1526119200,8485.0,8529.95,8514.03,8485.01,145.80706965999997
1526122800,8501.0,8588.44,8582.0,8534.17,301.68132804000004
1526126400,8549.8,8599.0,8549.8,8579.01,214.7998434
1526130000,8563.54,8636.65,8628.47,8587.0,168.60850492
1526133600,8474.4,8557.7,8557.7,8500.34,376.65495997999983
1526137200,8321.0,8508.03,8501.0,8352.3,520.38717688
1526140800,8361.0,8398.0,8364.0,8370.0,407.4420930100001
1526144400,8305.0,8359.58,8336.99,8322.1,143.86101503
1526148000,8365.0,8385.54,8385.54,8380.0,83.31497163
1526151600,8363.29,8379.99,8379.99,8363.3,4.43796288
1526155200,8461.0,8509.99,8485.47,8465.13,173.9783598999999
1526158800,8350.0,8435.36,8435.36,8370.0,220.69542500000003
1526162400,8403.0,8428.48,8428.47,8424.71,42.743061
1526166000,8456.34,8529.79,8456.35,8529.79,67.66181826000003
1526169600,8464.65,8525.0,8474.31,8477.18,215.76083926000007
1526173200,8423.91,8472.38,8423.91,8469.23,114.35419219
1526176800,8378.8,8446.5,8446.5,8389.91,333.08031743000004
1526180400,8402.41,8418.0,8416.3,8413.36,64.34346094
1526184000,8426.0,8450.4,8445.46,8426.01,38.727780220000014
1526187600,8352.1,8363.87,8363.87,8360.0,40.249221940000005
1526191200,8386.55,8500.9,8391.15,8454.98,300.3517895099995
1526194800,8411.97,8487.1,8454.99,8459.28,138.11225667000002
1526198400,8463.21,8473.0,8465.55,8469.31,13.93610425
1526202000,8425.75,8438.26,8435.28,8425.76,0.6993
1526205600,8559.0,8599.91,8599.91,8559.0,43.42152727999999
1526209200,8559.38,8567.69,8565.0,8561.84,43.78528068999999
1526212800,8558.42,8577.18,8570.01,8569.0,39.59185967
1526216400,8571.87,8581.0,8581.0,8577.83,14.1482376
1526220000,8570.0,8620.0,8570.0,8608.55,206.67263946000003
1526223600,8584.44,8651.0,8651.0,8608.97,300.82303754
1526227200,8604.76,8690.0,8619.38,8663.57,283.0487446400001
1526230800,8656.18,8678.23,8656.19,8663.23,105.22310362
1526234400,8578.39,8598.53,8578.4,8589.51,48.16986087
1526238000,8605.0,8644.56,8639.69,8621.5,104.15370474000001
1526241600,8622.21,8650.49,8622.22,8650.0,92.92217573999999
1526245200,8684.18,8774.32,8715.01,8707.86,205.17338690000005
1526248800,8670.0,8715.0,8670.01,8713.51,45.55997973000001
1526252400,8735.24,8749.81,8747.78,8739.99,16.57701075
1526256000,8602.0,8706.99,8686.1,8701.98,485.99773549
1526259600,8658.01,8712.0,8680.25,8695.14,155.57266219000005
1526263200,8634.7,8694.27,8694.26,8642.54,172.21254640000004
1526266800,8509.9,8642.75,8633.83,8509.91,302.8281021899999
1526270400,8405.0,8422.99,8405.01,8415.27,30.727621369999998
1526274000,8355.56,8381.0,8377.08,8366.11,33.56765594000001
1526277600,8343.22,8400.0,8383.01,8385.01,208.06142501999997
1526281200,8340.0,8400.0,8399.99,8347.21,91.34772263000002
1526284800,8381.26,8387.43,8384.81,8385.0,34.81706488
1526288400,8408.93,8439.99,8439.98,8428.05,84.47524755
1526292000,8350.0,8429.0,8397.86,8414.16,184.15275150999997
1526295600,8405.65,8449.99,8405.65,8429.78,142.77891846
1526299200,8385.0,8426.28,8426.28,8408.1,83.42281428000001
1526302800,8369.86,8429.79,8427.46,8394.78,126.30885140000002
1526306400,8699.46,8725.0,8699.47,8720.29,131.93665618000006
1526310000,8717.38,8774.0,8745.0,8754.99,506.89091979
1526313600,8746.04,8800.0,8783.01,8780.01,278.09935806000004
1526317200,8753.58,8779.98,8773.06,8757.25,63.63381809
1526320800,8743.5,8752.5,8743.5,8751.04,39.234963719999996
1526324400,8730.88,8775.0,8730.88,8743.46,360.72544438000017
1526328000,8749.55,8800.99,8750.0,8800.99,359.9055663300002
1526331600,8809.43,8840.0,8809.43,8829.03,141.58756950999995
1526335200,8657.0,8753.99,8737.14,8725.0,391.40255416
1526338800,8610.36,8642.49,8611.0,8632.44,127.41219060999995
1526342400,8666.2,8750.0,8670.0,8715.61,617.2924391700004
1526346000,8661.25,8729.9,8705.01,8709.11,219.67857258000058
1526349600,8628.05,8728.09,8709.1,8672.7,331.7327662099987
1526353200,8638.0,8714.01,8672.7,8714.01,225.0208497600005
1526356800,8707.24,8714.01,8714.01,8707.25,5.8274880200000005
1526360400,8687.0,8747.75,8687.02,8735.01,286.77690945999996
1526364000,8720.5,8797.18,8724.97,8751.85,279.98734538
1526367600,8721.79,8759.1,8739.92,8729.06,48.48863043
1526371200,8659.0,8739.92,8739.92,8678.71,209.52205817000004
1526374800,8715.0,8728.35,8723.1,8715.01,12.06277681
1526378400,8701.85,8847.0,8712.53,8840.93,378.06121078000035
1526382000,8753.61,8810.0,8786.91,8770.72,96.23008962999998
1526385600,8761.06,8784.0,8761.06,8765.0,61.49389043000001
1526389200,8715.01,8765.02,8765.02,8715.01,59.26431715
1526392800,8480.0,8750.0,8749.99,8535.0,1120.7689902500001
1526396400,8485.28,8548.34,8519.99,8522.5,422.87772219999994
1526400000,8507.08,8537.16,8530.91,8536.0,95.21766409999998
1526403600,8536.06,8564.12,8536.07,8552.51,95.26701395
1526407200,8542.19,8554.36,8554.36,8542.19,7.1269788
1526410800,8456.7,8513.6,8513.6,8491.3,479.46935444999997
1526414400,8500.0,8566.39,8550.48,8509.9,199.26057685999996
1526418000,8506.0,8551.62,8519.99,8509.99,150.86343655999997
1526421600,8475.0,8561.87,8500.01,8523.74,198.7758028200001
1526425200,8451.89,8489.96,8461.99,8479.93,52.57758424
1526428800,8453.92,8477.47,8477.47,8465.01,42.13142932000001
1526432400,8304.0,8475.0,8463.01,8334.41,669.3955885199997
1526436000,8103.33,8339.95,8330.0,8140.43,916.90284453
1526439600,8135.61,8175.63,8137.04,8156.92,143.42772129
1526443200,8167.73,8282.09,8167.73,8222.0,297.35385215
1526446800,8179.72,8219.83,8219.83,8200.0,109.83237357000003
1526450400,8206.67,8237.52,8206.68,8222.13,57.30929867000001
1526454000,8234.27,8234.28,8234.28,8234.28,4.562504540000001
1526457600,8200.0,8240.0,8227.01,8224.5,66.01553088
1526461200,8203.45,8249.19,8215.01,8235.0,78.83085672000003
1526464800,8233.05,8436.14,8233.06,8383.94,432.94062872000046
1526468400,8368.9,8384.99,8373.69,8384.99,12.320907779999999
1526472000,8365.1,8395.05,8367.72,8375.0,63.357436029999974
1526475600,8168.65,8368.0,8352.91,8214.0,676.3848049600003
1526479200,8166.02,8220.0,8174.99,8219.6,196.32958704
1526482800,8209.67,8220.5,8218.25,8220.5,69.38198660999998
1526486400,8268.52,8300.0,8275.0,8296.65,39.83217459000001
1526490000,8252.03,8354.0,8262.23,8270.91,700.2109049999998
1526493600,8294.05,8348.99,8294.05,8343.54,120.63170340000003
1526497200,8271.13,8300.0,8279.89,8280.01,49.080515459999994
1526500800,8225.18,8266.21,8239.96,8250.01,214.62574827999995
1526504400,8279.99,8291.23,8291.23,8280.0,6.136622009999999
1526508000,8283.81,8384.13,8284.68,8326.59,275.09502852000014
1526511600,8282.97,8316.99,8292.22,8310.0,119.39247498
1526515200,8344.0,8398.97,8344.01,8371.02,121.32056102999998
1526518800,8350.74,8370.35,8350.75,8363.09,83.45257678999998
1526522400,8362.36,8394.0,8365.11,8372.35,237.36000368999996
1526526000,8365.0,8483.48,8369.97,8376.7,517.9487143100007
1526529600,8321.65,8380.0,8360.0,8321.66,188.98916598000005
1526533200,8280.23,8336.23,8320.0,8330.32,124.98802938000009
1526536800,8345.64,8377.84,8359.97,8358.61,92.13627705000002
1526540400,8306.93,8346.6,8337.01,8335.63,70.30841695
1526544000,8235.05,8280.0,8249.59,8268.54,57.25998326999999
1526547600,8259.99,8316.24,8260.0,8312.38,27.60258874000001
1526551200,8285.22,8295.0,8288.3,8295.0,3.1908645899999994
1526554800,8289.53,8317.03,8302.0,8290.01,66.36554603
1526558400,8299.99,8322.98,8299.99,8305.99,139.25733852999997
1526562000,8262.01,8279.93,8273.31,8265.01,45.481957539999996
1526565600,8294.73,8300.0,8294.74,8300.0,42.388410189999995
1526569200,8301.0,8323.39,8316.3,8315.0,136.88412473000002
1526572800,8252.21,8305.0,8303.83,8263.87,262.88059991000006
1526576400,8238.08,8282.85,8279.3,8251.57,112.10774085999999
1526580000,8250.0,8270.01,8256.0,8264.56,41.26482102
1526583600,8160.7,8168.58,8168.57,8161.0,18.011047879999996
1526587200,8175.0,8227.0,8175.01,8206.16,245.11403267000006
1526590800,8182.0,8202.76,8202.74,8182.26,122.24140792000003
1526594400,8001.0,8146.98,8146.98,8025.3,709.65499164
1526598000,8072.25,8095.0,8075.01,8072.25,62.43803453
1526601600,7950.0,8059.0,8059.0,7954.97,729.2779945299982
1526605200,7930.0,8001.12,7960.05,7984.43,330.95750875
1526608800,7952.46,8019.98,7980.0,8014.17,138.22313416000003
1526612400,7990.79,8014.47,7996.63,8014.47,47.19348218
1526616000,7998.93,8010.0,7998.93,8005.11,13.676004070000001
1526619600,7990.1,8043.85,8022.6,8040.0,154.44648905000003
1526623200,8016.0,8040.3,8040.3,8029.99,177.3219803
1526626800,7972.6,8172.81,7972.6,8172.81,370.11815451000007
1526630400,8090.0,8110.49,8095.0,8101.59,39.425166260000005
1526634000,8125.0,8126.51,8125.0,8126.51,2.9500812499999975
1526637600,8091.76,8130.0,8109.31,8118.98,58.41483971999999
1526641200,8085.0,8133.89,8130.58,8085.01,134.08442714000006
1526644800,8085.17,8117.95,8110.0,8098.58,38.11157577
1526648400,8067.11,8124.6,8111.66,8084.0,134.91378951000002
1526652000,8053.16,8098.3,8098.3,8068.42,135.20849492000002
1526655600,8070.32,8084.08,8082.07,8080.91,57.17619135000001
1526659200,8089.21,8117.0,8114.98,8098.72,43.73018614
1526662800,8126.43,8130.87,8126.44,8126.45,11.223721190000001
1526666400,8088.01,8129.99,8113.55,8128.73,171.10919789999997
1526670000,8185.17,8280.0,8216.01,8229.01,662.0327409800001
1526673600,8218.58,8247.1,8227.35,8225.54,64.49823808999999
1526677200,8220.01,8248.93,8220.01,8240.99,47.332582099999996
1526680800,8231.76,8231.77,8231.77,8231.77,2.2542335099999997
1526684400,8219.99,8247.74,8219.99,8237.91,106.10181523000003
1526688000,8235.11,8250.0,8238.51,8235.11,68.03239091000002
1526691600,8166.09,8227.0,8220.35,8181.89,124.66245031999993
1526695200,8177.47,8191.48,8191.48,8190.01,37.47728771
1526698800,8192.01,8272.47,8200.85,8247.01,242.98772340000005
1526702400,8220.0,8243.79,8235.0,8234.96,115.41567222999998
1526706000,8222.0,8234.96,8234.96,8222.01,27.097616249999998
1526709600,8227.2,8243.0,8233.46,8228.05,27.01584663
1526713200,8225.85,8225.86,8225.86,8225.86,1.02426232
1526716800,8165.56,8196.0,8184.99,8195.99,36.59043042
1526720400,8204.5,8214.5,8214.5,8210.02,30.514642789999993
1526724000,8200.01,8247.09,8200.01,8243.91,24.468245559999986
1526727600,8238.95,8246.39,8239.31,8243.69,31.523112140000002
1526731200,8368.32,8390.0,8368.32,8389.99,13.106392339999983
1526734800,8295.0,8363.87,8349.0,8309.69,211.09502097
1526738400,8299.99,8333.97,8299.99,8329.02,124.61879052999998
1526742000,8300.01,8315.62,8315.01,8300.01,92.65760028999999
1526745600,8300.4,8320.0,8317.85,8306.0,104.27586972000002
1526749200,8280.96,8298.0,8296.99,8287.76,19.75650691
1526752800,8302.99,8336.14,8302.99,8326.0,117.27175180000003
1526756400,8296.0,8310.0,8305.96,8306.01,33.345370349999996
1526760000,8306.56,8306.57,8306.57,8306.56,12.927416110000001
1526763600,8216.03,8253.76,8253.76,8235.98,113.36444719000004
1526767200,8197.99,8231.35,8198.0,8201.0,87.23085911
1526770800,8205.0,8235.0,8221.55,8226.0,69.00327534
1526774400,8206.48,8236.99,8235.6,8220.95,39.76442148000001
1526778000,8172.0,8208.23,8200.58,8201.15,85.43678515999999
1526781600,8216.53,8239.99,8218.9,8238.98,104.37957665
1526785200,8260.0,8281.61,8275.01,8281.6,81.18996635
1526788800,8242.07,8254.11,8250.03,8245.58,22.681162659999995
1526792400,8264.11,8270.0,8264.11,8265.31,27.531978170000002
1526796000,8250.89,8253.79,8253.78,8250.9,1.39735196
1526799600,8229.93,8265.0,8250.83,8261.5,44.27170236999999
1526803200,8256.32,8285.0,8262.43,8284.99,57.06889892999999
1526806800,8270.05,8300.0,8280.3,8300.0,111.93174750999992
1526810400,8327.0,8354.19,8346.91,8354.19,61.012007739999994
1526814000,8339.77,8346.1,8346.1,8339.77,3.94397428
1526817600,8295.96,8350.0,8337.48,8309.99,93.37370016
1526821200,8297.67,8329.86,8311.54,8327.03,76.01984877999999
1526824800,8319.99,8349.77,8325.88,8348.96,36.234117960000006
1526828400,8341.15,8343.24,8341.15,8342.11,12.505334020000001
1526832000,8373.79,8480.0,8373.79,8475.97,356.0176997699997
1526835600,8469.46,8529.17,8487.64,8499.99,303.17070851999995
1526839200,8510.0,8549.28,8510.0,8519.2,176.23334541
1526842800,8481.0,8520.01,8520.01,8481.0,107.89299531000003
1526846400,8515.03,8537.0,8515.03,8520.34,73.91621926
1526850000,8555.03,8560.03,8555.04,8560.03,31.886826939999995
1526853600,8515.17,8519.95,8515.17,8516.0,10.74944345
1526857200,8481.99,8515.0,8481.99,8507.35,75.7549553
1526860800,8486.64,8539.0,8516.86,8486.65,114.16665280000004
1526864400,8466.93,8486.66,8475.01,8479.24,69.40903504
1526868000,8454.7,8475.0,8454.7,8474.86,31.224394320000002
1526871600,8479.46,8509.33,8496.8,8509.32,32.294700199999994
1526875200,8492.0,8493.35,8492.01,8493.14,6.258733390000001
1526878800,8497.55,8518.24,8511.12,8508.88,49.25577291999999
1526882400,8480.0,8513.53,8513.52,8485.03,52.93507349999999
1526886000,8520.01,8549.44,8549.44,8520.22,31.981666150000006
1526889600,8491.0,8535.21,8535.21,8491.0,41.818758579999994
1526893200,8510.0,8518.93,8518.93,8517.09,15.163680779999995
1526896800,8438.08,8489.95,8477.16,8473.06,191.67308719999997
1526900400,8433.23,8479.31,8467.57,8474.05,109.86216864999997
1526904000,8472.99,8507.4,8488.3,8495.76,138.24616754000002
1526907600,8489.6,8504.56,8498.89,8504.55,44.00771231
1526911200,8460.28,8489.99,8484.21,8469.58,49.73281406999998
1526914800,8382.88,8420.0,8401.77,8390.99,162.70499530000004
1526918400,8371.01,8404.0,8404.0,8389.0,153.37100790000002
1526922000,8384.0,8400.0,8391.97,8399.99,69.39009537
1526925600,8309.23,8385.71,8385.71,8349.95,257.2394061500001
1526929200,8349.99,8372.5,8350.0,8372.5,51.601366999999996
1526932800,8365.63,8385.21,8381.66,8365.64,18.896805639999997
1526936400,8385.0,8414.95,8410.25,8385.01,107.49927368000002
1526940000,8367.31,8387.5,8383.81,8371.28,70.85323882
1526943600,8390.0,8412.41,8396.99,8411.29,45.27164257
1526947200,8386.62,8400.0,8393.43,8396.29,43.229426540000006
1526950800,8308.0,8363.4,8363.39,8308.01,54.60785289999998
1526954400,8270.76,8285.0,8284.99,8271.05,6.7822417999999995
1526958000,8290.0,8314.0,8294.02,8310.0,76.85449050999999
1526961600,8283.64,8329.0,8320.41,8287.99,81.52720137000003
1526965200,8280.0,8296.68,8288.01,8296.67,39.98957801
1526968800,8281.86,8334.95,8293.18,8329.38,83.26350379999997
1526972400,8305.0,8318.32,8318.32,8306.1,5.89568952
1526976000,8313.8,8315.79,8315.79,8313.8,0.06399893
1526979600,8239.99,8290.85,8290.85,8245.16,180.2471934799999
1526983200,8234.55,8250.0,8234.55,8250.0,78.64524474999999
1526986800,8231.43,8260.0,8250.8,8232.65,58.25526353
1526990400,8157.59,8209.96,8201.76,8172.09,155.18592210999998
1526994000,8171.0,8194.99,8171.0,8194.98,27.86080663
1526997600,8198.51,8230.09,8224.14,8230.09,223.21868623999998
1527001200,8205.91,8240.0,8229.98,8230.35,148.32188669999996
1527004800,8216.0,8239.99,8230.36,8220.49,235.76072825999984
1527008400,8215.0,8235.2,8220.48,8215.0,294.3769800800001
1527012000,8190.84,8219.72,8215.0,8204.96,246.00027591000017
1527015600,8164.76,8216.59,8204.96,8186.4,307.81185340999986
1527019200,8100.0,8195.81,8186.4,8108.94,461.0001714099992
1527022800,8063.77,8108.65,8108.64,8070.01,520.1185902699974
1527026400,7979.77,8100.01,8070.0,7987.83,727.8812202500002
1527030000,7970.37,8043.28,7970.37,8018.0,432.09579658
1527033600,7987.7,8030.06,7987.7,8016.02,159.97710629999997
1527037200,7864.0,7963.0,7963.0,7878.66,622.02925272
1527040800,7891.0,7911.57,7911.53,7891.0,75.95204160000002
1527044400,7901.24,7973.28,7908.01,7946.01,357.66873549999997
1527048000,7881.21,7952.45,7952.09,7897.0,369.51891750999886
1527051600,7888.16,7932.4,7897.0,7912.51,287.73607679999975
1527055200,7903.0,7940.27,7912.51,7934.72,62.926558619999994
1527058800,7904.44,7945.13,7945.13,7914.44,68.83095406000001
1527062400,7853.0,7877.75,7859.9,7877.75,55.56557574
1527066000,7809.0,7866.56,7851.0,7842.7,232.54755751000002
1527069600,7850.31,7911.46,7850.32,7875.84,184.74209723
1527073200,7808.23,7877.32,7849.04,7840.0,157.37054564000002
1527076800,7850.29,7877.99,7860.01,7855.78,113.52473984999999
1527080400,7902.73,7915.0,7910.5,7908.53,24.284546949999996
1527084000,7904.0,7904.78,7904.01,7904.78,3.1387875300000005
1527087600,7709.0,7900.0,7888.01,7723.49,812.6392030199995
1527091200,7552.0,7714.96,7714.96,7627.86,1443.7060079700002
1527094800,7508.23,7625.0,7615.27,7523.21,696.8772726199999
1527098400,7487.0,7540.0,7518.01,7497.0,186.10947654000003
1527102000,7497.1,7518.36,7497.1,7505.5,7.112884609999996
1527105600,7574.26,7659.54,7595.48,7580.0,765.1945202699999
1527109200,7570.24,7590.0,7590.0,7570.25,175.37247415000002
1527112800,7590.27,7645.57,7645.56,7592.52,149.99428132
1527116400,7525.01,7581.71,7555.73,7533.15,95.94581007000004
1527120000,7505.01,7520.0,7505.01,7512.04,2.536158029999999
1527123600,7574.89,7647.0,7580.0,7600.01,487.6681842999994
1527127200,7550.83,7612.5,7600.01,7566.01,245.31515669999993
1527130800,7567.04,7635.0,7567.04,7633.0,313.97315349999997
1527134400,7606.22,7729.8,7613.89,7725.0,378.8093034200001
1527138000,7700.0,7725.0,7723.99,7709.92,90.26433574
1527141600,7665.56,7690.05,7687.08,7677.06,24.019767620000003
1527145200,7641.8,7659.07,7653.5,7659.06,5.25757518
1527148800,7373.84,7557.69,7557.69,7398.62,775.04573024
1527152400,7282.23,7434.11,7411.11,7340.64,629.4887989300004
1527156000,7341.1,7400.0,7375.0,7341.11,84.51663186999998
1527159600,7343.52,7388.14,7343.52,7345.8,107.70867525000003
1527163200,7352.25,7368.0,7362.93,7352.25,17.951759259999996
1527166800,7485.05,7533.91,7505.02,7520.0,331.9067265700001
1527170400,7461.83,7535.0,7491.13,7535.0,183.91583902
1527174000,7493.16,7525.0,7502.58,7497.82,128.69778781999997
1527177600,7532.0,7565.01,7562.15,7556.63,107.38423802000001
1527181200,7520.92,7539.0,7520.92,7525.01,26.880851040000003
1527184800,7500.0,7570.0,7514.76,7549.97,291.1289742900001
1527188400,7559.46,7629.53,7590.9,7570.65,428.83778472
1527192000,7532.66,7587.02,7587.02,7544.89,188.12342652
1527195600,7525.0,7560.87,7555.01,7530.0,55.87492007
1527199200,7520.88,7539.94,7539.94,7520.92,27.003894579999997
1527202800,7537.97,7622.3,7579.99,7559.99,302.65532229
1527206400,7530.0,7588.61,7584.15,7537.16,115.18994612000002
1527210000,7527.3,7573.83,7554.26,7568.93,142.87698417999854
1527213600,7568.93,7661.85,7568.93,7630.0,461.8302970199996
1527217200,7574.59,7630.0,7630.0,7585.64,258.5944363399998
1527220800,7590.0,7619.0,7600.0,7595.01,117.59746105999994
1527224400,7591.36,7606.6,7596.99,7599.78,84.91821909000001
1527228000,7609.6,7649.98,7632.22,7615.81,71.52958409000001
1527231600,7387.77,7520.71,7505.5,7421.97,407.3296895999999
1527235200,7420.0,7431.9,7428.66,7420.0,7.803719040000001
1527238800,7421.97,7452.46,7452.46,7447.89,127.99157436
1527242400,7410.03,7474.9,7410.32,7422.02,140.24414041
1527246000,7329.96,7387.01,7365.2,7378.63,187.34827324999998
1527249600,7455.0,7545.86,7455.3,7504.41,266.55433053000013
1527253200,7491.36,7504.84,7504.84,7499.98,14.9514243
1527256800,7470.28,7512.99,7482.66,7470.29,227.5086065899998
1527260400,7431.99,7513.0,7470.29,7496.01,422.8177808399992
1527264000,7464.0,7496.01,7496.01,7470.89,222.19743650000018
1527267600,7407.27,7476.63,7470.89,7433.45,568.0632270699963
1527271200,7390.0,7440.65,7433.45,7428.61,567.580200249998
1527274800,7368.0,7447.56,7428.6,7420.01,513.7857589199982
1527278400,7406.23,7453.78,7420.01,7444.95,209.96516709000005
1527282000,7420.0,7451.28,7444.95,7438.04,227.37730424
1527285600,7365.56,7439.08,7438.05,7399.96,262.4973517100002
1527289200,7384.88,7499.99,7399.96,7459.11,332.72005769999987
1527292800,7425.88,7459.11,7459.11,7447.29,142.91418708000015
1527296400,7425.06,7469.61,7447.29,7443.08,142.73399518000042
1527300000,7415.79,7454.08,7443.08,7415.8,151.87835539000005
1527303600,7415.79,7436.07,7415.8,7430.31,83.46296109
1527307200,7381.0,7430.31,7430.31,7383.46,239.50303674999964
1527310800,7380.0,7434.0,7383.46,7432.15,114.81424610999994
1527314400,7401.86,7440.0,7432.15,7420.0,85.66594405999997
1527318000,7417.83,7640.46,7420.0,7549.99,810.0187656999984
1527321600,7522.5,7560.0,7549.99,7538.86,95.96993766999994
1527325200,7538.0,7551.0,7538.86,7544.0,52.5702826700001
1527328800,7517.0,7547.36,7544.0,7544.41,83.69842580000004
1527332400,7529.22,7554.09,7544.4,7529.22,110.96749848999997
1527336000,7480.26,7543.0,7529.23,7480.27,105.76305077999997
1527339600,7510.35,7532.95,7521.47,7516.7,39.41230919
1527343200,7530.0,7540.0,7535.11,7540.0,26.19282991
1527346800,7518.32,7518.86,7518.33,7518.86,6.23927044
1527350400,7519.83,7540.0,7536.15,7519.83,78.91591513
1527354000,7519.99,7537.49,7520.0,7537.49,32.10225855
1527357600,7532.64,7547.48,7547.48,7537.74,13.70893296
1527361200,7541.0,7555.77,7548.68,7541.0,123.74470060000002
1527364800,7523.98,7539.87,7530.06,7523.99,43.22827728000001
1527368400,7527.49,7627.8,7527.5,7568.62,170.3492387900001
1527372000,7438.01,7464.02,7464.01,7438.99,69.89350193000001
1527375600,7287.23,7350.06,7316.97,7321.24,298.32135206999993
1527379200,7230.01,7337.95,7337.94,7248.29,519.3259489999998
1527382800,7250.0,7307.15,7255.77,7301.04,98.75953813
1527386400,7275.37,7316.43,7275.38,7316.42,32.15234756
1527390000,7250.07,7301.31,7301.31,7285.22,227.63894036999994
1527393600,7279.01,7311.0,7297.34,7302.9,54.50223027000002
1527397200,7282.18,7306.15,7306.15,7285.43,35.81820943999999
1527400800,7266.0,7281.0,7274.99,7279.91,18.458276379999994
1527404400,7284.86,7288.23,7288.23,7284.87,0.44263985
1527408000,7229.01,7325.21,7318.65,7267.98,197.99555583999995
1527411600,7291.65,7329.38,7296.91,7314.04,23.781605499999998
1527415200,7314.48,7329.7,7315.63,7324.91,10.703214319999999
1527418800,7320.0,7325.8,7323.27,7320.01,4.53062605
1527422400,7298.0,7335.15,7335.15,7306.61,41.812393489999984
1527426000,7284.24,7310.0,7302.95,7300.56,66.49818659999998
1527429600,7286.0,7305.0,7301.99,7299.75,50.845245029999994
1527433200,7326.27,7348.75,7338.87,7340.47,12.322969909999998
1527436800,7330.0,7357.3,7337.18,7343.99,113.86846014
1527440400,7323.01,7349.44,7346.96,7338.0,51.449850749999996
1527444000,7272.57,7392.7,7352.5,7297.76,340.89026437999996
1527447600,7286.4,7300.0,7286.4,7291.12,16.286446509999998
1527451200,7296.14,7322.13,7296.15,7321.0,86.98530905000001
1527454800,7290.93,7323.0,7312.13,7322.49,140.70598557000002
1527458400,7315.92,7330.0,7324.99,7321.08,47.96895183000001
1527462000,7337.62,7369.69,7340.0,7341.0,170.03437551
1527465600,7330.01,7365.0,7346.64,7365.0,85.00121454
1527469200,7320.71,7360.0,7356.83,7344.99,176.34870208000004
1527472800,7355.24,7369.0,7365.25,7360.0,34.467551
1527476400,7354.0,7369.39,7369.38,7367.1,29.750909519999645
1527480000,7390.0,7390.01,7390.01,7390.0,1.88839759
1527483600,7310.0,7355.0,7329.08,7314.43,171.8245035
1527487200,7182.42,7230.01,7196.86,7221.91,343.3024091500003
1527490800,7215.01,7247.09,7221.91,7236.74,215.18059947999993
1527494400,7219.17,7241.99,7236.74,7233.84,144.31669766000002
1527498000,7233.83,7246.06,7233.83,7243.51,72.68124941
1527501600,7220.99,7240.0,7221.0,7234.62,36.80589344
1527505200,7217.65,7236.37,7236.37,7220.0,56.757675729999995
1527508800,7180.0,7242.54,7220.0,7242.54,128.64076151
1527512400,7275.0,7286.13,7286.12,7283.33,8.91893912
1527516000,7256.02,7280.0,7267.74,7266.99,153.91768371999999
1527519600,7205.69,7265.0,7246.05,7229.89,331.2628214299999
1527523200,7199.34,7239.99,7227.98,7208.12,161.35517162000002
1527526800,7193.0,7228.11,7201.31,7225.0,253.14979575000007
1527530400,7201.65,7239.89,7228.35,7201.65,234.8541499599998
1527534000,7201.66,7257.53,7201.66,7226.3,227.84906477000035
1527537600,7221.0,7242.62,7225.94,7242.62,12.852714619999997
1527541200,7126.01,7214.93,7211.8,7165.99,505.3175899000002
1527544800,7087.0,7160.0,7158.56,7089.75,573.16788853
1527548400,7100.0,7136.36,7136.36,7100.0,239.82012167999997
1527552000,7107.93,7133.0,7107.94,7125.92,173.78150871000003
1527555600,7102.11,7125.0,7125.0,7102.13,83.33032668
1527559200,7090.72,7117.51,7117.5,7095.0,138.74507870999997
1527562800,7099.24,7125.0,7107.6,7118.51,52.41765919
1527566400,7106.05,7118.72,7115.06,7118.72,30.4046619
1527570000,7099.74,7120.0,7119.99,7099.98,57.181161620000005
1527573600,7101.9,7105.1,7101.9,7105.1,15.36534095
1527577200,7096.59,7100.0,7096.6,7100.0,9.33482415
1527580800,7131.81,7145.0,7145.0,7135.19,24.568464999999996
1527584400,7123.69,7125.0,7123.7,7125.0,2.9796
1527588000,7111.82,7204.0,7124.89,7180.99,584.5879883900002
1527591600,7178.49,7479.98,7178.49,7424.98,1473.3723148099996
1527595200,7380.87,7442.15,7394.3,7400.99,320.56399694
1527598800,7409.89,7475.0,7409.89,7430.01,584.04191274
