1554564900,71.25,71.53,71.53,71.36,6.84
1554565200,71.24,71.57,71.24,71.28,1.52
1554565500,71.52,71.74,71.55,71.7,45.38
1554565800,71.4,71.98,71.77,71.98,8.31
1554566100,71.91,72.71,72.0,72.32,143.31
1554566400,71.07,72.71,72.32,72.19,95.66
1554566700,71.44,72.36,72.26,71.9,85.23
1554567000,71.4,71.69,71.4,71.69,49.78
1554567300,71.37,72.14,71.43,71.82,38.26
1554567600,71.57,72.19,71.8,72.19,41.03
1554567900,72.12,72.44,72.19,72.35,15.49
1554568200,71.99,72.7,71.99,72.21,48.44
1554568500,72.25,73.27,72.59,73.23,124.04
1554568800,72.6,73.27,73.0,72.6,12.64
1554569100,72.18,72.68,72.68,72.25,72.75
1554569400,72.23,73.24,72.26,72.74,28.91
1554569700,72.6,72.95,72.6,72.6,27.7
1554570000,72.5,72.9,72.85,72.5,128.43
1554570300,72.22,72.68,72.22,72.62,13.3
1554570600,72.26,72.48,72.48,72.47,10.78
1554570900,71.87,72.29,72.25,72.14,55.66
1554571200,72.21,72.49,72.21,72.34,48.53
1554571500,72.23,72.59,72.4,72.39,50.53
1554571800,72.28,72.75,72.55,72.63,18.96
1554572100,72.5,73.12,72.99,72.5,33.14
1554572400,72.2,73.38,72.5,72.83,91.45
1554572700,72.66,73.38,73.12,72.66,27.08
1554573000,72.66,72.95,72.66,72.92,7.39
1554573300,72.7,72.93,72.92,72.82,14.7
1554573600,72.68,72.82,72.68,72.82,0.975
1554573900,72.66,72.82,72.82,72.82,13.88
1554574200,72.73,73.36,72.82,72.95,295.26
1554574500,72.66,73.02,72.66,72.96,9.48
1554574800,72.74,73.19,72.96,72.88,18.77
1554575100,72.72,73.3,72.74,72.72,84.38
1554575400,72.76,73.03,72.76,73.02,3.31
1554575700,73.2,73.21,73.2,73.21,16.2
1554576000,72.85,73.08,73.07,72.85,41.71
1554576300,72.87,73.18,73.18,73.17,17.34
1554576600,72.98,73.29,73.19,73.19,38.06
1554576900,72.94,73.27,73.27,73.12,20.01
1554577200,72.91,72.92,72.92,72.91,12.43
1554577500,72.94,73.17,73.12,72.94,1.53
1554577800,73.01,73.14,73.03,73.14,12.35
1554578100,73.0,73.36,73.2,73.36,14.62
1554578400,73.0,73.3,73.27,73.24,16.9
1554578700,73.14,73.35,73.35,73.14,48.54
1554579000,73.09,73.34,73.27,73.34,28.13
1554579300,73.22,73.34,73.34,73.34,72.83
1554579600,73.04,73.34,73.25,73.29,129.69
1554579900,73.07,73.35,73.07,73.34,60.38
1554580200,73.06,73.34,73.06,73.25,40.69
1554580500,72.77,73.27,73.27,72.77,36.14
1554580800,72.77,72.78,72.78,72.77,0.25
1554581100,72.81,73.07,73.0,72.84,33.63
1554581400,72.79,73.15,73.08,72.79,17.58
1554581700,72.88,73.31,73.07,73.14,6.62
1554582000,72.83,73.14,72.91,73.14,3.05
1554582300,72.86,73.13,72.86,72.99,14.8
1554582600,72.69,73.07,73.07,72.69,15.07
1554582900,72.87,72.87,72.87,72.87,2.0
1554583200,72.06,73.01,73.01,72.21,41.31
1554583500,72.52,72.52,72.52,72.52,1.0
1554583800,72.2,72.51,72.24,72.24,2.58
1554584100,71.67,72.02,72.01,71.76,16.65
1554584400,71.0,72.18,72.18,71.0,81.75
1554584700,69.85,71.0,71.0,69.85,64.97
1554585000,70.15,70.91,70.15,70.91,16.16
1554585300,70.58,70.77,70.6,70.58,16.31
1554585600,70.6,70.99,70.6,70.93,21.68
1554585900,70.3,70.62,70.62,70.35,0.725
1554586200,70.42,70.69,70.42,70.69,1.34
1554586500,70.85,70.94,70.87,70.9,5.22
1554586800,70.56,70.89,70.76,70.56,3.96
1554587100,70.6,70.83,70.81,70.6,7.48
1554587400,70.69,70.93,70.9,70.93,24.38
1554587700,70.75,70.79,70.79,70.75,0.108
1554588000,70.99,71.34,70.99,71.21,73.95
1554588300,71.3,71.33,71.33,71.33,0.882
1554588600,71.17,71.33,71.33,71.32,7.81
1554588900,71.28,71.61,71.32,71.61,14.64
1554589200,71.45,71.77,71.66,71.45,106.46
1554589500,71.41,71.65,71.65,71.41,6.21
1554589800,71.32,71.32,71.32,71.32,2.0
1554590100,71.51,71.59,71.51,71.59,0.684
1554590400,71.4,71.67,71.67,71.59,10.94
1554590700,71.23,71.49,71.48,71.34,6.43
1554591000,71.0,71.12,71.12,71.0,1.21
1554591300,70.67,71.17,70.88,71.17,5.36
1554591600,71.2,71.21,71.2,71.2,16.25
1554591900,70.9,71.2,71.2,70.93,189.9
1554592200,70.86,70.89,70.89,70.86,1.84
1554592500,70.8,70.93,70.8,70.86,22.13
1554592800,70.94,70.94,70.94,70.94,0.0474
1554593100,70.63,70.81,70.67,70.63,11.19
1554593400,70.78,70.83,70.78,70.83,6.95
1554593700,70.61,70.84,70.61,70.84,0.33
1554594000,70.9,71.15,70.9,71.08,42.2
1554594300,71.06,71.22,71.06,71.22,20.1
1554594600,71.0,71.21,71.16,71.0,3.95
1554594900,71.39,71.45,71.39,71.43,3.29
1554595200,71.23,71.58,71.58,71.41,3.67
1554595500,71.12,71.47,71.46,71.36,3.02
1554595800,71.33,71.4,71.36,71.39,27.05
1554596100,71.0,71.32,71.3,71.0,7.0
1554596400,70.95,71.2,70.95,71.19,57.7
1554596700,70.89,71.08,70.91,71.08,68.93
1554597000,70.83,71.01,71.01,70.83,1.4
1554597300,70.78,71.03,70.78,71.03,2.23
1554597600,70.92,70.97,70.92,70.97,3.02
1554597900,70.78,70.97,70.97,70.93,2.02
1554598500,70.75,70.75,70.75,70.75,0.0439
1554598800,70.9,71.05,70.9,71.05,2.19
1554599100,71.0,71.12,71.12,71.0,0.0536
1554599700,70.99,71.27,70.99,71.27,9.26
1554600000,71.1,71.33,71.13,71.15,1.63
1554600300,71.12,71.31,71.12,71.31,7.37
1554600600,71.15,71.28,71.15,71.28,2.0
1554600900,71.17,73.0,71.21,71.22,516.47
1554601200,71.28,71.28,71.28,71.28,0.328
1554601500,71.05,71.07,71.05,71.07,30.65
1554601800,71.05,71.11,71.05,71.11,31.57
1554602100,70.88,71.1,71.1,70.88,26.06
1554602400,70.85,71.16,70.97,70.85,87.56
1554602700,71.23,71.26,71.23,71.26,3.46
1554603000,71.04,71.28,71.19,71.28,12.98
1554603300,71.22,71.3,71.3,71.22,2.23
1554603600,70.98,71.21,71.21,70.98,15.04
1554603900,71.01,71.35,71.01,71.09,33.94
1554604200,71.27,71.37,71.27,71.28,11.19
1554604500,71.25,71.67,71.39,71.25,4.3
1554604800,71.35,71.53,71.52,71.35,6.41
1554605100,71.48,71.53,71.48,71.53,5.33
1554605400,71.4,71.61,71.4,71.61,18.09
1554605700,71.79,72.2,71.79,72.0,71.02
1554606000,71.6,72.29,72.0,71.6,17.88
1554606300,71.5,71.73,71.63,71.73,4.05
1554606600,71.56,72.06,71.79,72.06,73.1
1554606900,71.89,72.51,72.13,72.51,31.66
1554607200,71.59,72.45,71.82,71.59,32.14
1554607500,71.51,71.88,71.75,71.51,17.12
1554607800,71.61,71.79,71.72,71.67,17.47
1554608100,71.63,71.91,71.8,71.91,19.83
1554608400,71.87,72.98,72.09,72.2,138.53
1554608700,71.58,72.16,72.16,71.58,21.45
1554609000,71.59,72.04,71.96,72.04,27.16
1554609300,71.82,72.94,71.82,72.12,95.07
1554609600,71.84,72.79,72.07,72.2,142.42
1554609900,72.06,72.11,72.06,72.11,5.66
1554610200,71.53,72.98,72.09,71.53,214.23
1554610500,71.51,71.71,71.69,71.71,2.7
1554610800,71.55,71.87,71.8,71.61,5.81
1554611100,71.5,71.81,71.73,71.81,23.93
1554611400,71.54,71.71,71.71,71.54,56.03
1554611700,71.55,71.76,71.55,71.74,32.13
1554612000,71.73,72.32,71.83,72.0,54.17
1554612300,71.58,71.88,71.88,71.58,10.08
1554612600,71.31,71.75,71.41,71.75,9.86
1554612900,71.61,71.86,71.76,71.61,58.29
1554613200,71.49,71.74,71.74,71.49,0.352
1554613500,71.55,71.77,71.55,71.59,32.38
1554613800,71.55,72.11,71.55,71.85,97.82
1554614100,71.74,71.96,71.89,71.9,41.42
1554614400,71.73,72.18,71.73,71.99,5.35
1554614700,71.77,71.95,71.94,71.82,17.33
1554615000,71.96,71.96,71.96,71.96,4.34
1554615300,71.72,71.91,71.72,71.85,13.6
1554615600,71.87,71.89,71.87,71.89,17.73
1554615900,71.61,71.93,71.75,71.66,337.6
1554616200,71.72,71.92,71.86,71.89,37.71
1554616500,71.73,71.74,71.73,71.74,10.13
1554616800,71.01,71.71,71.55,71.01,45.87
1554617100,71.47,71.57,71.47,71.56,2.99
1554617400,71.42,71.69,71.69,71.64,20.1
1554617700,71.39,71.63,71.63,71.39,2.1
1554618000,71.79,72.04,71.79,71.93,34.3
1554618300,71.99,72.0,72.0,71.99,1.68
1554618600,71.41,71.67,71.67,71.41,3.04
1554618900,71.43,71.76,71.43,71.76,3.57
1554619200,71.45,71.82,71.45,71.5,30.32
1554619500,71.53,71.84,71.81,71.53,16.41
1554619800,71.5,71.72,71.72,71.67,3.93
1554620100,71.43,71.43,71.43,71.43,0.053
1554620400,71.96,71.96,71.96,71.96,14.63
1554620700,71.98,71.98,71.98,71.98,3.41
1554621000,72.18,72.31,72.19,72.19,5.79
1554621300,72.55,73.4,72.55,73.4,45.98
1554621600,73.5,73.84,73.5,73.84,11.13
1554621900,73.76,73.95,73.83,73.95,11.97
1554622200,73.8,73.8,73.8,73.8,2.77
1554622500,73.56,73.89,73.64,73.88,9.68
1554622800,73.6,73.98,73.88,73.98,11.82
1554623100,73.71,73.94,73.71,73.94,0.579
1554623400,73.59,73.91,73.91,73.74,1.32
1554623700,73.69,73.69,73.69,73.69,3.99
1554624000,73.84,73.85,73.84,73.85,10.06
1554624300,73.62,73.85,73.85,73.62,1.25
1554624600,73.57,73.85,73.84,73.85,3.74
1554624900,73.57,73.85,73.84,73.85,11.06
1554625500,73.75,73.84,73.75,73.76,59.55
1554625800,73.5,73.84,73.5,73.84,2.24
1554626100,73.62,73.85,73.64,73.85,4.06
1554626400,73.12,73.41,73.41,73.12,2.93
1554626700,73.15,73.15,73.15,73.15,5.78
1554627900,73.35,73.59,73.59,73.5,44.04
1554628200,73.11,73.11,73.11,73.11,5.01
1554628500,73.2,73.2,73.2,73.2,7.35
1554628800,72.83,73.25,73.21,72.83,2.93
1554629100,73.18,73.18,73.18,73.18,1.1
1554629400,73.18,73.62,73.18,73.62,0.724
1554629700,73.35,73.59,73.35,73.37,6.51
1554630000,73.3,73.68,73.68,73.3,27.19
1554630300,73.29,73.29,73.29,73.29,0.0154
1554630600,72.82,73.36,73.35,72.82,13.01
1554630900,73.2,73.2,73.2,73.2,0.122
1554631200,73.22,73.6,73.22,73.58,11.62
1554631500,73.5,73.84,73.52,73.84,16.66
1554631800,73.74,73.85,73.85,73.75,8.89
1554632100,73.85,74.21,73.85,74.09,7.22
1554632400,74.22,74.25,74.22,74.25,1.13
1554632700,74.03,74.24,74.13,74.24,81.0
1554633000,74.24,74.24,74.24,74.24,2.0
1554633300,74.01,74.12,74.06,74.04,25.01
1554633600,74.1,74.25,74.24,74.25,20.41
1554633900,74.24,74.25,74.24,74.25,10.46
1554634200,73.84,74.12,74.05,73.89,8.96
1554634500,73.78,73.78,73.78,73.78,0.205
1554634800,73.32,73.5,73.5,73.4,37.63
1554635100,73.61,73.79,73.61,73.72,8.73
1554635400,73.53,73.96,73.79,73.53,31.31
1554635700,73.03,73.4,73.4,73.37,4.15
1554636000,73.43,73.44,73.43,73.44,7.61
1554636300,73.44,73.44,73.44,73.44,0.976
1554636600,72.92,73.37,73.37,73.01,64.78
1554636900,72.88,73.22,73.22,72.88,0.585
1554637200,72.72,73.12,73.12,72.72,0.0754
1554637500,72.29,72.72,72.72,72.29,5.79
1554637800,72.09,72.2,72.2,72.16,14.57
1554638100,72.59,72.65,72.59,72.65,0.15
1554638400,72.56,72.77,72.66,72.57,22.71
1554638700,72.73,73.06,72.73,72.99,53.96
1554639000,72.35,73.66,73.0,72.35,596.49
1554639300,72.49,73.47,72.93,72.76,548.49
1554639600,72.89,73.33,72.89,73.29,16.59
1554639900,73.23,73.27,73.23,73.27,1.6
1554640200,73.0,73.18,73.11,73.0,7.68
1554640500,72.83,72.95,72.85,72.85,1.1
1554640800,72.86,73.06,72.99,73.06,4.8
1554641100,72.81,73.06,73.06,73.06,8.36
1554641400,72.85,73.04,72.92,72.85,8.39
1554641700,72.93,72.93,72.93,72.93,0.778
1554642000,72.92,73.06,73.04,73.06,1.19
1554642300,72.98,73.02,72.98,72.98,12.91
1554642600,72.71,72.93,72.81,72.87,2.23
1554642900,72.6,72.87,72.87,72.78,6.85
1554643200,72.42,72.79,72.79,72.42,0.261
1554643500,72.7,72.83,72.7,72.72,36.03
1554643800,72.76,72.87,72.76,72.87,4.75
1554644100,72.6,72.88,72.85,72.6,26.06
1554644400,72.56,72.84,72.79,72.84,18.2
1554644700,72.63,72.84,72.63,72.84,5.09
1554645000,72.84,72.84,72.84,72.84,0.321
1554645300,72.74,72.99,72.83,72.76,23.46
1554645600,72.89,73.14,72.89,73.14,15.19
1554645900,72.75,73.27,73.07,72.84,104.55
1554646200,72.68,73.12,73.12,72.68,11.04
1554646500,72.68,72.9,72.86,72.85,9.84
1554646800,72.67,72.72,72.72,72.68,3.23
1554647100,72.9,73.27,72.9,73.22,67.91
1554647400,72.79,72.79,72.79,72.79,0.0275
1554647700,72.74,73.13,72.78,73.04,45.67
1554648000,72.95,72.99,72.95,72.99,3.79
1554648300,72.79,72.79,72.79,72.79,5.39
1554648600,72.47,72.78,72.6,72.78,4.61
1554648900,72.79,72.86,72.8,72.86,15.03
1554649200,72.48,72.86,72.76,72.53,6.27
1554649500,72.57,72.97,72.7,72.97,8.36
1554649800,72.65,73.11,72.97,73.05,14.94
1554650100,72.45,73.05,73.05,72.88,101.04
1554650400,72.51,73.12,72.87,72.78,36.33
1554650700,72.67,72.76,72.76,72.67,2.08
1554651000,72.29,72.94,72.65,72.4,27.92
1554651300,72.42,72.62,72.62,72.47,15.54
1554651600,72.28,72.57,72.54,72.28,2.18
1554651900,72.33,72.78,72.33,72.78,5.46
1554652200,72.5,72.5,72.5,72.5,0.248
1554652500,72.51,72.77,72.77,72.77,7.05
1554652800,72.49,72.95,72.49,72.95,15.15
1554653100,71.89,72.83,72.83,71.89,86.0
1554653400,71.99,72.5,72.13,72.28,80.35
1554653700,71.92,72.34,72.01,71.92,49.45
1554654000,71.67,72.1,71.93,71.97,61.92
1554654300,71.77,72.1,72.09,71.77,14.97
1554654600,71.8,72.24,72.09,72.24,23.8
1554654900,71.97,72.34,72.02,71.97,6.88
1554655200,71.85,72.3,72.2,72.04,45.73
1554655500,71.98,71.98,71.98,71.98,0.0588
1554655800,72.18,72.37,72.18,72.37,1.54
1554656100,72.19,72.36,72.19,72.36,5.35
1554656400,72.16,72.31,72.16,72.28,0.3
1554656700,72.5,72.68,72.5,72.59,46.76
1554657000,72.28,72.58,72.29,72.58,17.61
1554657300,72.42,72.45,72.42,72.45,1.51
1554657600,72.35,72.62,72.42,72.62,27.08
1554657900,72.48,72.94,72.48,72.94,2.48
1554658200,72.8,73.13,72.8,73.13,3.87
1554658500,72.88,73.12,73.12,73.08,5.05
1554658800,72.97,73.08,72.98,73.08,1.67
1554659100,72.91,73.09,72.91,73.02,4.2
1554659400,72.98,73.09,73.05,73.09,27.02
1554659700,73.09,73.3,73.09,73.3,0.535
1554660000,73.29,73.3,73.3,73.29,73.66
1554660300,73.3,73.72,73.3,73.65,32.09
1554660600,73.29,73.62,73.62,73.62,22.46
1554660900,73.4,73.65,73.62,73.62,28.41
1554661200,73.3,73.75,73.56,73.7,8.21
1554661500,73.5,73.68,73.68,73.61,116.08
1554661800,73.5,73.61,73.5,73.61,2.08
1554662100,73.5,73.61,73.61,73.57,22.44
1554662400,73.5,73.5,73.5,73.5,2.41
1554662700,73.5,73.79,73.5,73.77,19.42
1554663000,73.8,74.07,73.8,74.03,82.42
1554663300,73.76,74.11,73.76,73.8,9.12
1554663600,73.78,74.21,74.2,73.95,65.74
1554663900,73.71,73.95,73.95,73.95,7.63
1554664200,74.01,74.25,74.01,74.24,25.99
1554664500,74.08,74.34,74.08,74.34,41.13
1554664800,74.2,74.36,74.31,74.21,51.79
1554665100,74.07,74.12,74.12,74.07,2.05
1554665400,73.79,74.0,73.83,73.79,1.06
1554665700,73.57,73.98,73.92,73.66,22.84
1554666000,73.92,73.98,73.92,73.98,0.159
1554666300,73.66,73.9,73.66,73.9,88.36
1554666600,73.58,73.86,73.62,73.81,18.51
1554666900,73.46,73.8,73.79,73.69,31.75
1554667200,73.56,74.32,73.81,73.76,23.09
1554667500,73.71,74.32,73.71,74.24,22.73
1554667800,74.07,74.56,74.33,74.41,26.79
1554668100,74.28,74.75,74.28,74.38,13.8
1554668400,74.01,74.7,74.7,74.06,18.79
1554668700,74.11,74.36,74.36,74.14,1.66
1554669000,74.27,74.7,74.27,74.37,8.2
1554669300,73.67,74.36,74.29,74.12,39.68
1554669600,73.83,74.14,74.12,74.11,10.78
1554669900,73.92,73.93,73.92,73.93,32.26
1554670200,73.63,74.1,73.63,73.65,58.16
1554670500,73.84,74.14,74.14,73.99,7.28
1554670800,74.1,74.22,74.22,74.22,13.09
1554671100,74.11,74.24,74.14,74.24,23.64
1554671400,74.37,74.62,74.56,74.37,7.9
1554671700,74.39,74.68,74.62,74.66,15.76
1554672000,74.33,74.63,74.62,74.59,1.72
1554672300,74.5,74.59,74.5,74.59,4.22
1554672600,74.51,74.51,74.51,74.51,0.144
1554672900,74.69,74.76,74.69,74.76,18.14
1554673200,74.54,74.89,74.73,74.8,108.84
1554673500,74.51,74.82,74.56,74.55,9.45
1554673800,74.5,74.68,74.51,74.68,19.44
1554674100,74.5,74.51,74.51,74.5,14.96
1554674400,74.62,74.87,74.8,74.62,49.21
1554674700,74.64,74.79,74.78,74.69,6.66
1554675000,74.52,74.7,74.53,74.69,52.74
1554675300,74.57,74.7,74.7,74.65,71.12
1554675600,74.6,74.67,74.67,74.6,7.08
1554675900,74.6,74.82,74.61,74.63,27.15
1554676200,74.6,74.93,74.6,74.93,136.4
1554676500,74.89,74.9,74.9,74.89,17.69
1554676800,74.89,75.38,74.9,75.38,123.36
1554677100,75.11,75.78,75.19,75.69,119.14
1554677400,74.2,75.66,75.51,74.96,108.67
1554677700,74.23,74.93,74.93,74.68,109.96
1554678000,74.16,74.64,74.24,74.16,7.69
1554678300,74.15,74.85,74.15,74.85,15.51
1554678600,74.5,75.21,74.81,74.62,776.35
1554678900,74.0,74.92,74.89,74.58,779.55
1554679200,74.55,74.55,74.55,74.55,1.29
1554679500,74.46,74.74,74.58,74.56,54.83
1554679800,74.5,74.77,74.51,74.53,321.17
1554680100,74.61,75.04,74.85,74.92,56.44
1554680400,74.13,74.55,74.55,74.13,62.41
1554680700,74.0,74.17,74.05,74.0,4.0
1554681000,74.13,74.6,74.13,74.6,8.31
1554681300,74.46,74.46,74.46,74.46,0.0581
1554681600,74.17,74.5,74.41,74.17,4.7
1554681900,74.42,74.43,74.42,74.43,20.0
1554682200,74.16,74.49,74.16,74.43,81.63
1554682500,74.67,75.26,74.67,75.26,18.13
1554682800,74.98,75.26,75.04,74.99,7.36
1554683100,74.69,75.3,75.3,74.96,103.77
1554683400,75.11,75.3,75.11,75.13,204.9
1554683700,75.17,75.3,75.29,75.3,266.61
1554684000,75.17,75.74,75.28,75.42,53.84
1554684300,75.14,75.6,75.37,75.23,28.12
1554684600,75.08,76.05,75.45,76.05,59.75
1554684900,75.94,76.26,76.14,76.26,16.2
1554685200,75.92,76.34,76.14,75.92,13.81
1554685500,75.75,76.24,76.24,76.07,114.16
1554685800,75.97,76.24,76.21,76.24,32.64
1554686100,76.22,76.31,76.24,76.23,40.76
1554686400,75.39,76.39,76.39,75.39,11.76
1554686700,75.27,75.7,75.39,75.46,19.85
1554687000,75.16,75.58,75.16,75.56,5.11
1554687300,75.28,75.83,75.6,75.83,271.99
1554687600,75.46,75.92,75.9,75.46,22.71
1554687900,75.61,75.87,75.76,75.66,24.3
1554688200,75.27,75.64,75.59,75.5,11.84
1554688500,75.15,75.47,75.37,75.4,18.75
1554688800,75.38,75.67,75.39,75.59,4.8
1554689100,75.4,76.17,75.59,76.17,25.09
1554689400,75.76,76.24,76.0,76.24,30.1
1554689700,75.77,76.14,76.14,76.01,3.99
1554690000,75.55,76.04,76.04,75.55,6.05
1554690300,75.07,75.58,75.35,75.58,31.69
1554690600,75.04,76.03,76.03,75.09,22.94
1554690900,75.04,75.41,75.2,75.04,21.94
1554691200,75.03,75.36,75.31,75.03,41.26
1554691500,74.65,75.01,75.01,74.65,53.63
1554691800,74.1,74.74,74.65,74.1,154.48
1554692100,74.0,74.21,74.21,74.0,3.31
1554692400,73.81,74.0,74.0,73.91,14.49
1554692700,73.93,74.28,73.97,74.14,9.16
1554693000,74.25,74.73,74.68,74.25,1.34
1554693300,74.36,74.64,74.36,74.64,2.49
1554693600,74.69,75.0,74.74,74.76,15.34
1554693900,74.43,74.61,74.5,74.45,88.76
1554694200,74.41,74.43,74.41,74.43,133.32
1554694500,74.28,74.29,74.29,74.28,37.7
1554694800,74.27,74.42,74.27,74.35,26.12
