1547547300,54.37,54.37,54.37,54.37,0.0839
1547548800,54.37,54.37,54.37,54.37,0.0551
1547549400,54.37,54.38,54.37,54.38,1.21
1547549700,54.38,54.4,54.38,54.4,0.377
1547550000,54.5,54.69,54.5,54.59,8.19
1547550300,54.51,54.69,54.67,54.51,13.0
1547551200,54.47,54.57,54.5,54.57,21.27
1547552100,54.67,54.76,54.67,54.76,4.06
1547552700,54.5,54.67,54.67,54.5,0.701
1547553000,54.66,54.66,54.66,54.66,20.5
1547553600,54.41,54.59,54.59,54.41,1.92
1547553900,54.65,54.68,54.68,54.65,0.374
1547554200,54.62,54.64,54.64,54.62,10.51
1547554800,54.62,54.62,54.62,54.62,0.377
1547555100,54.57,54.57,54.57,54.57,0.2
1547555400,54.4,54.58,54.58,54.4,1.47
1547555700,54.43,54.43,54.43,54.43,1.0
1547556000,54.32,54.47,54.47,54.32,6.54
1547556600,54.37,54.5,54.5,54.37,10.37
1547556900,54.45,54.58,54.45,54.57,3.01
1547557200,54.44,54.44,54.44,54.44,1.02
1547557500,54.32,54.44,54.44,54.32,6.92
1547557800,54.39,54.43,54.43,54.39,2.09
1547558400,54.27,54.4,54.4,54.27,1.0
1547558700,54.4,54.4,54.4,54.4,4.17
1547559000,54.4,54.56,54.4,54.55,22.77
1547559300,54.6,54.69,54.6,54.69,1.52
1547559600,54.7,54.78,54.7,54.78,10.23
1547559900,54.78,54.89,54.79,54.78,2.05
1547560200,54.6,54.78,54.78,54.6,0.304
1547560500,54.72,54.8,54.8,54.79,51.0
1547560800,54.55,54.76,54.76,54.55,8.05
1547561100,54.64,54.77,54.77,54.64,6.04
1547561400,54.65,54.77,54.65,54.73,13.44
1547561700,54.73,54.87,54.73,54.79,21.52
1547562000,54.71,54.84,54.84,54.71,3.05
1547562300,54.71,54.78,54.77,54.71,4.87
1547562600,54.71,54.83,54.77,54.71,16.94
1547562900,54.6,54.72,54.72,54.6,19.57
1547563200,54.71,54.75,54.71,54.75,1.09
1547563800,54.79,54.79,54.79,54.79,2.03
1547564100,54.76,54.76,54.76,54.76,0.583
1547564400,54.79,54.98,54.79,54.98,1.03
1547564700,54.08,54.95,54.95,54.22,126.27
1547565000,54.19,54.33,54.3,54.19,2.85
1547565300,54.0,54.21,54.21,54.0,68.98
1547565600,53.6,53.92,53.92,53.89,108.11
1547565900,53.79,53.84,53.84,53.79,6.69
1547566200,53.68,53.82,53.82,53.68,4.4
1547566500,53.72,53.75,53.72,53.74,5.38
1547567400,53.71,53.8,53.72,53.71,1.59
1547567700,53.69,53.95,53.71,53.77,13.98
1547568000,53.68,53.77,53.7,53.77,71.8
1547568300,53.77,53.91,53.77,53.91,3.92
1547568600,53.81,53.88,53.88,53.81,0.846
1547568900,53.8,53.81,53.8,53.81,3.43
1547569200,53.81,54.05,53.81,53.82,53.63
1547569500,53.87,53.87,53.87,53.87,0.111
1547569800,53.87,53.87,53.87,53.87,0.0741
1547570100,53.92,53.93,53.92,53.93,0.629
1547570400,53.0,53.99,53.93,53.68,2026.46
1547570700,53.61,53.69,53.67,53.69,451.36
1547571000,53.68,53.75,53.68,53.75,34.54
1547571300,53.73,53.75,53.75,53.73,13.28
1547571600,53.68,53.72,53.72,53.68,10.63
1547571900,53.67,53.74,53.67,53.7,6.21
1547572200,53.67,53.72,53.69,53.67,50.78
1547573100,53.56,53.73,53.66,53.73,7.15
1547573400,53.58,53.74,53.62,53.62,4.31
1547573700,53.62,53.67,53.62,53.67,18.27
1547574000,53.65,53.84,53.69,53.79,40.69
1547574300,53.8,53.8,53.8,53.8,0.887
1547574900,53.74,53.74,53.74,53.74,0.211
1547575200,53.6,53.69,53.66,53.69,1.41
1547575500,53.67,53.73,53.67,53.73,2.62
1547575800,53.67,53.69,53.69,53.67,3.92
1547576100,53.66,53.67,53.67,53.66,2.51
1547576400,53.66,53.67,53.66,53.67,1.0
1547576700,53.67,53.78,53.67,53.78,5.0
1547577000,53.61,53.74,53.7,53.61,7.21
1547577300,53.7,53.7,53.7,53.7,0.167
1547577600,53.7,53.79,53.7,53.74,3.03
1547577900,53.66,53.71,53.66,53.71,5.6
1547578200,53.66,53.71,53.66,53.68,2.36
1547578500,53.59,53.68,53.68,53.59,1.28
1547578800,53.62,53.74,53.74,53.62,9.24
1547579400,53.64,53.64,53.64,53.64,4.16
1547579700,53.65,53.69,53.65,53.67,10.05
1547580000,53.63,53.63,53.63,53.63,0.26
1547580300,53.65,53.66,53.65,53.66,0.384
1547580600,53.61,53.7,53.66,53.62,5.53
1547580900,53.7,53.71,53.7,53.71,6.06
1547581200,53.61,53.71,53.7,53.61,2.23
1547581500,53.61,53.68,53.61,53.68,0.612
1547581800,53.61,53.61,53.61,53.61,0.402
1547582100,53.64,53.78,53.64,53.77,10.51
1547582700,53.7,53.84,53.7,53.84,9.04
1547583000,53.67,53.82,53.7,53.72,3.26
1547583300,53.68,53.76,53.68,53.76,4.48
1547583600,53.63,53.69,53.68,53.69,5.18
1547583900,53.69,53.86,53.69,53.86,7.43
1547584200,53.1,53.75,53.75,53.1,134.8
1547584500,52.7,53.16,53.1,52.7,69.23
1547584800,52.56,52.79,52.71,52.78,73.8
1547585100,52.78,53.0,52.78,53.0,14.7
1547585400,53.04,53.2,53.07,53.05,0.847
1547585700,52.82,53.04,53.04,52.84,17.16
1547586000,52.81,52.84,52.83,52.81,93.9
1547586300,52.81,53.16,52.81,53.16,13.86
1547586600,52.99,53.01,53.01,52.99,2.66
1547586900,52.92,52.97,52.93,52.97,7.55
1547587200,52.93,53.0,52.97,52.93,2.87
1547587500,52.93,53.01,52.93,53.01,2.11
1547587800,52.43,53.03,53.01,52.9,307.0
1547588100,52.85,53.02,52.94,52.99,10.0
1547588400,52.83,52.94,52.9,52.83,8.82
1547589000,52.78,52.87,52.87,52.87,1.4
1547589300,52.71,52.81,52.8,52.75,8.53
1547589600,52.74,52.74,52.74,52.74,2.27
1547589900,52.74,52.89,52.74,52.89,2.03
1547590200,52.86,52.9,52.86,52.89,3.32
1547590500,52.89,52.97,52.89,52.95,20.52
1547590800,52.89,52.94,52.93,52.92,8.2
1547591100,52.87,52.89,52.89,52.87,7.75
1547591400,52.87,52.91,52.87,52.87,111.44
1547591700,52.88,52.95,52.88,52.95,33.13
1547592000,52.92,52.92,52.92,52.92,0.527
1547592600,52.91,52.94,52.91,52.94,7.17
1547592900,52.93,52.94,52.93,52.94,5.91
1547593200,52.91,52.91,52.91,52.91,0.442
1547593500,52.91,52.97,52.91,52.97,4.9
1547593800,52.93,53.01,52.93,52.93,2.1
1547594100,52.97,52.97,52.97,52.97,1.03
1547594400,52.95,53.03,52.95,53.03,1.0
1547595000,52.94,53.06,53.02,53.03,5.05
1547595300,53.03,53.03,53.03,53.03,4.0
1547595600,53.0,53.05,53.05,53.0,4.0
1547595900,53.04,53.04,53.04,53.04,0.469
1547596200,53.02,53.02,53.02,53.02,1.07
1547596500,53.0,53.06,53.01,53.01,17.46
1547596800,52.99,53.01,53.01,52.99,3.93
1547597100,52.99,53.02,53.0,52.99,8.22
1547597400,52.99,53.0,53.0,53.0,60.73
1547597700,52.99,52.99,52.99,52.99,40.19
1547598000,52.99,52.99,52.99,52.99,0.193
1547598300,52.99,52.99,52.99,52.99,0.169
1547598600,52.98,53.04,52.98,53.04,8.49
1547598900,53.0,53.03,53.03,53.0,1.4
1547599200,53.02,53.1,53.02,53.1,1.82
1547599800,53.09,53.14,53.09,53.14,19.22
1547600400,53.04,53.1,53.06,53.1,0.8
1547600700,53.05,53.06,53.06,53.05,0.4
1547601300,53.06,53.19,53.06,53.19,2.54
1547601600,53.03,53.1,53.1,53.03,3.58
1547602200,53.11,53.14,53.11,53.14,2.79
1547602500,53.12,53.16,53.12,53.16,0.44
1547602800,53.11,53.11,53.11,53.11,4.2
1547603400,53.14,53.21,53.14,53.21,4.77
1547604000,53.02,53.15,53.15,53.02,5.0
1547604900,53.13,53.14,53.13,53.14,17.74
1547605200,53.13,53.14,53.13,53.14,6.14
1547605500,53.13,53.14,53.13,53.14,35.07
1547605800,53.13,53.13,53.13,53.13,22.23
1547606100,53.13,53.13,53.13,53.13,0.0851
1547606400,53.14,53.22,53.14,53.22,5.0
1547606700,53.21,53.21,53.21,53.21,4.0
1547607000,53.21,53.21,53.21,53.21,32.17
1547607300,53.21,53.24,53.21,53.24,2.23
1547607600,53.21,53.21,53.21,53.21,8.0
1547607900,53.21,53.23,53.22,53.23,13.19
1547608200,53.22,53.3,53.23,53.27,9.32
1547608500,53.24,53.24,53.24,53.24,3.16
1547608800,53.21,53.24,53.24,53.22,19.1
1547609100,53.22,53.29,53.22,53.29,28.8
1547609400,53.21,53.24,53.24,53.21,68.68
1547609700,53.21,53.23,53.23,53.21,7.18
1547610000,53.25,53.27,53.25,53.27,2.78
1547610300,53.28,53.28,53.28,53.28,3.85
1547610600,53.21,53.25,53.25,53.21,11.99
1547610900,53.22,53.25,53.25,53.25,4.21
1547611200,53.25,53.25,53.25,53.25,0.178
1547611500,53.36,53.44,53.36,53.44,14.28
1547611800,53.42,53.43,53.43,53.42,3.16
1547612100,53.43,53.43,53.43,53.43,11.17
1547612700,53.42,53.46,53.46,53.42,0.611
1547613000,53.46,53.46,53.46,53.46,3.34
1547613300,53.46,53.5,53.46,53.5,20.57
1547613900,53.45,53.48,53.46,53.48,2.09
1547614200,53.45,53.47,53.47,53.45,45.24
1547614500,53.45,53.45,53.45,53.45,14.22
1547614800,53.45,53.47,53.46,53.45,16.34
1547615100,53.45,53.45,53.45,53.45,0.328
1547615400,53.45,53.46,53.45,53.46,41.14
1547615700,53.45,53.46,53.46,53.46,6.17
1547616000,53.45,53.47,53.47,53.45,24.64
1547616300,53.45,53.45,53.45,53.45,5.0
1547616900,53.46,53.47,53.46,53.46,1.27
1547617200,53.47,53.47,53.47,53.47,0.121
1547617500,53.47,53.47,53.47,53.47,0.329
1547617800,53.48,53.57,53.48,53.57,1.0
1547618100,53.46,53.51,53.51,53.46,45.05
1547618400,53.46,53.46,53.46,53.46,94.81
1547618700,53.47,53.47,53.47,53.47,1.06
1547619000,53.46,53.48,53.48,53.48,98.81
1547619300,53.46,53.47,53.47,53.46,9.62
1547619600,53.46,53.47,53.46,53.47,52.64
1547619900,53.46,53.47,53.47,53.46,55.75
1547620200,53.49,53.55,53.49,53.55,0.707
1547620500,53.46,53.48,53.48,53.47,14.49
1547620800,53.46,53.46,53.46,53.46,7.57
1547621100,53.52,53.56,53.52,53.55,17.41
1547621400,53.55,53.55,53.55,53.55,31.8
1547621700,53.55,53.55,53.55,53.55,0.847
1547622000,53.56,53.67,53.56,53.67,1.16
1547623200,53.73,53.81,53.74,53.73,97.12
1547623500,53.73,53.73,53.73,53.73,106.15
1547623800,53.73,53.74,53.73,53.73,117.64
1547624100,53.77,53.77,53.77,53.77,6.38
1547624400,53.73,53.74,53.74,53.73,49.05
1547625000,53.73,53.73,53.73,53.73,0.289
1547625900,53.74,53.86,53.74,53.86,1.0
1547626500,53.74,53.81,53.81,53.74,12.82
1547626800,53.83,53.83,53.83,53.83,0.166
1547627100,53.74,53.74,53.74,53.74,4.98
1547627400,53.73,53.76,53.76,53.73,34.37
1547627700,53.72,53.77,53.77,53.72,90.82
1547628000,53.73,53.77,53.73,53.77,23.1
1547628300,53.8,53.91,53.8,53.91,3.0
1547628600,53.9,54.1,53.9,53.91,20.58
1547629200,53.94,53.97,53.94,53.97,8.63
1547629500,54.14,54.14,54.14,54.14,0.346
1547629800,54.15,54.15,54.15,54.15,0.635
1547630100,54.12,54.14,54.14,54.12,1.88
1547630400,54.14,54.14,54.14,54.14,0.414
1547630700,54.09,54.14,54.09,54.14,10.1
1547631000,53.83,53.9,53.9,53.83,10.24
1547631300,53.98,54.01,54.01,53.99,13.08
1547631900,53.93,54.05,53.93,54.05,10.94
1547632500,54.05,54.05,54.05,54.05,1.17
1547633400,53.92,53.92,53.92,53.92,5.19
1547633700,53.89,53.9,53.9,53.89,2.23
1547635200,54.03,54.03,54.03,54.03,0.0972
1547636100,53.96,54.01,53.96,54.01,12.0
1547636400,54.07,54.07,54.07,54.07,2.0
1547636700,54.07,54.07,54.07,54.07,1.0
1547637000,53.98,54.06,54.06,53.98,3.0
1547637300,53.94,54.11,54.1,54.11,15.4
1547637600,54.19,54.19,54.19,54.19,4.03
1547638800,54.12,54.12,54.12,54.12,4.85
1547639100,53.97,54.04,53.97,54.04,18.32
1547639400,54.07,54.07,54.07,54.07,0.0633
1547639700,54.09,54.12,54.09,54.12,10.0
1547640000,53.94,53.94,53.94,53.94,0.428
1547640300,54.2,54.5,54.2,54.47,14.3
1547640600,54.54,54.62,54.55,54.54,6.44
1547640900,54.54,54.55,54.54,54.55,4.0
1547641200,54.45,54.45,54.45,54.45,0.445
1547641500,54.5,54.55,54.5,54.5,64.16
1547641800,54.41,54.41,54.41,54.41,0.165
1547642100,54.3,54.4,54.4,54.3,0.866
1547642400,54.21,54.21,54.21,54.21,0.0185
1547642700,54.04,54.21,54.21,54.04,11.01
1547643300,54.03,54.09,54.08,54.03,18.27
1547643600,54.03,54.11,54.03,54.07,70.29
1547643900,54.05,54.06,54.05,54.06,0.932
1547644200,54.06,54.06,54.06,54.06,8.47
1547645100,54.01,54.04,54.01,54.04,1.25
1547645400,54.05,54.05,54.05,54.05,0.105
1547645700,54.0,54.05,54.0,54.05,0.446
1547646000,54.05,54.05,54.05,54.05,0.0738
1547646300,54.05,54.05,54.05,54.05,4.0
1547646600,53.81,54.03,54.03,53.81,22.6
1547646900,53.8,53.81,53.81,53.81,3.37
1547647500,53.79,54.0,54.0,53.79,2.25
1547647800,53.96,53.96,53.96,53.96,0.0537
1547648100,53.93,54.05,53.93,54.05,1.55
1547648400,54.04,54.04,54.04,54.04,2.0
