1544287500,56.44,56.65,56.65,56.44,15.0
1544287800,56.51,56.74,56.74,56.51,14.43
1544288100,56.36,56.4,56.4,56.36,7.25
1544288400,56.24,56.36,56.36,56.24,2.53
1544288700,56.01,56.24,56.24,56.09,46.29
1544289000,56.01,56.21,56.03,56.19,18.32
1544289300,56.03,56.19,56.19,56.03,3.16
1544289600,55.99,56.08,56.0,56.08,5.3
1544289900,55.81,56.64,56.05,56.63,29.23
1544290200,56.63,57.77,56.65,56.63,5.63
1544290500,56.65,56.93,56.81,56.93,6.18
1544290800,56.72,56.91,56.91,56.74,4.44
1544291100,56.47,56.76,56.76,56.47,17.2
1544291400,56.65,56.65,56.65,56.65,0.343
1544291700,56.45,56.68,56.51,56.65,8.38
1544292000,56.58,56.76,56.6,56.69,5.13
1544292300,56.7,57.48,56.7,57.24,145.33
1544292600,56.6,56.86,56.86,56.76,26.92
1544292900,56.77,56.86,56.79,56.86,0.88
1544293200,56.46,56.76,56.76,56.5,7.39
1544293500,56.16,56.55,56.46,56.31,35.66
1544293800,56.28,56.54,56.54,56.36,22.44
1544294100,56.0,56.35,56.22,56.0,24.35
1544294400,56.14,56.14,56.14,56.14,2.55
1544294700,56.15,56.22,56.15,56.22,1.09
1544295000,56.37,57.01,56.5,57.01,16.3
1544295300,56.4,56.51,56.51,56.41,12.66
1544295600,56.24,56.75,56.56,56.33,18.0
1544295900,55.84,56.46,56.1,56.35,45.2
1544296200,55.82,56.24,56.18,56.16,19.51
1544296500,55.94,56.08,55.94,56.02,1.95
1544296800,55.3,55.95,55.95,55.3,38.5
1544297100,55.29,55.91,55.29,55.8,49.45
1544297400,55.03,55.42,55.39,55.25,30.65
1544297700,55.43,56.42,55.43,55.68,24.74
1544298000,55.67,55.82,55.68,55.68,24.55
1544298300,55.15,55.68,55.68,55.55,17.91
1544298600,55.47,56.41,55.8,55.66,11.45
1544298900,55.41,55.74,55.41,55.5,3.93
1544299200,55.03,56.52,55.47,55.75,31.95
1544299500,55.0,55.33,55.24,55.0,11.77
1544299800,54.89,55.11,55.11,55.05,3.18
1544300100,54.91,55.78,55.16,55.06,59.49
1544300400,55.01,55.38,55.38,55.01,23.54
1544300700,54.98,55.43,55.01,55.14,7.18
1544301000,54.98,55.19,54.98,55.08,2.51
1544301300,54.88,55.08,55.08,54.88,30.53
1544301600,54.63,54.72,54.67,54.72,2.82
1544301900,54.4,54.72,54.67,54.67,14.06
1544302200,54.64,54.68,54.65,54.68,2.78
1544302500,54.64,54.64,54.64,54.64,0.292
1544302800,54.57,54.69,54.57,54.69,19.04
1544303100,54.38,54.85,54.6,54.85,8.39
1544303400,54.75,54.91,54.75,54.91,0.443
1544303700,54.74,54.9,54.88,54.9,18.09
1544304000,54.89,55.05,54.93,54.89,10.64
1544304300,54.76,54.76,54.76,54.76,0.785
1544304600,54.76,54.76,54.76,54.76,0.0728
1544304900,54.03,54.56,54.56,54.25,24.28
1544305200,52.53,54.01,54.01,53.33,148.07
1544305500,53.42,53.71,53.56,53.71,18.7
1544305800,53.81,53.92,53.84,53.92,10.28
1544306100,53.83,54.55,53.9,53.95,27.1
1544306400,53.75,54.03,54.03,54.03,20.06
1544306700,53.58,54.03,53.97,53.58,21.14
1544307000,53.18,53.79,53.78,53.19,168.1
1544307300,52.86,53.05,52.92,53.01,12.81
1544307600,53.04,53.2,53.2,53.04,2.0
1544307900,53.63,53.77,53.63,53.77,5.95
1544308200,53.64,54.34,53.69,53.76,8.9
1544308500,53.61,53.73,53.61,53.71,5.56
1544308800,53.58,54.44,53.79,54.44,42.53
1544309100,53.98,54.15,53.98,54.15,2.85
1544309400,54.33,55.49,54.37,55.39,21.86
1544309700,55.3,56.49,55.49,56.47,168.08
1544310000,56.52,57.08,56.86,56.75,30.04
1544310300,56.52,57.08,57.03,56.83,49.97
1544310600,56.49,56.89,56.49,56.89,8.9
1544310900,56.78,56.84,56.82,56.78,11.13
1544311200,56.72,56.95,56.95,56.78,12.41
1544311500,56.82,56.99,56.85,56.87,9.59
1544311800,56.8,56.8,56.8,56.8,6.18
1544312100,56.76,56.94,56.86,56.76,5.05
1544312400,56.8,56.93,56.93,56.93,7.91
1544312700,56.6,56.63,56.63,56.6,17.99
1544313000,56.16,56.16,56.16,56.16,0.455
1544313300,56.09,56.23,56.23,56.09,2.0
1544313600,56.0,56.04,56.04,56.0,2.58
1544313900,55.89,55.91,55.91,55.89,0.347
1544314200,55.78,55.92,55.89,55.88,17.55
1544314500,55.95,56.77,55.97,56.1,10.96
1544314800,56.25,56.31,56.31,56.25,4.57
1544315100,56.18,56.29,56.18,56.27,28.21
1544315400,56.35,56.49,56.49,56.35,0.625
1544315700,56.35,56.61,56.61,56.35,0.519
1544316000,56.77,56.88,56.77,56.88,3.25
1544316300,57.12,57.14,57.12,57.14,0.227
1544316600,57.14,57.46,57.14,57.46,2.0
1544316900,56.55,57.2,57.2,56.55,74.02
1544317200,57.01,57.17,57.15,57.16,29.36
1544317500,56.82,57.16,57.1,57.13,4.87
1544317800,57.07,57.13,57.07,57.13,1.52
1544318100,56.79,56.79,56.79,56.79,0.0703
1544318400,56.6,57.17,56.79,56.74,37.72
1544318700,56.74,56.74,56.74,56.74,2.0
1544319000,56.68,57.45,56.74,57.0,13.43
1544319300,57.31,57.44,57.44,57.44,7.18
1544319600,57.17,57.35,57.35,57.17,4.59
1544319900,56.82,57.12,57.12,57.03,5.67
1544320200,56.96,56.96,56.96,56.96,1.6
1544320500,56.71,57.07,56.97,56.82,52.75
1544320800,57.0,57.03,57.0,57.03,2.39
1544321100,56.99,57.3,57.0,57.05,27.8
1544321400,56.9,57.09,57.09,56.9,12.91
1544321700,57.03,57.04,57.03,57.04,3.76
1544322000,57.04,57.04,57.04,57.04,2.22
1544322300,57.13,57.13,57.13,57.13,7.19
1544322600,57.11,57.13,57.13,57.11,11.3
1544322900,57.35,57.47,57.47,57.46,19.26
1544323200,57.44,57.46,57.46,57.44,12.45
1544323500,57.44,57.44,57.44,57.44,1.68
1544323800,57.24,57.39,57.36,57.24,28.03
1544324100,57.06,57.24,57.24,57.2,7.26
1544324400,57.09,57.15,57.15,57.09,1.49
1544324700,57.24,57.24,57.24,57.24,10.02
1544325000,57.06,57.16,57.14,57.06,3.64
1544325300,56.99,57.04,57.02,56.99,0.427
1544325600,56.79,56.95,56.79,56.95,2.01
1544325900,56.6,56.6,56.6,56.6,4.88
1544326200,56.65,56.86,56.86,56.66,1.59
1544326500,56.34,56.66,56.66,56.6,11.68
1544326800,55.35,56.61,56.6,56.56,130.38
1544327100,56.54,56.57,56.54,56.57,3.46
1544327400,56.57,56.62,56.61,56.57,5.18
1544328000,56.38,56.66,56.66,56.38,5.39
1544328300,56.64,56.64,56.64,56.64,2.05
1544328600,56.63,56.67,56.67,56.63,1.02
1544328900,56.62,56.66,56.62,56.66,1.5
1544329200,56.66,56.72,56.72,56.71,13.02
1544329500,56.49,56.69,56.49,56.69,1.83
1544329800,56.56,57.19,56.56,56.83,93.64
1544330100,56.77,56.77,56.77,56.77,0.999
1544330400,56.68,56.7,56.68,56.7,1.33
1544330700,56.69,56.74,56.69,56.74,5.1
1544331000,56.42,56.8,56.8,56.42,12.17
1544331300,56.42,56.43,56.42,56.42,11.09
1544331600,56.13,56.35,56.35,56.26,15.71
1544331900,56.16,56.34,56.29,56.34,6.34
1544332200,56.53,56.53,56.53,56.53,5.0
1544332500,56.57,56.61,56.57,56.61,1.64
1544332800,56.49,56.61,56.61,56.58,3.38
1544333100,56.39,56.57,56.57,56.55,14.79
1544333400,56.43,56.5,56.5,56.43,1.58
1544334300,56.49,56.63,56.49,56.5,88.74
1544334600,56.62,56.67,56.62,56.67,3.72
1544334900,56.51,58.08,56.64,56.51,464.76
1544335200,56.51,56.76,56.51,56.51,3.4
1544335500,56.55,56.75,56.57,56.55,10.16
1544336100,56.69,56.71,56.69,56.71,2.18
1544336400,56.67,57.12,56.67,57.11,102.0
1544336700,56.62,56.69,56.69,56.62,0.551
1544337000,56.46,57.24,56.5,57.24,37.19
1544337300,56.98,57.73,56.98,57.73,7.2
1544337600,57.18,57.19,57.18,57.19,5.85
1544337900,57.39,57.51,57.39,57.5,1.28
1544338200,56.56,58.26,57.45,58.26,189.82
1544338500,58.17,58.17,58.17,58.17,7.75
1544338800,58.21,58.37,58.37,58.21,2.69
1544339100,57.68,57.99,57.99,57.68,23.53
1544339400,57.81,57.81,57.81,57.81,0.155
1544340000,57.67,57.9,57.67,57.9,2.65
1544340300,57.73,57.89,57.73,57.89,0.103
1544340600,57.72,57.72,57.72,57.72,1.0
1544340900,57.22,57.54,57.54,57.33,4.42
1544341200,57.34,57.46,57.34,57.46,3.0
1544341800,56.96,57.44,57.44,56.96,3.82
1544342400,56.84,56.95,56.84,56.95,5.33
1544342700,56.83,56.99,56.93,56.83,5.74
1544343000,56.89,56.99,56.91,56.89,31.06
1544343300,56.91,56.91,56.91,56.91,1.0
1544343900,57.22,57.22,57.22,57.22,1.0
1544344500,57.05,57.05,57.05,57.05,0.0912
1544345100,57.23,57.23,57.23,57.23,0.3
1544345400,57.01,57.01,57.01,57.01,0.41
1544345700,56.75,56.9,56.75,56.9,4.46
1544346300,57.28,57.28,57.28,57.28,0.834
1544346600,57.35,57.35,57.35,57.35,1.0
1544346900,57.35,57.35,57.35,57.35,1.0
1544347200,57.55,57.55,57.55,57.55,0.424
1544347500,57.47,57.65,57.58,57.6,4.1
1544347800,57.51,57.6,57.6,57.52,8.71
1544348100,57.5,57.54,57.53,57.5,2.61
1544348400,57.41,57.41,57.41,57.41,2.0
1544349000,57.49,57.49,57.49,57.49,0.266
1544349300,57.18,57.18,57.18,57.18,0.267
1544349600,57.25,57.44,57.25,57.44,4.68
1544349900,57.32,57.38,57.32,57.38,1.2
1544350500,57.3,57.3,57.3,57.3,2.46
1544350800,57.4,57.4,57.4,57.4,0.408
1544351100,57.5,57.53,57.5,57.53,4.36
1544351400,57.31,57.33,57.31,57.33,1.23
1544351700,57.33,57.33,57.33,57.33,1.68
1544352300,57.49,57.63,57.63,57.49,1.02
1544352600,56.74,57.56,57.43,57.56,85.79
1544352900,57.57,57.57,57.57,57.57,0.406
1544353200,57.61,57.61,57.61,57.61,0.0199
1544353500,57.51,57.6,57.51,57.6,1.76
1544354100,57.41,57.41,57.41,57.41,0.121
1544354700,57.4,57.4,57.4,57.4,1.0
1544355000,57.15,57.39,57.39,57.15,10.46
1544355300,57.16,58.35,57.16,58.35,6.54
1544355600,58.22,58.46,58.36,58.28,3.39
1544355900,58.26,58.26,58.26,58.26,0.154
1544356200,58.16,58.16,58.16,58.16,3.37
1544356500,58.01,58.15,58.15,58.01,1.32
1544356800,58.15,58.24,58.15,58.24,8.0
1544357100,58.23,58.23,58.23,58.23,0.41
1544357400,58.33,58.35,58.33,58.35,4.0
1544357700,58.29,58.44,58.44,58.35,40.25
1544358000,58.4,58.49,58.45,58.46,7.84
1544358600,58.41,58.73,58.41,58.73,6.55
1544358900,58.54,58.93,58.54,58.93,5.0
1544359200,58.73,58.95,58.74,58.95,3.95
1544359500,58.76,58.84,58.83,58.76,8.35
1544359800,58.68,58.92,58.68,58.82,21.53
1544360100,58.89,58.99,58.94,58.95,25.76
1544360400,58.77,58.87,58.79,58.87,2.01
1544360700,58.68,58.92,58.69,58.7,32.56
1544361000,58.76,58.81,58.76,58.81,4.0
1544361300,58.68,58.85,58.68,58.75,5.45
1544361600,58.87,58.96,58.96,58.87,2.18
1544362200,58.84,58.99,58.97,58.84,7.88
1544362500,58.74,58.94,58.89,58.94,3.48
1544362800,58.94,59.49,58.94,59.43,24.34
1544363100,59.3,59.77,59.31,59.77,77.36
1544363400,59.26,59.46,59.46,59.46,6.48
1544363700,59.31,59.46,59.46,59.41,30.82
1544364000,59.7,59.74,59.74,59.7,3.08
1544364300,59.77,60.24,59.89,60.24,48.83
1544364600,59.99,60.04,60.03,59.99,14.78
1544364900,60.01,60.12,60.1,60.01,5.16
1544365200,60.03,60.5,60.03,60.31,23.89
1544365500,60.17,60.4,60.24,60.17,32.02
1544365800,60.43,60.43,60.43,60.43,3.84
1544366100,60.37,60.44,60.38,60.44,20.27
1544366400,60.5,60.54,60.5,60.54,3.1
1544366700,60.28,60.52,60.52,60.28,8.74
1544367000,60.35,60.45,60.45,60.35,4.54
1544367300,59.89,60.43,60.29,59.89,16.77
1544367600,59.83,60.22,60.22,59.87,16.18
1544367900,59.93,59.95,59.93,59.95,13.28
1544368200,60.0,60.26,60.01,60.0,4.07
1544368500,59.56,59.92,59.92,59.76,22.1
1544368800,58.93,59.46,59.46,58.93,3.35
1544369100,59.33,59.45,59.33,59.45,7.2
1544369400,59.11,59.34,59.11,59.3,26.92
1544369700,59.13,59.29,59.27,59.29,29.52
1544370000,59.22,59.26,59.22,59.26,5.0
1544370300,59.53,59.9,59.56,59.85,28.02
1544370600,60.08,60.62,60.14,60.62,5.04
1544370900,60.33,60.63,60.59,60.55,3.74
1544371200,60.45,60.62,60.48,60.61,27.18
1544371500,60.25,60.49,60.42,60.31,16.93
1544371800,60.08,60.3,60.3,60.3,6.41
1544372100,60.3,60.3,60.3,60.3,1.36
1544372400,60.22,60.38,60.36,60.38,6.48
1544372700,60.07,60.28,60.07,60.21,3.16
1544373000,59.8,60.14,59.91,60.14,52.71
1544373300,60.1,60.59,60.11,60.1,91.66
1544373600,60.39,60.41,60.39,60.41,16.23
1544373900,60.4,60.63,60.5,60.63,6.2
1544374200,60.5,60.67,60.67,60.63,50.81
1544374500,60.59,61.19,60.63,61.19,10.28
1544374800,60.96,61.34,60.96,61.34,66.66
1544375100,61.16,61.62,61.16,61.62,38.16
1544375400,61.36,61.84,61.36,61.84,22.53
1544375700,61.6,62.0,61.91,61.6,172.02
1544376000,61.11,61.61,61.61,61.11,25.77
1544376300,60.77,61.2,61.1,60.77,149.41
1544376600,60.4,60.69,60.69,60.5,102.78
1544376900,60.65,62.34,60.65,60.81,252.58
1544377200,60.81,60.96,60.96,60.83,10.52
1544377500,60.8,61.0,60.82,60.96,48.23
1544377800,60.37,60.88,60.85,60.37,34.61
1544378100,60.28,60.49,60.28,60.36,16.57
1544378400,60.39,60.4,60.4,60.4,34.46
1544378700,60.4,60.4,60.4,60.4,25.96
1544379000,60.4,60.75,60.4,60.71,11.83
1544379300,60.49,60.64,60.64,60.59,12.3
1544379600,60.51,60.51,60.51,60.51,0.178
1544379900,60.54,60.82,60.76,60.8,7.83
1544380200,60.64,60.93,60.8,60.68,34.87
1544380500,60.61,60.93,60.92,60.61,7.44
1544380800,60.36,60.68,60.61,60.36,7.42
1544381100,60.36,60.74,60.74,60.51,51.28
1544381400,60.39,60.6,60.51,60.6,14.52
1544381700,60.25,60.64,60.39,60.54,63.87
1544382000,60.59,60.81,60.7,60.81,34.71
1544382300,60.54,60.76,60.54,60.76,16.99
1544382600,60.66,60.75,60.75,60.66,2.26
1544382900,59.91,60.68,60.68,60.36,183.31
1544383200,60.05,60.34,60.33,60.05,30.13
1544383500,59.99,60.17,60.17,59.99,3.56
1544383800,59.96,60.22,60.09,59.96,36.03
1544384100,60.18,60.26,60.26,60.18,4.25
1544384400,60.08,60.2,60.16,60.1,30.24
1544384700,60.1,60.17,60.1,60.11,21.71
1544385000,60.24,60.34,60.32,60.34,5.36
1544385300,60.26,60.48,60.34,60.39,6.2
1544385600,60.24,60.4,60.4,60.24,2.22
1544385900,60.22,60.43,60.4,60.26,15.41
1544386200,60.16,60.35,60.27,60.35,6.03
1544386500,60.25,60.41,60.38,60.29,13.17
1544386800,60.3,60.57,60.3,60.42,16.67
1544387100,60.4,60.61,60.56,60.4,4.6
1544387400,60.48,60.6,60.53,60.59,14.61
1544387700,60.21,60.55,60.55,60.21,38.07
1544388000,60.22,60.51,60.41,60.51,13.88
1544388300,60.4,60.54,60.41,60.4,24.88
1544388600,60.34,60.54,60.34,60.54,14.39
1544388900,60.35,60.62,60.44,60.6,85.14
1544389200,60.33,60.65,60.33,60.55,3.24
1544389500,60.31,60.47,60.31,60.47,2.36
1544389800,60.1,60.45,60.44,60.38,76.09
1544390400,60.21,60.38,60.38,60.23,13.48
1544390700,60.1,60.25,60.25,60.16,12.19
1544391000,59.88,60.24,60.11,60.24,26.95
1544391300,60.1,60.5,60.21,60.3,494.02
1544391600,60.18,60.36,60.25,60.19,60.95
1544391900,59.72,60.08,60.08,59.72,17.59
1544392200,59.9,59.91,59.91,59.9,2.54
1544392500,59.16,59.68,59.68,59.41,77.97
1544392800,59.1,59.25,59.1,59.22,3.39
1544393100,59.25,59.53,59.25,59.53,4.94
1544393400,59.22,59.23,59.22,59.23,16.55
1544393700,58.99,59.54,58.99,59.54,21.64
1544394000,59.62,59.62,59.62,59.62,0.399
1544394300,59.44,59.71,59.44,59.49,21.8
1544394600,59.51,59.8,59.52,59.8,19.69
1544394900,59.64,59.66,59.64,59.65,25.03
1544395200,59.71,59.71,59.71,59.71,2.0
1544395500,59.48,59.64,59.64,59.48,1.96
1544395800,59.52,59.52,59.52,59.52,0.802
1544396400,59.01,59.54,59.01,59.53,4.61
1544396700,59.1,59.12,59.12,59.1,10.09
1544397000,59.12,59.34,59.33,59.12,19.2
1544397300,59.18,59.38,59.38,59.32,0.99
1544397600,59.16,59.38,59.18,59.38,25.02
1544397900,59.32,59.55,59.37,59.55,25.21
1544398200,59.2,59.53,59.53,59.24,19.78
1544398500,59.17,59.22,59.22,59.17,9.65
1544398800,59.31,59.37,59.31,59.37,3.6
1544399100,59.24,59.4,59.4,59.24,2.18
1544399400,59.36,59.38,59.38,59.36,14.03
1544399700,59.49,59.71,59.49,59.71,2.15
1544400000,59.6,59.69,59.6,59.69,1.07
1544400300,59.74,59.74,59.74,59.74,5.11
1544400600,59.74,59.77,59.74,59.77,0.292
1544400900,59.88,59.88,59.88,59.88,1.0
1544401200,60.0,60.21,60.0,60.21,3.41
1544401500,60.35,60.37,60.37,60.35,6.32
1544401800,60.13,60.15,60.15,60.13,4.82
1544402100,60.22,60.23,60.22,60.23,5.51
1544402400,60.13,60.16,60.16,60.13,9.02
1544402700,60.0,60.14,60.0,60.14,2.05
1544403000,60.14,60.18,60.15,60.14,16.61
1544403300,60.01,60.17,60.11,60.1,18.53
1544403600,60.13,60.14,60.13,60.14,1.02
1544403900,60.12,60.38,60.12,60.38,7.24
1544404200,60.56,60.58,60.57,60.57,30.48
1544404500,60.56,60.59,60.56,60.59,0.502
1544404800,60.47,60.49,60.47,60.49,12.78
1544405100,60.51,60.51,60.51,60.51,2.19
1544405400,60.21,60.47,60.47,60.42,17.31
1544405700,60.44,60.45,60.44,60.45,3.24
1544406000,60.32,60.33,60.33,60.32,36.33
1544406300,60.4,60.4,60.4,60.4,0.229
1544406600,60.12,60.38,60.38,60.12,16.56
1544406900,60.03,60.19,60.1,60.12,15.26
1544407200,60.03,60.14,60.03,60.13,2.99
1544407500,60.04,60.04,60.04,60.04,0.328
1544407800,59.75,60.04,60.01,60.04,12.87
1544408100,59.92,59.92,59.92,59.92,1.03
1544408400,58.92,59.53,59.53,58.92,13.95
1544408700,59.01,59.37,59.37,59.27,2.37
1544409000,59.07,59.4,59.07,59.25,21.69
1544409300,59.45,59.46,59.46,59.45,2.0
1544409600,59.44,59.44,59.44,59.44,0.226
1544409900,59.34,59.36,59.36,59.34,0.704
1544410200,59.35,59.43,59.35,59.42,0.687
1544410500,59.25,59.58,59.25,59.58,6.44
1544410800,59.45,59.45,59.45,59.45,6.51
1544411100,58.72,59.2,59.2,59.0,3.67
1544411400,59.0,59.35,59.0,59.33,15.93
1544411700,59.17,59.17,59.17,59.17,2.01
1544412000,59.14,59.39,59.37,59.39,1.07
1544412300,59.12,59.18,59.15,59.12,15.09
1544412600,59.07,59.07,59.07,59.07,0.152
1544412900,58.93,59.03,58.93,59.03,1.34
1544413200,59.0,59.12,59.12,59.0,71.32
1544413500,58.89,59.38,58.89,58.95,95.33
1544413800,58.94,59.0,58.94,59.0,4.41
1544414100,58.84,59.0,59.0,58.84,0.304
1544414400,58.96,59.0,59.0,58.97,6.05
1544414700,58.8,58.8,58.8,58.8,0.643
1544415000,58.66,58.66,58.66,58.66,0.858
1544415300,58.64,58.65,58.64,58.65,10.35
1544415600,58.63,58.76,58.75,58.63,47.66
1544416200,58.64,58.78,58.78,58.64,11.66
1544416800,58.63,58.71,58.71,58.63,1.8
1544417100,58.52,58.73,58.56,58.73,31.56
1544417400,58.54,58.78,58.68,58.78,4.39
1544417700,58.78,58.79,58.78,58.79,3.78
1544418000,58.77,58.79,58.79,58.77,10.98
1544418300,58.8,58.8,58.8,58.8,5.7
1544418600,58.79,58.79,58.79,58.79,5.07
1544418900,58.69,58.79,58.79,58.79,6.35
1544419200,58.67,58.8,58.79,58.67,32.79
1544419500,58.47,58.78,58.78,58.77,25.17
1544419800,58.52,58.77,58.77,58.72,3.91
1544420100,58.77,58.78,58.78,58.78,4.49
1544420400,58.57,58.57,58.57,58.57,0.929
1544420700,58.61,58.72,58.68,58.72,2.42
1544421300,58.3,58.49,58.49,58.3,4.73
1544421600,58.28,58.42,58.42,58.42,22.93
1544421900,58.25,58.41,58.25,58.37,16.03
1544422200,57.85,58.25,58.25,57.85,8.14
1544422500,57.54,57.6,57.58,57.54,19.73
1544422800,57.52,57.52,57.52,57.52,0.156
1544423100,57.53,57.53,57.53,57.53,1.0
1544423400,56.86,57.3,57.3,57.05,15.8
1544423700,57.05,57.05,57.05,57.05,2.15
1544424000,57.29,57.29,57.29,57.29,8.56
1544424300,57.21,57.26,57.26,57.21,9.18
1544424600,57.09,57.85,57.13,57.85,23.73
1544425500,57.66,57.67,57.67,57.66,4.82
1544425800,57.55,57.7,57.7,57.55,4.31
1544426100,57.41,57.64,57.58,57.61,4.48
1544426400,57.48,57.62,57.62,57.61,6.0
1544426700,57.71,57.71,57.71,57.71,0.24
1544427000,57.42,57.42,57.42,57.42,7.91
1544427300,57.68,57.68,57.68,57.68,0.774
1544427600,57.83,57.94,57.83,57.94,10.21
1544427900,57.83,58.01,58.01,57.83,2.04
1544428200,57.87,57.93,57.93,57.87,2.75
1544428500,57.82,57.82,57.82,57.82,0.621
1544428800,57.62,57.62,57.62,57.62,3.18
1544429700,57.21,57.61,57.61,57.22,5.99
1544430000,57.15,57.15,57.15,57.15,1.0
1544430300,56.83,57.04,57.04,56.83,27.69
1544430600,56.8,56.82,56.82,56.8,3.92
1544430900,56.68,56.88,56.79,56.88,5.24
1544431200,56.55,56.57,56.57,56.55,1.92
1544431500,56.56,56.56,56.56,56.56,6.59
1544431800,56.56,56.56,56.56,56.56,2.0
1544432100,56.55,56.59,56.59,56.55,8.27
1544432400,56.23,56.55,56.55,56.23,1.2
1544432700,55.61,56.2,56.2,55.61,33.83
1544433000,55.6,55.71,55.6,55.71,3.19
1544433600,55.9,55.9,55.9,55.9,0.356
1544433900,55.86,56.02,55.9,56.02,9.3
1544434200,56.05,56.06,56.06,56.06,1.1
1544434800,56.15,56.15,56.15,56.15,0.5
1544435100,56.13,56.13,56.13,56.13,2.0
1544435400,56.52,56.52,56.52,56.52,0.223
1544435700,56.59,56.66,56.59,56.66,3.52
1544436000,56.61,56.66,56.66,56.61,4.0
1544436300,56.6,56.6,56.6,56.6,1.0
1544436600,56.68,56.68,56.68,56.68,1.0
1544436900,56.51,56.54,56.54,56.51,2.4
1544437200,56.5,56.5,56.5,56.5,2.06
1544437500,56.72,56.72,56.72,56.72,9.85
1544437800,56.65,56.65,56.65,56.65,5.37
1544438100,56.65,56.65,56.65,56.65,3.05
1544438400,56.5,56.5,56.5,56.5,2.12
1544439000,56.7,56.73,56.7,56.73,0.175
1544439600,56.7,56.7,56.7,56.7,0.646
1544440200,56.73,57.07,56.73,56.99,1.47
1544440500,56.99,57.1,56.99,57.1,8.68
1544440800,56.87,56.95,56.87,56.95,17.21
1544441100,56.89,56.93,56.93,56.89,10.56
1544441700,56.83,56.93,56.89,56.93,3.41
1544442000,56.59,56.9,56.83,56.59,10.19
1544442600,56.68,56.79,56.77,56.77,6.21
1544442900,56.71,56.78,56.77,56.78,4.26
1544443200,56.55,56.78,56.78,56.56,103.37
1544443800,56.38,56.53,56.45,56.4,24.04
1544444100,56.43,56.48,56.43,56.48,18.95
1544444400,56.44,56.53,56.44,56.53,1.05
1544444700,56.52,56.58,56.52,56.58,2.0
1544445000,56.55,56.57,56.57,56.55,3.56
1544445300,56.28,56.5,56.28,56.44,20.76
1544445600,56.36,56.56,56.37,56.36,2.26
1544445900,56.37,56.38,56.37,56.38,2.86
1544446200,56.38,56.38,56.38,56.38,3.3
1544446500,56.24,56.38,56.38,56.24,18.14
1544446800,56.47,56.5,56.47,56.5,17.32
1544447100,56.37,56.65,56.37,56.65,10.66
1544448300,56.55,56.59,56.55,56.59,10.9
1544448600,56.55,56.66,56.58,56.65,5.0
1544448900,56.47,56.65,56.52,56.58,9.02
1544449200,56.41,56.62,56.6,56.62,36.69
1544449500,56.39,56.56,56.39,56.56,1.35
1544449800,56.52,56.66,56.52,56.66,2.4
1544450100,56.57,56.58,56.57,56.58,0.966
1544450400,56.39,56.58,56.58,56.39,4.32
1544451000,56.34,56.34,56.34,56.34,2.0
1544451300,56.11,56.37,56.2,56.37,72.66
1544451600,56.18,56.18,56.18,56.18,1.72
1544451900,56.14,56.22,56.22,56.14,1.02
1544452200,56.22,56.27,56.22,56.27,51.94
1544452500,56.13,56.35,56.13,56.14,13.21
1544452800,56.14,56.14,56.14,56.14,1.0
1544453100,56.24,56.25,56.24,56.25,1.72
1544453400,56.27,56.36,56.36,56.27,7.03
1544453700,56.1,56.25,56.25,56.22,1.39
1544454000,55.24,56.1,56.1,55.24,6.7
1544454300,54.65,55.1,55.1,54.65,1.38
1544454600,54.67,55.02,54.67,55.02,3.3
1544454900,54.93,54.95,54.94,54.95,10.91
1544455200,55.0,55.0,55.0,55.0,1.77
1544455500,54.8,55.01,55.01,54.89,8.28
1544455800,54.8,54.83,54.8,54.83,7.56
1544456100,54.73,54.96,54.81,54.73,16.81
1544456400,54.96,55.33,54.96,55.05,10.2
1544456700,55.02,55.05,55.02,55.05,12.25
1544457000,54.81,55.09,55.05,54.81,139.78
1544457300,55.01,55.02,55.02,55.01,7.46
1544457600,54.68,56.0,54.98,56.0,18.29
1544457900,56.29,56.59,56.44,56.29,24.54
1544458200,56.44,56.66,56.44,56.61,12.09
1544458500,56.04,56.47,56.46,56.41,18.8
1544458800,56.2,56.4,56.2,56.4,2.0
1544459100,56.12,56.26,56.22,56.12,22.86
1544459400,55.93,56.27,56.24,56.27,14.13
1544459700,56.15,56.27,56.27,56.27,24.61
1544460000,56.29,56.29,56.29,56.29,2.6
1544460300,55.96,56.21,56.06,56.21,4.76
1544460600,56.22,56.56,56.35,56.22,108.75
1544460900,56.16,56.34,56.34,56.29,9.76
1544461200,56.05,56.14,56.14,56.05,21.45
1544461500,55.88,56.05,55.88,56.02,11.81
1544461800,56.02,56.09,56.09,56.02,9.7
1544462100,55.43,55.8,55.8,55.43,6.53
1544462400,54.42,55.16,55.11,55.16,92.28
1544462700,55.06,55.09,55.06,55.09,2.2
1544463000,54.91,55.09,55.09,54.99,8.17
1544463300,54.74,54.99,54.99,54.99,5.25
1544463900,54.66,54.86,54.66,54.71,12.07
1544464200,54.85,54.91,54.91,54.86,5.03
1544464500,55.13,55.15,55.14,55.13,5.66
1544464800,55.1,55.43,55.2,55.36,45.83
1544465100,55.15,55.45,55.15,55.45,4.58
1544465400,55.2,55.62,55.45,55.62,25.56
1544465700,55.42,55.79,55.57,55.79,11.43
1544466000,55.61,55.61,55.61,55.61,0.167
1544466300,55.61,55.78,55.61,55.78,0.496
