1546709880,59.24,59.36,59.29,59.36,51.0
1546709940,59.34,59.34,59.34,59.34,0.172
1546710000,59.33,59.33,59.33,59.33,0.37
1546710120,59.37,59.38,59.37,59.38,50.0
1546710360,59.28,59.28,59.28,59.28,0.151
1546710480,59.26,59.26,59.26,59.26,2.47
1546710600,59.32,59.32,59.32,59.32,1.0
1546710660,59.26,59.26,59.26,59.26,1.0
1546710720,59.1,59.11,59.11,59.1,2.08
1546710780,59.28,59.31,59.31,59.28,2.81
1546711020,59.14,59.28,59.28,59.28,3.92
1546711200,59.02,59.11,59.11,59.02,25.12
1546711260,59.14,59.15,59.14,59.15,0.23
1546711380,59.19,59.19,59.19,59.19,1.63
1546711740,59.07,59.08,59.08,59.07,0.996
1546711860,59.22,59.22,59.22,59.22,1.37
1546711980,59.07,59.07,59.07,59.07,2.0
1546712040,59.14,59.15,59.14,59.15,16.58
1546712100,59.22,59.23,59.22,59.22,1.79
1546712220,59.14,59.2,59.15,59.2,7.09
1546712340,59.17,59.17,59.17,59.17,0.639
1546712460,59.17,59.23,59.17,59.23,6.87
1546712520,59.24,59.24,59.24,59.24,0.806
1546712580,59.23,59.24,59.24,59.23,11.16
1546712640,59.22,59.25,59.24,59.25,2.99
1546712700,59.24,59.24,59.24,59.24,1.32
1546712760,59.25,59.25,59.25,59.25,0.227
1546712880,59.27,59.27,59.27,59.27,2.0
1546713000,59.26,59.26,59.26,59.26,1.28
1546713060,59.27,59.27,59.27,59.27,1.84
1546713120,59.26,59.26,59.26,59.26,45.45
1546713180,59.26,59.26,59.26,59.26,5.5
1546713300,59.27,59.27,59.27,59.27,2.1
1546713360,59.27,59.27,59.27,59.27,0.0193
1546713480,59.27,59.27,59.27,59.27,1.04
1546713540,59.27,59.27,59.27,59.27,0.5
1546713600,59.26,59.26,59.26,59.26,1.07
1546713660,59.2,59.26,59.26,59.21,14.91
1546713720,59.01,59.11,59.1,59.01,49.5
1546713840,59.09,59.09,59.09,59.09,0.253
1546713900,59.16,59.16,59.16,59.16,0.227
1546713960,59.12,59.12,59.12,59.12,2.02
1546714020,59.12,59.12,59.12,59.12,3.01
1546714080,59.06,59.08,59.08,59.08,5.0
1546714140,59.08,59.08,59.08,59.08,1.01
1546714200,59.08,59.08,59.08,59.08,0.0962
1546714260,59.05,59.05,59.05,59.05,1.5
1546714380,59.04,59.05,59.04,59.05,10.9
1546714440,59.0,59.04,59.04,59.0,6.3
1546714560,58.96,58.96,58.96,58.96,6.0
1546714620,58.96,58.96,58.96,58.96,3.32
1546714740,58.96,58.96,58.96,58.96,0.152
1546714800,58.85,58.96,58.96,58.93,4.53
1546714860,58.86,58.86,58.86,58.86,0.313
1546714980,58.88,58.9,58.9,58.88,0.473
1546715160,58.85,58.85,58.85,58.85,6.83
1546715220,58.88,58.88,58.88,58.88,0.879
1546715520,58.8,58.8,58.8,58.8,0.281
1546715640,58.76,58.76,58.76,58.76,0.306
1546715700,58.75,58.78,58.78,58.75,1.34
1546715880,58.76,58.76,58.76,58.76,14.18
1546716060,58.76,58.76,58.76,58.76,1.47
1546716120,58.79,58.8,58.8,58.79,10.64
1546716180,58.82,58.82,58.82,58.82,1.0
1546716300,58.75,58.76,58.76,58.75,3.18
1546716420,58.75,58.76,58.75,58.76,1.77
1546716600,58.78,58.82,58.82,58.78,1.79
1546716660,58.69,58.71,58.71,58.69,3.56
1546716720,58.75,58.75,58.75,58.75,8.34
1546716840,58.75,58.75,58.75,58.75,2.07
1546717140,58.7,58.75,58.75,58.75,7.71
1546717260,58.74,58.89,58.74,58.89,12.26
1546717320,58.83,58.83,58.83,58.83,10.57
1546717380,58.63,58.88,58.75,58.88,11.06
1546717440,58.82,58.82,58.82,58.82,3.0
1546717500,58.74,58.84,58.75,58.84,27.31
1546717560,58.82,58.82,58.82,58.82,0.161
1546717740,58.81,58.81,58.81,58.81,2.0
1546717800,58.79,58.79,58.79,58.79,0.1
1546717860,58.6,58.79,58.79,58.6,9.06
1546717920,58.59,58.59,58.59,58.59,3.0
1546717980,58.72,58.73,58.72,58.73,1.98
1546718040,58.6,58.6,58.6,58.6,0.0281
1546718100,58.68,58.68,58.68,58.68,1.71
1546718220,58.6,58.6,58.6,58.6,0.0444
1546718400,58.72,58.74,58.74,58.72,1.12
1546718520,58.68,58.7,58.7,58.68,0.977
1546718580,58.69,58.69,58.69,58.69,1.02
1546718640,58.39,58.66,58.66,58.39,18.5
1546718700,58.64,58.7,58.64,58.7,1.65
1546718880,58.47,58.47,58.47,58.47,1.77
1546718940,58.51,58.67,58.51,58.67,0.897
1546719000,58.55,58.68,58.66,58.68,0.519
1546719240,58.68,58.68,58.68,58.68,0.475
1546719360,58.58,58.62,58.58,58.62,0.722
1546719480,58.66,58.66,58.66,58.66,0.399
1546719840,58.61,58.61,58.61,58.61,0.815
1546720140,58.43,58.43,58.43,58.43,4.58
1546720320,58.43,58.43,58.43,58.43,10.05
1546720740,58.49,58.49,58.49,58.49,1.11
1546720800,58.7,58.7,58.7,58.7,9.29
1546720980,58.69,58.7,58.7,58.69,3.64
1546721100,58.66,58.66,58.66,58.66,0.153
1546721340,58.72,58.72,58.72,58.72,0.15
1546721400,58.57,58.66,58.66,58.57,2.46
1546721460,58.48,58.48,58.48,58.48,0.285
1546722060,58.48,58.48,58.48,58.48,10.0
1546722120,58.69,58.69,58.69,58.69,1.0
1546722240,58.71,58.75,58.71,58.75,9.41
1546722300,58.77,58.77,58.77,58.77,0.28
1546722420,58.8,58.8,58.8,58.8,0.0291
1546722480,58.68,58.8,58.8,58.68,0.323
1546722720,58.59,58.59,58.59,58.59,2.32
1546722840,58.57,58.58,58.58,58.57,1.34
1546722900,58.58,58.83,58.58,58.67,3.02
1546723020,58.83,58.92,58.83,58.92,33.01
1546723080,58.83,58.83,58.83,58.83,1.05
1546723200,58.79,58.8,58.79,58.8,1.25
1546723380,58.66,58.66,58.66,58.66,0.229
1546723440,58.66,58.84,58.66,58.84,34.0
1546723500,58.68,58.69,58.69,58.68,23.82
1546723560,58.65,58.66,58.66,58.65,0.299
1546723620,58.6,58.66,58.66,58.6,2.28
1546723800,58.48,58.56,58.56,58.48,19.6
1546723860,58.45,58.58,58.58,58.45,0.689
1546723920,58.63,58.63,58.63,58.63,2.07
1546723980,58.63,58.63,58.63,58.63,0.815
1546724040,58.44,58.45,58.45,58.44,10.09
1546724100,58.56,58.56,58.56,58.56,3.0
1546724160,58.54,58.54,58.54,58.54,17.18
1546724220,58.64,58.64,58.64,58.64,4.1
1546724400,58.58,58.59,58.58,58.59,11.69
1546724520,58.64,58.69,58.69,58.64,1.65
1546724580,58.7,58.75,58.7,58.74,1.64
1546724640,58.66,58.66,58.66,58.66,0.51
1546725000,58.66,58.66,58.66,58.66,0.499
1546725540,58.7,58.74,58.7,58.74,1.0
1546725600,58.72,58.72,58.72,58.72,1.0
1546725660,58.74,58.74,58.74,58.74,1.2
1546725720,58.68,58.68,58.68,58.68,4.0
1546725840,58.54,58.66,58.66,58.54,0.946
1546725900,58.5,58.64,58.64,58.5,1.29
1546726080,58.18,58.5,58.5,58.18,20.19
1546726140,58.0,58.17,58.17,58.0,6.26
1546726200,57.85,58.0,58.0,57.85,17.68
1546726260,57.54,57.83,57.83,57.54,8.51
1546726380,57.78,57.78,57.78,57.78,10.49
1546726500,57.43,57.62,57.62,57.43,108.23
1546726560,57.4,57.46,57.44,57.4,21.43
1546726620,57.37,57.38,57.38,57.37,0.64
1546726680,57.3,57.32,57.32,57.3,4.18
1546726740,57.32,57.33,57.33,57.32,3.83
1546726860,57.3,57.3,57.3,57.3,11.0
1546758120,57.11,57.11,57.11,57.11,0.0178
1546758180,56.96,56.96,56.96,56.96,30.57
1546758300,56.93,56.93,56.93,56.93,2.03
1546758420,56.91,56.91,56.91,56.91,6.17
1546758720,57.01,57.01,57.01,57.01,2.01
1546758960,57.03,57.05,57.03,57.05,58.85
1546759380,56.96,57.02,57.02,56.96,9.56
1546759680,56.91,56.91,56.91,56.91,20.0
1546759800,56.86,56.9,56.9,56.86,6.82
1546759860,56.86,56.86,56.86,56.86,2.0
1546759920,56.88,56.89,56.88,56.89,0.369
1546760040,57.02,57.02,57.02,57.02,0.157
1546760160,56.93,56.93,56.93,56.93,10.0
1546760400,57.01,57.01,57.01,57.01,0.818
1546760820,57.1,57.1,57.1,57.1,1.93
1546761000,57.11,57.11,57.11,57.11,5.91
1546761120,57.07,57.07,57.07,57.07,0.837
1546761240,57.08,57.18,57.08,57.18,50.59
1546761480,57.17,57.18,57.18,57.17,1.29
1546761600,57.1,57.15,57.1,57.15,7.28
1546761720,57.09,57.09,57.09,57.09,2.02
1546761780,57.07,57.07,57.07,57.07,0.17
1546761960,57.0,57.0,57.0,57.0,0.41
1546762260,56.98,56.99,56.98,56.99,1.22
1546762560,57.01,57.15,57.01,57.15,0.838
1546762620,57.05,57.05,57.05,57.05,0.157
1546762680,57.04,57.05,57.05,57.04,4.36
1546762860,57.16,57.16,57.16,57.16,0.157
1546762920,57.02,57.02,57.02,57.02,0.157
1546763580,56.89,56.9,56.9,56.89,2.53
1546763640,56.86,56.86,56.86,56.86,2.0
1546763760,56.85,56.85,56.85,56.85,21.02
1546764180,56.93,56.93,56.93,56.93,3.45
1546764600,56.86,56.86,56.86,56.86,0.324
1546764720,56.82,56.83,56.82,56.83,10.35
1546764960,56.98,56.98,56.98,56.98,5.17
1546765500,57.01,57.14,57.01,57.14,4.71
1546765560,57.15,57.15,57.15,57.15,0.0698
1546765860,57.15,57.19,57.15,57.19,3.81
1546765920,56.94,56.94,56.94,56.94,3.88
1546765980,57.06,57.06,57.06,57.06,0.1
1546766220,57.04,57.04,57.04,57.04,0.0751
1546766340,57.01,57.03,57.01,57.03,6.07
1546766460,57.15,57.15,57.15,57.15,2.21
1546766520,57.08,57.08,57.08,57.08,0.357
1546766880,57.07,57.07,57.07,57.07,1.52
1546767060,57.12,57.12,57.12,57.12,1.0
1546768260,57.01,57.01,57.01,57.01,0.41
1546768560,57.07,57.07,57.07,57.07,0.0797
1546768860,56.98,56.99,56.99,56.98,1.13
1546768980,56.88,56.9,56.9,56.88,3.0
1546769040,56.91,56.91,56.91,56.91,1.17
1546769100,56.99,56.99,56.99,56.99,0.23
1546769160,56.92,56.92,56.92,56.92,0.18
1546769460,56.91,56.91,56.91,56.91,20.72
1546769760,56.98,56.98,56.98,56.98,1.43
1546769880,56.91,57.03,56.91,57.03,1.91
1546770000,56.99,56.99,56.99,56.99,4.0
1546770300,56.94,56.96,56.96,56.94,0.177
1546770360,56.97,56.97,56.97,56.97,1.0
1546770420,56.96,56.96,56.96,56.96,4.72
1546770480,56.95,56.95,56.95,56.95,0.12
1546770600,56.94,56.95,56.94,56.95,24.6
1546770780,57.14,57.15,57.14,57.15,1.76
1546770840,57.2,57.2,57.2,57.2,0.3
1546770900,57.3,57.3,57.3,57.3,0.1
1546771080,57.3,57.3,57.3,57.3,0.2
1546771140,57.4,57.61,57.4,57.61,2.39
1546771200,57.56,57.56,57.56,57.56,2.09
1546771260,57.62,57.63,57.62,57.63,0.32
1546771920,57.57,57.57,57.57,57.57,0.365
1546772100,57.57,57.58,57.57,57.58,1.12
1546772160,57.52,57.52,57.52,57.52,0.946
1546772340,57.41,57.41,57.41,57.41,0.946
1546772400,57.56,57.56,57.56,57.56,0.75
1546772460,57.51,57.51,57.51,57.51,0.75
1546772700,57.63,57.63,57.63,57.63,0.944
1546772880,57.64,57.67,57.64,57.67,1.5
1546773000,57.72,57.73,57.72,57.73,1.09
1546773180,57.72,57.72,57.72,57.72,0.0364
1546773240,57.61,57.61,57.61,57.61,11.0
1546773420,57.62,57.64,57.64,57.62,9.9
1546773540,57.58,57.58,57.58,57.58,2.08
1546773600,57.58,57.58,57.58,57.58,8.49
1546773900,57.51,57.51,57.51,57.51,2.01
1546774020,57.28,57.45,57.45,57.28,2.25
1546774560,57.51,57.51,57.51,57.51,0.947
1546774740,57.51,57.51,57.51,57.51,1.0
1546775340,57.49,57.53,57.49,57.53,2.7
1546775760,57.47,57.47,57.47,57.47,0.947
1546775940,57.48,57.48,57.48,57.48,2.9
1546776000,57.48,57.49,57.48,57.49,2.0
1546776120,57.52,57.52,57.52,57.52,0.32
1546776660,57.39,57.39,57.39,57.39,0.832
1546777680,57.5,57.5,57.5,57.5,1.0
1546777800,57.44,57.44,57.44,57.44,1.67
1546777920,57.44,57.44,57.44,57.44,4.41
1546777980,57.43,57.44,57.44,57.43,0.507
1546778100,57.41,57.41,57.41,57.41,1.5
1546778160,57.31,57.31,57.31,57.31,0.0264
1546778220,57.3,57.3,57.3,57.3,1.72
1546778400,57.29,57.29,57.29,57.29,0.131
1546778580,57.28,57.28,57.28,57.28,0.108
1546778700,57.22,57.22,57.22,57.22,1.92
1546778760,57.2,57.2,57.2,57.2,0.301
1546811280,61.29,61.29,61.29,61.29,0.848
1546811340,61.33,61.33,61.33,61.33,0.0713
1546811400,61.31,61.31,61.31,61.31,2.04
1546811460,61.29,61.34,61.33,61.29,3.02
1546811520,61.29,61.29,61.29,61.29,7.7
1546811580,61.3,61.3,61.3,61.3,9.47
1546811640,61.29,61.3,61.29,61.3,12.31
1546811700,61.29,61.29,61.29,61.29,18.02
1546811760,61.3,61.34,61.3,61.34,4.02
1546811880,61.29,61.29,61.29,61.29,4.02
1546812000,61.29,61.3,61.29,61.3,0.495
1546812120,61.3,61.3,61.3,61.3,0.0742
1546812180,61.3,61.35,61.3,61.35,1.55
1546812240,61.31,61.31,61.31,61.31,1.07
1546812420,61.3,61.39,61.39,61.3,1.45
1546812480,61.3,61.3,61.3,61.3,2.04
1546812540,61.29,61.45,61.4,61.29,41.42
1546812600,61.29,61.4,61.29,61.29,35.27
1546812720,61.22,61.34,61.34,61.22,9.5
1546812780,61.2,61.2,61.2,61.2,0.301
1546812900,61.15,61.28,61.15,61.28,1.1
1546812960,60.95,61.27,61.1,61.27,17.43
1546813020,61.2,61.2,61.2,61.2,1.56
1546813080,61.13,61.13,61.13,61.13,1.66
1546813140,61.05,61.13,61.05,61.13,6.58
1546813260,61.02,61.2,61.02,61.2,0.632
1546813560,61.02,61.02,61.02,61.02,4.0
1546813620,61.0,61.0,61.0,61.0,0.301
1546813800,61.07,61.07,61.07,61.07,1.0
1546813920,60.98,60.98,60.98,60.98,0.677
1546813980,60.98,60.98,60.98,60.98,0.445
1546814040,60.98,60.98,60.98,60.98,0.543
1546814220,61.1,61.1,61.1,61.1,0.505
1546814280,61.12,61.12,61.12,61.12,0.163
1546814340,61.13,61.13,61.13,61.13,2.0
1546814460,60.95,60.95,60.95,60.95,4.38
1546814580,60.95,60.95,60.95,60.95,0.94
1546814640,61.11,61.11,61.11,61.11,0.782
1546815000,60.95,60.95,60.95,60.95,0.354
1546815120,60.95,60.95,60.95,60.95,0.0374
1546815180,61.01,61.01,61.01,61.01,0.114
1546815300,60.92,60.93,60.93,60.92,22.78
1546815360,60.85,60.85,60.85,60.85,0.288
1546815420,60.96,61.0,61.0,60.96,3.36
1546815540,60.93,60.93,60.93,60.93,1.0
1546815600,60.92,60.92,60.92,60.92,0.302
1546815660,60.94,60.94,60.94,60.94,1.01
1546815960,60.92,60.95,60.94,60.95,181.04
1546816020,61.2,61.24,61.2,61.24,1.0
1546816260,61.21,61.21,61.21,61.21,0.398
1546816320,61.22,61.22,61.22,61.22,2.0
1546816380,61.18,61.34,61.25,61.18,7.82
1546816500,61.15,61.19,61.15,61.19,1.95
1546816560,61.19,61.2,61.19,61.2,45.73
1546816680,61.34,61.35,61.35,61.34,3.0
1546816740,61.38,61.4,61.38,61.4,2.03
1546816800,61.38,61.39,61.38,61.39,4.29
1546816920,61.31,61.39,61.39,61.31,5.39
1546817160,61.4,61.43,61.4,61.43,5.58
1546817220,61.42,61.42,61.42,61.42,1.0
1546817520,61.22,61.23,61.22,61.23,23.0
1546817580,61.25,61.25,61.25,61.25,0.146
1546817640,61.21,61.21,61.21,61.21,0.0652
1546817700,61.21,61.21,61.21,61.21,0.301
1546817760,61.15,61.15,61.15,61.15,0.301
1546817820,61.16,61.16,61.16,61.16,0.325
1546817880,61.11,61.19,61.11,61.19,12.24
1546818000,60.9,61.11,61.11,61.09,17.04
1546818120,61.12,61.12,61.12,61.12,7.0
1546818300,60.9,61.07,60.9,61.03,8.68
1546818420,61.07,61.13,61.07,61.13,45.0
1546818540,61.0,61.13,61.01,61.0,10.62
1546818600,61.06,61.06,61.06,61.06,4.01
1546818780,61.14,61.14,61.14,61.14,0.0653
1546818840,61.11,61.11,61.11,61.11,4.0
1546818960,61.15,61.15,61.15,61.15,2.05
1546819320,61.2,61.33,61.2,61.26,18.23
1546819380,61.35,61.37,61.35,61.37,7.99
1546819440,61.4,61.43,61.4,61.43,1.09
1546819500,61.45,61.46,61.45,61.46,4.38
1546819620,61.5,61.56,61.5,61.56,2.71
1546819680,61.6,61.6,61.6,61.6,0.154
1546819860,61.61,61.61,61.61,61.61,1.0
1546819980,61.61,61.61,61.61,61.61,1.0
1546820040,61.6,61.61,61.61,61.6,1.2
1546820160,61.48,61.49,61.48,61.49,6.22
1546820220,61.36,61.36,61.36,61.36,1.12
1546820340,61.35,61.35,61.35,61.35,0.301
1546820580,61.15,61.35,61.35,61.15,1.07
1546820760,61.29,61.29,61.29,61.29,1.02
1546820820,61.15,61.3,61.3,61.15,9.31
1546820880,61.18,61.35,61.35,61.18,15.98
1546820940,61.14,61.35,61.35,61.14,11.99
1546821000,61.28,61.34,61.28,61.34,12.0
1546821060,61.18,61.53,61.38,61.53,19.84
1546821180,61.55,61.57,61.55,61.57,11.98
1546821240,61.59,61.59,61.59,61.59,2.05
1546821420,61.6,61.6,61.6,61.6,0.0488
1546821540,61.6,61.72,61.6,61.72,2.37
1546821660,61.72,61.78,61.72,61.78,0.899
1546821840,61.66,61.66,61.66,61.66,0.166
1546821960,61.53,61.55,61.55,61.53,4.02
1546822020,61.28,61.5,61.5,61.28,2.26
1546822140,61.41,61.53,61.41,61.53,5.21
1546822200,61.53,61.53,61.53,61.53,1.38
1546822320,61.31,61.34,61.34,61.31,17.85
1546822380,61.52,61.52,61.52,61.52,2.0
1546822620,61.46,61.46,61.46,61.46,3.99
1546822680,61.25,61.3,61.3,61.25,1.03
1546822800,61.29,61.46,61.29,61.46,1.06
1546822860,61.33,61.43,61.43,61.37,21.51
1546822980,61.27,61.27,61.27,61.27,1.72
1546823040,61.27,61.27,61.27,61.27,2.0
1546823100,61.31,61.32,61.31,61.32,5.68
1546823160,60.95,61.25,61.25,60.95,92.55
1546823280,61.14,61.14,61.14,61.14,2.2
1546823400,61.1,61.1,61.1,61.1,1.02
1546823580,61.17,61.17,61.17,61.17,5.0
1546823640,61.1,61.1,61.1,61.1,6.49
1546823760,61.0,61.0,61.0,61.0,8.61
1546823880,61.07,61.09,61.07,61.09,0.75
1546824300,60.68,60.9,60.9,60.68,100.25
1546824360,60.94,60.94,60.94,60.94,0.172
1546824420,60.92,60.93,60.93,60.92,8.25
1546824720,61.0,61.01,61.0,61.01,4.15
1546824840,60.92,60.92,60.92,60.92,1.09
1546825140,60.88,60.97,60.97,60.88,2.88
1546825380,60.98,60.98,60.98,60.98,0.962
1546825500,60.95,60.95,60.95,60.95,13.41
1546825980,61.02,61.07,61.02,61.07,0.62
1546826040,60.94,61.16,61.07,60.94,1.42
1546826220,60.99,61.03,61.03,60.99,2.04
1546826280,60.99,60.99,60.99,60.99,0.783
1546826340,60.99,60.99,60.99,60.99,1.0
1546826460,60.95,60.98,60.97,60.98,11.58
1546826520,61.01,61.01,61.01,61.01,1.09
1546826640,60.88,60.88,60.88,60.88,3.35
1546826700,61.0,61.0,61.0,61.0,10.0
1546826760,60.89,60.89,60.89,60.89,0.18
1546826940,60.98,60.98,60.98,60.98,1.05
1546827180,60.87,60.87,60.87,60.87,2.0
1546827240,60.99,61.0,60.99,61.0,3.14
1546827300,60.99,60.99,60.99,60.99,3.21
1546827360,61.0,61.0,61.0,61.0,0.783
1546827420,61.0,61.0,61.0,61.0,3.14
1546827480,61.0,61.0,61.0,61.0,15.81
1546827540,60.89,60.89,60.89,60.89,0.495
1546827960,60.46,60.85,60.85,60.46,500.0
1546828020,60.77,60.77,60.77,60.77,0.0202
1546828080,60.79,60.8,60.8,60.79,7.37
1546828140,60.78,60.79,60.79,60.78,4.17
1546828200,60.78,60.78,60.78,60.78,0.156
1546828260,60.78,60.78,60.78,60.78,8.07
1546828440,60.77,60.77,60.77,60.77,17.53
1546828500,60.78,60.83,60.78,60.83,101.5
1546828560,60.83,60.83,60.83,60.83,1.8
1546828620,60.83,60.83,60.83,60.83,1.2
1546828740,60.83,60.98,60.83,60.98,1.18
1546828800,60.89,60.89,60.89,60.89,0.0165
1546828920,60.93,60.93,60.93,60.93,3.0
1546828980,60.92,60.92,60.92,60.92,1.01
1546829040,60.8,60.8,60.8,60.8,0.958
1546829160,60.88,60.89,60.88,60.89,2.04
1546829220,60.9,60.92,60.9,60.92,1.17
1546829340,60.82,60.82,60.82,60.82,0.987
1546829400,60.82,60.82,60.82,60.82,2.77
1546829460,60.79,60.79,60.79,60.79,10.07
1546829520,60.78,60.78,60.78,60.78,8.27
1546830120,60.97,60.97,60.97,60.97,0.0123
1546830300,60.96,60.96,60.96,60.96,1.01
1546830540,60.97,60.97,60.97,60.97,1.0
1546830660,61.0,61.03,61.0,61.03,4.27
1546830780,61.03,61.03,61.03,61.03,4.6
1546830840,61.0,61.0,61.0,61.0,0.302
1546830900,60.96,60.99,60.96,60.99,1.86
1546830960,60.99,60.99,60.99,60.99,0.707
1546831020,60.99,60.99,60.99,60.99,0.0654
1546831080,60.99,61.0,60.99,61.0,2.0
1546831140,60.96,60.96,60.96,60.96,0.0725
1546831320,61.0,61.0,61.0,61.0,0.123
1546831560,61.0,61.0,61.0,61.0,1.0
1546831680,61.0,61.0,61.0,61.0,1.13
1546831800,60.99,61.0,61.0,60.99,0.187
1546831860,61.0,61.19,61.0,61.19,4.25
