1536036300,283.27,283.34,283.34,283.27,65.80381589
1536036360,282.85,283.27,283.26,282.85,72.37015213999999
1536036420,282.85,283.05,282.86,283.05,15.107396229999999
1536036480,283.04,283.27,283.04,283.27,126.17869157999999
1536036540,283.26,283.99,283.26,283.99,91.05829447000002
1536036600,283.98,284.22,283.99,284.22,25.61993922
1536036660,284.09,284.21,284.21,284.1,12.38519961
1536036720,284.09,284.48,284.1,284.47,49.78339794
1536036780,284.47,284.48,284.48,284.47,6.493224799999999
1536036840,284.47,284.79,284.48,284.79,24.715587910000004
1536036900,284.78,284.79,284.79,284.79,0.58668706
1536036960,284.79,284.79,284.79,284.79,12.67670569
1536037020,284.78,284.79,284.79,284.79,41.95189503
1536037080,284.79,285.08,284.79,285.08,143.05943203999996
1536037140,285.07,285.08,285.08,285.07,1.21701552
1536037200,284.49,285.08,285.07,284.49,92.09728522999998
1536037260,284.47,284.49,284.49,284.47,42.34889819
1536037320,284.3,284.41,284.41,284.31,5.643409180000001
1536037380,284.02,284.31,284.31,284.02,26.20435595
1536037440,284.0,284.02,284.02,284.01,5.40569054
1536037500,284.0,284.01,284.01,284.01,7.006990340000001
1536037560,284.01,284.01,284.01,284.01,3.71008589
1536037620,284.0,284.01,284.01,284.0,3.46410297
1536037680,284.0,284.01,284.01,284.01,2.1060619699999994
1536037740,284.0,284.01,284.01,284.01,1.20406694
1536037800,284.0,284.01,284.01,284.01,12.38843088
1536037860,284.0,284.01,284.0,284.01,32.48773629
1536037920,284.0,284.79,284.01,284.77,304.07904056000007
1536037980,284.77,284.81,284.78,284.8,8.521477030000002
1536038040,284.81,285.08,284.81,285.08,4.9647047
1536038100,285.07,285.08,285.08,285.08,11.36865722
1536038160,285.07,285.08,285.08,285.08,15.917203490000002
1536038220,285.07,285.08,285.08,285.08,5.402354880000001
1536038280,285.08,285.08,285.08,285.08,5.4961318299999995
1536038340,285.0,285.08,285.08,285.0,24.52101138
1536038400,284.95,285.01,285.01,284.96,15.734905360000004
1536038460,284.72,284.96,284.96,284.96,21.783038629999997
1536038520,284.82,284.83,284.83,284.82,0.48284351000000003
1536038580,284.72,284.83,284.83,284.72,14.405281579999999
1536038640,284.71,284.72,284.71,284.72,7.375584
1536038700,284.5,284.72,284.72,284.5,292.3009256999999
1536038760,284.39,284.5,284.5,284.4,3.50940229
1536038820,284.4,284.4,284.4,284.4,4.5976471
1536038880,284.39,284.4,284.4,284.4,3.50572287
1536038940,284.39,284.4,284.4,284.4,0.28368688000000003
1536039000,284.39,284.4,284.4,284.4,46.46124985999999
1536039060,284.39,284.4,284.4,284.4,77.22642987
1536039120,284.39,284.4,284.4,284.39,5.661208539999999
1536039180,284.39,284.4,284.4,284.4,13.425725750000002
1536039240,284.39,284.4,284.4,284.39,5.60125721
1536039300,284.39,284.4,284.4,284.39,6.073048910000001
1536039360,284.38,284.4,284.4,284.38,33.85920796
1536039420,284.11,284.39,284.39,284.12,48.71197689
1536039480,284.11,284.12,284.12,284.11,70.85538685
1536039540,284.0,284.12,284.12,284.0,83.1879451
1536039600,283.96,283.99,283.99,283.96,82.54351835
1536039660,283.96,283.97,283.96,283.96,19.2803
1536039720,283.96,283.97,283.97,283.96,3.86237299
1536039780,283.96,283.97,283.96,283.97,4.38879586
1536039840,283.97,283.97,283.97,283.97,40.867472670000005
1536039900,283.96,283.97,283.97,283.96,6.7682564
1536039960,283.96,283.97,283.97,283.96,9.603840089999998
1536040020,283.96,283.97,283.97,283.96,32.070994109999994
1536040080,283.96,283.97,283.96,283.96,148.18018853000004
1536040140,283.96,283.97,283.97,283.96,2.66465407
1536040200,283.97,283.97,283.97,283.97,63.26361887
1536040260,283.96,283.97,283.96,283.97,2.58299158
1536040320,283.96,283.97,283.97,283.97,14.02968267
1536040380,283.97,283.97,283.97,283.97,2.00000105
1536040440,283.96,283.97,283.97,283.97,3.03508886
1536040500,283.96,283.97,283.96,283.96,21.35243721
1536040560,283.96,283.97,283.97,283.97,21.03904752
1536040620,283.96,283.97,283.96,283.97,5.38433563
1536040680,283.97,284.25,283.97,284.25,15.96719033
