1537908660,213.36,213.8,213.36,213.53,452.63661958999995
1537908720,213.14,213.53,213.53,213.14,51.9520805
1537908780,213.14,213.15,213.15,213.15,100.46151628000001
1537908840,213.14,213.79,213.14,213.4,454.37393044999993
1537908900,213.17,213.77,213.45,213.49,307.2769741800001
1537908960,213.38,213.49,213.49,213.38,48.95117232
1537909020,213.16,214.34,213.38,214.07,625.0931574099998
1537909080,213.82,214.2,213.83,214.2,60.85093863
1537909140,213.86,214.2,214.19,213.91,22.830590200000003
1537909200,213.91,214.17,213.91,214.17,170.18960815999998
1537909260,213.95,214.17,214.16,213.96,92.75297033000001
1537909320,213.95,213.96,213.96,213.96,31.25030661
1537909380,213.95,213.96,213.95,213.96,28.259113089999996
1537909440,213.95,215.43,213.95,215.42,432.1828177899999
1537909500,214.98,215.31,215.31,215.1,167.548878
1537909560,213.84,215.29,215.11,215.28,951.30783397
1537909620,214.74,215.33,215.28,214.83,29.381991510000006
1537909680,214.82,215.44,214.83,215.33,99.31390158
1537909740,215.05,215.44,215.43,215.06,105.90914448999999
1537909800,214.9,215.05,215.04,215.0,149.16317721000001
1537909860,214.99,215.23,214.99,215.05,185.74511569
1537909920,215.01,215.23,215.01,215.04,91.53978124
1537909980,215.17,215.72,215.17,215.71,165.60097814000002
1537910040,215.71,216.0,215.72,215.87,318.82538590999997
1537910100,215.87,215.95,215.87,215.94,40.76666002999999
1537910160,215.56,215.95,215.95,215.56,97.76809611
1537910220,214.96,215.56,215.56,214.96,82.82736733
1537910280,215.01,215.37,215.18,215.02,7.73650319
1537910340,214.89,215.02,215.02,214.91,143.36822304
1537910400,214.92,215.36,214.92,215.19,215.10896152000004
1537910460,215.19,215.2,215.2,215.2,43.51747506
1537910520,215.2,215.4,215.2,215.4,75.87667214999999
1537910580,215.39,215.5,215.4,215.5,31.17622828
1537910640,215.49,215.5,215.5,215.5,4.61884375
1537910700,215.49,215.5,215.49,215.49,13.293800189999999
1537910760,215.49,215.5,215.49,215.49,3.65613266
1537910820,215.49,215.5,215.5,215.5,35.82875826
1537910880,215.49,215.5,215.5,215.5,26.064661140000002
1537910940,215.49,215.5,215.5,215.49,26.120617720000002
1537911000,215.49,215.5,215.5,215.5,14.422995819999997
1537911060,215.21,215.5,215.5,215.21,107.74867683000002
1537911120,215.03,215.22,215.22,215.04,19.54087766
1537911180,215.0,215.04,215.04,215.0,77.59333115000001
1537911240,214.1,215.01,215.01,214.1,119.42771732999998
1537911300,214.06,214.2,214.11,214.2,304.76949020999996
1537911360,214.06,214.2,214.2,214.2,126.20341124999999
1537911420,214.19,214.43,214.2,214.43,230.51263003
1537911480,214.52,214.77,214.52,214.7,40.333243949999996
1537911540,214.7,214.71,214.71,214.7,14.60412546
1537911600,214.7,214.71,214.71,214.71,7.3152915400000005
1537911660,214.7,214.71,214.71,214.71,18.17894337
1537911720,214.7,214.89,214.71,214.88,145.14085192
1537911780,214.88,215.32,214.89,215.32,383.93121183999983
1537911840,214.75,215.2,215.2,214.96,209.46486003999996
1537911900,214.76,215.22,214.96,215.22,45.98099843
1537911960,215.47,215.48,215.48,215.48,5.43332532
1537912020,215.47,215.48,215.48,215.47,47.38260316000001
1537912080,215.47,215.48,215.48,215.48,27.88708721
1537912140,215.48,215.48,215.48,215.48,8.26127775
1537912200,215.47,215.48,215.48,215.48,76.26092967999999
1537912260,215.48,215.97,215.48,215.97,448.3318602400001
1537912320,215.96,216.19,215.97,216.19,492.84642455999995
1537912380,216.19,218.0,216.19,218.0,789.18748272
1537912440,216.9,218.0,217.99,216.9,421.0851675299998
1537912500,216.92,217.3,216.92,217.2,30.706230520000002
1537912560,217.2,217.31,217.2,217.31,182.12585853000002
1537912620,217.31,217.62,217.31,217.62,269.93147531000005
1537912680,217.39,217.62,217.62,217.4,45.21945365
1537912740,217.39,217.4,217.4,217.4,38.427081920000006
1537912800,216.94,217.4,217.4,216.94,136.41704769999998
1537912860,216.21,216.93,216.93,216.24,187.83329292
1537912920,215.95,216.5,216.38,215.95,257.38662824
1537912980,215.6,216.43,215.96,215.61,162.95241341000002
1537913040,215.65,215.83,215.83,215.82,15.09699646
1537913100,215.81,217.02,215.81,216.77,109.06484796
1537913160,215.84,216.68,216.68,215.94,1.81130862
