1543120380,104.36,104.51,104.38,104.51,651.72
1543120440,104.51,105.1,104.51,105.1,858.72
1543120500,105.09,105.4,105.1,105.13,764.98
1543120560,104.93,105.4,105.12,104.93,759.05
1543120620,104.83,105.19,104.92,104.95,171.47
1543120680,104.8,105.29,105.0,105.13,262.33
1543120740,104.96,105.17,105.13,105.05,176.11
1543120800,104.97,105.07,105.04,105.0,35.66
1543120860,104.66,105.03,105.0,104.93,258.15
1543120920,104.17,104.83,104.82,104.61,914.21
1543120980,104.54,104.61,104.61,104.59,68.17
1543121040,104.48,104.6,104.58,104.6,39.87
1543121100,104.6,104.86,104.6,104.86,127.21
1543121160,104.46,104.86,104.84,104.46,247.29
1543121220,104.46,104.62,104.62,104.46,98.54
1543121280,104.45,104.58,104.46,104.49,82.92
1543121340,104.24,104.53,104.47,104.53,180.4
1543121400,104.25,104.54,104.54,104.41,77.07
1543121460,104.17,104.45,104.41,104.22,93.02
1543121520,104.17,104.24,104.24,104.23,125.05
1543121580,104.01,104.22,104.22,104.1,44.26
1543121640,104.01,104.1,104.09,104.01,355.54
1543121700,103.21,104.02,104.02,103.41,1654.33
1543121760,103.41,103.44,103.43,103.44,74.64
1543121820,103.26,103.44,103.44,103.34,495.55
1543121880,103.27,103.34,103.34,103.27,201.82
1543121940,103.14,103.27,103.27,103.14,746.69
1543122000,103.0,103.15,103.15,103.0,1773.93
1543122060,102.93,103.71,103.06,103.49,1221.66
1543122120,103.36,103.74,103.48,103.67,333.3
1543122180,103.43,103.73,103.68,103.64,428.93
1543122240,103.68,103.82,103.68,103.77,213.57
1543122300,103.72,103.77,103.77,103.73,162.39
1543122360,103.43,103.72,103.72,103.43,316.67
1543122420,103.43,103.73,103.5,103.55,426.21
1543122480,103.08,103.5,103.5,103.08,353.11
1543122540,103.04,103.32,103.18,103.1,319.0
1543122600,102.62,103.14,103.14,102.77,483.15
1543122660,102.29,102.77,102.65,102.31,2628.49
1543122720,102.21,102.53,102.31,102.34,761.92
1543122780,102.0,102.58,102.33,102.56,1406.48
1543122840,102.4,102.98,102.43,102.98,847.51
1543122900,102.98,103.84,102.98,103.19,950.15
1543122960,103.05,103.69,103.18,103.16,509.81
1543123020,103.17,103.62,103.17,103.37,173.3
1543123080,103.14,103.37,103.37,103.28,72.75
1543123140,103.06,103.28,103.28,103.06,323.49
1543123200,103.11,103.15,103.11,103.12,250.51
1543123260,102.99,103.19,103.12,103.19,349.8
1543123320,102.83,103.34,103.19,103.33,936.27
1543123380,103.22,103.56,103.34,103.56,1110.31
1543123440,103.42,103.69,103.57,103.43,718.94
1543123500,103.4,103.6,103.43,103.6,110.12
1543123560,103.51,103.86,103.59,103.75,772.78
1543123620,103.76,103.88,103.76,103.88,419.06
1543123680,103.87,103.94,103.88,103.94,38.91
1543123740,103.72,104.06,103.94,103.72,661.36
1543123800,103.71,104.01,103.72,103.76,542.79
1543123860,103.83,103.95,103.83,103.86,273.27
1543123920,103.78,104.06,103.86,103.97,603.97
1543123980,103.32,103.97,103.95,103.62,463.89
1543124040,103.76,104.08,103.76,103.8,245.74
1543124100,103.64,103.87,103.8,103.64,48.06
1543124160,103.07,103.7,103.44,103.07,1066.14
1543124220,103.3,103.59,103.3,103.49,395.78
1543124280,103.48,103.7,103.49,103.7,190.74
1543124340,103.55,104.11,103.67,103.96,907.05
1543124400,103.84,104.1,103.93,104.0,81.58
1543124460,104.0,104.4,104.0,104.4,721.82
1543124520,104.4,104.5,104.41,104.48,60.9
1543124580,104.35,104.58,104.47,104.5,131.58
1543124640,104.35,104.55,104.52,104.35,53.66
1543124700,104.35,104.5,104.36,104.44,160.43
1543124760,104.2,104.4,104.4,104.3,141.26
1543124820,104.17,104.48,104.3,104.17,64.95
1543124880,104.15,104.31,104.23,104.28,31.75
1543124940,104.08,104.27,104.27,104.08,227.31
1543125000,104.06,104.6,104.09,104.28,743.43
1543125060,104.14,104.43,104.28,104.43,422.94
1543125120,104.15,104.28,104.22,104.27,188.88
1543125180,104.11,104.26,104.21,104.12,79.78
1543125240,104.04,104.27,104.15,104.26,224.08
1543125300,104.1,104.27,104.2,104.27,39.22
1543125360,104.21,104.27,104.27,104.23,80.57
1543125420,104.21,104.23,104.23,104.22,80.06
1543125480,104.07,104.22,104.22,104.14,15.38
1543125540,104.0,104.13,104.13,104.03,40.06
1543125600,104.0,104.06,104.02,104.04,73.57
1543125660,104.04,104.06,104.04,104.06,24.79
1543125720,104.0,104.11,104.05,104.11,106.06
1543125780,104.08,104.21,104.11,104.19,117.61
1543125840,104.14,104.25,104.18,104.18,17.75
1543125900,104.21,104.44,104.21,104.33,377.89
1543125960,104.24,105.3,104.42,105.19,2015.73
1543126020,104.9,105.2,105.16,105.07,115.64
1543126080,105.07,105.3,105.07,105.29,345.44
1543126140,105.12,105.3,105.3,105.13,87.13
1543126200,104.94,105.13,105.13,104.97,102.0
1543126260,104.87,105.06,104.87,105.04,63.32
1543126320,104.99,105.07,105.02,105.05,18.97
1543126380,104.98,105.07,105.05,105.04,87.38
1543126440,104.86,105.05,105.05,104.87,299.56
1543126500,104.68,104.9,104.88,104.68,59.25
1543126560,104.77,104.86,104.77,104.8,15.66
1543126620,104.49,104.8,104.8,104.5,399.71
1543126680,104.5,104.61,104.5,104.59,60.63
1543126740,104.39,104.75,104.59,104.73,128.84
1543126800,104.6,104.69,104.63,104.67,82.31
1543126860,104.65,104.76,104.65,104.7,28.05
1543126920,104.67,104.79,104.67,104.73,63.09
1543126980,104.56,104.71,104.71,104.56,29.24
1543127040,104.55,104.66,104.55,104.66,21.04
1543127100,104.28,104.55,104.55,104.28,193.49
1543127160,104.21,104.4,104.35,104.21,85.64
1543127220,104.34,104.47,104.36,104.44,21.76
1543127280,104.36,104.46,104.46,104.45,19.19
1543127340,104.34,104.41,104.35,104.35,44.98
1543127400,104.24,104.34,104.34,104.28,58.95
1543127460,104.25,104.32,104.25,104.32,33.57
1543127520,104.04,104.35,104.32,104.28,562.34
1543127580,104.07,104.17,104.07,104.13,121.72
1543127640,104.03,104.16,104.13,104.1,112.24
1543127700,103.7,104.1,104.1,104.07,503.6
1543127760,103.7,104.07,103.98,103.7,384.67
1543127820,103.66,103.72,103.69,103.71,20.22
1543127880,103.69,103.92,103.72,103.69,214.0
1543127940,103.77,103.92,103.86,103.91,103.69
1543128000,103.84,104.0,103.92,103.87,59.15
1543128060,103.85,103.98,103.88,103.85,57.99
1543128120,103.9,103.98,103.9,103.98,29.59
1543128180,103.89,103.98,103.89,103.98,63.05
1543128240,103.91,103.98,103.95,103.91,122.74
1543128300,103.76,103.91,103.9,103.76,133.69
1543128360,103.7,103.77,103.77,103.72,49.03
1543128420,103.7,103.77,103.72,103.7,303.38
1543128480,103.7,103.71,103.71,103.71,19.85
1543128540,103.7,103.71,103.71,103.7,27.17
1543128600,103.7,103.77,103.71,103.77,95.37
1543128660,103.76,104.27,103.76,104.12,823.66
1543128720,103.73,104.2,104.01,104.1,551.8
1543128780,103.9,104.06,104.05,103.98,70.78
1543128840,103.93,104.08,104.0,103.94,60.15
1543128900,103.94,104.1,103.94,104.1,107.67
1543128960,104.04,104.08,104.08,104.05,11.36
1543129020,103.96,104.05,104.05,104.0,46.45
1543129080,103.77,104.01,104.01,103.89,116.32
1543129140,103.84,104.44,103.84,104.11,446.13
1543129200,103.97,104.08,103.98,104.08,19.87
1543129260,104.04,104.12,104.08,104.12,54.59
1543129320,104.11,104.19,104.12,104.11,75.54
1543129380,104.04,104.31,104.11,104.23,99.15
1543129440,104.17,104.26,104.22,104.26,23.76
1543129500,104.26,104.41,104.27,104.35,135.33
1543129560,104.26,104.38,104.35,104.27,86.5
1543129620,104.18,104.4,104.27,104.4,86.16
1543129680,104.39,104.49,104.4,104.49,24.92
1543129740,104.47,104.5,104.47,104.5,38.59
1543129800,104.5,104.94,104.5,104.74,454.42
1543129860,104.7,104.89,104.78,104.7,39.13
1543129920,104.55,104.83,104.69,104.81,56.09
1543129980,104.74,104.82,104.82,104.74,85.55
1543130040,104.66,104.74,104.74,104.66,48.96
1543130100,104.55,104.67,104.67,104.56,20.23
1543130160,104.45,104.65,104.61,104.57,164.57
1543130220,104.52,104.63,104.56,104.59,83.24
1543130280,104.46,104.53,104.53,104.49,34.59
1543130340,104.51,104.57,104.54,104.57,22.19
1543130400,104.44,104.5,104.5,104.5,36.35
1543130460,104.34,104.49,104.49,104.35,46.84
1543130520,104.29,104.3,104.29,104.3,27.79
1543130580,104.23,104.3,104.3,104.3,204.78
1543130640,104.3,104.31,104.3,104.31,73.55
1543130700,104.35,104.45,104.45,104.45,137.54
1543130760,104.45,104.71,104.45,104.71,134.7
1543130820,104.66,104.71,104.71,104.69,38.88
1543130880,104.46,104.66,104.66,104.58,157.16
1543130940,104.37,104.58,104.57,104.58,26.94
1543131000,104.39,104.51,104.51,104.46,29.28
1543131060,104.44,104.49,104.44,104.49,2.09
1543131120,104.48,104.66,104.49,104.66,15.82
1543131180,104.66,105.21,104.66,104.95,1128.8
1543131240,104.64,105.11,104.92,104.64,474.3
1543131300,104.6,104.99,104.6,104.81,181.43
1543131360,104.81,104.83,104.81,104.81,5.21
1543131420,104.5,104.81,104.81,104.63,233.5
1543131480,104.58,104.62,104.62,104.58,87.43
1543131540,104.58,104.81,104.59,104.81,110.7
1543131600,104.59,104.76,104.74,104.65,117.2
1543131660,104.57,104.86,104.61,104.58,243.51
1543131720,104.52,104.6,104.58,104.59,102.8
1543131780,104.28,104.58,104.58,104.44,125.88
1543131840,104.34,104.51,104.44,104.41,56.62
1543131900,104.29,104.41,104.35,104.3,97.99
1543131960,104.3,104.56,104.3,104.41,79.55
1543132020,104.27,104.38,104.38,104.27,53.65
1543132080,104.16,104.27,104.27,104.17,114.44
1543132140,104.18,104.19,104.19,104.19,45.41
1543132200,104.18,104.28,104.19,104.28,28.86
1543132260,104.27,104.62,104.27,104.4,147.57
1543132320,104.38,104.5,104.4,104.42,114.29
1543132380,104.48,104.56,104.5,104.5,34.94
1543132440,104.46,104.66,104.56,104.53,40.02
1543132500,104.6,104.64,104.63,104.6,19.83
1543132560,104.6,104.69,104.6,104.68,72.23
1543132620,104.68,104.69,104.69,104.69,65.47
1543132680,104.69,104.69,104.69,104.69,2.27
1543132740,104.68,105.14,104.68,105.14,417.5
1543132800,104.88,105.07,105.05,104.88,17.89
1543132860,104.43,104.88,104.88,104.44,391.9
1543132920,104.44,104.71,104.44,104.66,71.24
1543132980,104.53,104.61,104.54,104.57,49.77
1543133040,104.52,104.61,104.53,104.55,85.32
1543133100,104.52,104.74,104.55,104.52,257.34
1543133160,104.42,104.52,104.52,104.42,27.15
1543133220,104.49,104.61,104.53,104.53,15.71
1543133280,104.6,104.68,104.62,104.63,18.29
1543133340,104.71,104.83,104.71,104.8,12.17
1543133400,104.82,104.87,104.82,104.86,6.1
1543133460,104.64,104.87,104.79,104.64,45.5
1543133520,104.64,104.85,104.83,104.79,62.26
1543133580,104.69,104.82,104.72,104.69,18.17
1543133640,104.54,104.69,104.69,104.58,8.9
1543133700,104.54,104.64,104.6,104.64,58.33
1543133760,104.58,104.59,104.59,104.59,10.88
1543133820,104.58,104.59,104.59,104.59,9.82
1543133880,104.59,104.61,104.59,104.61,2.01
1543133940,104.63,104.84,104.67,104.84,129.93
1543134000,104.85,105.12,104.85,105.12,206.03
1543134060,104.97,105.12,105.12,104.98,309.7
1543134120,104.98,104.98,104.98,104.98,37.21
1543134180,104.75,105.08,104.98,104.92,210.49
1543134240,104.92,105.0,104.92,105.0,17.76
1543134300,104.92,105.0,104.92,105.0,7.62
1543134360,104.86,105.15,105.0,105.15,130.9
1543134420,105.14,105.15,105.15,105.15,57.14
1543134480,105.14,105.15,105.14,105.15,88.04
1543134540,105.15,105.15,105.15,105.15,52.61
1543134600,105.0,105.15,105.15,105.01,20.19
1543134660,105.0,105.0,105.0,105.0,44.58
1543134720,104.9,105.0,105.0,104.98,32.0
1543134780,104.9,104.97,104.97,104.9,29.47
1543134840,104.47,105.0,104.9,104.96,545.54
1543134900,104.89,105.0,104.94,104.89,57.8
1543134960,104.77,104.88,104.88,104.8,18.3
1543135020,104.74,104.8,104.8,104.74,52.54
1543135080,104.63,104.74,104.74,104.63,39.68
1543135140,104.33,104.62,104.62,104.46,52.2
1543135200,104.32,104.43,104.42,104.39,39.74
1543135260,104.36,104.58,104.4,104.51,79.31
1543135320,104.52,104.55,104.55,104.53,13.08
1543135380,104.46,104.54,104.52,104.46,20.09
1543135440,104.31,104.46,104.45,104.31,78.16
1543135500,104.39,104.52,104.43,104.45,13.46
1543135560,104.35,104.45,104.45,104.39,37.18
1543135620,104.41,104.43,104.41,104.43,10.63
1543135680,104.32,104.43,104.43,104.32,19.36
1543135740,104.36,104.43,104.42,104.36,28.01
1543135800,104.35,104.53,104.43,104.36,156.42
1543135860,104.31,104.36,104.36,104.32,28.25
1543135920,104.2,104.31,104.31,104.29,62.02
1543135980,104.14,104.22,104.2,104.22,22.18
1543136040,104.14,104.2,104.18,104.14,12.8
1543136100,104.14,104.14,104.14,104.14,3.67
1543136160,104.13,104.14,104.13,104.14,30.61
1543136220,104.11,104.15,104.14,104.15,145.07
1543136280,104.12,104.29,104.19,104.29,23.04
1543136340,104.11,104.25,104.24,104.18,34.5
1543136400,104.14,104.18,104.16,104.14,28.16
1543136460,104.14,104.18,104.18,104.14,4.94
1543136520,104.13,104.14,104.14,104.13,6.93
1543136580,104.14,104.14,104.14,104.14,1.47
1543136640,104.13,104.14,104.14,104.13,8.16
1543136700,104.14,104.14,104.14,104.14,4.9
1543136760,104.13,104.14,104.14,104.13,10.85
1543136820,104.11,104.17,104.14,104.11,30.84
1543136880,104.12,104.28,104.14,104.28,8.4
1543136940,104.16,104.27,104.27,104.2,9.65
1543137000,104.2,104.28,104.2,104.2,34.89
1543137060,104.21,104.26,104.21,104.26,25.31
1543137120,104.15,104.34,104.26,104.15,9.45
1543137180,104.13,104.24,104.23,104.22,34.47
1543137240,104.21,104.27,104.21,104.27,18.73
1543137300,104.24,104.24,104.24,104.24,2.51
1543137360,104.09,104.23,104.23,104.17,38.06
1543137420,104.03,104.17,104.16,104.11,25.02
1543137480,104.0,104.06,104.06,104.0,33.18
1543137540,104.0,104.04,104.04,104.0,6.3
1543137600,103.66,104.0,104.0,103.66,151.96
1543137660,103.5,103.66,103.66,103.53,137.02
1543137720,103.43,103.53,103.53,103.43,36.59
1543137780,103.1,103.43,103.43,103.17,337.96
1543137840,103.18,103.41,103.18,103.41,8.51
1543137900,103.13,103.36,103.31,103.35,276.32
1543137960,103.05,103.35,103.35,103.05,413.23
1543138020,103.0,103.09,103.09,103.08,53.08
1543138080,102.41,103.14,103.14,102.54,869.35
1543138140,102.42,102.74,102.53,102.47,99.77
1543138200,101.99,102.55,102.46,102.09,909.06
1543138260,101.84,102.08,102.08,101.84,311.78
1543138320,101.72,102.11,101.83,102.08,1384.49
1543138380,101.76,102.08,102.08,101.76,89.85
1543138440,101.76,101.98,101.98,101.84,14.66
1543138500,101.73,101.83,101.83,101.75,118.3
1543138560,101.73,102.1,101.84,102.09,43.78
1543138620,102.1,102.1,102.1,102.1,2.08
1543138680,101.96,102.1,102.1,101.96,39.14
1543138740,101.78,101.97,101.97,101.94,13.52
1543138800,101.78,101.94,101.93,101.94,10.92
1543138860,101.73,101.82,101.8,101.74,30.49
1543138920,101.79,102.1,101.79,101.99,92.88
1543138980,101.89,102.06,102.0,102.0,14.8
1543139040,102.12,102.27,102.12,102.27,4.64
1543139100,101.8,102.26,102.26,101.8,39.06
1543139160,101.8,101.86,101.8,101.86,145.22
1543139220,101.69,101.86,101.86,101.69,1518.44
1543139280,101.2,101.69,101.69,101.2,3592.93
1543139340,101.2,101.8,101.2,101.3,1081.08
1543139400,101.34,101.8,101.34,101.73,287.51
1543139460,101.6,101.6,101.6,101.6,16.81
1543139520,101.59,101.63,101.6,101.63,96.46
1543139580,101.53,101.54,101.53,101.54,30.17
1543139640,101.35,101.56,101.53,101.35,118.27
1543139700,101.13,101.36,101.36,101.13,75.28
1543139760,100.58,101.13,101.13,100.58,2628.37
1543139820,100.57,101.63,100.57,101.18,1627.78
1543139880,101.16,101.26,101.25,101.2,508.67
1543139940,100.94,101.41,101.2,100.94,119.31
1543140000,100.75,100.93,100.93,100.8,50.23
1543140060,100.43,100.75,100.75,100.55,791.26
1543140120,100.0,100.58,100.58,100.04,3842.26
1543140180,100.0,100.23,100.02,100.23,206.76
1543140240,100.23,100.5,100.23,100.5,319.9
1543140300,100.49,100.7,100.49,100.7,375.18
1543140360,100.62,100.9,100.7,100.64,141.29
1543140420,100.34,100.66,100.66,100.41,80.31
1543140480,100.44,100.57,100.44,100.45,213.14
1543140540,100.35,100.44,100.44,100.35,42.02
