1534808640,272.25,272.5,272.25,272.5,48.31017560000001
1534808700,272.5,272.5,272.5,272.5,18.58064975
1534808760,271.71,272.49,272.49,272.02,123.11783868999999
1534808820,270.8,272.02,272.02,271.58,140.69641511000003
1534808880,271.61,272.02,272.02,271.71,56.01164498
1534808940,271.6,271.9,271.88,271.9,57.93374927000001
1534809000,270.62,271.9,271.9,271.82,495.84119440000006
1534809060,271.82,271.9,271.83,271.9,66.84833506
1534809120,271.67,271.9,271.9,271.68,25.055103009999996
1534809180,270.53,271.69,271.67,271.47,417.26775946
1534809240,271.4,271.67,271.5,271.41,75.47992553
1534809300,271.4,271.89,271.41,271.59,230.43527510000004
1534809360,271.35,271.6,271.6,271.35,27.991780440000007
1534809420,271.0,271.35,271.35,271.01,26.56553165
1534809480,271.0,271.01,271.01,271.01,11.372968869999998
