1537252020,197.97,198.0,197.97,198.0,264.37772879999994
1537252080,197.99,198.0,198.0,197.99,0.65870858
1537252140,197.99,198.0,197.99,198.0,36.873803030000005
1537252200,197.99,198.0,198.0,197.99,16.18183565
1537252260,197.5,197.75,197.75,197.51,41.42597124999999
1537252320,197.51,197.65,197.51,197.64,32.51858632
1537252380,197.5,197.64,197.64,197.54,41.83629114
1537252440,197.5,197.58,197.58,197.5,67.65327645
1537252500,197.18,197.19,197.19,197.19,6.5504234
1537252560,197.01,197.21,197.11,197.21,11.68682047
1537252620,197.06,197.36,197.06,197.19,18.46843248
1537252680,197.3,197.36,197.32,197.3,10.39835463
1537252740,197.29,197.3,197.3,197.3,22.22871744
1537252800,197.29,197.29,197.29,197.29,47.49463227
1537252860,197.13,197.13,197.13,197.13,10.89405044
1537252920,197.23,197.24,197.23,197.24,8.04175241
1537252980,197.23,197.24,197.24,197.24,63.889655829999995
1537253040,197.23,197.24,197.24,197.23,2.4093295400000003
1537253100,197.23,197.44,197.23,197.42,56.97279076
1537253160,197.4,197.44,197.4,197.41,8.739576239999998
1537253220,197.41,197.46,197.41,197.46,17.03302431
1537253280,197.45,197.47,197.46,197.47,2.99093524
1537253340,197.47,197.74,197.47,197.73,68.20383579
1537253400,197.45,197.74,197.73,197.63,64.58328283999998
1537253460,197.51,197.61,197.59,197.61,9.82212544
1537253520,197.58,197.61,197.61,197.6,9.94201771
1537253580,197.58,197.59,197.58,197.59,4.47948901
1537253640,197.58,197.59,197.59,197.58,7.62662685
1537253700,197.5,197.58,197.58,197.51,13.432687539999998
1537253760,197.54,197.54,197.54,197.54,0.24183023
