1533586620,404.19,404.42,404.34,404.42,6.93160843
1533586680,404.18,404.42,404.42,404.33,34.32887692999999
1533586740,403.1,404.33,404.33,403.87,658.7685550699998
1533586800,403.86,403.87,403.87,403.87,4.24695704
1533586860,403.86,403.87,403.87,403.87,4.80622915
1533586920,403.86,403.87,403.86,403.87,6.574783049999999
1533586980,403.86,403.87,403.86,403.87,4.372401280000001
1533587040,403.87,403.87,403.87,403.87,2.04809425
1533587100,403.76,403.87,403.86,403.77,63.87801157
1533587160,403.6,404.11,403.77,403.66,361.55499121
1533587220,403.66,403.83,403.83,403.79,34.477492770000005
1533587280,403.6,403.79,403.78,403.6,28.086148800000004
1533587340,403.56,404.1,403.6,403.56,139.14178094
1533587400,403.5,403.6,403.56,403.59,17.70231561
1533587460,403.59,403.6,403.6,403.6,18.444292080000004
1533587520,403.59,403.6,403.59,403.6,5.853377500000001
1533587580,403.59,403.6,403.59,403.6,12.22372832
1533587640,403.59,403.6,403.6,403.6,33.57532757
1533587700,403.59,403.6,403.6,403.59,2.25969699
1533587760,403.59,403.6,403.6,403.6,11.98148304
1533587820,403.59,403.6,403.59,403.6,8.751861049999999
1533587880,403.59,403.9,403.6,403.7,58.77461642999999
1533587940,403.69,403.7,403.7,403.69,6.00756598
1533588000,403.69,403.7,403.69,403.7,6.58985309
1533588060,403.69,403.7,403.7,403.7,7.005653240000001
1533588120,403.69,403.7,403.7,403.7,8.006307190000001
1533588180,403.63,403.7,403.7,403.63,24.357544970000003
1533588240,403.62,403.63,403.62,403.63,17.617775369999997
1533588300,403.62,403.63,403.63,403.62,2.97738919
1533588360,403.62,403.63,403.62,403.62,7.247423930000001
1533588420,403.62,403.63,403.62,403.63,33.04548061999999
1533588480,403.62,403.63,403.63,403.62,16.14891681
1533588540,403.62,403.63,403.63,403.62,25.31333198
1533588600,403.62,403.63,403.63,403.63,6.483984139999999
1533588660,403.62,403.63,403.63,403.63,26.38203334
1533588720,403.62,403.63,403.63,403.63,164.75087241999998
1533588780,403.62,403.63,403.62,403.63,8.17981823
1533588840,403.62,403.63,403.63,403.63,6.994404930000002
1533588900,403.62,403.63,403.62,403.63,10.68264384
1533588960,403.62,403.63,403.63,403.63,28.642380069999998
1533589020,403.62,403.63,403.62,403.62,10.13031217
1533589080,403.62,403.63,403.63,403.63,18.79040282
1533589140,403.62,403.63,403.63,403.62,53.71380571
1533589200,403.62,403.63,403.62,403.62,17.103063730000002
1533589260,403.62,403.63,403.62,403.62,114.50054259999999
1533589320,403.55,403.63,403.63,403.56,41.078802939999996
1533589380,403.55,403.56,403.56,403.55,20.43945314
1533589440,403.55,403.56,403.56,403.55,2.6522807599999996
1533589500,403.55,403.56,403.55,403.56,10.059369319999998
1533589560,403.55,403.56,403.56,403.55,14.23488994
1533589620,403.56,403.56,403.56,403.56,8.37080695
1533589680,403.55,403.56,403.55,403.55,5.858411220000001
1533589740,403.55,403.56,403.56,403.56,16.30361458
1533589800,403.55,403.56,403.55,403.56,11.78789606
1533589860,403.37,403.56,403.55,403.37,5.07753541
1533589920,403.16,403.38,403.37,403.16,31.4321528
1533589980,402.93,403.17,403.17,402.93,111.55633362999998
1533590040,402.5,402.94,402.94,402.51,119.21337568000006
1533590100,402.5,402.51,402.5,402.51,14.636303889999999
1533590160,401.5,402.51,402.51,401.51,281.4245242699997
1533590220,401.0,401.5,401.5,401.01,371.6030129799999
1533590280,401.0,401.99,401.01,401.99,205.88812687
1533590340,401.98,402.0,401.98,401.99,74.34788834
1533590400,401.99,402.23,402.0,402.0,67.26656837
1533590460,401.99,402.0,401.99,402.0,120.24544529
1533590520,401.99,402.0,401.99,401.99,44.52312141000001
1533590580,401.99,402.0,402.0,401.99,10.74721167
1533590640,401.99,402.15,401.99,402.15,93.03626882
1533590700,402.15,402.22,402.15,402.17,45.049901520000006
1533590760,401.82,402.16,402.16,401.84,32.32617887
1533590820,401.81,402.0,401.84,402.0,40.18733408
1533590880,401.99,402.0,402.0,401.99,23.723225740000004
1533590940,401.99,402.22,401.99,402.22,17.196750359999992
1533591000,401.9,402.5,402.22,401.9,103.16589655000001
1533591060,401.9,402.38,401.9,402.31,18.173314819999998
1533591120,402.06,402.43,402.31,402.43,19.12701385
1533591180,402.42,402.43,402.43,402.43,5.86551789
1533591240,402.2,402.42,402.42,402.24,31.16272799
1533591300,402.24,402.25,402.25,402.24,3.87359103
1533591360,402.24,402.25,402.25,402.25,3.71963965
1533591420,402.24,402.25,402.24,402.24,9.761037490000003
1533591480,402.24,402.25,402.25,402.25,58.978067069999994
1533591540,402.24,402.73,402.25,402.64,70.17453550000008
1533591600,402.24,402.53,402.53,402.25,30.791460300000004
1533591660,402.21,402.25,402.25,402.24,11.116721989999997
1533591720,402.24,402.25,402.25,402.24,17.39455948
1533591780,402.24,402.25,402.25,402.25,3.65160242
1533591840,402.24,402.25,402.25,402.25,94.75706187
1533591900,402.24,402.25,402.25,402.25,63.38116202999999
1533591960,402.24,402.25,402.25,402.25,3.72188663
1533592020,402.24,402.25,402.25,402.24,1.5073504899999999
1533592080,402.24,402.25,402.25,402.25,93.65139783000001
1533592140,402.24,402.25,402.24,402.24,6.504035760000001
1533592200,402.24,402.25,402.25,402.24,25.839630850000002
1533592260,402.24,402.25,402.24,402.24,13.34471744
1533592320,402.24,402.25,402.24,402.25,39.352447250000004
1533592380,402.24,402.25,402.24,402.25,3.02473659
1533592440,402.24,402.25,402.25,402.24,7.26641848
1533592500,402.2,402.25,402.25,402.2,209.95664412000002
1533592560,402.01,402.2,402.2,402.02,6.481268159999999
1533592620,401.81,402.02,402.02,401.82,49.5114335
1533592680,401.27,401.82,401.82,401.28,18.75758040000001
1533592740,401.26,401.28,401.28,401.27,34.49407227
1533592800,401.26,401.48,401.27,401.48,171.98675097
1533592860,401.48,401.83,401.48,401.72,13.30994794
1533592920,401.81,402.1,401.81,402.1,71.61332955
1533592980,402.09,402.1,402.1,402.1,41.61818727
1533593040,402.09,402.25,402.09,402.11,18.227570299999996
1533593100,401.71,402.1,402.1,401.72,68.35229990999999
1533593160,401.72,402.01,401.72,402.01,1.6221158500000001
1533593220,401.4,402.02,402.01,402.02,140.41234788000003
1533593280,401.56,402.17,401.95,402.17,43.517007539999994
1533593340,402.01,402.25,402.16,402.25,7.119710370000001
1533593400,401.75,402.25,402.23,402.03,14.716615440000002
1533593460,401.94,402.14,402.02,401.95,15.19903975
1533593520,401.95,402.0,401.95,402.0,37.18867154
1533593580,401.95,402.0,402.0,401.96,6.848651539999998
1533593640,401.76,401.96,401.96,401.76,33.353892859999995
1533593700,401.87,402.0,401.87,402.0,9.70749336
1533593760,401.99,402.0,402.0,402.0,24.884408330000003
1533593820,401.99,402.19,401.99,402.19,64.39498072999999
1533593880,402.19,402.61,402.19,402.29,20.899673219999997
1533593940,402.02,402.46,402.3,402.29,73.32175274
1533594000,402.29,402.57,402.29,402.55,46.734114479999995
1533594060,401.69,402.5,402.5,401.87,16.455423589999995
1533594120,401.82,402.26,401.93,401.83,34.06057671999999
1533594180,401.82,402.26,401.82,402.26,23.89649583
1533594240,401.95,402.26,402.26,401.95,6.315943680000001
1533594300,401.59,401.96,401.96,401.6,74.53735734000003
1533594360,401.6,401.81,401.6,401.81,6.565357569999998
1533594420,401.4,401.81,401.8,401.53,28.69463437000001
1533594480,401.52,401.53,401.53,401.52,8.23337154
1533594540,401.1,401.53,401.52,401.1,58.01166244999999
1533594600,401.33,401.56,401.46,401.52,31.48934321
1533594660,401.17,401.53,401.53,401.17,16.13516426
1533594720,401.4,401.5,401.46,401.5,10.29458528
1533594780,401.49,401.5,401.5,401.5,5.0688717
1533594840,401.49,401.5,401.49,401.5,10.385269980000002
1533594900,401.49,401.84,401.49,401.84,93.44002521
1533594960,401.82,402.0,401.84,402.0,17.266091170000006
1533595020,401.99,402.0,402.0,402.0,11.61737226
1533595080,401.99,402.0,401.99,401.99,9.89491613
1533595140,401.94,402.0,402.0,402.0,20.174294180000004
1533595200,401.99,402.0,402.0,401.99,4.34405805
1533595260,401.99,402.0,402.0,402.0,29.623651040000006
1533595320,401.99,402.0,401.99,401.99,51.11670447
1533595380,401.99,402.0,402.0,402.0,46.33289271000001
1533595440,401.99,402.65,402.0,402.62,87.60067901000008
1533595500,402.51,402.64,402.52,402.52,6.616274559999999
1533595560,402.5,402.52,402.52,402.51,17.615794400000002
1533595620,401.8,402.5,402.5,401.8,28.56111371
1533595680,401.75,401.9,401.85,401.9,22.77787152
1533595740,401.89,401.9,401.9,401.89,10.841381659999998
1533595800,401.89,402.17,401.9,402.17,21.43229283
1533595860,401.96,402.38,402.17,402.18,7.236845260000003
1533595920,402.18,402.27,402.18,402.27,3.9009020299999997
1533595980,402.26,402.36,402.26,402.36,1.63460228
1533596040,402.12,402.36,402.36,402.17,64.44433248
1533596100,402.17,402.34,402.17,402.33,15.996486020000003
1533596160,402.3,402.43,402.34,402.3,17.535977939999995
1533596220,402.39,402.43,402.39,402.43,10.392400079999998
1533596280,402.22,402.43,402.42,402.43,69.84330116000001
1533596340,402.42,402.43,402.42,402.43,7.385610259999999
1533596400,402.21,402.43,402.43,402.23,21.174770030000005
1533596460,402.22,402.4,402.27,402.23,20.986510410000005
1533596520,402.25,402.44,402.3,402.33,29.996336320000008
1533596580,402.28,402.53,402.4,402.53,25.74141955
1533596640,402.53,404.38,402.53,404.38,279.57747964999976
1533596700,404.38,405.1,404.38,405.1,129.61527300999998
1533596760,405.09,405.1,405.09,405.09,32.30535724999999
1533596820,404.72,405.1,405.09,405.01,66.31044290999998
1533596880,405.01,405.33,405.01,405.33,59.69336497
1533596940,404.73,405.33,405.33,405.33,78.44432284
1533597000,405.32,406.26,405.33,405.96,213.65150520000006
1533597060,405.96,405.97,405.97,405.97,4.48976832
1533597120,405.96,405.97,405.96,405.96,9.56688949
1533597180,405.96,405.97,405.96,405.97,21.633280770000002
1533597240,405.37,405.96,405.96,405.37,48.11446651
