1542434460,171.5,171.5,171.5,171.5,9.85
1542434520,171.53,171.68,171.53,171.68,1.31
1542434580,171.58,171.66,171.66,171.58,0.597
1542434640,171.58,171.62,171.58,171.62,13.29
1542434700,171.62,171.67,171.63,171.67,27.98
1542434760,171.68,171.7,171.68,171.7,13.13
1542434820,171.69,171.74,171.69,171.74,11.68
1542434880,171.74,171.78,171.74,171.78,5.17
1542434940,171.8,171.83,171.8,171.82,10.26
1542435000,171.38,171.71,171.71,171.54,45.5
1542435060,171.54,171.54,171.54,171.54,0.0233
1542435120,171.38,171.54,171.54,171.45,18.22
1542435180,171.49,171.54,171.51,171.49,19.16
1542435240,171.4,171.52,171.41,171.51,9.07
1542435300,171.54,171.54,171.54,171.54,1.15
1542435360,171.48,171.55,171.54,171.48,8.04
1542435420,171.54,171.55,171.54,171.54,12.58
1542435480,171.54,171.55,171.55,171.55,22.42
1542435540,171.55,171.56,171.55,171.56,25.35
1542435600,171.55,171.56,171.56,171.56,3.0
1542435660,171.56,171.7,171.56,171.61,29.67
1542435720,171.55,171.6,171.6,171.55,8.88
1542435780,171.55,171.56,171.56,171.56,4.4
1542435840,171.55,171.56,171.56,171.56,104.5
1542435900,171.55,171.85,171.55,171.85,27.3
1542435960,171.71,171.93,171.77,171.81,55.39
1542436020,171.82,171.82,171.82,171.82,0.0205
1542436080,171.81,171.82,171.82,171.81,3.23
1542436200,171.87,171.93,171.87,171.93,1.76
1542436260,171.92,171.93,171.93,171.92,1.26
1542436320,171.92,171.93,171.93,171.92,1.3
1542436380,171.93,171.93,171.93,171.93,2.95
1542436440,171.92,171.93,171.93,171.93,12.4
1542436500,171.93,171.93,171.93,171.93,1.1
1542436560,171.81,171.93,171.93,171.87,6.78
1542436620,171.87,171.99,171.87,171.99,11.44
1542436680,171.89,171.89,171.89,171.89,2.86
1542436740,171.73,171.97,171.85,171.87,1.92
1542436800,171.89,172.11,171.98,171.89,12.08
1542436860,172.0,172.08,172.0,172.06,9.4
1542436920,172.04,172.1,172.09,172.05,26.21
1542436980,172.0,172.32,172.09,172.12,68.78
1542437040,172.15,172.23,172.15,172.23,0.107
1542437100,172.14,172.29,172.14,172.16,7.62
1542437160,172.1,172.33,172.19,172.1,27.54
1542437220,172.03,172.21,172.13,172.21,7.53
1542437280,172.14,172.15,172.14,172.15,1.08
1542437340,172.14,172.32,172.15,172.14,15.29
1542437400,172.06,172.2,172.11,172.2,3.49
1542437460,172.13,172.13,172.13,172.13,0.273
1542437520,172.12,172.13,172.12,172.13,8.36
1542437580,172.12,172.13,172.12,172.13,2.19
1542437640,172.12,172.24,172.13,172.24,10.28
1542437700,172.17,172.18,172.18,172.18,0.711
1542437760,172.17,172.18,172.18,172.17,8.96
1542437820,172.18,172.18,172.18,172.18,1.06
1542437880,172.17,172.18,172.18,172.17,2.43
1542437940,172.18,172.2,172.18,172.2,4.7
1542438000,172.16,172.18,172.18,172.16,14.39
1542438060,172.11,172.19,172.11,172.19,1.35
1542438120,172.1,172.16,172.16,172.1,8.65
1542438180,172.11,172.11,172.11,172.11,1.41
1542438240,172.11,172.11,172.11,172.11,15.33
1542438300,171.88,172.1,172.1,171.88,0.872
1542438360,171.88,171.99,171.99,171.88,17.23
1542438420,171.89,171.9,171.89,171.9,4.58
1542438480,171.88,171.96,171.92,171.88,2.22
1542438540,171.96,172.0,171.96,172.0,0.352
1542438600,171.92,171.98,171.98,171.92,0.654
1542438660,171.96,172.08,171.96,172.08,2.01
1542438720,172.04,172.07,172.06,172.07,17.93
1542438780,172.06,172.1,172.07,172.1,30.81
1542438840,172.06,172.09,172.09,172.06,0.449
1542438900,172.11,172.17,172.11,172.17,0.556
1542438960,172.15,172.16,172.15,172.16,7.48
1542439020,172.2,172.23,172.2,172.23,2.23
1542439080,172.23,172.32,172.23,172.32,2.66
1542439140,172.26,172.3,172.26,172.3,0.759
1542439200,172.29,172.45,172.29,172.45,2.09
1542439260,172.45,172.8,172.45,172.8,65.71
1542439320,172.4,172.79,172.79,172.59,324.34
1542439380,172.59,172.69,172.6,172.59,1.55
1542439560,172.66,172.66,172.66,172.66,3.16
1542439620,172.66,172.78,172.66,172.78,0.42
1542439680,172.77,172.78,172.78,172.78,0.684
1542439740,172.78,172.82,172.78,172.82,54.58
1542439800,172.85,172.88,172.85,172.88,100.66
1542439860,172.89,172.89,172.89,172.89,0.276
1542439920,172.9,172.9,172.9,172.9,0.437
1542439980,172.8,172.89,172.89,172.8,17.88
1542440040,172.75,172.81,172.81,172.75,1.06
1542440100,172.67,172.71,172.71,172.67,3.45
1542440160,172.66,172.68,172.66,172.68,3.21
1542440220,172.68,172.81,172.68,172.8,0.683
1542440280,172.85,173.05,172.85,173.03,52.74
1542440340,172.96,173.05,173.05,172.96,1.27
1542440400,172.96,172.96,172.96,172.96,10.57
1542440460,172.96,172.96,172.96,172.96,2.32
1542440520,172.78,172.96,172.95,172.86,19.2
1542440580,172.68,172.85,172.85,172.68,0.614
1542440640,172.79,172.79,172.79,172.79,100.0
1542440700,172.79,172.89,172.8,172.79,35.59
1542440760,172.68,172.76,172.76,172.75,91.42
1542440820,172.79,172.89,172.79,172.89,2.81
1542440880,172.9,172.9,172.9,172.9,0.0519
1542440940,172.9,173.0,172.9,173.0,20.45
1542441000,173.0,173.0,173.0,173.0,1.16
1542441060,173.0,173.05,173.0,173.05,40.27
1542441120,173.05,173.19,173.05,173.19,155.34
1542441180,173.19,173.33,173.19,173.33,2.82
1542441240,173.32,173.33,173.33,173.32,7.37
1542441300,173.33,173.33,173.33,173.33,3.44
1542441360,173.35,173.4,173.35,173.4,3.99
1542441420,173.39,173.41,173.4,173.39,3.28
1542441480,173.4,173.41,173.4,173.41,3.58
1542441540,173.41,173.55,173.41,173.55,183.77
1542441600,173.31,173.59,173.54,173.31,63.61
1542441660,173.36,173.37,173.36,173.37,1.36
1542441720,173.36,173.37,173.37,173.36,0.16
1542441780,173.36,173.37,173.36,173.37,5.95
1542441840,173.37,173.37,173.37,173.37,0.476
1542441900,173.14,173.36,173.36,173.2,0.968
1542441960,173.14,173.15,173.15,173.14,10.77
1542442020,173.11,173.11,173.11,173.11,1.2
1542442080,173.1,173.11,173.1,173.11,7.18
1542442140,173.1,173.1,173.1,173.1,1.75
1542442200,173.1,173.1,173.1,173.1,2.0
1542442260,173.09,173.1,173.1,173.09,4.19
1542442320,173.1,173.1,173.1,173.1,1.75
1542442380,173.1,173.1,173.1,173.1,57.66
1542442440,173.09,173.1,173.09,173.1,4.77
1542442500,173.1,173.11,173.1,173.11,2.49
1542442560,173.1,173.34,173.1,173.33,9.14
1542442620,173.29,173.34,173.34,173.29,2.08
1542442680,173.29,173.29,173.29,173.29,1.57
1542442740,173.29,173.29,173.29,173.29,1.07
1542442800,173.28,173.28,173.28,173.28,20.52
1542442860,173.29,173.29,173.29,173.29,0.256
1542442920,173.29,173.29,173.29,173.29,0.557
1542442980,173.28,173.28,173.28,173.28,3.5
1542443100,173.15,173.28,173.28,173.15,12.29
1542443220,173.15,173.16,173.16,173.15,1.39
1542443280,173.16,173.16,173.16,173.16,0.881
1542443340,173.11,173.16,173.16,173.11,12.49
1542443400,173.01,173.11,173.11,173.01,1.94
1542443460,173.0,173.01,173.0,173.01,3.87
1542443520,173.01,173.22,173.01,173.21,212.04
1542443580,173.21,173.22,173.22,173.21,15.12
1542443640,173.21,173.22,173.21,173.22,9.95
1542443700,173.22,173.22,173.22,173.22,1.0
1542443760,173.21,173.21,173.21,173.21,4.56
1542443820,173.22,173.22,173.22,173.22,2.0
1542443880,173.21,173.22,173.21,173.22,5.04
1542443940,173.21,173.22,173.21,173.22,9.73
1542444000,173.21,173.22,173.22,173.22,2.54
1542444060,173.21,173.22,173.21,173.21,2.92
1542444120,173.22,173.22,173.22,173.22,6.63
1542444180,172.85,173.21,173.21,172.85,33.45
1542444240,172.84,172.86,172.84,172.86,1.62
1542444300,172.86,172.86,172.86,172.86,0.135
1542444360,172.86,172.86,172.86,172.86,1.03
1542444420,172.85,172.92,172.85,172.92,7.35
1542444480,172.82,172.92,172.92,172.82,17.76
1542444540,172.84,172.84,172.84,172.84,0.609
1542444600,172.92,172.92,172.92,172.92,0.742
1542444660,172.91,172.92,172.91,172.92,4.31
1542444720,172.91,172.92,172.92,172.92,3.72
1542444780,172.91,172.91,172.91,172.91,7.02
1542444840,172.91,172.92,172.92,172.91,0.868
1542444900,172.91,172.92,172.91,172.91,14.46
1542445080,172.92,172.92,172.92,172.92,7.95
1542445140,172.92,172.92,172.92,172.92,1.05
1542445200,172.92,172.92,172.92,172.92,0.406
1542445260,172.91,172.92,172.92,172.91,1.39
1542445320,172.91,173.16,172.91,173.16,152.79
1542445380,173.16,173.16,173.16,173.16,0.0899
1542445620,173.16,173.16,173.16,173.16,0.0518
1542445680,173.15,173.16,173.15,173.16,0.744
1542445740,173.15,173.15,173.15,173.15,20.0
1542445800,173.15,173.15,173.15,173.15,1.2
1542445860,173.05,173.16,173.16,173.05,104.95
1542445920,173.05,173.06,173.06,173.06,19.96
1542445980,173.05,173.05,173.05,173.05,4.1
1542446040,172.85,173.05,173.05,172.85,316.25
1542446100,172.86,172.86,172.86,172.86,6.86
1542446220,172.85,172.86,172.86,172.85,5.99
1542446340,172.86,172.92,172.86,172.92,1.7
1542446400,172.95,173.12,172.95,173.12,9.37
1542446460,173.15,173.16,173.15,173.16,1.75
1542446580,173.16,173.16,173.16,173.16,3.61
1542446640,173.15,173.16,173.15,173.16,0.219
1542446700,173.15,173.16,173.15,173.15,2.4
1542446760,173.16,173.17,173.16,173.17,2.05
1542446820,173.18,173.18,173.18,173.18,5.0
1542446880,173.19,173.19,173.19,173.19,1.94
1542446940,173.19,173.19,173.19,173.19,1.4
1542447000,173.18,173.19,173.19,173.18,2.68
1542447060,173.19,173.24,173.19,173.24,29.12
1542447120,173.22,173.23,173.23,173.23,1.64
1542447240,173.23,173.23,173.23,173.23,0.0572
1542447300,173.22,173.23,173.22,173.23,11.08
1542447360,173.23,173.23,173.23,173.23,2.71
1542447420,173.23,173.23,173.23,173.23,0.557
1542447480,173.22,173.23,173.22,173.23,20.53
1542447540,173.23,173.23,173.23,173.23,0.608
1542447600,173.22,173.23,173.23,173.22,11.66
1542447660,173.23,173.23,173.23,173.23,8.49
1542447720,173.23,173.23,173.23,173.23,0.0926
1542447780,173.22,173.22,173.22,173.22,0.476
1542447840,173.23,173.23,173.23,173.23,1.06
1542447900,173.23,173.23,173.23,173.23,0.276
1542447960,173.23,173.23,173.23,173.23,0.0111
1542448020,172.95,173.23,173.23,172.95,279.13
1542448080,172.92,172.93,172.93,172.92,0.525
1542448140,172.48,172.92,172.92,172.84,167.03
1542448260,172.83,172.84,172.83,172.84,0.53
1542448320,172.84,172.84,172.84,172.84,1.66
1542448380,172.83,172.84,172.84,172.83,0.275
1542448440,172.83,172.84,172.83,172.84,80.01
1542448560,172.83,172.83,172.83,172.83,2.55
1542448620,172.84,172.84,172.84,172.84,0.0519
1542448680,172.84,172.84,172.84,172.84,0.0101
1542448800,172.83,172.83,172.83,172.83,0.0994
1542448980,172.83,172.83,172.83,172.83,25.82
1542449040,172.84,172.84,172.84,172.84,0.421
1542449100,172.83,172.84,172.83,172.84,1.65
1542449160,172.84,172.84,172.84,172.84,0.505
1542449220,172.84,172.84,172.84,172.84,0.219
1542449280,172.84,172.84,172.84,172.84,0.19
1542449340,172.83,172.84,172.84,172.84,3.13
1542449400,172.83,172.84,172.83,172.84,6.69
1542449520,172.83,172.84,172.83,172.83,15.79
1542449640,172.83,172.84,172.84,172.84,5.54
1542449700,172.84,172.84,172.84,172.84,0.412
1542449760,172.83,172.83,172.83,172.83,10.68
1542449820,172.83,172.84,172.84,172.84,16.84
1542449880,172.73,172.84,172.84,172.73,122.09
1542449940,172.71,172.72,172.72,172.71,113.69
1542450000,172.64,172.64,172.64,172.64,5.18
1542450060,172.63,172.64,172.64,172.63,8.62
1542450120,172.63,172.64,172.64,172.63,18.35
1542450180,172.63,172.64,172.63,172.63,3.24
1542450240,172.57,172.63,172.63,172.57,41.51
1542450300,172.57,172.57,172.57,172.57,0.1
1542450360,172.56,172.57,172.56,172.57,5.99
1542450420,172.57,172.57,172.57,172.57,1.1
1542450480,172.56,172.57,172.57,172.56,2.85
1542450540,172.53,172.57,172.57,172.53,86.94
1542450600,172.5,172.53,172.53,172.5,28.14
1542450660,172.5,172.5,172.5,172.5,10.89
1542450720,172.45,172.49,172.49,172.45,51.51
1542450780,172.25,172.44,172.44,172.27,27.03
1542450840,172.27,172.32,172.27,172.32,66.07
1542450900,172.23,172.32,172.32,172.23,2.66
1542450960,172.23,172.23,172.23,172.23,8.0
1542451020,172.02,172.23,172.23,172.02,89.4
1542451140,172.03,172.03,172.03,172.03,1.19
1542451200,171.83,172.02,172.02,171.83,47.8
1542451260,171.82,171.83,171.83,171.83,24.97
1542451380,171.82,171.82,171.82,171.82,19.22
1542451500,171.82,171.82,171.82,171.82,4.31
1542451620,171.82,171.82,171.82,171.82,2.0
1542451680,171.82,171.83,171.83,171.83,1.81
1542451740,171.82,171.95,171.82,171.94,198.17
1542451800,171.95,172.26,171.95,172.26,8.29
1542451860,172.29,172.29,172.29,172.29,15.0
1542451920,172.29,172.3,172.29,172.3,1.52
1542451980,172.3,172.3,172.3,172.3,2.38
1542452040,172.29,172.29,172.29,172.29,0.607
1542452100,172.29,172.3,172.3,172.29,9.16
1542452160,172.3,172.3,172.3,172.3,0.22
1542452400,172.3,172.3,172.3,172.3,0.583
1542452460,172.29,172.3,172.3,172.29,2.84
1542452520,172.29,172.29,172.29,172.29,3.06
1542452640,172.29,172.3,172.3,172.29,5.42
1542452700,172.3,172.37,172.3,172.37,11.63
1542452760,172.37,172.37,172.37,172.37,4.02
1542452820,172.37,172.37,172.37,172.37,3.12
1542452880,172.36,172.42,172.37,172.42,258.17
1542452940,172.43,172.43,172.43,172.43,0.6
1542453060,172.4,172.43,172.43,172.4,10.12
1542453120,172.4,172.4,172.4,172.4,4.28
1542453180,172.39,172.4,172.4,172.4,22.52
1542453240,172.31,172.38,172.38,172.32,36.21
1542453300,172.32,172.32,172.32,172.32,1.74
1542453360,172.32,172.37,172.37,172.32,69.27
1542453480,172.3,172.31,172.3,172.31,4.8
1542453540,172.31,172.31,172.31,172.31,3.04
1542453600,172.3,172.3,172.3,172.3,18.66
1542453660,172.27,172.29,172.29,172.27,5.1
1542453720,172.27,172.27,172.27,172.27,6.59
1542453780,172.26,172.26,172.26,172.26,3.54
1542453840,172.31,172.31,172.31,172.31,0.93
1542453900,172.3,172.31,172.31,172.31,16.09
1542453960,172.31,172.31,172.31,172.31,0.107
1542454020,172.3,172.31,172.3,172.3,145.26
1542454080,172.28,172.28,172.28,172.28,0.407
1542454140,172.26,172.39,172.27,172.39,36.81
1542454200,172.31,172.31,172.31,172.31,1.13
1542454260,172.31,172.31,172.31,172.31,7.65
1542454320,172.31,172.31,172.31,172.31,1.04
1542454380,172.32,172.38,172.32,172.38,1.53
1542454440,172.38,172.4,172.38,172.4,2.66
1542454500,172.45,172.77,172.45,172.77,72.71
1542454560,172.76,172.77,172.77,172.76,14.66
1542454680,172.77,172.77,172.77,172.77,16.11
1542454740,172.77,172.77,172.77,172.77,23.33
1542454800,172.75,173.1,172.81,172.75,616.61
1542454860,172.61,172.7,172.7,172.61,47.51
1542454920,172.39,172.6,172.6,172.5,30.22
1542454980,172.47,172.48,172.48,172.47,0.534
1542455040,172.48,172.49,172.49,172.48,6.51
1542455100,172.48,172.49,172.49,172.48,4.4
1542455160,172.48,172.48,172.48,172.48,9.08
1542455220,172.48,172.49,172.48,172.49,1.18
1542455280,172.49,172.49,172.49,172.49,75.44
1542455340,172.54,172.55,172.54,172.54,1.46
1542455400,172.55,172.55,172.55,172.55,1.58
1542455460,172.54,172.55,172.55,172.55,8.68
1542455520,172.55,172.55,172.55,172.55,2.5
1542455580,172.54,172.54,172.54,172.54,2.62
1542455640,172.55,172.55,172.55,172.55,1.41
1542455700,172.54,172.55,172.55,172.54,0.247
1542455760,172.54,172.55,172.54,172.55,3.39
1542455820,172.54,172.54,172.54,172.54,6.0
1542455880,172.54,172.55,172.55,172.55,2.56
1542455940,172.54,172.55,172.55,172.54,11.24
1542456000,172.54,172.55,172.55,172.54,0.284
1542456060,172.54,172.54,172.54,172.54,5.85
1542456120,172.55,172.55,172.55,172.55,1.49
1542456180,172.54,172.55,172.54,172.54,10.48
1542456240,172.55,172.55,172.55,172.55,2.52
1542456300,172.54,172.55,172.55,172.54,1.78
1542456360,172.55,172.55,172.55,172.55,2.84
1542456420,172.54,172.55,172.55,172.54,6.05
1542456480,172.55,172.55,172.55,172.55,2.41
1542456540,172.45,172.54,172.54,172.45,19.31
1542456600,172.25,172.42,172.42,172.25,52.54
1542456660,172.22,172.23,172.23,172.22,0.937
1542456840,172.23,172.23,172.23,172.23,37.49
1542456900,172.23,172.23,172.23,172.23,1.48
1542456960,172.22,172.23,172.22,172.22,5.08
1542457020,172.23,172.4,172.23,172.4,127.82
1542457080,172.4,172.4,172.4,172.4,1.14
1542457140,172.4,172.4,172.4,172.4,3.56
1542457200,172.4,172.4,172.4,172.4,0.052
1542457260,172.39,172.39,172.39,172.39,5.23
1542457320,172.4,172.4,172.4,172.4,2.52
1542457380,172.39,172.4,172.4,172.4,2.52
1542457440,172.4,172.4,172.4,172.4,1.13
1542457500,172.4,172.4,172.4,172.4,3.59
1542457560,172.39,172.4,172.4,172.39,13.91
1542457620,172.39,172.39,172.39,172.39,0.461
1542457680,172.38,172.39,172.39,172.38,1.59
1542457740,172.38,172.39,172.38,172.38,1.7
1542457800,172.39,172.39,172.39,172.39,0.052
1542457860,172.38,172.39,172.39,172.38,0.892
1542457920,172.38,172.39,172.39,172.38,7.75
1542457980,172.38,172.45,172.38,172.45,135.17
1542458040,172.48,172.48,172.48,172.48,0.916
1542458100,172.47,172.54,172.48,172.54,133.82
1542458160,172.55,172.6,172.55,172.59,5.83
1542458220,172.59,172.6,172.6,172.59,1.71
1542458280,172.6,172.6,172.6,172.6,0.617
1542458340,172.6,172.6,172.6,172.6,1.0
1542458400,172.59,172.6,172.6,172.6,6.8
1542458460,172.6,172.61,172.6,172.61,27.51
1542458520,172.61,172.61,172.61,172.61,4.24
1542458580,172.61,172.61,172.61,172.61,0.28
1542458640,172.61,172.61,172.61,172.61,5.3
1542458700,172.5,172.61,172.61,172.5,45.93
1542458760,172.45,172.46,172.46,172.46,4.58
1542458820,172.46,172.46,172.46,172.46,11.42
1542458880,172.45,172.52,172.46,172.51,40.21
1542458940,172.52,172.52,172.52,172.52,3.27
1542459000,172.51,172.52,172.52,172.52,7.36
1542459060,172.51,172.51,172.51,172.51,0.998
1542459120,172.15,172.51,172.51,172.15,430.46
1542459180,172.16,172.16,172.16,172.16,7.73
1542459300,172.16,172.16,172.16,172.16,10.87
1542459360,172.15,172.16,172.15,172.16,18.93
1542459420,172.15,172.15,172.15,172.15,0.952
1542459480,172.15,172.16,172.15,172.16,9.18
1542459600,172.15,172.16,172.16,172.16,4.53
1542459660,172.16,172.16,172.16,172.16,6.28
1542459720,172.15,172.16,172.16,172.15,95.84
1542459780,172.15,172.16,172.16,172.15,0.172
1542459840,172.15,172.16,172.15,172.16,2.95
1542459900,172.15,172.16,172.15,172.16,6.27
1542459960,172.16,172.16,172.16,172.16,2.0
1542460020,172.15,172.16,172.15,172.16,3.58
1542460080,172.15,172.16,172.16,172.15,49.55
1542460140,171.95,172.15,172.15,172.06,63.43
1542460200,172.06,172.07,172.06,172.07,15.51
1542460320,172.05,172.07,172.05,172.05,46.02
1542460380,172.06,172.06,172.06,172.06,3.16
1542460500,172.06,172.06,172.06,172.06,8.36
1542460560,172.05,172.06,172.06,172.05,20.03
1542460620,172.05,172.06,172.06,172.06,3.88
1542460680,172.05,172.06,172.05,172.05,2.62
1542460740,172.05,172.06,172.06,172.05,8.47
1542460800,171.96,171.96,171.96,171.96,1.31
1542460860,171.91,171.91,171.91,171.91,2.11
1542460920,171.9,171.91,171.91,171.9,19.22
1542460980,171.88,171.91,171.9,171.89,125.48
1542461040,171.88,171.89,171.89,171.89,10.16
1542461100,171.88,171.89,171.88,171.89,29.58
1542461160,171.89,171.89,171.89,171.89,21.35
1542461220,171.88,171.89,171.89,171.89,2.62
1542461280,171.88,171.89,171.88,171.88,8.38
1542461340,171.88,171.89,171.89,171.89,6.41
1542461400,171.88,171.89,171.88,171.89,0.281
1542461460,171.85,171.89,171.89,171.85,11.4
1542461520,171.86,171.86,171.86,171.86,1.25
1542461580,171.85,171.86,171.85,171.86,11.57
1542461640,171.85,171.85,171.85,171.85,6.94
1542461700,171.85,171.86,171.86,171.86,0.403
1542461760,171.85,171.86,171.86,171.86,7.6
1542461820,171.85,171.85,171.85,171.85,4.96
1542461880,171.85,171.86,171.85,171.85,11.81
1542461940,171.86,171.86,171.86,171.86,7.35
1542462000,171.85,171.86,171.85,171.86,1.88
1542462060,171.85,171.86,171.85,171.86,1.7
1542462120,171.83,171.86,171.86,171.84,53.75
1542462180,171.83,171.84,171.83,171.84,5.01
1542462240,171.84,172.1,171.84,172.09,46.87
1542462300,172.09,172.15,172.09,172.15,6.11
1542462360,172.15,172.3,172.15,172.3,454.75
1542462420,172.15,172.34,172.34,172.15,58.18
1542462480,172.15,172.16,172.16,172.16,14.41
1542462540,171.97,172.16,172.16,171.98,7.67
1542462600,171.98,171.98,171.98,171.98,7.04
1542462660,171.98,172.1,171.98,172.1,49.91
1542462720,172.09,172.1,172.09,172.1,21.43
1542462780,171.91,172.09,172.09,172.09,32.8
1542462840,172.09,172.15,172.1,172.15,1.78
1542462900,172.17,172.26,172.17,172.26,6.8
1542462960,172.25,172.35,172.25,172.3,1.35
1542463020,172.32,172.32,172.32,172.32,6.09
1542463080,172.31,172.32,172.31,172.31,12.47
1542463140,172.31,172.32,172.32,172.32,1.17
1542463200,172.21,172.37,172.32,172.21,26.48
1542463260,172.06,172.28,172.21,172.06,35.8
1542463320,172.05,172.06,172.06,172.05,6.38
1542463380,172.0,172.15,172.05,172.06,58.54
1542463440,172.03,172.06,172.06,172.03,41.8
1542463500,172.02,172.03,172.02,172.03,19.07
1542463560,172.02,172.03,172.03,172.03,1.78
1542463620,172.03,172.03,172.03,172.03,1.49
1542463680,171.8,172.02,172.02,171.94,86.62
1542463740,171.95,172.07,171.95,172.07,20.57
1542463800,172.07,172.19,172.07,172.19,44.36
1542463860,172.18,172.19,172.18,172.19,1.04
1542463920,172.18,172.19,172.19,172.18,3.72
1542463980,172.16,172.18,172.18,172.16,10.83
1542464040,172.16,172.16,172.16,172.16,1.27
1542464100,171.8,172.29,172.15,172.16,360.86
1542464160,172.19,172.26,172.19,172.26,11.61
1542464220,172.25,172.26,172.25,172.26,4.71
1542464280,172.26,172.26,172.26,172.26,7.88
1542464340,172.25,172.26,172.26,172.25,6.46
1542464400,172.25,172.26,172.25,172.26,4.21
1542464460,172.26,172.26,172.26,172.26,7.29
1542464520,172.01,172.25,172.25,172.01,29.78
1542464580,171.91,172.01,172.01,171.92,4.03
1542464640,171.85,172.04,172.02,171.95,28.49
1542464700,171.9,171.95,171.95,171.92,24.11
1542464760,171.9,171.98,171.92,171.9,17.2
1542464820,171.2,171.9,171.9,171.2,57.3
1542464880,171.21,171.54,171.21,171.54,7.94
1542464940,171.51,171.61,171.54,171.6,18.03
1542465000,171.0,171.51,171.51,171.0,228.25
1542465060,171.25,171.34,171.33,171.34,4.17
1542465120,171.34,171.49,171.34,171.49,7.33
1542465180,171.36,171.41,171.36,171.41,35.46
1542465240,171.01,171.38,171.38,171.29,54.69
1542465300,171.17,171.2,171.2,171.17,7.05
1542465360,171.15,171.28,171.15,171.2,46.66
1542465420,171.23,171.23,171.23,171.23,1.25
1542465480,171.2,171.23,171.23,171.21,6.42
1542465540,171.16,171.21,171.2,171.16,23.16
1542465600,171.2,171.23,171.22,171.23,12.97
1542465660,171.23,171.33,171.23,171.33,0.453
1542465720,171.2,171.31,171.25,171.2,3.9
1542465780,171.21,171.45,171.21,171.45,11.36
1542465840,171.46,171.51,171.46,171.51,0.627
1542465900,171.51,171.74,171.51,171.74,50.64
1542465960,171.74,171.75,171.74,171.75,46.79
1542466020,171.35,171.75,171.75,171.62,106.21
1542466080,171.53,171.62,171.62,171.62,93.73
1542466140,171.56,171.67,171.62,171.67,20.94
1542466200,171.67,171.77,171.67,171.7,17.54
1542466260,171.74,171.83,171.77,171.75,40.05
1542466320,171.74,171.75,171.75,171.75,14.25
1542466380,171.74,171.75,171.75,171.75,0.656
1542466440,171.75,171.75,171.75,171.75,1.35
1542466500,171.28,171.75,171.75,171.28,88.12
1542466560,171.28,171.31,171.29,171.31,10.59
1542466620,171.32,171.36,171.32,171.36,13.82
1542466680,171.28,171.5,171.36,171.5,16.59
1542466740,171.47,171.5,171.5,171.5,7.51
1542466800,171.49,171.5,171.5,171.49,0.695
1542466860,171.49,171.5,171.49,171.49,12.34
1542466980,171.45,171.61,171.51,171.45,1.45
1542467040,171.45,171.48,171.46,171.45,48.57
1542467100,171.45,171.64,171.5,171.58,59.57
1542467160,171.56,171.6,171.56,171.56,15.66
1542467220,171.41,171.59,171.56,171.53,60.25
1542467280,171.54,171.6,171.55,171.54,6.57
1542467340,171.55,171.57,171.57,171.56,1.79
1542467400,171.51,171.51,171.51,171.51,7.13
1542467460,171.4,171.51,171.5,171.51,11.85
1542467520,171.39,171.45,171.4,171.41,5.3
1542467580,171.21,171.37,171.3,171.32,102.19
1542467640,171.31,171.36,171.33,171.31,4.81
1542467700,171.31,171.33,171.33,171.31,1.99
1542467760,171.34,171.4,171.34,171.4,0.581
1542467820,171.35,171.52,171.39,171.52,79.09
1542467880,171.51,171.52,171.51,171.52,35.03
1542467940,171.51,171.63,171.51,171.63,20.64
1542468000,171.62,171.63,171.62,171.62,22.22
1542468060,171.63,171.63,171.63,171.63,0.01
1542468120,171.5,171.62,171.62,171.5,64.44
1542468180,171.3,171.46,171.46,171.31,0.951
1542468240,171.45,171.5,171.45,171.48,10.6
1542468300,171.44,171.5,171.5,171.5,18.46
1542468360,171.44,171.5,171.44,171.5,28.82
1542468420,171.49,171.5,171.49,171.5,7.29
1542468480,171.49,171.5,171.49,171.5,5.13
1542468540,171.5,171.5,171.5,171.5,10.68
1542468600,171.49,171.49,171.49,171.49,12.55
1542468660,171.49,171.5,171.5,171.5,49.64
1542468720,171.49,171.5,171.5,171.5,6.82
1542468780,171.49,171.5,171.5,171.5,13.47
1542468840,171.49,171.5,171.49,171.5,11.49
1542468900,171.49,171.5,171.5,171.5,6.8
1542468960,171.5,171.5,171.5,171.5,3.45
1542469020,171.49,171.52,171.49,171.5,96.24
1542469080,171.49,171.5,171.5,171.49,1.6
1542469140,171.41,171.5,171.5,171.41,15.66
1542469200,171.23,171.41,171.41,171.37,17.86
1542469260,171.36,171.37,171.37,171.36,1.78
1542469320,171.23,171.37,171.37,171.37,6.93
1542469380,171.35,171.36,171.35,171.36,7.67
1542469440,171.18,171.36,171.36,171.19,16.3
1542469500,171.18,171.19,171.18,171.18,4.58
1542469560,171.18,171.19,171.19,171.18,13.21
1542469620,171.18,171.19,171.18,171.19,9.99
1542469680,171.18,171.19,171.18,171.19,7.65
1542469740,171.18,171.19,171.19,171.19,7.08
1542469800,171.18,171.19,171.19,171.19,1.63
1542469860,171.19,171.19,171.19,171.19,1.95
1542469920,171.18,171.19,171.19,171.19,11.82
1542469980,170.92,171.18,171.18,170.92,49.83
1542470040,170.92,170.93,170.92,170.93,17.13
1542470100,170.86,170.92,170.92,170.86,10.24
1542470160,170.85,170.87,170.86,170.85,20.6
1542470220,170.86,170.87,170.87,170.87,10.09
1542470280,170.83,170.86,170.86,170.84,6.44
1542470340,170.84,170.84,170.84,170.84,0.824
1542470400,170.84,170.85,170.84,170.84,5.35
1542470460,170.84,170.85,170.84,170.85,13.26
1542470520,170.84,170.85,170.85,170.85,1.77
1542470580,170.85,170.93,170.85,170.93,185.8
1542470640,170.92,170.93,170.93,170.93,18.56
1542470700,170.92,170.93,170.92,170.93,13.52
1542470760,170.92,171.0,170.93,171.0,136.83
1542470820,170.99,171.0,171.0,171.0,38.27
1542470880,170.99,171.0,170.99,171.0,21.49
1542470940,170.99,171.0,171.0,171.0,11.74
1542471000,170.99,171.0,171.0,171.0,16.26
1542471060,170.99,171.0,171.0,170.99,0.972
1542471120,170.99,170.99,170.99,170.99,2.77
1542471180,171.0,171.0,171.0,171.0,4.03
1542471240,170.99,171.0,171.0,171.0,29.23
1542471300,171.0,171.07,171.0,171.07,247.72
1542471360,171.07,171.2,171.07,171.2,46.11
1542471420,171.19,171.2,171.2,171.19,5.24
1542471480,171.19,171.2,171.19,171.19,7.69
1542471540,171.19,171.2,171.2,171.2,3.23
1542471600,171.19,171.2,171.2,171.2,18.93
1542471660,171.19,171.2,171.2,171.2,29.78
1542471720,171.19,171.2,171.19,171.19,7.21
1542471780,171.19,171.2,171.19,171.2,1.63
1542471840,171.2,171.2,171.2,171.2,3.14
1542471900,171.19,171.2,171.2,171.2,25.21
1542471960,171.19,171.2,171.2,171.19,14.23
1542472020,171.19,171.2,171.2,171.2,14.93
1542472080,171.2,171.2,171.2,171.2,0.943
1542472140,171.19,171.2,171.2,171.19,3.88
1542472200,171.19,171.2,171.19,171.2,20.8
1542472260,171.19,171.2,171.19,171.2,24.74
1542472320,171.19,171.2,171.2,171.19,5.36
1542472380,171.1,171.2,171.2,171.1,86.49
1542472440,171.06,171.1,171.1,171.09,9.61
1542472500,171.09,171.1,171.1,171.1,20.03
1542472560,171.08,171.1,171.1,171.09,12.44
1542472620,171.0,171.06,171.06,171.01,3.9
1542472680,171.0,171.02,171.0,171.01,6.36
1542472740,171.0,171.02,171.01,171.02,9.44
1542472800,171.01,171.02,171.02,171.01,30.11
1542472860,171.01,171.02,171.02,171.02,7.23
1542472920,171.01,171.02,171.01,171.02,2.64
1542472980,171.01,171.02,171.02,171.01,2.43
1542473040,171.01,171.02,171.01,171.01,40.32
1542473100,170.99,171.01,171.01,171.0,311.99
1542473160,170.99,171.0,171.0,170.99,15.08
1542473220,170.99,171.0,170.99,170.99,17.63
1542473280,170.83,171.0,171.0,170.84,796.66
1542473340,170.74,170.84,170.84,170.74,41.97
1542473400,170.73,170.74,170.74,170.73,209.49
1542473460,170.7,170.8,170.72,170.73,5.29
1542473520,170.83,170.94,170.83,170.94,41.43
1542473580,170.95,170.95,170.95,170.95,2.97
1542473640,170.84,170.94,170.94,170.9,220.06
1542473700,170.85,170.88,170.88,170.85,20.0
1542473760,170.89,170.96,170.9,170.96,3.72
1542473820,170.95,171.0,170.96,171.0,60.34
1542473880,171.02,171.56,171.02,171.56,218.62
1542473940,171.56,172.5,171.56,172.29,422.16
1542474000,172.29,172.5,172.29,172.44,21.26
1542474060,171.71,172.44,172.44,171.91,225.92
1542474120,171.85,171.9,171.9,171.85,37.87
1542474180,171.85,171.86,171.86,171.85,1.82
1542474240,171.75,171.86,171.85,171.75,61.59
1542474300,171.72,171.76,171.76,171.72,2.75
1542474360,171.72,171.73,171.73,171.73,11.44
1542474420,171.73,171.73,171.73,171.73,6.82
1542474480,171.72,171.73,171.73,171.73,2.46
1542474540,171.72,171.73,171.72,171.73,25.32
1542474600,171.72,171.73,171.73,171.73,50.67
1542474660,171.72,171.73,171.73,171.73,83.09
1542474720,171.72,171.73,171.72,171.73,21.63
1542474780,171.72,171.73,171.73,171.73,112.59
1542474840,171.73,171.73,171.73,171.73,73.94
1542474900,171.1,171.72,171.72,171.11,447.27
1542474960,171.1,171.11,171.1,171.1,87.39
1542475020,171.1,171.11,171.11,171.11,10.93
1542475080,171.11,171.11,171.11,171.11,17.41
1542475140,171.1,171.11,171.1,171.1,13.17
1542475200,171.1,171.11,171.11,171.11,24.09
1542475260,171.06,171.06,171.06,171.06,3.69
1542475320,171.05,171.06,171.06,171.06,4.12
1542475380,171.06,171.06,171.06,171.06,16.39
1542475440,171.06,171.06,171.06,171.06,2.86
1542475500,170.96,171.06,171.06,170.97,19.24
1542475560,170.94,170.96,170.96,170.95,22.69
1542475620,170.95,170.95,170.95,170.95,5.48
1542475680,170.94,170.95,170.94,170.94,4.18
1542475740,170.94,171.1,170.94,171.1,370.17
1542475800,171.03,171.38,171.11,171.2,182.11
1542475860,171.19,171.28,171.19,171.23,39.28
1542475920,171.29,171.3,171.3,171.29,12.67
1542475980,171.3,171.3,171.3,171.3,9.57
1542476040,171.29,171.4,171.29,171.4,18.51
1542476100,171.39,171.45,171.39,171.45,6.44
1542476160,171.45,171.46,171.46,171.46,2.4
1542476220,171.45,171.46,171.46,171.45,3.68
1542476280,171.45,171.46,171.45,171.46,6.71
1542476340,171.45,171.46,171.46,171.46,4.15
1542476400,171.45,171.48,171.46,171.48,261.83
1542476460,171.47,171.48,171.47,171.48,24.4
1542476520,171.47,171.48,171.47,171.48,7.33
1542476580,171.48,171.48,171.48,171.48,4.09
1542476640,171.47,171.48,171.48,171.48,6.2
1542476700,171.16,171.48,171.48,171.16,75.21
1542476760,171.05,171.16,171.16,171.06,37.02
1542476820,171.05,171.06,171.06,171.06,5.55
1542476880,170.91,171.03,171.03,170.92,30.44
1542476940,170.72,170.92,170.92,170.73,69.82
1542477000,170.88,171.16,170.89,171.16,49.87
1542477060,170.96,171.09,171.08,171.07,7.58
1542477120,170.96,170.98,170.98,170.97,15.76
1542477180,171.0,171.14,171.0,171.14,21.63
1542477240,171.13,171.14,171.13,171.13,8.47
1542477300,171.13,171.14,171.13,171.14,7.08
1542477360,170.96,171.14,171.14,170.97,14.73
1542477420,170.98,171.05,171.05,171.05,4.23
1542477480,171.04,171.09,171.04,171.08,4.92
1542477540,171.09,171.11,171.09,171.1,5.01
1542477600,170.85,171.1,171.1,170.85,64.42
1542477660,170.98,171.04,170.99,171.0,8.02
1542477720,170.99,171.0,171.0,170.99,4.21
1542477780,170.96,170.99,170.99,170.97,4.67
1542477840,170.96,170.97,170.96,170.97,1.23
1542477900,170.8,170.97,170.96,170.8,10.69
1542477960,170.62,170.76,170.76,170.73,25.42
1542478020,170.62,170.74,170.74,170.73,20.15
1542478080,170.72,170.73,170.72,170.73,4.05
1542478140,170.34,170.73,170.73,170.45,274.57
1542478200,170.44,170.45,170.45,170.45,52.05
1542478260,170.45,170.78,170.45,170.78,1.36
1542478320,170.77,170.8,170.77,170.8,21.46
1542478380,170.8,170.84,170.84,170.83,10.13
1542478440,170.82,170.83,170.83,170.83,9.41
1542478500,170.83,170.83,170.83,170.83,10.82
1542478560,170.82,170.83,170.83,170.82,21.38
1542478620,170.78,170.78,170.78,170.78,20.76
1542478680,170.78,170.79,170.78,170.79,7.99
1542478740,170.78,170.79,170.78,170.79,6.58
1542478800,170.79,170.79,170.79,170.79,3.98
1542478860,170.77,170.79,170.79,170.78,18.8
1542478920,170.65,170.78,170.77,170.65,8.49
1542478980,170.65,170.66,170.65,170.66,8.6
1542479040,170.65,170.66,170.66,170.66,20.88
1542479100,170.65,170.66,170.66,170.65,36.57
1542479160,170.65,170.66,170.66,170.66,25.42
1542479220,170.65,170.66,170.66,170.66,13.58
1542479280,170.65,170.7,170.66,170.69,31.42
1542479340,170.7,171.87,170.7,171.24,1448.14
1542479400,171.15,171.9,171.24,171.51,2101.14
1542479460,171.51,172.02,171.51,171.9,1719.44
1542479520,171.9,171.91,171.91,171.91,8.38
1542479580,171.75,172.52,171.91,171.78,815.52
1542479640,171.79,173.5,171.79,172.49,3569.18
1542479700,172.13,173.5,172.48,172.59,919.46
1542479760,172.51,174.0,172.57,172.62,917.65
1542479820,172.62,174.0,172.62,172.63,836.29
1542479880,172.63,174.24,172.63,172.75,845.31
1542479940,172.74,174.39,172.74,172.83,1690.19
1542480000,172.8,174.41,172.85,173.18,2744.21
1542480060,173.19,174.4,173.19,173.63,1542.13
1542480120,173.08,174.19,173.63,173.1,1073.15
1542480180,173.1,173.12,173.12,173.11,375.19
1542480240,173.1,173.11,173.11,173.1,11.56
1542480300,173.1,173.11,173.1,173.11,17.62
1542480360,172.87,173.11,173.11,172.87,118.78
1542480420,172.81,172.87,172.87,172.82,18.34
1542480480,172.45,172.8,172.8,172.45,361.75
1542480540,172.36,172.44,172.44,172.36,181.22
1542480600,172.22,172.35,172.35,172.22,12.91
1542480660,172.17,172.22,172.22,172.17,8.86
1542480720,172.17,172.18,172.18,172.18,19.61
1542480780,172.18,172.18,172.18,172.18,6.58
1542480840,172.17,172.21,172.18,172.21,23.56
1542480900,172.2,172.3,172.21,172.3,15.45
1542480960,172.33,172.5,172.36,172.5,6.68
1542481020,172.47,172.65,172.5,172.48,27.83
1542481080,172.25,172.56,172.56,172.33,223.48
1542481140,172.0,172.33,172.32,172.01,752.11
1542481200,172.01,172.46,172.01,172.4,144.97
1542481260,172.38,172.65,172.4,172.56,32.91
1542481320,172.33,172.49,172.43,172.33,7.65
1542481380,172.32,172.46,172.46,172.32,4.09
1542481440,172.32,172.46,172.32,172.39,4.16
1542481500,172.23,172.39,172.39,172.39,15.96
1542481560,172.18,172.36,172.36,172.3,30.58
1542481620,172.28,172.33,172.32,172.32,9.64
1542481680,172.29,172.35,172.33,172.34,10.99
1542481740,172.39,172.5,172.39,172.5,10.44
1542481800,172.5,172.6,172.5,172.6,57.58
1542481860,172.59,172.6,172.6,172.6,10.26
1542481920,172.6,172.61,172.61,172.6,0.655
1542481980,172.46,172.61,172.61,172.61,70.37
1542482040,172.6,172.61,172.6,172.61,20.27
1542482100,172.61,172.61,172.61,172.61,35.68
1542482160,172.56,172.6,172.6,172.58,13.81
1542482220,172.58,172.59,172.58,172.58,17.16
1542482280,172.58,172.58,172.58,172.58,0.559
1542482340,172.4,172.57,172.57,172.52,63.1
1542482400,172.52,172.52,172.52,172.52,0.0375
1542482460,172.41,172.52,172.52,172.47,19.55
1542482520,172.5,172.51,172.5,172.5,25.25
1542482580,172.42,172.48,172.48,172.45,9.86
1542482640,172.45,172.48,172.48,172.45,2.72
1542482700,172.37,172.42,172.41,172.39,8.14
1542482760,172.37,172.38,172.38,172.38,4.48
1542482820,172.37,172.51,172.38,172.37,82.34
1542482880,172.37,172.46,172.46,172.4,26.28
1542482940,172.37,172.4,172.38,172.37,4.44
1542483000,172.37,172.38,172.38,172.38,5.36
1542483060,172.38,172.38,172.38,172.38,6.04
1542483120,172.37,172.48,172.38,172.42,18.67
1542483180,172.38,172.42,172.39,172.42,19.74
1542483240,172.38,172.43,172.43,172.38,6.43
1542483300,172.35,172.38,172.37,172.37,4.56
1542483360,172.3,172.43,172.37,172.41,39.3
1542483420,172.3,172.4,172.32,172.3,3.18
1542483480,172.4,172.46,172.4,172.41,24.74
1542483540,172.41,172.43,172.41,172.43,5.63
1542483600,172.4,172.44,172.44,172.4,15.85
1542483660,172.4,172.41,172.41,172.4,33.25
1542483720,172.4,172.42,172.41,172.41,15.17
1542483780,172.41,172.42,172.42,172.42,4.01
1542483840,172.41,172.42,172.42,172.42,1.4
1542483900,172.4,172.42,172.42,172.41,16.2
1542483960,172.4,172.41,172.4,172.41,23.07
1542484020,172.41,172.42,172.41,172.42,3.73
1542484080,172.41,172.42,172.41,172.41,15.1
1542484140,172.41,172.42,172.42,172.41,3.88
1542484200,172.33,172.42,172.41,172.33,76.78
1542484260,172.22,172.34,172.32,172.31,3.43
1542484320,172.28,172.34,172.34,172.33,53.46
1542484380,172.23,172.33,172.33,172.32,26.48
1542484440,172.23,172.3,172.3,172.25,59.6
1542484500,172.26,172.26,172.26,172.26,1.55
1542484560,172.25,172.26,172.26,172.26,15.12
1542484620,172.26,172.26,172.26,172.26,2.16
1542484680,172.25,172.26,172.25,172.25,27.74
1542484740,172.25,172.26,172.25,172.26,5.65
1542484800,172.25,172.29,172.29,172.25,1.24
1542484860,172.25,172.26,172.26,172.25,4.87
1542484920,172.25,172.26,172.26,172.25,3.57
1542484980,172.25,172.26,172.25,172.26,27.88
1542485040,172.26,172.26,172.26,172.26,6.39
1542485100,172.25,172.26,172.25,172.26,9.22
1542485160,172.08,172.25,172.25,172.09,115.39
1542485220,172.09,172.1,172.1,172.09,2.99
1542485280,172.1,172.14,172.1,172.14,7.15
1542485340,172.14,172.19,172.14,172.17,15.48
1542485400,172.16,172.22,172.19,172.22,15.23
1542485460,172.25,172.26,172.26,172.25,1.77
1542485520,172.25,172.26,172.26,172.26,4.88
1542485580,172.24,172.26,172.26,172.26,10.91
1542485640,172.26,172.26,172.26,172.26,7.21
1542485700,172.25,172.26,172.25,172.26,5.08
1542485760,172.26,172.26,172.26,172.26,9.36
1542485820,172.25,172.26,172.26,172.26,5.97
1542485880,172.25,172.26,172.25,172.26,5.03
1542485940,172.25,172.26,172.26,172.26,7.16
1542486000,172.26,172.26,172.26,172.26,0.978
1542486060,172.26,172.26,172.26,172.26,3.65
1542486120,172.25,172.26,172.25,172.25,21.21
1542486180,172.25,172.26,172.26,172.26,1.17
1542486240,172.25,172.26,172.26,172.26,75.02
1542486300,172.26,172.26,172.26,172.26,2.36
1542486360,172.26,172.41,172.26,172.41,23.21
1542486420,172.4,172.42,172.42,172.42,16.04
1542486480,172.42,172.42,172.42,172.42,7.14
1542486540,172.41,172.42,172.41,172.42,2.58
1542486600,172.41,172.42,172.42,172.41,12.63
1542486660,172.35,172.46,172.45,172.44,23.33
1542486720,172.44,172.44,172.44,172.44,0.837
1542486780,172.4,172.43,172.43,172.43,3.17
1542486840,172.44,172.44,172.44,172.44,5.48
1542486900,172.39,172.5,172.45,172.43,47.25
1542486960,172.36,172.39,172.38,172.36,13.1
1542487020,172.31,172.38,172.38,172.31,2.71
1542487080,172.31,172.32,172.32,172.32,3.31
1542487140,172.31,172.32,172.32,172.31,2.0
1542487200,172.31,172.51,172.32,172.51,22.56
1542487260,172.5,172.51,172.51,172.51,18.97
1542487320,172.51,172.65,172.51,172.59,19.28
1542487380,172.54,172.59,172.54,172.59,5.57
1542487440,172.51,172.6,172.6,172.56,7.22
1542487500,172.6,172.66,172.6,172.66,8.61
1542487560,172.62,172.66,172.65,172.62,8.02
1542487620,172.6,172.66,172.64,172.61,7.84
1542487680,172.65,172.74,172.66,172.65,41.34
1542487740,172.63,172.69,172.69,172.69,23.46
1542487800,172.67,172.69,172.67,172.68,2.52
1542487860,172.68,172.69,172.68,172.69,14.01
1542487920,172.66,172.69,172.66,172.67,24.38
1542487980,172.66,172.82,172.66,172.7,15.05
1542488040,172.68,172.8,172.68,172.69,4.77
1542488100,172.69,172.7,172.7,172.69,3.39
1542488160,172.69,172.7,172.69,172.7,11.57
1542488220,172.68,172.7,172.68,172.69,4.4
1542488280,172.68,172.69,172.69,172.69,32.21
1542488340,172.68,172.69,172.69,172.69,28.93
1542488400,172.68,172.69,172.69,172.69,1.04
1542488460,172.68,172.7,172.68,172.7,6.67
1542488520,172.72,172.72,172.72,172.72,8.87
1542488580,172.71,172.72,172.71,172.71,13.99
1542488640,172.72,172.72,172.72,172.72,18.38
1542488700,172.69,172.69,172.69,172.69,7.02
1542488760,172.69,172.72,172.69,172.71,6.24
1542488820,172.68,172.71,172.71,172.68,45.41
1542488880,172.6,172.69,172.68,172.61,74.51
1542488940,172.5,172.61,172.61,172.5,214.76
1542489000,172.37,172.42,172.42,172.38,57.48
1542489060,172.31,172.37,172.37,172.31,42.12
1542489120,172.3,172.31,172.3,172.31,12.37
1542489180,172.31,172.31,172.31,172.31,0.764
1542489240,172.3,172.31,172.31,172.31,8.11
1542489300,172.3,172.32,172.31,172.31,4.22
1542489360,172.3,172.32,172.31,172.31,4.92
1542489420,172.3,172.31,172.3,172.31,7.78
1542489480,172.31,172.31,172.31,172.31,0.578
1542489540,172.3,172.31,172.3,172.3,18.53
1542489600,172.31,172.32,172.31,172.32,4.75
1542489660,172.3,172.31,172.3,172.31,17.93
1542489720,172.31,172.32,172.31,172.32,1.81
1542489780,172.31,172.37,172.32,172.37,8.03
1542489840,172.36,172.37,172.37,172.36,16.83
1542489900,172.37,172.38,172.37,172.38,9.15
1542489960,172.37,172.38,172.37,172.38,3.05
1542490020,172.37,172.38,172.37,172.38,6.66
1542490080,172.37,172.38,172.38,172.37,14.66
1542490140,172.37,172.38,172.38,172.38,8.6
1542490200,172.37,172.38,172.38,172.38,43.63
1542490260,172.37,172.37,172.37,172.37,2.26
1542490320,172.37,172.38,172.38,172.38,9.7
1542490380,172.37,172.38,172.38,172.38,5.53
1542490440,172.37,172.38,172.38,172.37,3.42
1542490500,172.35,172.38,172.37,172.35,21.1
1542490560,172.33,172.36,172.36,172.33,16.43
1542490620,172.33,172.33,172.33,172.33,9.25
1542490680,172.18,172.33,172.33,172.18,125.71
1542490740,172.26,172.34,172.31,172.27,25.19
1542490800,172.18,172.27,172.27,172.19,23.36
1542490860,172.17,172.19,172.18,172.17,159.61
1542490920,172.17,172.18,172.18,172.17,11.5
1542490980,172.17,172.18,172.17,172.18,62.41
1542491040,172.17,172.19,172.17,172.19,6.56
1542491100,172.19,172.19,172.19,172.19,15.65
1542491160,172.18,172.19,172.19,172.19,11.74
1542491220,172.18,172.19,172.19,172.19,17.95
1542491280,172.18,172.19,172.18,172.18,51.02
1542491340,172.19,172.19,172.19,172.19,3.17
1542491400,172.18,172.19,172.19,172.19,2.08
1542491460,172.17,172.19,172.18,172.19,24.85
1542491520,172.18,172.19,172.18,172.19,1.13
1542491580,172.18,172.19,172.18,172.18,41.2
1542491640,172.18,172.19,172.18,172.19,24.6
1542491700,172.18,172.19,172.19,172.18,8.81
1542491760,172.17,172.18,172.17,172.18,19.75
1542491820,172.18,172.18,172.18,172.18,4.2
1542491880,172.17,172.18,172.18,172.17,4.07
1542491940,172.12,172.17,172.17,172.12,35.6
1542492000,172.03,172.13,172.13,172.03,190.61
1542492060,172.0,172.04,172.03,172.04,130.97
1542492120,172.06,172.13,172.06,172.1,92.63
1542492180,172.01,172.09,172.09,172.01,20.5
1542492240,172.03,172.07,172.07,172.03,18.14
1542492300,172.02,172.03,172.03,172.02,5.08
1542492360,172.02,172.03,172.03,172.03,16.86
1542492420,172.03,172.03,172.03,172.03,11.07
1542492480,172.02,172.03,172.03,172.03,28.46
1542492540,171.67,172.03,172.03,171.67,142.12
1542492600,171.62,171.78,171.72,171.62,269.63
1542492660,171.62,171.63,171.62,171.63,89.57
1542492720,171.62,171.63,171.62,171.63,130.46
1542492780,171.61,171.63,171.62,171.62,113.45
1542492840,171.61,171.72,171.62,171.72,30.13
1542492900,171.71,172.02,171.72,172.02,61.31
1542492960,172.01,172.02,172.02,172.01,34.21
1542493020,172.01,172.02,172.02,172.02,8.42
1542493080,172.03,172.18,172.03,172.18,103.98
1542493140,172.17,172.42,172.18,172.27,306.36
1542493200,172.33,172.33,172.33,172.33,1.38
1542493260,172.32,172.37,172.33,172.37,8.73
1542493320,172.36,172.37,172.37,172.37,2.18
1542493380,172.37,172.37,172.37,172.37,105.68
1542493440,172.36,172.37,172.37,172.37,6.72
1542493500,172.36,172.37,172.36,172.37,11.45
1542493560,172.36,172.37,172.37,172.36,3.4
1542493620,172.36,172.37,172.37,172.37,5.99
1542493680,172.37,172.37,172.37,172.37,5.08
1542493740,172.07,172.37,172.36,172.08,21.15
1542493800,172.03,172.11,172.08,172.04,5.16
1542493860,172.0,172.03,172.03,172.01,35.34
1542493920,171.93,172.0,172.0,171.99,23.61
1542493980,171.99,171.99,171.99,171.99,9.19
1542494040,171.98,171.99,171.99,171.98,1.69
1542494100,171.98,171.99,171.98,171.99,14.63
1542494160,171.98,171.99,171.99,171.98,17.05
1542494220,171.82,171.98,171.98,171.98,20.76
1542494280,171.86,171.98,171.88,171.92,7.55
1542494340,171.87,171.98,171.93,171.98,9.87
1542494400,171.94,172.02,171.98,172.02,146.54
1542494460,171.94,172.02,171.96,172.02,10.97
1542494520,172.01,172.02,172.02,172.02,4.73
1542494580,172.02,172.25,172.02,172.25,236.24
1542494640,172.24,172.25,172.24,172.24,7.69
1542494700,172.24,172.25,172.25,172.25,15.3
1542494760,172.25,172.25,172.25,172.25,12.37
1542494820,172.24,172.27,172.24,172.27,78.77
1542494880,172.27,172.29,172.27,172.29,3.91
1542494940,172.28,172.29,172.28,172.29,3.63
1542495000,172.28,172.36,172.28,172.35,51.96
1542495060,172.35,172.37,172.35,172.37,3.55
1542495120,172.37,172.37,172.37,172.37,0.017
1542495180,172.36,172.37,172.37,172.36,8.86
1542495240,172.36,172.37,172.36,172.37,41.35
1542495300,172.3,172.33,172.33,172.3,8.07
1542495360,172.28,172.3,172.3,172.29,5.52
1542495420,172.17,172.3,172.3,172.17,18.4
1542495480,172.29,172.29,172.29,172.29,10.38
1542495540,172.29,172.29,172.29,172.29,10.29
1542495600,172.28,172.29,172.29,172.28,27.98
1542495660,172.29,172.29,172.29,172.29,8.19
1542495720,172.08,172.29,172.29,172.25,11.78
1542495780,172.19,172.35,172.19,172.35,83.34
1542495840,172.26,172.36,172.36,172.36,4.63
1542495900,172.3,172.35,172.33,172.31,3.91
1542495960,172.34,172.37,172.35,172.37,3.49
1542496020,172.29,172.37,172.3,172.31,17.22
1542496080,172.25,172.37,172.37,172.25,9.18
1542496140,172.27,172.35,172.35,172.34,13.74
1542496200,172.31,172.37,172.31,172.34,7.58
1542496260,172.21,172.33,172.33,172.21,2.24
1542496320,172.16,172.3,172.3,172.28,5.88
1542496380,172.08,172.26,172.18,172.19,24.99
1542496440,172.2,172.33,172.2,172.32,1.12
1542496500,172.24,172.33,172.26,172.33,6.61
1542496560,172.32,172.35,172.32,172.35,13.2
1542496620,172.35,172.36,172.35,172.36,10.95
1542496680,172.36,172.36,172.36,172.36,3.84
1542496740,172.35,172.36,172.36,172.36,21.7
1542496800,172.35,172.36,172.36,172.36,1.81
1542496860,172.35,172.36,172.36,172.35,8.59
1542496920,172.35,172.36,172.36,172.35,18.54
1542496980,172.35,172.36,172.36,172.36,2.96
1542497040,172.36,172.36,172.36,172.36,0.118
1542497100,172.35,172.36,172.36,172.36,1.7
1542497160,172.36,172.37,172.36,172.36,20.52
1542497220,172.36,172.37,172.37,172.36,27.6
1542497280,172.36,172.37,172.37,172.36,14.74
1542497340,172.36,172.37,172.37,172.36,7.02
1542497400,172.09,172.37,172.37,172.3,85.9
1542497460,172.23,172.25,172.25,172.23,17.98
1542497520,172.2,172.24,172.2,172.24,3.01
1542497580,172.03,172.24,172.15,172.21,7.51
1542497640,172.17,172.24,172.17,172.24,13.92
1542497700,172.24,172.25,172.24,172.25,2.98
1542497760,172.24,172.35,172.24,172.35,29.88
1542497820,172.26,172.36,172.35,172.3,5.09
1542497880,172.29,172.37,172.29,172.33,8.09
1542497940,172.33,172.34,172.34,172.34,6.15
1542498000,172.29,172.35,172.34,172.35,20.77
1542498060,172.34,172.37,172.34,172.37,9.28
1542498120,172.37,172.37,172.37,172.37,0.334
1542498180,172.37,172.37,172.37,172.37,3.82
1542498240,172.07,172.37,172.37,172.31,79.69
1542498300,172.26,172.36,172.3,172.35,24.2
1542498360,172.35,172.35,172.35,172.35,0.321
1542498420,172.34,172.36,172.36,172.34,3.21
1542498480,172.35,172.35,172.35,172.35,2.26
1542498540,172.35,172.36,172.36,172.36,4.33
1542498600,172.35,172.36,172.36,172.36,6.97
1542498660,172.36,172.36,172.36,172.36,2.39
1542498720,172.26,172.35,172.35,172.26,2.84
1542498780,172.3,172.4,172.3,172.39,8.09
1542498840,172.29,172.47,172.38,172.44,3.76
1542498900,172.39,172.44,172.42,172.41,5.88
1542498960,172.4,172.41,172.4,172.41,7.97
1542499020,172.41,172.59,172.41,172.53,57.31
1542499080,172.48,172.49,172.49,172.48,30.81
1542499140,172.48,172.49,172.48,172.49,55.41
1542499200,172.49,172.55,172.49,172.55,80.93
1542499260,172.54,172.55,172.55,172.55,9.76
1542499320,172.54,172.55,172.55,172.54,24.53
1542499380,172.55,172.93,172.55,172.93,109.66
1542499440,172.75,172.81,172.81,172.81,27.48
1542499500,172.75,172.78,172.78,172.75,69.19
1542499560,172.56,172.7,172.7,172.56,8.44
1542499620,172.6,172.64,172.64,172.6,4.25
1542499680,172.6,172.77,172.6,172.69,23.93
1542499740,172.66,172.86,172.66,172.86,34.29
1542499800,172.7,172.89,172.84,172.84,130.49
1542499860,172.72,172.79,172.76,172.74,27.74
1542499920,172.72,172.76,172.73,172.73,5.71
1542499980,172.72,172.73,172.73,172.73,10.13
1542500040,172.72,172.73,172.73,172.72,10.34
1542500100,172.72,172.73,172.72,172.72,4.3
1542500160,172.72,172.73,172.72,172.73,5.26
1542500220,172.74,172.82,172.74,172.81,25.67
1542500280,172.81,172.81,172.81,172.81,2.66
1542500340,172.71,172.8,172.8,172.72,38.25
1542500400,172.71,172.71,172.71,172.71,3.11
1542500460,172.71,172.75,172.71,172.75,3.49
1542500520,172.74,172.74,172.74,172.74,0.262
1542500580,172.71,172.72,172.72,172.72,6.14
1542500640,172.71,172.72,172.72,172.72,0.712
1542504720,172.49,172.49,172.49,172.49,0.582
1542504780,172.49,172.49,172.49,172.49,38.95
1542504840,172.48,172.49,172.49,172.49,3.47
1542504900,172.5,172.51,172.51,172.51,45.31
1542504960,172.5,172.51,172.51,172.51,4.14
1542505020,172.5,172.6,172.5,172.6,20.92
1542505080,172.59,172.59,172.59,172.59,18.25
1542505140,172.59,172.6,172.59,172.59,1.85
1542505200,172.59,172.6,172.6,172.6,8.35
1542505260,172.59,172.6,172.59,172.6,38.35
1542505320,172.6,172.65,172.6,172.65,32.79
1542505380,172.61,172.61,172.61,172.61,0.104
1542505440,172.6,172.68,172.62,172.68,24.01
1542505560,172.67,172.68,172.68,172.68,3.92
1542505620,172.67,172.68,172.68,172.67,3.56
1542505680,172.68,172.72,172.68,172.68,17.11
1542505740,172.68,172.68,172.68,172.68,3.16
1542505800,172.67,172.68,172.68,172.68,2.2
1542505860,172.68,172.68,172.68,172.68,1.2
1542505920,172.59,172.67,172.67,172.6,45.05
1542505980,172.59,172.6,172.6,172.6,15.81
1542506040,172.59,172.6,172.59,172.59,48.88
1542506100,172.59,172.6,172.59,172.6,13.14
1542506160,172.59,172.6,172.6,172.59,7.73
1542506220,172.59,172.6,172.6,172.6,9.87
1542506280,172.59,172.6,172.6,172.6,4.45
1542506340,172.59,172.6,172.6,172.6,16.82
1542506400,172.59,172.6,172.6,172.6,10.27
1542506460,172.59,172.6,172.59,172.6,14.49
1542506520,172.48,172.59,172.59,172.48,27.78
1542506580,172.48,172.49,172.48,172.48,3.5
1542506640,172.49,172.49,172.49,172.49,8.45
1542506700,172.48,172.49,172.48,172.49,12.18
1542506760,172.49,172.49,172.49,172.49,1.25
1542506820,172.48,172.49,172.49,172.49,5.95
1542506880,172.48,172.71,172.49,172.71,106.92
1542506940,172.75,173.17,172.75,173.06,59.3
1542507000,173.06,173.07,173.07,173.07,21.06
1542507060,173.06,173.07,173.06,173.07,0.764
1542507120,173.06,173.07,173.07,173.07,22.75
1542507180,173.07,173.07,173.07,173.07,1.1
1542507240,173.06,173.07,173.07,173.07,3.39
1542507300,172.95,173.07,173.07,172.96,14.88
1542507360,172.9,172.96,172.96,172.9,20.55
1542507420,172.89,172.9,172.9,172.9,8.16
1542507480,172.89,172.9,172.9,172.89,12.84
1542507540,172.89,172.9,172.9,172.9,16.73
1542507600,172.89,172.9,172.9,172.9,11.61
1542507660,172.89,172.9,172.89,172.9,1.76
1542507720,172.89,172.9,172.89,172.9,6.73
1542507780,172.9,172.91,172.91,172.91,39.55
1542507840,172.9,172.91,172.91,172.9,5.08
1542507900,172.91,172.95,172.91,172.95,40.8
1542507960,172.94,173.07,172.94,173.07,70.38
1542508020,173.09,173.47,173.09,173.47,39.98
1542508080,173.45,173.47,173.47,173.46,5.01
1542508140,173.37,173.45,173.44,173.43,46.95
1542508200,173.42,173.44,173.43,173.44,28.44
1542508260,173.44,173.75,173.44,173.55,123.81
1542508320,173.36,173.51,173.51,173.36,6.67
1542508380,173.36,173.37,173.36,173.37,23.66
1542508440,173.36,173.37,173.37,173.37,18.19
1542508500,173.37,173.38,173.37,173.38,2.54
1542508560,173.37,173.38,173.38,173.37,4.29
1542508620,173.37,173.38,173.38,173.38,8.62
1542508680,173.37,173.38,173.38,173.38,10.97
1542508740,173.36,173.38,173.38,173.36,120.15
1542508800,173.37,173.38,173.37,173.38,8.27
1542508860,173.37,173.37,173.37,173.37,6.83
1542508920,173.36,173.37,173.37,173.37,106.65
1542508980,173.36,173.37,173.37,173.37,123.71
1542509040,173.36,173.37,173.36,173.37,28.24
1542509100,173.36,173.37,173.36,173.37,73.17
1542509160,173.38,173.38,173.38,173.38,1.83
1542509220,173.37,173.38,173.38,173.38,2.75
1542509280,173.38,173.59,173.38,173.48,54.99
1542509340,173.47,173.48,173.47,173.47,13.92
1542509400,173.48,173.48,173.48,173.48,5.79
1542509460,173.42,173.48,173.48,173.43,105.71
1542509520,173.42,173.43,173.43,173.43,45.82
1542509580,173.42,173.43,173.43,173.43,35.09
1542509640,173.42,173.43,173.43,173.42,5.33
1542509700,173.42,173.43,173.43,173.42,6.75
1542509760,173.42,173.43,173.43,173.43,41.55
1542509820,173.42,173.43,173.43,173.43,4.41
1542509880,173.42,173.43,173.43,173.42,46.25
1542509940,173.42,173.43,173.42,173.43,15.05
1542510000,173.42,173.43,173.43,173.42,26.45
1542510060,173.4,173.41,173.41,173.41,23.18
1542510120,173.41,173.41,173.41,173.41,9.24
1542510180,173.4,173.48,173.41,173.41,145.06
1542510240,173.41,173.41,173.41,173.41,3.4
1542510300,173.4,173.6,173.4,173.6,126.41
1542510360,173.51,173.6,173.51,173.6,8.58
1542510420,173.6,173.6,173.6,173.6,24.55
1542510480,173.59,173.6,173.6,173.59,26.67
1542510540,173.59,173.6,173.6,173.6,26.3
1542510600,173.59,173.67,173.6,173.67,5.51
1542510660,173.67,173.73,173.67,173.73,7.63
1542510720,173.73,173.75,173.73,173.74,20.9
1542510780,173.74,173.75,173.74,173.75,157.53
1542510840,173.75,174.45,173.75,174.45,511.3
1542510900,174.44,174.83,174.44,174.83,90.57
1542510960,174.82,174.85,174.82,174.85,59.3
1542511020,174.86,174.87,174.87,174.87,17.75
1542511080,174.87,174.89,174.87,174.87,40.16
1542511140,174.86,174.87,174.87,174.87,15.64
1542511200,174.86,174.98,174.87,174.98,234.81
1542511260,174.98,175.0,174.98,175.0,60.41
1542511320,174.67,174.99,174.98,174.68,92.68
1542511380,174.35,174.68,174.68,174.44,117.54
1542511440,174.3,174.58,174.41,174.36,33.57
1542511500,174.34,174.35,174.35,174.35,6.17
1542511560,174.34,174.46,174.35,174.35,103.66
1542511620,174.35,174.35,174.35,174.35,2.51
1542511680,174.34,174.35,174.35,174.34,28.8
1542511740,174.35,174.35,174.35,174.35,16.25
1542511800,174.34,174.44,174.35,174.44,15.07
1542511860,174.36,174.44,174.44,174.36,10.05
1542511920,174.35,174.36,174.36,174.36,2.04
1542511980,174.35,174.35,174.35,174.35,9.2
1542512040,174.35,174.35,174.35,174.35,5.14
1542512100,173.99,174.35,174.35,174.1,46.2
1542512160,174.09,174.1,174.1,174.09,3.84
1542512220,174.1,174.35,174.1,174.24,4.61
1542512280,174.33,174.35,174.33,174.33,8.07
1542512340,174.33,174.33,174.33,174.33,2.72
1542512400,174.33,174.33,174.33,174.33,7.94
1542512460,174.33,174.36,174.33,174.36,9.96
1542512520,174.33,174.36,174.36,174.33,22.1
1542512580,174.35,174.36,174.35,174.36,0.314
1542512640,174.36,174.36,174.36,174.36,43.18
1542512700,174.36,174.36,174.36,174.36,6.6
1542512760,174.35,174.36,174.36,174.36,4.21
1542512820,174.36,174.36,174.36,174.36,1.99
1542512880,174.35,174.36,174.36,174.36,10.01
1542512940,174.35,174.36,174.36,174.36,8.0
1542513000,174.35,174.36,174.35,174.36,2.01
1542513060,174.35,174.36,174.36,174.35,13.59
1542513120,174.36,174.55,174.36,174.55,199.4
1542513180,174.53,174.54,174.53,174.54,4.05
1542513240,174.53,174.54,174.54,174.54,3.45
1542513300,174.54,174.68,174.54,174.66,35.81
1542513360,174.65,174.7,174.66,174.69,13.17
1542513420,174.68,174.71,174.69,174.71,24.03
1542513480,174.7,174.71,174.71,174.71,11.53
1542513540,174.71,174.71,174.71,174.71,8.17
1542513600,174.7,174.71,174.71,174.71,20.99
1542513660,174.7,174.71,174.71,174.71,4.77
1542513720,174.7,174.71,174.71,174.71,7.01
1542513780,174.7,174.71,174.71,174.71,3.76
1542513840,174.7,174.71,174.7,174.71,0.651
1542513900,174.71,174.85,174.71,174.85,26.4
1542513960,174.71,174.8,174.8,174.72,9.12
1542514020,174.69,174.72,174.71,174.69,44.7
1542514080,174.65,174.66,174.66,174.65,8.42
1542514140,174.65,174.66,174.65,174.65,6.52
1542514200,174.6,174.66,174.66,174.65,14.15
1542514260,174.6,174.66,174.65,174.66,46.21
1542514320,174.64,174.66,174.65,174.65,6.35
1542514380,174.57,174.65,174.65,174.63,10.98
1542514440,174.61,174.64,174.62,174.64,30.06
1542514500,174.64,174.64,174.64,174.64,3.53
1542514560,174.64,174.78,174.64,174.74,65.68
1542514620,174.74,174.82,174.8,174.74,20.36
1542514680,174.71,174.71,174.71,174.71,6.66
1542514740,174.71,174.71,174.71,174.71,9.73
1542514800,174.59,174.7,174.7,174.69,4.71
1542514860,174.68,174.75,174.68,174.75,5.61
1542514920,174.69,174.69,174.69,174.69,3.34
1542514980,174.58,174.7,174.69,174.7,58.69
1542515040,174.66,174.67,174.66,174.66,10.03
1542515100,174.65,174.66,174.65,174.65,13.29
1542515160,174.66,174.66,174.66,174.66,4.02
1542515220,174.42,174.65,174.65,174.43,280.05
1542515280,174.43,174.46,174.43,174.46,8.56
1542515340,174.45,174.46,174.46,174.45,9.11
1542515400,174.43,174.43,174.43,174.43,0.285
1542515460,174.43,174.5,174.43,174.5,24.3
1542515520,174.48,174.5,174.5,174.48,2.89
1542515640,174.45,174.5,174.5,174.49,2.09
1542515700,174.46,174.5,174.46,174.5,16.37
1542515760,174.48,174.5,174.5,174.5,13.14
1542515820,174.5,174.5,174.5,174.5,21.42
1542515880,174.5,174.64,174.5,174.61,21.25
1542515940,174.55,174.61,174.55,174.61,7.05
1542516000,174.46,174.61,174.61,174.46,1.98
1542516060,174.5,174.54,174.53,174.52,69.36
1542516120,174.5,174.55,174.5,174.54,31.8
1542516180,174.45,174.53,174.52,174.45,67.89
1542516240,174.44,174.53,174.45,174.49,19.82
1542516300,174.44,174.5,174.49,174.5,36.04
1542516360,174.47,174.5,174.5,174.5,7.19
1542516420,174.44,174.46,174.46,174.45,24.78
1542516480,174.45,174.45,174.45,174.45,23.67
1542516540,174.42,174.44,174.44,174.43,33.57
1542516600,174.42,174.43,174.43,174.42,2.76
1542516660,174.43,174.43,174.43,174.43,21.74
1542516720,174.42,174.43,174.43,174.42,10.94
1542516780,174.42,174.49,174.43,174.49,7.83
1542516840,174.49,174.5,174.49,174.5,8.22
1542516900,174.49,174.5,174.5,174.5,17.91
1542516960,174.5,174.58,174.5,174.57,7.23
1542517020,174.57,174.62,174.57,174.62,3.11
1542517080,174.59,174.62,174.62,174.59,11.32
1542517140,174.6,174.61,174.61,174.61,25.38
1542517200,174.6,174.61,174.61,174.61,19.04
1542517260,174.56,174.61,174.61,174.58,6.61
1542517320,174.57,174.57,174.57,174.57,0.0542
1542517380,174.57,174.61,174.57,174.61,9.66
1542517440,174.6,174.61,174.61,174.61,1.5
1542517500,174.61,174.61,174.61,174.61,1.13
1542517560,174.6,174.61,174.61,174.61,29.84
1542517620,174.61,174.61,174.61,174.61,7.8
1542517680,174.6,174.61,174.61,174.61,2.68
1542517740,174.6,174.61,174.61,174.61,1.77
1542517800,174.6,174.61,174.61,174.61,3.31
1542517860,174.61,174.61,174.61,174.61,5.24
1542517920,174.6,174.61,174.61,174.6,2.46
1542517980,174.6,174.61,174.61,174.61,3.1
1542518040,174.61,174.61,174.61,174.61,9.24
1542518100,174.6,174.61,174.61,174.61,7.34
1542518160,174.6,174.6,174.6,174.6,1.15
1542518220,174.6,174.61,174.61,174.6,11.48
1542518280,174.56,174.62,174.62,174.59,7.26
1542518340,174.55,174.58,174.58,174.56,19.62
1542518400,174.57,174.62,174.57,174.58,10.04
1542518460,174.52,174.57,174.57,174.53,17.64
1542518520,174.59,174.6,174.59,174.6,2.19
1542518580,174.59,174.62,174.6,174.62,3.62
1542518640,174.61,174.62,174.62,174.62,6.26
1542518700,174.61,174.67,174.62,174.65,9.72
1542518760,174.64,174.65,174.64,174.64,0.722
1542518820,174.64,174.67,174.65,174.67,1.31
1542518880,174.66,174.67,174.67,174.66,178.33
1542518940,174.66,174.73,174.66,174.73,11.55
1542519000,174.66,174.66,174.66,174.66,8.44
1542519060,174.65,174.66,174.65,174.66,5.93
1542519120,174.66,174.66,174.66,174.66,8.57
1542519180,174.65,174.66,174.65,174.65,16.42
1542519240,174.66,174.66,174.66,174.66,3.14
1542519300,174.66,174.66,174.66,174.66,1.05
1542519360,174.66,174.66,174.66,174.66,9.83
1542519420,174.65,174.66,174.65,174.66,1.68
1542519480,174.65,174.66,174.66,174.66,0.42
1542519540,174.66,174.66,174.66,174.66,37.83
1542519600,174.65,174.9,174.65,174.87,4.77
1542519660,174.81,174.83,174.81,174.83,2.14
1542519720,174.82,174.83,174.82,174.83,0.437
1542519780,174.83,174.89,174.83,174.86,2.97
1542519840,174.83,174.9,174.86,174.85,12.44
1542519900,174.85,175.11,174.87,174.95,287.49
1542519960,174.94,174.95,174.95,174.94,6.85
1542520020,174.99,174.99,174.99,174.99,2.83
1542520080,174.97,174.99,174.99,174.97,13.95
1542520140,174.94,175.03,174.94,175.03,45.06
1542520200,175.03,175.03,175.03,175.03,0.656
1542520260,175.0,175.2,175.05,175.1,264.5
1542520320,175.04,175.07,175.07,175.05,15.06
1542520380,175.05,175.11,175.05,175.08,32.95
1542520440,175.08,175.08,175.08,175.08,4.41
1542520500,175.05,175.08,175.07,175.05,6.38
1542520560,174.96,175.03,175.03,174.99,33.74
1542520620,174.95,175.0,174.99,175.0,6.64
1542520680,174.95,174.99,174.99,174.95,18.98
1542520740,174.81,174.96,174.96,174.81,24.1
1542520800,174.81,174.81,174.81,174.81,18.09
1542520860,174.76,174.85,174.81,174.85,5.54
1542520920,174.85,174.85,174.85,174.85,1.42
1542520980,174.84,174.85,174.84,174.85,7.78
1542521100,174.84,174.85,174.84,174.84,11.02
1542521160,174.76,174.85,174.81,174.76,8.72
1542521220,174.76,174.77,174.76,174.77,7.71
1542521280,174.76,174.77,174.77,174.77,43.57
1542521340,174.76,174.76,174.76,174.76,2.0
1542521400,174.75,174.76,174.76,174.75,17.1
1542521460,174.6,174.76,174.76,174.6,32.97
1542521520,174.61,174.61,174.61,174.61,1.12
1542521580,174.6,174.61,174.61,174.61,2.29
1542521640,174.61,174.61,174.61,174.61,0.521
1542521700,174.6,174.74,174.61,174.74,37.29
1542521760,174.74,174.95,174.74,174.95,88.34
1542521820,174.94,174.94,174.94,174.94,5.85
1542521880,174.8,174.94,174.94,174.8,27.89
1542521940,174.79,174.82,174.79,174.81,13.98
1542522000,174.81,174.88,174.86,174.84,6.1
1542522060,174.81,174.84,174.84,174.81,1.56
1542522120,174.8,174.8,174.8,174.8,0.305
1542522180,174.8,174.88,174.87,174.81,8.7
1542522240,174.8,174.85,174.81,174.85,5.25
1542522300,174.84,174.85,174.85,174.85,4.09
1542522360,174.84,174.85,174.85,174.85,5.2
1542522420,174.84,174.85,174.85,174.85,6.93
1542522480,174.84,174.97,174.84,174.97,32.54
1542522540,174.96,174.99,174.97,174.99,7.47
1542522600,174.99,175.01,174.99,175.01,1.98
1542522660,175.0,175.33,175.0,175.33,62.36
1542522720,175.33,175.33,175.33,175.33,0.634
1542522780,175.27,175.33,175.33,175.3,6.12
1542522840,175.27,175.33,175.27,175.33,2.98
1542522900,175.3,175.32,175.3,175.32,0.133
1542522960,175.3,175.33,175.3,175.3,5.21
1542523020,175.29,175.3,175.29,175.29,9.74
1542523080,174.97,175.29,175.29,174.97,27.03
1542523140,174.96,175.15,174.96,175.15,157.65
1542523200,175.14,175.15,175.15,175.15,1.55
1542523260,175.15,175.15,175.15,175.15,0.551
1542523320,175.14,175.15,175.15,175.14,2.71
1542523380,175.14,175.15,175.15,175.15,17.8
1542523440,175.14,175.15,175.15,175.15,124.34
1542523500,175.14,175.15,175.15,175.14,1.65
1542523560,175.14,175.15,175.15,175.15,14.4
1542523620,175.15,175.15,175.15,175.15,2.38
1542523680,175.14,175.14,175.14,175.14,9.0
1542523740,175.01,175.03,175.03,175.01,0.966
1542523800,175.0,175.01,175.01,175.0,8.52
1542523860,175.0,175.01,175.01,175.01,0.529
1542523920,175.01,175.01,175.01,175.01,0.665
1542524040,175.01,175.01,175.01,175.01,1.0
1542524100,175.0,175.14,175.0,175.11,34.49
1542524160,175.15,175.15,175.15,175.15,0.546
1542524220,175.14,175.15,175.14,175.15,15.22
1542524280,175.14,175.26,175.14,175.26,12.29
1542524340,175.26,175.26,175.26,175.26,13.45
1542524400,175.15,175.25,175.25,175.2,11.52
1542524460,175.15,175.22,175.19,175.15,8.09
1542524520,175.12,175.19,175.19,175.12,125.2
1542524580,175.14,175.2,175.15,175.2,6.9
1542524640,175.15,175.29,175.19,175.15,67.47
1542524700,175.2,175.21,175.21,175.21,4.41
1542524760,175.21,175.25,175.21,175.25,2.6
1542524820,175.22,175.34,175.24,175.23,92.89
1542524880,175.16,175.29,175.23,175.16,4.28
1542524940,175.25,175.37,175.29,175.29,50.09
1542525000,175.19,175.37,175.29,175.19,85.31
1542525060,175.24,175.25,175.25,175.24,1.48
1542525120,175.25,175.25,175.25,175.25,6.08
1542525180,175.25,175.25,175.25,175.25,6.77
1542525240,175.21,175.35,175.22,175.22,11.66
1542525300,175.21,175.26,175.26,175.22,6.02
1542525360,175.22,175.22,175.22,175.22,2.94
1542525420,175.15,175.24,175.24,175.24,4.16
1542525480,175.13,175.14,175.13,175.14,5.49
1542525540,175.13,175.17,175.14,175.13,15.07
1542525600,175.13,175.17,175.13,175.17,7.01
1542525660,175.14,175.16,175.16,175.14,8.2
1542525720,175.14,175.16,175.14,175.16,0.459
1542525780,175.16,175.18,175.18,175.17,1.95
1542525840,175.17,175.18,175.17,175.18,3.19
1542525900,175.18,175.18,175.18,175.18,11.27
1542525960,175.19,175.19,175.19,175.19,2.66
1542526020,175.2,175.2,175.2,175.2,6.38
1542526080,175.2,175.36,175.2,175.36,47.07
1542526140,175.25,175.26,175.26,175.25,1.13
1542526200,175.26,175.26,175.26,175.26,5.0
1542526260,175.19,175.26,175.26,175.19,0.958
1542526320,175.19,175.19,175.19,175.19,0.0462
1542526380,175.03,175.2,175.19,175.03,87.1
1542526440,175.07,175.1,175.1,175.07,4.04
1542526500,175.03,175.07,175.07,175.03,0.677
1542526620,175.04,175.05,175.05,175.04,0.0654
1542526680,175.04,175.04,175.04,175.04,4.24
1542526740,175.02,175.04,175.04,175.02,2.25
1542526800,175.03,175.03,175.03,175.03,10.17
1542526860,175.03,175.03,175.03,175.03,0.1
1542526920,175.0,175.02,175.02,175.01,0.862
1542526980,174.87,175.01,175.01,174.87,54.25
1542527040,174.86,174.87,174.87,174.86,98.17
1542527100,174.71,174.85,174.85,174.72,7.81
1542527160,174.6,174.7,174.7,174.63,4.11
1542527220,174.62,174.63,174.63,174.62,4.02
1542527280,174.62,174.63,174.62,174.63,2.19
1542527340,174.61,174.64,174.64,174.61,5.97
1542527400,174.6,174.61,174.6,174.61,2.64
1542527460,174.6,174.6,174.6,174.6,2.68
1542527520,174.6,174.61,174.61,174.61,33.02
1542527580,174.34,174.6,174.6,174.34,132.8
1542527700,174.45,174.49,174.45,174.49,2.18
1542527760,174.45,174.45,174.45,174.45,3.4
1542527820,174.45,174.45,174.45,174.45,0.658
1542527880,174.44,174.45,174.44,174.44,2.64
1542527940,174.45,174.45,174.45,174.45,12.07
1542528060,174.45,174.45,174.45,174.45,70.5
1542528120,174.47,174.48,174.48,174.47,3.38
1542528180,174.26,174.48,174.48,174.26,40.86
1542528240,174.26,174.38,174.26,174.38,1.13
1542528300,174.28,174.4,174.31,174.4,14.23
1542528360,174.45,174.47,174.45,174.47,0.0644
1542528420,174.45,174.45,174.45,174.45,0.387
1542528480,174.4,174.45,174.44,174.41,5.05
1542528540,174.38,174.39,174.38,174.38,7.67
1542528600,174.35,174.47,174.47,174.44,32.51
1542528720,174.38,174.43,174.38,174.43,2.34
1542528840,174.32,174.32,174.32,174.32,2.37
1542528900,174.35,174.44,174.44,174.35,1.13
1542528960,174.39,174.44,174.39,174.44,3.54
1542529020,174.32,174.39,174.35,174.35,18.17
1542529080,174.34,174.35,174.34,174.35,1.11
1542529140,174.31,174.34,174.34,174.31,0.726
1542529200,174.2,174.31,174.31,174.2,5.22
1542529260,174.2,174.26,174.26,174.2,1.0
1542529320,174.2,174.23,174.23,174.2,5.46
1542529380,174.2,174.2,174.2,174.2,15.98
1542529500,174.2,174.21,174.21,174.21,0.958
1542529560,174.2,174.21,174.2,174.21,6.77
1542529620,174.04,174.21,174.21,174.04,143.48
1542529680,174.03,174.03,174.03,174.03,0.106
1542529800,174.02,174.02,174.02,174.02,1.18
1542529860,174.01,174.02,174.02,174.01,12.91
1542529920,174.02,174.02,174.02,174.02,5.21
1542529980,174.02,174.07,174.03,174.06,2.44
1542530040,174.02,174.02,174.02,174.02,2.75
1542530100,174.01,174.05,174.02,174.01,13.29
1542530160,174.01,174.01,174.01,174.01,0.825
1542530220,174.01,174.02,174.01,174.02,1.4
1542530280,174.01,174.01,174.01,174.01,1.51
1542530340,174.01,174.01,174.01,174.01,0.134
1542530400,174.0,174.0,174.0,174.0,0.279
1542530460,174.01,174.01,174.01,174.01,0.0392
1542530520,174.0,174.0,174.0,174.0,0.506
1542530580,174.0,174.01,174.01,174.0,3.68
1542530640,174.0,174.01,174.0,174.01,0.408
1542530700,174.0,174.02,174.0,174.01,0.105
1542530760,174.0,174.02,174.02,174.0,2.25
1542530820,174.02,174.2,174.02,174.2,35.38
1542530880,174.22,174.22,174.22,174.22,0.106
1542530940,174.21,174.22,174.21,174.22,0.528
1542531000,174.22,174.22,174.22,174.22,0.0378
1542531060,174.21,174.22,174.21,174.22,17.55
1542531120,174.25,174.28,174.25,174.28,6.34
1542531180,174.27,174.33,174.27,174.33,7.64
1542531300,174.35,174.4,174.35,174.4,3.07
1542531360,174.39,174.39,174.39,174.39,3.89
1542531420,174.4,174.4,174.4,174.4,2.0
1542531480,174.4,174.4,174.4,174.4,1.62
1542531540,174.39,174.39,174.39,174.39,2.0
1542531600,174.39,174.39,174.39,174.39,9.36
1542531660,174.39,174.39,174.39,174.39,0.14
1542531720,174.39,174.39,174.39,174.39,0.559
1542531780,174.39,174.4,174.39,174.4,61.74
1542531840,174.4,174.4,174.4,174.4,3.84
1542531960,174.39,174.4,174.4,174.39,3.6
1542532020,174.4,174.4,174.4,174.4,0.348
1542532080,174.39,174.4,174.39,174.4,4.5
1542532140,174.39,174.39,174.39,174.39,1.12
1542532200,174.39,174.91,174.39,174.56,143.8
1542532260,174.56,174.56,174.56,174.56,0.493
1542532320,174.56,174.56,174.56,174.56,1.14
1542532380,174.56,174.57,174.56,174.57,3.52
1542532440,174.57,174.57,174.57,174.57,1.06
1542532500,174.56,174.57,174.57,174.56,2.5
1542532560,174.56,174.57,174.57,174.57,7.19
1542532680,174.56,174.57,174.56,174.56,15.07
1542532740,174.56,174.56,174.56,174.56,0.198
1542532800,174.56,174.57,174.56,174.57,4.88
1542532860,174.56,174.57,174.56,174.57,1.46
1542532920,174.56,174.57,174.56,174.56,9.07
1542532980,174.56,174.56,174.56,174.56,1.61
1542533040,174.56,174.56,174.56,174.56,1.06
1542533100,174.57,174.57,174.57,174.57,1.12
1542533160,174.56,174.57,174.57,174.57,6.43
1542533220,174.56,174.57,174.56,174.57,4.47
1542533280,174.57,174.57,174.57,174.57,1.18
1542533340,174.56,174.57,174.57,174.56,1.63
1542533400,174.57,174.57,174.57,174.57,2.27
1542533460,174.56,174.57,174.56,174.57,3.03
1542533520,174.32,174.56,174.56,174.32,70.23
1542533640,174.32,174.33,174.33,174.32,0.696
1542533700,174.25,174.32,174.32,174.25,0.779
1542533760,174.2,174.24,174.24,174.21,20.69
1542533820,174.12,174.2,174.2,174.12,0.327
1542534000,174.13,174.13,174.13,174.13,0.0458
1542534060,174.13,174.13,174.13,174.13,1.04
1542534180,174.12,174.13,174.13,174.12,1.01
1542534240,174.13,174.13,174.13,174.13,1.19
1542534360,174.04,174.12,174.12,174.04,1.64
1542534420,174.04,174.05,174.04,174.05,1.43
1542534480,174.05,174.05,174.05,174.05,0.326
1542534540,174.04,174.15,174.04,174.15,16.08
1542534600,174.15,174.15,174.15,174.15,22.91
1542534660,174.14,174.14,174.14,174.14,15.39
1542534720,174.08,174.14,174.14,174.08,93.61
1542534780,174.13,174.13,174.13,174.13,0.114
1542534840,174.06,174.06,174.06,174.06,0.0663
1542534900,174.09,174.1,174.09,174.1,0.677
1542534960,174.09,174.09,174.09,174.09,0.04
1542535020,174.12,174.12,174.12,174.12,0.0772
1542535080,174.15,174.16,174.16,174.15,0.409
1542535140,174.16,174.16,174.16,174.16,2.09
1542535200,174.15,174.16,174.15,174.16,0.0998
1542535320,174.16,174.16,174.16,174.16,0.383
1542535440,174.03,174.05,174.05,174.03,0.11
1542535560,174.06,174.06,174.06,174.06,0.106
1542535620,174.05,174.05,174.05,174.05,0.336
1542535740,174.05,174.05,174.05,174.05,3.0
1542535860,174.05,174.05,174.05,174.05,0.649
1542535920,174.06,174.06,174.06,174.06,3.02
1542535980,174.05,174.05,174.05,174.05,0.108
1542536100,174.06,174.06,174.06,174.06,0.229
1542536160,174.05,174.06,174.05,174.06,2.53
1542536220,174.05,174.05,174.05,174.05,10.44
1542536280,174.0,174.05,174.05,174.0,18.93
1542536340,174.0,174.01,174.0,174.0,18.05
1542536400,173.99,174.0,174.0,173.99,4.78
1542536520,173.91,173.99,173.99,173.91,5.32
1542536640,173.91,173.91,173.91,173.91,2.0
1542536700,173.88,173.91,173.91,173.89,8.13
1542536760,173.88,173.88,173.88,173.88,0.578
1542536820,173.89,173.95,173.95,173.89,2.9
1542536940,173.88,173.88,173.88,173.88,0.307
1542537000,173.88,173.89,173.89,173.88,3.57
1542537300,173.89,173.89,173.89,173.89,0.0154
1542537360,173.88,173.88,173.88,173.88,5.06
1542537420,173.88,173.89,173.88,173.88,42.5
1542537480,173.88,173.89,173.88,173.89,0.308
1542537540,173.88,173.89,173.88,173.89,20.23
1542537600,173.88,173.88,173.88,173.88,2.98
1542537660,173.88,173.89,173.88,173.89,1.4
1542537720,173.88,173.89,173.88,173.89,0.984
1542537780,173.88,173.88,173.88,173.88,11.84
1542537900,173.86,173.86,173.86,173.86,0.136
1542537960,173.59,173.85,173.85,173.6,77.59
1542538020,173.37,173.6,173.6,173.37,66.17
1542538080,173.36,173.38,173.38,173.36,54.73
1542538140,173.28,173.35,173.35,173.28,3.53
1542538200,173.12,173.27,173.27,173.13,123.8
1542538320,173.2,173.21,173.21,173.2,3.5
1542538380,173.13,173.21,173.21,173.13,7.56
1542538500,173.0,173.12,173.12,173.0,10.64
1542538560,172.82,173.0,173.0,172.82,104.5
1542538620,172.8,172.83,172.83,172.8,15.06
1542538680,172.81,172.81,172.81,172.81,0.276
1542538740,172.8,172.81,172.81,172.81,28.63
1542538800,172.81,172.83,172.81,172.83,29.81
1542538860,172.95,173.24,172.95,173.22,14.07
1542538920,173.2,173.22,173.2,173.22,10.0
1542538980,173.25,173.27,173.25,173.27,0.106
1542539040,173.13,173.24,173.2,173.24,13.65
1542539100,173.21,173.21,173.21,173.21,1.0
1542539160,173.23,173.24,173.24,173.23,3.64
1542539340,173.23,173.24,173.23,173.24,1.26
1542539400,173.24,173.24,173.24,173.24,2.83
1542539460,173.14,173.24,173.24,173.14,2.96
1542539580,173.14,173.14,173.14,173.14,0.54
1542539700,173.14,173.14,173.14,173.14,3.71
1542539760,172.98,173.13,173.13,173.05,17.35
1542539820,173.03,173.03,173.03,173.03,0.691
1542539880,172.99,173.05,173.01,173.05,13.97
1542539940,173.05,173.08,173.08,173.05,1.14
1542540000,173.09,173.14,173.09,173.14,34.33
1542540060,173.15,173.23,173.15,173.23,1.25
1542540120,173.25,173.26,173.25,173.26,12.71
1542540180,173.27,173.27,173.27,173.27,0.129
1542540240,173.27,173.27,173.27,173.27,1.09
1542540300,173.26,173.26,173.26,173.26,1.51
1542540360,173.18,173.26,173.26,173.18,5.32
1542540420,173.25,173.4,173.25,173.3,94.72
1542540480,173.32,173.32,173.32,173.32,0.493
1542540540,173.31,173.32,173.31,173.32,0.134
1542540660,173.3,173.3,173.3,173.3,1.41
1542540720,173.33,173.39,173.33,173.39,9.56
1542540780,173.4,173.41,173.4,173.4,40.66
1542540840,173.42,173.5,173.42,173.5,9.08
1542540900,173.5,173.5,173.5,173.5,0.023
1542540960,173.5,173.5,173.5,173.5,0.0567
1542541020,173.55,173.58,173.55,173.58,1.97
1542541080,173.59,173.59,173.59,173.59,0.941
1542541140,173.52,173.67,173.52,173.52,1.12
1542541200,173.56,173.56,173.56,173.56,8.09
1542541320,173.56,173.56,173.56,173.56,0.226
1542541380,173.55,173.55,173.55,173.55,3.05
1542541500,173.42,173.56,173.56,173.42,2.48
1542541560,173.46,173.47,173.47,173.46,6.13
1542541680,173.45,173.56,173.45,173.56,3.96
1542541740,173.56,173.64,173.56,173.64,2.18
1542541800,173.6,173.6,173.6,173.6,1.39
1542541860,173.61,173.61,173.61,173.61,1.75
1542541920,173.55,173.61,173.61,173.55,9.63
1542542040,173.56,173.57,173.57,173.56,1.55
1542542100,173.57,173.58,173.57,173.58,2.86
1542542160,173.57,173.58,173.58,173.57,0.428
1542542220,173.58,173.58,173.58,173.58,0.0516
1542542340,173.45,173.58,173.58,173.46,13.51
1542542400,173.39,173.45,173.45,173.39,1.03
1542542460,173.27,173.39,173.35,173.39,31.03
1542542520,173.37,173.38,173.38,173.38,2.34
1542542580,173.37,173.38,173.38,173.37,4.02
1542542640,173.38,173.41,173.38,173.41,1.87
1542542700,173.43,173.43,173.43,173.43,0.202
1542542760,173.43,173.44,173.43,173.44,0.263
1542542820,173.43,173.43,173.43,173.43,0.319
1542542880,173.43,173.46,173.43,173.46,3.72
1542542940,173.45,173.45,173.45,173.45,0.109
1542543000,173.46,173.55,173.46,173.55,1.23
1542543060,173.55,173.55,173.55,173.55,5.16
1542543120,173.55,173.55,173.55,173.55,1.21
1542543180,173.54,173.55,173.55,173.55,34.23
1542543240,173.54,173.55,173.55,173.54,0.776
1542543300,173.55,173.55,173.55,173.55,2.03
1542543360,173.55,173.55,173.55,173.55,2.26
1542543420,173.54,173.54,173.54,173.54,0.242
1542543480,173.55,173.55,173.55,173.55,3.09
1542543540,173.55,173.55,173.55,173.55,0.344
1542543660,173.57,173.6,173.57,173.6,2.0
1542543780,173.6,173.73,173.6,173.73,34.2
1542543840,173.74,173.75,173.75,173.74,1.38
1542543900,173.74,173.74,173.74,173.74,0.11
1542543960,173.74,173.74,173.74,173.74,0.505
1542544020,173.74,173.74,173.74,173.74,0.993
1542544080,173.75,173.83,173.75,173.83,7.66
1542544140,173.83,174.21,173.83,173.93,142.63
1542544260,173.95,174.0,174.0,173.95,0.0717
1542544440,173.95,173.95,173.95,173.95,1.0
1542544500,173.95,173.96,173.95,173.96,23.72
1542544560,173.96,173.96,173.96,173.96,1.45
1542544620,173.9,173.95,173.95,173.9,69.86
1542544680,173.91,173.91,173.91,173.91,0.678
1542544740,173.9,173.91,173.91,173.9,6.66
1542544800,173.91,173.96,173.91,173.96,1.27
1542544920,173.91,173.91,173.91,173.91,0.275
1542544980,173.9,173.91,173.9,173.91,7.22
1542545040,173.9,173.91,173.9,173.91,22.61
1542545100,173.91,173.91,173.91,173.91,0.307
1542545160,173.8,173.9,173.9,173.8,11.29
1542545220,173.73,173.91,173.81,173.74,24.42
1542545280,173.73,173.89,173.78,173.73,12.77
1542545340,173.76,173.82,173.76,173.82,7.32
1542545400,173.79,173.81,173.79,173.81,0.82
1542545460,173.75,173.82,173.76,173.78,11.69
1542545520,173.78,173.78,173.78,173.78,0.275
1542545580,173.77,173.91,173.77,173.91,2.62
1542545700,173.91,174.11,173.91,174.0,149.29
1542545760,174.02,174.11,174.02,174.04,7.23
1542545820,174.03,174.04,174.04,174.04,3.07
1542545880,174.03,174.15,174.04,174.15,22.65
1542545940,174.14,174.15,174.15,174.14,17.85
1542546000,174.01,174.14,174.14,174.01,15.21
1542546120,174.01,174.09,174.01,174.01,17.45
1542546180,174.02,174.02,174.02,174.02,1.23
1542546240,174.02,174.02,174.02,174.02,16.6
1542546300,174.02,174.02,174.02,174.02,0.0887
1542546360,174.01,174.01,174.01,174.01,0.577
1542546420,174.02,174.02,174.02,174.02,1.4
1542546480,174.01,174.02,174.02,174.01,1.9
1542546540,174.01,174.05,174.01,174.05,7.0
