1535434080,285.53,285.56,285.56,285.53,6.810950910000001
1535434140,285.52,285.53,285.52,285.53,2.66992033
1535434200,285.52,285.53,285.52,285.52,4.26358067
1535434260,285.53,285.53,285.53,285.53,0.59020457
1535434320,285.52,285.53,285.53,285.52,14.312036820000001
1535434380,285.52,285.53,285.53,285.53,8.56519215
1535434440,285.52,285.53,285.53,285.53,16.22945082
1535434500,285.52,285.53,285.53,285.53,22.502442010000003
1535434560,285.52,285.53,285.53,285.52,2.6973081100000003
1535434620,285.52,285.53,285.52,285.53,3.83620384
1535434680,285.52,285.53,285.53,285.52,5.23297403
1535434740,285.53,285.53,285.53,285.53,0.46387802999999994
1535434800,285.53,285.53,285.53,285.53,2.0146793400000003
1535434860,285.52,285.53,285.53,285.52,22.88294481
1535434920,285.52,285.53,285.53,285.53,13.414935080000001
1535434980,285.53,285.53,285.53,285.53,20.46539993
1535435040,285.52,285.53,285.53,285.52,1.22384877
1535435100,285.52,285.53,285.53,285.53,13.12404625
1535435160,285.52,285.53,285.53,285.53,1.64917399
1535435220,285.52,285.53,285.53,285.53,10.69318317
1535435280,285.52,285.53,285.53,285.53,27.49323539
1535435340,285.52,285.53,285.52,285.52,11.20232848
1535435400,285.52,285.53,285.52,285.52,14.24452985
1535435460,285.53,285.53,285.53,285.53,1.34068564
1535435580,285.53,285.53,285.53,285.53,11.6836728
1535435640,285.52,285.53,285.53,285.53,2.05148886
1535435700,285.52,285.53,285.53,285.52,2.29376092
1535435760,285.53,285.53,285.53,285.53,10.987827969999998
1535435820,285.52,285.53,285.52,285.53,4.92012627
1535435880,285.52,285.53,285.53,285.53,5.71474438
1535435940,285.52,285.53,285.52,285.53,8.592686080000002
1535436000,285.52,285.53,285.52,285.53,14.65240573
1535436060,285.52,285.53,285.52,285.52,42.52507637
1535436120,285.52,285.53,285.53,285.53,5.34789812
1535436180,285.52,285.53,285.53,285.53,13.63756152
1535436240,285.52,285.67,285.52,285.67,89.49505178
1535436300,285.66,285.67,285.67,285.66,4.19561997
1535436360,285.67,285.67,285.67,285.67,3.74947937
1535436420,285.66,285.67,285.66,285.67,11.880629260000001
1535436480,285.66,285.67,285.67,285.67,11.0562727
1535436540,285.66,285.67,285.67,285.67,1.20988493
1535436600,285.66,285.67,285.67,285.67,3.66483752
1535436660,285.66,285.67,285.67,285.67,6.17809537
1535436720,285.66,285.67,285.67,285.66,96.41155918
1535436780,285.3,285.66,285.66,285.31,282.55928304
1535436840,285.26,285.31,285.31,285.26,70.32113593
1535436900,285.06,285.22,285.22,285.07,57.168081580000006
1535436960,285.04,285.06,285.06,285.04,16.25618679
1535437020,285.04,285.3,285.04,285.3,28.143841520000002
1535437080,285.29,285.3,285.3,285.29,3.2944127500000002
1535437140,285.3,285.3,285.3,285.3,1.11
1535437200,285.29,285.3,285.3,285.3,1.1157783399999999
1535437260,285.29,285.3,285.3,285.29,3.38622563
1535437320,285.29,285.3,285.29,285.3,13.623186429999999
1535437380,285.29,285.3,285.3,285.29,8.25017715
1535437440,285.29,285.3,285.3,285.29,1.5389069699999998
1535437500,285.29,285.3,285.3,285.3,22.14136026
1535437560,285.29,285.3,285.29,285.29,12.84172776
1535437620,285.29,285.3,285.29,285.3,13.09817296
1535437680,285.3,285.49,285.3,285.49,5.15871207
1535437740,285.48,285.49,285.49,285.49,2.75186149
1535437800,285.48,285.5,285.49,285.49,17.308254769999998
1535437860,285.49,285.5,285.5,285.5,3.23973534
1535437920,285.49,285.5,285.5,285.5,2.02821261
1535437980,285.49,285.5,285.49,285.5,2.1187
1535438040,285.49,285.5,285.5,285.5,2.27013591
1535438100,285.49,285.5,285.49,285.49,105.02267843999999
1535438160,285.49,285.5,285.5,285.49,4.58528507
1535438220,285.49,285.5,285.49,285.5,6.25545947
1535438280,285.49,285.5,285.49,285.5,15.986889099999999
1535438340,285.49,285.5,285.5,285.5,6.8552405499999995
1535438400,285.49,285.5,285.5,285.49,1.3972807
1535438460,285.49,285.5,285.49,285.5,6.6660282099999995
1535438520,285.5,285.5,285.5,285.5,0.25096932
1535438580,285.49,285.5,285.5,285.49,167.91153941999997
1535438640,285.5,285.5,285.5,285.5,1.06964394
1535438700,285.49,285.5,285.49,285.5,0.50173692
1535438760,285.49,285.5,285.5,285.5,7.41757748
1535438820,285.25,285.5,285.5,285.26,120.14071110999998
1535438880,285.21,285.26,285.25,285.22,27.67860118
1535438940,285.22,285.26,285.22,285.26,55.94931078999999
1535439000,285.25,285.26,285.26,285.25,2.28816328
1535439060,285.22,285.25,285.25,285.23,13.319903389999997
1535439120,285.04,285.23,285.23,285.18,18.59487343
