1531166340,476.12,476.13,476.13,476.12,3.10029771
1531166400,476.12,476.13,476.13,476.13,14.03137892
1531166460,476.1,476.13,476.12,476.13,13.611624
1531166520,476.1,476.13,476.13,476.13,3.3563212800000004
1531166580,476.12,476.13,476.13,476.13,7.529804050000001
1531166640,476.03,476.13,476.13,476.06,9.840450519999997
1531166700,476.07,476.36,476.11,476.1,2.77798196
1531166760,476.1,476.56,476.1,476.46,48.60318484999997
1531166820,476.1,476.44,476.14,476.1,28.81568387
1531166880,476.06,476.43,476.39,476.43,6.913569430000001
1531166940,476.09,476.52,476.32,476.09,17.074645979999993
1531167000,476.08,476.39,476.32,476.31,8.903918250000004
1531167060,476.06,476.31,476.31,476.25,8.766425649999997
1531167120,476.05,476.3,476.1,476.12,3.8600167899999995
1531167180,476.13,476.26,476.13,476.25,7.61231248
1531167240,476.21,476.41,476.24,476.22,5.7082362999999985
1531167300,476.21,476.41,476.33,476.21,20.104560990000007
1531167360,476.24,476.31,476.31,476.29,1.9552416000000001
1531167420,476.25,476.41,476.28,476.25,22.14763946
1531167480,476.21,476.28,476.28,476.23,20.85840966
1531167540,476.21,476.23,476.23,476.23,25.746544629999995
1531167600,476.2,476.23,476.23,476.23,3.8462185499999997
1531167660,476.14,476.23,476.23,476.23,4.50708412
1531167720,476.1,476.19,476.18,476.16,2.523990229999999
1531167780,476.15,476.23,476.15,476.23,10.233512169999997
1531167840,476.11,476.42,476.22,476.13,3.345629549999999
1531167900,476.25,476.27,476.27,476.25,3.6930915
1531167960,476.25,476.26,476.26,476.25,10.09546098
1531168020,476.25,476.38,476.26,476.38,14.811707399999998
1531168080,476.37,476.57,476.38,476.47,4.981850409999999
1531168140,476.37,476.74,476.42,476.42,22.748792969999997
1531168200,476.38,476.44,476.42,476.38,2.22257148
1531168260,476.38,476.39,476.39,476.39,16.32118981
1531168320,476.38,476.39,476.39,476.39,5.232670079999999
1531168380,476.38,476.39,476.38,476.38,10.250103140000002
1531168440,476.38,476.44,476.38,476.43,13.566594139999998
1531168500,476.44,476.9,476.44,476.56,60.63187842000001
1531168560,476.56,476.94,476.56,476.76,14.338360349999999
1531168620,476.76,476.77,476.76,476.76,8.55173013
1531168680,476.76,476.94,476.76,476.81,13.759516210000001
1531168740,476.8,476.88,476.81,476.88,7.577240070000001
1531168800,476.86,476.87,476.86,476.87,21.7939215
1531168860,476.09,476.87,476.86,476.58,115.17628033000003
1531168920,475.9,476.58,476.58,475.91,208.98170638999986
1531168980,475.9,475.91,475.9,475.91,4.29673515
1531169040,475.9,475.91,475.91,475.91,2.6951958099999995
1531169100,475.9,475.91,475.9,475.91,0.33529718000000003
1531169160,475.9,475.91,475.9,475.91,5.4004512
1531169220,475.9,475.91,475.9,475.91,4.253596099999999
1531169280,475.9,475.91,475.91,475.91,1.83569491
1531169340,475.88,475.89,475.88,475.89,21.71596775
1531169400,475.88,475.89,475.88,475.89,7.02223641
1531169460,475.88,475.89,475.88,475.89,9.38926826
1531169520,475.51,475.89,475.88,475.52,14.9719999
1531169580,475.51,475.52,475.52,475.51,57.163176969999995
1531169640,475.51,475.52,475.52,475.51,13.45206303
1531169700,475.25,475.83,475.52,475.32,48.922389149999994
1531169760,475.32,475.33,475.32,475.33,1.77026131
1531169820,475.32,475.33,475.32,475.32,7.68009304
1531169880,475.32,475.33,475.33,475.33,2.92833683
1531169940,475.3,475.33,475.32,475.31,59.03095228000001
1531170000,475.31,475.67,475.31,475.63,49.32330043
1531170060,475.47,475.75,475.63,475.69,68.91263104
1531170120,475.3,475.79,475.69,475.79,6.4927572
1531170180,475.14,475.4,475.3,475.39,5.234307629999999
1531170240,475.24,475.68,475.4,475.38,5.66458561
1531170300,475.38,475.39,475.38,475.38,4.1910846699999995
1531170360,475.08,475.39,475.38,475.08,25.047215610000023
1531170420,475.0,475.09,475.09,475.09,21.98458463
1531170480,475.0,475.09,475.09,475.05,13.826921809999998
1531170540,475.0,475.02,475.02,475.01,11.549328990000001
1531170600,475.0,475.37,475.01,475.01,9.704210499999999
1531170660,475.0,475.39,475.0,475.07,65.61937931
1531170720,475.0,475.07,475.07,475.0,49.92470464
1531170780,475.0,475.01,475.01,475.0,70.89179236000001
1531170840,475.0,475.01,475.0,475.0,33.48000592000001
1531170900,475.0,475.02,475.0,475.02,24.22659516
1531170960,475.01,475.97,475.02,475.96,73.43417783
1531171020,475.61,475.97,475.97,475.82,2.1236999200000004
1531171080,475.83,476.0,475.83,475.99,42.0885735
1531171140,476.0,476.1,476.0,476.1,17.335541560000003
1531171200,476.09,476.1,476.1,476.1,7.37448052
1531171260,476.09,476.1,476.09,476.1,6.9507654
1531171320,475.97,476.1,476.09,475.99,3.98636585
1531171380,475.98,475.99,475.99,475.99,5.017050080000001
1531171440,475.98,475.99,475.99,475.98,6.68436452
1531171500,475.98,475.99,475.99,475.99,4.3752349
1531171560,475.83,475.99,475.99,475.89,18.545770300000004
1531171620,475.84,475.89,475.89,475.84,16.08457152
1531171680,475.84,475.84,475.84,475.84,12.834898520000001
1531171740,475.83,475.83,475.83,475.83,2.3784346700000003
1531171800,475.84,475.84,475.84,475.84,3.0854
1531171860,475.83,475.84,475.83,475.84,24.35091242
1531171920,475.83,475.84,475.84,475.84,7.61277117
1531171980,475.83,475.84,475.83,475.84,15.38250756
1531172040,475.83,475.84,475.84,475.83,131.44758681
1531172100,475.83,475.84,475.83,475.84,3.5821943899999997
1531172160,475.83,475.84,475.84,475.84,3.9111830899999998
1531172220,475.83,475.84,475.83,475.84,5.532128800000001
1531172280,475.83,475.84,475.83,475.84,0.2126928
1531172340,475.83,475.84,475.84,475.84,16.55466558
1531172400,475.83,475.84,475.83,475.83,35.70419219
1531172460,475.83,475.85,475.84,475.85,38.87052162
1531172520,475.85,475.85,475.85,475.85,1.13738253
1531172580,475.84,475.89,475.84,475.88,11.108310690000001
1531172640,475.88,475.89,475.88,475.88,1.58562405
1531172700,475.88,475.89,475.88,475.89,24.97581357
1531172760,475.88,476.39,475.88,476.39,58.540349989999974
1531172820,476.38,476.46,476.39,476.46,9.767797459999997
1531172880,476.46,476.47,476.46,476.47,6.32655499
1531172940,476.47,476.66,476.47,476.66,2.29753141
1531173000,476.65,476.66,476.66,476.65,15.68335048
1531173060,476.65,476.66,476.65,476.65,8.82955247
1531173120,476.66,476.83,476.66,476.83,13.848441499999998
1531173180,476.82,476.83,476.82,476.83,1.4844848499999999
1531173240,476.82,476.83,476.82,476.83,4.07320131
1531173300,476.82,476.83,476.83,476.83,12.14697633
1531173360,476.82,476.83,476.82,476.83,24.59707858
1531173420,476.82,476.83,476.83,476.82,35.99844838
1531173480,476.82,476.83,476.83,476.83,9.358161459999998
1531173540,476.82,476.9,476.82,476.9,34.316502189999994
1531173600,476.96,477.15,476.96,477.14,22.484303230000144
1531173660,477.15,477.9,477.15,477.9,38.653467339999985
1531173720,477.9,478.6,477.9,478.6,37.00882884999998
1531173780,478.59,478.6,478.6,478.6,10.117934960000001
1531173840,477.88,478.59,478.59,478.13,7.840418070000002
1531173900,478.28,478.29,478.29,478.29,10.15137901
1531173960,478.28,478.89,478.29,478.52,21.73721616000001
1531174020,478.53,478.54,478.53,478.53,4.6637740899999995
1531174080,478.53,478.54,478.53,478.54,17.92656488
1531174140,478.54,479.36,478.54,479.36,125.8906726400001
1531174200,479.37,481.5,479.37,481.5,343.7303502599999
1531174260,481.48,483.86,481.48,482.61,246.63075521
1531174320,481.57,482.58,482.55,481.57,223.69716803999992
1531174380,480.59,482.01,481.4,480.59,273.60671786999995
1531174440,480.51,480.85,480.59,480.76,35.46916999
1531174500,480.76,481.49,480.77,481.49,31.76080668000001
1531174560,481.18,481.48,481.18,481.47,10.65479409
1531174620,481.47,481.48,481.47,481.48,5.34585535
1531174680,480.17,481.48,481.48,480.58,91.25401970000004
1531174740,480.05,480.58,480.58,480.48,23.85975524
1531174800,480.36,480.94,480.48,480.94,50.864384519999994
1531174860,480.76,480.93,480.93,480.77,4.38185941
1531174920,480.36,480.94,480.77,480.92,120.93296330999999
1531174980,480.92,481.38,480.93,481.08,22.46848537
1531175040,481.08,481.19,481.09,481.09,7.65504082
1531175100,479.0,481.09,481.08,479.0,266.22922937
1531175160,475.83,479.0,479.0,476.02,403.44821514000006
1531175220,476.23,477.2,476.23,476.69,24.55618507
1531175280,476.65,477.96,476.68,477.96,25.85904147
1531175340,477.95,478.45,477.96,477.95,33.07981459999999
1531175400,477.96,478.49,477.96,478.48,9.390369279999998
1531175460,477.59,478.49,478.49,477.74,51.035590799999994
1531175520,477.54,477.88,477.83,477.88,36.910721849999995
1531175580,477.99,478.0,478.0,478.0,6.0354700800000005
1531175640,477.16,478.0,477.99,478.0,13.717779670000002
1531175700,477.99,478.49,478.0,478.49,36.23817363000001
1531175760,478.06,478.49,478.48,478.47,6.855557770000001
1531175820,477.05,478.47,478.47,477.05,14.120217260000004
1531175880,477.06,478.31,477.06,478.31,36.25659046999999
1531175940,478.04,478.29,478.12,478.26,16.972727170000006
1531176000,478.24,478.5,478.32,478.44,14.873436379999998
1531176060,478.5,479.04,478.5,478.95,4.3923782
1531176120,477.6,478.95,478.95,477.6,14.56513973
1531176180,476.8,478.05,477.6,476.97,282.28939691
1531176240,477.49,477.85,477.52,477.84,16.479803419999993
1531176300,477.49,477.84,477.84,477.49,11.36213868
1531176360,476.76,477.49,477.49,476.77,34.22987938000001
1531176420,476.77,477.38,476.77,477.34,83.31934587
1531176480,476.8,477.12,476.96,476.89,2.32406547
1531176540,476.89,476.92,476.9,476.91,16.299591380000003
1531176600,476.9,476.93,476.9,476.93,6.79283556
1531176660,476.92,476.93,476.93,476.92,1.7645867499999999
1531176720,476.92,478.0,476.92,478.0,148.62807058
1531176780,478.0,478.33,478.0,478.32,8.17116229
1531176840,477.03,478.33,478.33,477.75,234.70625021
1531176900,477.73,478.15,477.74,477.94,8.505768060000001
1531176960,477.2,478.06,477.6,477.95,6.93550768
1531177020,477.74,477.95,477.95,477.95,5.603382559999999
1531177080,477.76,478.32,477.95,478.32,32.16404925
1531177140,477.12,478.32,478.32,477.12,25.66983797
1531177200,477.13,477.6,477.54,477.22,20.897756429999994
1531177260,477.13,477.53,477.16,477.53,60.97752337
1531177320,477.49,478.12,477.53,478.12,5.09882623
