1556729700,158.76,159.0,158.99,158.76,14.97
1556729760,158.75,158.84,158.75,158.84,35.66
1556729820,158.78,158.87,158.83,158.78,20.39
1556729880,158.6,158.78,158.77,158.6,5.38
1556729940,158.6,158.83,158.6,158.83,58.67
1556730000,158.81,158.93,158.83,158.93,10.99
1556730060,158.77,158.84,158.84,158.83,73.59
1556730120,158.66,158.85,158.66,158.85,3.14
1556730180,158.9,158.9,158.9,158.9,7.4
1556730240,158.74,158.82,158.81,158.75,110.61
1556730300,158.8,159.0,158.8,158.92,80.87
1556730360,158.96,158.97,158.96,158.97,1.8
1556730420,158.96,159.0,158.97,158.97,37.7
1556730480,158.95,159.0,158.96,158.96,2.2
1556730540,158.89,158.95,158.92,158.95,8.67
1556730600,158.96,159.0,158.98,158.98,4.32
1556730660,159.0,159.0,159.0,159.0,38.93
1556730720,159.04,159.24,159.04,159.24,35.29
1556730780,159.21,159.7,159.22,159.32,540.7
1556730840,159.18,159.67,159.19,159.67,402.39
1556730900,159.67,159.93,159.67,159.67,143.47
1556730960,159.68,159.82,159.68,159.78,4.67
1556731020,159.66,159.78,159.78,159.67,6.5
1556731080,159.6,159.76,159.67,159.6,9.73
1556731140,159.61,159.68,159.61,159.68,0.387
1556731200,159.68,159.7,159.68,159.69,7.29
1556731260,159.69,159.85,159.69,159.85,53.56
1556731320,159.57,159.79,159.79,159.57,2.12
1556731380,159.52,159.66,159.56,159.66,34.41
1556731440,159.26,159.73,159.65,159.42,590.83
1556731500,159.37,159.62,159.37,159.62,116.27
1556731560,159.45,159.53,159.52,159.49,3.55
1556731620,159.46,159.51,159.51,159.46,2.36
1556731680,159.35,159.42,159.37,159.39,37.33
1556731740,159.38,159.51,159.39,159.51,12.19
1556731800,159.58,159.8,159.58,159.79,19.07
1556731860,159.59,159.79,159.79,159.61,22.9
1556731920,159.59,159.69,159.59,159.63,3.4
1556731980,159.63,159.7,159.66,159.7,25.41
1556732040,159.69,159.79,159.69,159.69,7.62
1556732100,159.7,159.78,159.77,159.77,13.79
1556732160,159.77,159.88,159.77,159.88,22.78
1556732220,159.7,159.82,159.82,159.7,6.41
1556732280,159.7,159.75,159.75,159.71,4.18
1556732340,159.7,159.72,159.72,159.7,8.83
1556732400,159.7,159.71,159.71,159.7,4.41
1556732460,159.7,159.71,159.7,159.71,6.78
1556732520,159.69,159.75,159.7,159.7,12.05
1556732580,159.63,159.7,159.7,159.68,15.2
1556732640,159.54,159.68,159.67,159.64,33.94
1556732700,159.62,159.76,159.68,159.75,32.02
1556732760,159.8,159.9,159.8,159.9,41.86
1556732820,159.89,159.9,159.9,159.89,18.58
1556732880,159.89,159.9,159.89,159.9,17.06
1556732940,159.89,159.9,159.89,159.9,17.96
1556733000,159.89,159.9,159.89,159.9,62.94
1556733060,159.9,160.47,159.9,160.0,617.49
1556733120,159.89,160.11,159.95,159.99,42.34
1556733180,160.15,160.22,160.16,160.16,13.24
1556733240,160.22,160.35,160.22,160.29,18.06
1556733300,160.07,160.31,160.31,160.08,96.74
1556733360,160.03,160.25,160.04,160.23,12.87
1556733420,160.23,160.24,160.23,160.23,34.23
1556733480,160.22,160.24,160.24,160.22,4.6
1556733540,160.23,160.25,160.23,160.23,39.46
1556733600,160.23,160.24,160.24,160.23,80.58
1556733660,160.02,160.22,160.22,160.03,98.82
1556733720,159.33,160.02,160.02,159.33,173.2
1556733780,158.7,159.32,159.32,159.08,706.19
1556733840,158.85,159.2,159.07,158.86,127.57
1556733900,158.57,158.87,158.81,158.86,166.5
1556733960,158.85,158.98,158.85,158.93,31.32
1556734020,159.0,159.22,159.0,159.05,265.8
1556734080,158.78,159.06,159.06,158.95,404.0
1556734140,158.84,159.18,158.93,159.06,177.85
1556734200,158.95,159.26,159.09,159.12,36.68
1556734260,159.11,159.12,159.12,159.12,3.73
1556734320,159.12,159.12,159.12,159.12,7.95
1556734380,159.0,159.11,159.11,159.0,17.71
1556734440,158.93,159.17,159.0,159.17,12.58
1556734500,159.16,159.2,159.16,159.2,61.08
1556734560,159.25,159.4,159.28,159.28,42.41
1556734620,159.25,159.31,159.26,159.31,4.87
1556734680,159.36,159.36,159.36,159.36,0.138
1556734740,159.22,159.29,159.29,159.22,69.18
1556734800,159.21,159.28,159.21,159.24,23.15
1556734860,159.2,159.32,159.21,159.32,32.8
1556734920,159.3,159.31,159.31,159.3,5.36
1556734980,159.28,159.38,159.32,159.28,9.24
1556735040,159.29,159.29,159.29,159.29,1.19
1556735100,159.38,159.47,159.41,159.47,1.98
1556735160,159.35,159.47,159.46,159.46,326.62
1556735220,159.34,159.35,159.34,159.34,207.69
1556735280,159.19,159.34,159.34,159.19,109.05
1556735340,159.18,159.19,159.19,159.18,11.68
1556735400,159.18,159.19,159.19,159.18,5.33
1556735460,159.18,159.19,159.19,159.18,57.13
1556735520,159.04,159.19,159.18,159.05,222.19
1556735580,159.03,159.04,159.04,159.04,18.29
1556735640,159.03,159.04,159.04,159.03,2.35
1556735700,159.01,159.16,159.05,159.01,97.66
1556735760,158.93,159.01,159.01,158.93,39.11
1556735820,158.93,158.93,158.93,158.93,13.24
1556735880,158.92,158.93,158.92,158.92,1.01
1556735940,158.92,158.93,158.93,158.92,5.72
1556736000,158.93,159.13,158.93,159.07,30.5
1556736060,158.94,159.06,159.06,158.94,38.83
1556736120,158.93,158.95,158.95,158.93,14.73
1556736180,158.92,158.94,158.94,158.92,20.96
1556736240,158.77,158.93,158.92,158.92,113.51
1556736300,158.81,158.91,158.91,158.82,46.39
1556736360,158.73,158.83,158.83,158.73,34.49
1556736420,158.78,158.88,158.78,158.86,16.79
1556736480,158.94,158.97,158.97,158.94,9.56
1556736540,158.85,158.86,158.85,158.86,0.156
1556736600,158.86,158.86,158.86,158.86,7.29
1556736660,158.85,158.86,158.85,158.86,4.42
1556736720,158.85,158.86,158.85,158.85,11.59
1556736780,158.72,158.85,158.85,158.72,6.27
1556736840,158.71,158.85,158.72,158.71,194.48
1556736900,158.71,158.72,158.71,158.72,3.09
1556736960,158.74,158.77,158.74,158.77,44.0
1556737020,158.7,158.71,158.7,158.7,2.99
1556737080,158.73,158.8,158.8,158.73,0.465
1556737140,158.66,158.75,158.75,158.74,20.39
1556737200,158.7,158.73,158.73,158.7,0.296
1556737260,158.6,158.71,158.71,158.6,24.71
1556737320,158.6,158.63,158.6,158.63,4.33
1556737380,158.6,158.65,158.65,158.62,21.17
1556737440,158.61,158.62,158.62,158.62,18.66
1556737500,158.57,158.64,158.62,158.57,26.47
1556737560,158.13,158.56,158.56,158.33,516.58
1556737620,157.63,158.29,158.29,157.63,698.8
1556737680,157.56,157.82,157.63,157.71,54.36
1556737740,157.57,157.82,157.75,157.82,53.47
1556737800,157.14,157.9,157.78,157.35,236.08
1556737860,157.01,157.33,157.2,157.31,136.45
1556737920,157.02,157.31,157.3,157.27,90.63
1556737980,157.14,157.32,157.27,157.14,11.04
1556738040,157.15,157.24,157.15,157.24,2.55
1556815920,157.3,157.47,157.41,157.3,48.05
1556815980,157.31,157.34,157.34,157.34,4.42
1556816040,157.34,157.35,157.34,157.35,19.74
1556816100,157.34,157.4,157.34,157.4,2.93
1556816160,157.39,157.48,157.42,157.39,42.99
1556816220,157.42,157.48,157.42,157.46,63.89
1556816280,157.4,157.43,157.42,157.43,1.78
1556816340,157.3,157.44,157.4,157.41,496.51
1556816400,157.3,157.41,157.41,157.3,54.88
1556816460,157.38,157.39,157.39,157.39,2.23
1556816520,157.43,157.67,157.43,157.67,31.8
1556816580,157.58,157.67,157.59,157.63,8.11
1556816640,157.63,157.66,157.66,157.63,0.272
1556816700,157.62,157.65,157.65,157.63,11.29
1556816760,157.62,157.63,157.63,157.62,2.74
1556816820,157.62,157.62,157.62,157.62,1.87
1556816880,157.61,157.62,157.61,157.62,4.26
1556816940,157.62,157.67,157.62,157.66,9.55
1556817000,157.5,157.66,157.66,157.63,187.37
1556817060,157.66,157.7,157.66,157.7,59.59
1556817120,157.61,157.65,157.61,157.64,0.976
1556817180,157.64,157.71,157.64,157.71,1.37
1556817240,157.65,157.71,157.7,157.69,11.5
1556817300,157.7,157.7,157.7,157.7,0.486
1556817360,157.66,157.67,157.67,157.67,16.03
1556817420,157.66,157.67,157.66,157.67,1.67
1556817480,157.67,157.69,157.67,157.68,83.81
1556817540,157.66,157.67,157.67,157.66,13.01
1556817600,157.68,157.69,157.68,157.69,4.55
1556817660,157.66,157.79,157.68,157.71,331.99
1556817720,157.69,157.71,157.71,157.69,55.77
1556817780,157.69,157.7,157.7,157.69,54.13
1556817840,157.69,157.7,157.69,157.7,31.11
1556817900,157.69,157.7,157.69,157.7,42.75
1556817960,157.69,157.71,157.69,157.7,19.2
1556818020,157.69,157.7,157.69,157.69,6.86
1556818080,157.6,157.75,157.7,157.73,101.44
1556818140,157.61,157.62,157.62,157.61,1.66
1556818200,157.55,157.61,157.61,157.55,358.57
1556818260,157.54,157.55,157.55,157.54,10.54
1556818320,157.54,157.62,157.55,157.62,17.19
1556818380,157.57,157.59,157.59,157.57,1.36
1556818440,157.63,157.66,157.66,157.63,3.73
1556818500,157.64,157.69,157.64,157.69,22.33
1556818560,157.62,157.62,157.62,157.62,1.3
1556818620,157.58,157.6,157.6,157.58,0.957
1556818680,157.58,157.59,157.59,157.59,2.71
1556818740,157.51,157.55,157.55,157.52,1.77
1556818800,157.51,157.52,157.52,157.52,9.78
1556818860,157.51,157.52,157.52,157.52,61.61
1556818920,157.52,157.61,157.52,157.6,28.31
1556818980,157.59,157.79,157.6,157.72,68.91
1556819040,157.71,157.72,157.71,157.71,2.51
1556819100,157.74,157.88,157.74,157.88,12.32
1556819160,157.91,157.93,157.91,157.93,0.91
1556819220,157.85,157.94,157.94,157.86,24.11
1556819280,157.85,157.86,157.86,157.85,77.38
1556819340,157.85,157.86,157.86,157.85,6.45
1556819400,157.85,157.86,157.86,157.86,6.45
1556819460,157.86,157.86,157.86,157.86,5.96
1556819520,157.85,157.86,157.86,157.86,15.4
1556819580,157.85,157.86,157.85,157.85,28.02
1556819640,157.77,157.86,157.85,157.77,359.94
1556819700,157.67,157.69,157.68,157.69,3.34
1556819760,157.68,157.69,157.69,157.68,2.3
1556819820,157.68,157.72,157.68,157.72,13.92
1556819880,157.71,157.72,157.72,157.71,52.6
1556819940,157.71,157.91,157.71,157.87,268.41
1556820000,157.75,157.9,157.87,157.75,3.42
1556820060,157.76,157.9,157.8,157.81,96.6
1556820120,157.73,157.8,157.73,157.8,2.93
1556820180,157.74,157.8,157.79,157.75,13.72
1556820240,157.74,157.75,157.75,157.74,22.09
1556820300,157.74,157.75,157.74,157.74,3.83
1556820360,157.74,157.75,157.74,157.75,3.9
1556820420,157.74,157.9,157.74,157.9,35.2
1556820480,157.81,157.85,157.85,157.81,8.07
1556820540,157.82,157.83,157.83,157.82,3.43
1556820600,157.82,157.83,157.83,157.83,9.48
1556820660,157.82,157.83,157.83,157.82,1.28
1556820720,157.81,157.82,157.82,157.81,6.21
1556820780,157.79,157.81,157.81,157.79,6.7
1556820840,157.8,157.81,157.81,157.8,5.41
1556820900,157.8,157.81,157.81,157.8,4.03
1556820960,157.81,157.81,157.81,157.81,6.17
1556821020,157.79,157.81,157.81,157.8,49.12
1556821080,157.79,157.8,157.8,157.79,8.31
1556821140,157.79,157.8,157.8,157.8,6.43
1556821200,157.63,157.79,157.79,157.63,306.19
1556821260,157.6,157.68,157.67,157.61,24.6
1556821320,157.53,157.65,157.62,157.59,83.74
1556821380,157.58,157.64,157.62,157.63,35.54
1556821440,157.63,157.64,157.63,157.64,17.69
1556821500,157.63,157.64,157.63,157.63,13.01
1556821560,157.63,157.64,157.64,157.64,8.06
1556821620,157.63,157.71,157.66,157.63,52.14
1556821680,157.63,157.68,157.64,157.63,39.66
1556821740,157.64,157.75,157.64,157.75,2.47
1556821800,157.75,157.8,157.75,157.79,51.46
1556821860,157.7,157.8,157.8,157.7,17.23
1556821920,157.69,157.85,157.71,157.82,669.14
1556821980,157.8,157.88,157.82,157.88,384.93
1556822040,157.83,157.86,157.84,157.86,10.67
1556822100,157.7,157.84,157.84,157.77,180.52
1556822160,157.7,157.77,157.75,157.72,353.94
1556822220,157.71,157.75,157.71,157.74,1.2
1556822280,157.72,157.74,157.74,157.72,0.81
1556822340,157.72,157.74,157.72,157.74,33.66
1556822400,157.71,157.73,157.72,157.73,2.08
1556822460,157.71,157.77,157.77,157.72,28.06
1556822520,157.71,157.72,157.72,157.71,12.03
1556822640,157.72,157.72,157.72,157.72,19.49
1556822700,157.71,157.72,157.72,157.71,317.7
1556822760,157.5,157.64,157.64,157.5,1.66
1556822820,157.6,157.61,157.6,157.61,51.06
1556822880,157.53,157.64,157.61,157.64,13.41
1556822940,157.51,157.64,157.64,157.51,50.33
1556823000,157.31,157.52,157.52,157.31,202.08
1556823060,157.23,157.47,157.44,157.38,186.95
1556823120,157.42,157.45,157.42,157.44,4.93
1556823180,157.39,157.39,157.39,157.39,0.0956
1556823240,157.39,157.4,157.39,157.4,112.68
1556823300,157.38,157.4,157.4,157.38,202.44
1556823360,157.39,157.41,157.39,157.41,18.23
1556823420,157.38,157.39,157.39,157.39,7.51
1556823480,157.25,157.38,157.38,157.3,5.77
1556823540,157.16,157.25,157.25,157.16,45.72
1556823600,157.12,157.18,157.17,157.18,54.63
1556823660,157.17,157.18,157.17,157.18,23.95
1556823720,157.17,157.18,157.17,157.18,58.3
1556823780,157.17,157.32,157.17,157.32,8.03
1556823840,157.27,157.29,157.29,157.28,27.22
1556823900,157.28,157.29,157.29,157.28,0.161
1556823960,157.3,157.31,157.3,157.31,1.31
1556824020,157.3,157.32,157.32,157.3,1.96
1556824080,157.29,157.3,157.29,157.3,4.51
1556824140,157.29,157.3,157.3,157.3,4.25
1556824200,157.29,157.4,157.3,157.4,51.5
1556824260,157.36,157.45,157.45,157.4,11.19
1556824320,157.4,157.43,157.4,157.41,2.89
1556824380,157.45,157.47,157.45,157.47,0.998
1556824440,157.47,157.48,157.47,157.48,3.08
1556824500,157.48,157.48,157.48,157.48,2.0
1556824560,157.47,157.48,157.48,157.48,3.58
1556824620,157.47,157.56,157.48,157.56,37.53
1556824680,157.57,157.76,157.57,157.62,92.04
1556824740,157.61,157.67,157.64,157.67,6.0
1556824800,157.65,157.69,157.67,157.69,1.18
1556824860,157.69,157.71,157.69,157.71,0.211
1556824920,157.71,157.81,157.71,157.73,65.84
1556824980,157.78,157.82,157.8,157.81,153.75
1556825040,157.68,157.73,157.73,157.69,13.02
1556825100,157.64,157.77,157.68,157.64,105.14
1556825160,157.64,157.77,157.64,157.74,97.18
1556825220,157.69,157.8,157.75,157.74,4.23
1556825280,157.71,157.76,157.72,157.72,11.73
1556825340,157.63,157.75,157.63,157.75,25.83
1556825400,157.71,157.75,157.73,157.72,2.77
1556825460,157.71,157.71,157.71,157.71,6.57
1556825520,157.62,157.7,157.7,157.62,32.43
1556825580,157.6,157.63,157.63,157.61,4.64
1556825640,157.6,157.61,157.6,157.61,3.29
1556825700,157.61,157.62,157.61,157.62,41.11
1556825760,157.62,157.73,157.62,157.69,35.14
1556825820,157.69,157.88,157.69,157.85,188.15
1556825880,157.71,157.87,157.82,157.87,1.16
1556825940,157.75,157.85,157.85,157.83,11.61
1556826000,157.84,157.89,157.84,157.84,5.87
1556826060,157.83,157.85,157.85,157.83,3.07
1556826120,157.75,157.82,157.75,157.79,23.75
1556826180,157.79,157.85,157.79,157.85,15.6
1556826240,157.79,157.8,157.8,157.79,32.62
1556826300,157.74,157.79,157.78,157.79,42.38
1556826360,157.8,157.9,157.8,157.9,31.21
1556826420,157.79,157.84,157.8,157.84,1.96
1556826480,157.81,157.82,157.82,157.82,0.57
1556826540,157.82,157.93,157.82,157.9,13.49
1556826600,157.91,158.0,157.91,157.97,71.92
1556826660,157.91,158.1,157.91,158.1,106.43
1556826720,158.09,158.1,158.09,158.1,2.12
1556826780,158.06,158.1,158.1,158.08,107.32
1556826840,157.9,158.08,158.08,158.0,673.12
1556826900,157.88,158.02,157.99,157.88,36.17
1556826960,157.73,157.89,157.88,157.73,37.12
1556827020,157.64,157.73,157.73,157.64,134.08
1556827080,157.61,157.74,157.64,157.64,16.19
1556827140,157.67,157.84,157.74,157.72,9.49
1556827200,157.6,157.75,157.72,157.66,27.16
1556827260,157.47,157.67,157.67,157.5,237.35
1556827320,157.51,157.63,157.51,157.54,2.43
1556827380,157.49,157.63,157.58,157.49,39.66
1556827440,157.52,157.58,157.58,157.52,6.54
1556827500,157.52,157.63,157.52,157.63,2.5
1556827560,157.62,157.72,157.62,157.72,20.29
1556827620,157.67,157.75,157.72,157.69,15.67
1556827680,157.59,157.73,157.66,157.73,64.26
1556827740,157.7,157.76,157.73,157.71,44.84
1556827800,157.74,157.86,157.74,157.86,94.63
1556827860,157.69,157.78,157.76,157.69,14.95
1556827920,157.71,157.85,157.77,157.85,12.3
1556827980,157.76,157.84,157.81,157.84,60.56
1556828040,157.77,157.99,157.8,157.92,11.48
1556828100,157.88,157.94,157.92,157.91,3.75
1556828160,157.96,158.37,157.96,158.37,237.45
1556828220,158.32,158.35,158.35,158.32,0.109
1556828280,158.2,158.3,158.2,158.3,25.05
1556828340,158.27,158.29,158.27,158.29,21.99
1556828400,158.29,158.29,158.29,158.29,14.43
1556828460,158.29,158.51,158.29,158.49,187.5
1556828520,158.38,158.55,158.38,158.55,20.52
1556828580,158.52,158.55,158.52,158.54,32.62
1556828640,158.54,158.55,158.55,158.54,40.25
1556828700,158.54,158.55,158.55,158.55,30.06
1556828760,158.54,158.55,158.54,158.55,320.63
1556828820,158.54,158.55,158.55,158.55,92.09
1556828880,158.54,158.55,158.54,158.55,14.1
1556828940,158.55,158.72,158.55,158.72,75.26
1556829000,158.72,158.84,158.72,158.84,39.88
1556829060,158.83,158.83,158.83,158.83,13.0
1556829120,158.83,158.84,158.84,158.84,15.0
1556829180,158.83,158.84,158.84,158.84,913.62
1556829240,158.87,159.0,158.87,159.0,14.63
1556829300,158.99,159.08,159.0,159.08,10.0
1556829360,159.08,159.2,159.08,159.19,9.31
1556829420,159.2,159.43,159.2,159.26,412.33
1556829480,159.17,159.29,159.17,159.21,88.84
1556829540,159.17,159.28,159.17,159.19,4.14
1556829600,159.16,159.25,159.24,159.16,16.16
1556829660,158.94,159.24,159.24,158.94,64.3
1556829720,159.04,159.19,159.04,159.18,1.56
1556829780,159.04,159.13,159.08,159.04,11.29
1556829840,159.19,159.21,159.19,159.21,47.71
1556829900,159.14,159.24,159.21,159.24,4.05
1556829960,159.11,159.22,159.14,159.16,7.18
1556830020,159.08,159.19,159.18,159.18,25.8
1556830080,159.18,159.19,159.18,159.18,32.94
1556830140,159.18,159.19,159.19,159.19,100.82
1556830200,159.19,159.6,159.19,159.29,843.57
1556830260,159.29,159.48,159.29,159.38,169.36
1556830320,159.33,159.46,159.36,159.46,18.38
1556830380,159.1,159.26,159.18,159.17,5.33
1556830440,159.21,159.23,159.21,159.22,12.15
1556830500,159.13,159.22,159.22,159.15,96.59
1556830560,159.09,159.14,159.14,159.09,100.07
1556830620,158.88,159.1,159.08,159.08,64.86
1556830680,158.89,159.08,159.0,159.08,48.27
1556830740,158.88,159.1,159.08,159.1,6.13
1556830800,158.92,159.1,159.03,158.96,22.17
1556830860,159.01,159.04,159.02,159.03,9.94
1556830920,158.88,159.04,159.0,158.88,11.05
1556830980,158.88,158.89,158.88,158.89,2.39
1556831040,158.86,158.89,158.89,158.89,15.12
1556831100,158.78,158.89,158.89,158.88,23.56
1556831160,158.87,158.88,158.88,158.88,7.95
1556831220,158.87,158.88,158.87,158.88,13.05
1556831280,158.87,158.88,158.88,158.88,4.23
1556831340,158.87,158.88,158.88,158.88,0.518
1556831400,158.87,158.88,158.88,158.88,242.8
1556831460,158.88,159.05,158.88,159.0,70.45
1556831520,158.99,159.0,159.0,159.0,3.56
1556831580,159.0,159.03,159.01,159.03,51.9
1556831640,159.03,159.28,159.03,159.26,4.46
1556831700,159.19,159.27,159.19,159.23,9.68
1556831760,159.19,159.26,159.23,159.26,62.56
1556831820,159.26,159.3,159.26,159.3,79.27
1556831880,159.34,159.39,159.34,159.39,35.7
1556831940,159.39,159.6,159.39,159.51,75.05
1556832000,159.54,159.57,159.55,159.56,36.17
1556832060,159.57,159.57,159.57,159.57,6.94
1556832120,159.4,159.57,159.56,159.45,12.44
1556832180,159.38,159.5,159.46,159.38,110.76
1556832240,159.41,159.46,159.41,159.46,48.04
1556832300,159.42,159.44,159.42,159.43,6.51
1556832360,159.44,159.59,159.45,159.45,35.47
1556832420,159.46,159.6,159.46,159.6,177.1
1556832480,159.59,159.6,159.6,159.59,12.86
1556832540,159.58,160.25,159.6,160.25,1451.74
1556832600,160.04,160.29,160.04,160.29,406.56
1556832660,160.3,160.57,160.31,160.42,282.94
1556832720,160.3,160.42,160.41,160.4,71.37
1556832780,160.28,160.41,160.4,160.31,25.39
1556832840,160.21,160.3,160.29,160.22,44.54
1556832900,160.06,160.21,160.21,160.06,49.29
1556832960,160.06,160.21,160.15,160.06,54.88
1556833020,159.96,160.2,160.15,160.03,94.67
1556833080,159.94,160.04,160.04,160.0,3.66
1556833140,159.77,159.99,159.97,159.86,67.54
1556833200,159.7,159.72,159.7,159.72,19.03
1556833260,159.7,159.76,159.76,159.7,43.65
1556833320,159.7,159.72,159.71,159.7,5.74
1556833380,159.7,159.72,159.71,159.72,14.97
1556833440,159.46,159.71,159.71,159.46,84.59
1556833500,159.19,159.59,159.46,159.56,151.54
1556833560,159.55,159.64,159.56,159.6,26.38
1556833620,159.59,159.62,159.62,159.59,0.119
1556833680,159.54,159.61,159.61,159.59,3.5
1556833740,159.49,159.53,159.5,159.53,0.767
1556833800,159.4,159.46,159.46,159.4,2.19
1556833860,159.4,159.41,159.4,159.41,4.14
1556833920,159.26,159.49,159.41,159.26,180.99
1556833980,159.0,159.29,159.27,159.19,73.27
1556834040,159.01,159.09,159.09,159.06,12.92
1556834100,159.0,159.06,159.06,159.02,22.57
1556834160,158.94,159.04,159.0,159.01,95.11
1556834220,159.02,159.04,159.04,159.04,2.37
1556834280,159.03,159.05,159.04,159.04,11.7
1556834340,159.01,159.11,159.01,159.11,155.79
1556834400,159.13,159.33,159.13,159.22,108.32
1556834460,159.1,159.19,159.15,159.19,43.05
1556834520,159.14,159.19,159.19,159.14,5.24
1556834580,159.15,159.22,159.15,159.22,32.8
1556834640,159.2,159.31,159.2,159.31,20.63
1556834700,159.23,159.33,159.31,159.33,1.61
1556834760,159.22,159.33,159.33,159.33,4.51
1556834820,159.22,159.28,159.28,159.26,20.84
1556834880,159.32,159.33,159.33,159.33,4.54
1556834940,159.32,159.35,159.32,159.34,36.88
1556835000,159.39,159.4,159.39,159.39,4.85
1556835060,159.44,159.57,159.46,159.55,211.46
1556835120,159.5,159.57,159.5,159.57,2.02
1556835180,159.5,159.59,159.57,159.59,25.39
1556835240,159.49,159.57,159.49,159.57,0.977
1556835300,159.38,159.58,159.58,159.39,135.29
1556835360,159.4,159.42,159.4,159.42,5.13
1556835420,159.4,159.47,159.42,159.45,37.4
1556835480,159.41,159.45,159.44,159.41,4.33
1556835540,159.44,159.56,159.44,159.55,77.67
1556835600,159.47,159.66,159.5,159.57,73.38
1556835660,159.51,159.59,159.57,159.51,6.85
1556835720,159.47,159.53,159.5,159.53,4.26
1556835780,159.47,159.57,159.56,159.47,7.14
1556835840,159.55,159.71,159.55,159.66,8.73
1556835900,159.63,159.85,159.72,159.67,15.13
1556835960,159.52,159.66,159.66,159.54,23.94
1556836020,159.54,159.67,159.54,159.67,2.57
1556836080,159.6,159.64,159.63,159.64,0.603
1556836140,159.61,159.7,159.63,159.64,16.65
1556836200,159.64,159.65,159.65,159.64,2.85
1556836260,159.5,159.65,159.65,159.54,114.8
1556836320,159.32,159.46,159.46,159.32,47.11
1556836380,159.33,159.43,159.36,159.43,14.13
1556836440,159.3,159.46,159.42,159.39,27.22
1556836500,159.26,159.39,159.33,159.33,8.53
1556836560,159.31,159.38,159.38,159.31,5.88
1556836620,159.28,159.33,159.28,159.32,4.97
1556836680,159.31,159.32,159.32,159.32,1.58
1556836740,159.31,159.32,159.32,159.31,10.08
1556836800,159.25,159.3,159.3,159.25,11.0
1556836860,159.14,159.14,159.14,159.14,0.0285
1556916300,165.86,165.98,165.87,165.95,9.46
1556916360,165.91,165.98,165.95,165.91,14.32
1556916420,165.98,166.24,165.98,166.18,148.01
1556916480,166.19,166.22,166.19,166.22,71.84
1556916540,166.22,166.25,166.22,166.25,2.59
1556916600,165.98,166.21,166.21,166.06,16.93
1556916660,165.93,166.03,166.03,165.93,24.98
1556916720,165.8,165.93,165.85,165.82,45.17
1556916780,165.81,165.97,165.82,165.92,32.12
1556916840,165.98,166.0,165.98,166.0,22.94
1556916900,165.86,166.0,166.0,165.91,6.07
1556916960,165.82,165.92,165.91,165.92,88.3
1556917020,165.9,166.0,165.9,165.97,11.16
1556917080,165.84,165.99,165.98,165.98,37.01
1556917140,165.98,165.98,165.98,165.98,10.58
1556917200,165.84,165.98,165.98,165.85,78.56
1556917260,165.84,165.85,165.85,165.85,0.699
1556917320,165.72,165.86,165.84,165.78,75.84
1556917380,165.79,165.88,165.84,165.88,32.18
1556917440,165.84,165.88,165.85,165.85,9.41
1556917500,165.85,165.93,165.85,165.92,3.22
1556917560,165.87,165.92,165.92,165.91,12.06
1556917620,165.9,165.92,165.92,165.9,11.62
1556917680,165.75,165.91,165.91,165.79,102.03
1556917740,165.8,165.81,165.8,165.81,19.04
1556917800,165.67,165.81,165.81,165.72,119.73
1556917860,165.74,165.81,165.74,165.81,141.5
1556917920,165.74,165.81,165.81,165.74,44.29
1556917980,165.6,165.8,165.8,165.71,223.36
1556918040,165.61,165.72,165.7,165.62,30.48
1556918100,165.54,165.65,165.6,165.58,28.56
1556918160,165.32,165.52,165.52,165.32,54.78
1556918220,165.24,165.31,165.31,165.24,61.76
1556918280,165.2,165.25,165.25,165.23,9.21
1556918340,165.21,165.23,165.23,165.21,5.21
1556918400,165.2,165.21,165.2,165.2,72.79
1556918460,165.2,165.21,165.2,165.2,95.01
1556918520,165.2,165.21,165.2,165.2,5.93
1556918580,165.2,165.21,165.2,165.2,16.89
1556918640,165.2,165.21,165.2,165.2,30.09
1556918700,165.2,165.21,165.21,165.2,14.72
1556918760,165.2,165.21,165.2,165.2,4.29
1556918820,165.2,165.21,165.21,165.2,1.67
1556918880,165.2,165.21,165.21,165.2,1.79
1556918940,165.2,165.21,165.2,165.21,90.32
1556919000,165.2,165.21,165.2,165.2,62.83
1556919060,165.21,165.21,165.21,165.21,101.02
1556919120,165.2,165.21,165.21,165.2,1.1
1556919180,165.14,165.21,165.21,165.14,271.09
1556919240,164.99,165.14,165.14,164.99,72.19
1556919300,164.98,165.0,165.0,165.0,4.68
1556919360,164.99,165.25,164.99,165.24,433.68
1556919420,165.17,165.25,165.25,165.24,117.51
1556919480,165.16,165.25,165.24,165.24,36.89
1556919540,165.25,165.41,165.25,165.36,464.46
1556919600,165.16,165.36,165.36,165.17,638.88
1556919660,164.99,165.17,165.16,165.03,285.89
1556919720,164.91,165.39,165.08,165.33,107.3
1556919780,165.31,165.56,165.31,165.53,64.11
1556919840,165.52,165.69,165.53,165.69,3.65
1556919900,165.64,165.74,165.65,165.74,24.78
1556919960,165.66,165.75,165.74,165.73,42.17
1556920020,165.72,165.75,165.72,165.72,75.71
1556920080,165.73,165.83,165.73,165.83,7.35
1556920140,165.82,165.91,165.82,165.84,74.34
1556920200,165.82,165.87,165.87,165.82,3.62
1556920260,165.82,165.83,165.82,165.83,57.76
1556920320,165.82,165.84,165.84,165.82,1.71
1556920380,165.82,165.83,165.82,165.83,91.98
1556920440,165.82,165.83,165.83,165.82,5.42
1556920500,165.82,165.83,165.83,165.82,1.04
1556920560,165.82,165.83,165.83,165.83,3.09
1556920620,165.83,165.83,165.83,165.83,8.21
1556920680,165.82,165.83,165.83,165.83,59.68
1556920740,165.82,165.83,165.83,165.83,7.63
1556920800,165.82,165.83,165.83,165.82,14.1
1556920860,165.65,165.83,165.83,165.66,108.46
1556920920,165.47,165.65,165.65,165.5,56.31
1556920980,165.45,165.49,165.49,165.48,7.54
1556921040,165.4,165.48,165.48,165.4,11.36
1556921100,165.33,165.43,165.42,165.33,6.66
1556921160,165.33,165.36,165.34,165.36,6.73
1556921220,165.18,165.35,165.35,165.18,108.03
1556921280,165.24,165.26,165.25,165.25,14.88
1556921340,165.26,165.29,165.26,165.27,50.8
1556921400,165.11,165.28,165.28,165.14,4.88
1556921460,165.13,165.14,165.14,165.13,4.35
1556921520,165.12,165.2,165.19,165.2,100.99
1556921580,165.23,165.36,165.24,165.3,17.67
1556921640,165.35,165.43,165.35,165.42,31.0
1556921700,165.33,165.43,165.43,165.33,115.86
1556921760,165.32,165.33,165.33,165.32,59.46
1556921820,165.07,165.32,165.32,165.07,28.65
1556921880,165.01,165.2,165.01,165.19,101.41
1556921940,165.16,165.18,165.18,165.16,19.29
1556922000,165.16,165.17,165.16,165.16,3.41
1556922060,165.16,165.45,165.17,165.45,34.26
1556922120,165.21,165.42,165.42,165.37,70.02
1556922180,165.33,165.42,165.38,165.36,38.34
1556922240,165.34,165.43,165.34,165.34,38.68
1556922300,165.33,165.4,165.35,165.39,5.4
1556922360,165.37,165.39,165.38,165.39,4.88
1556922420,165.38,165.5,165.38,165.5,17.84
1556922480,165.52,165.61,165.56,165.54,2.03
1556922540,165.52,165.59,165.59,165.52,50.67
1556922600,165.53,165.59,165.59,165.57,30.91
1556922660,165.51,165.58,165.51,165.53,69.66
1556922720,165.5,165.56,165.51,165.56,14.94
1556922780,165.47,165.58,165.54,165.47,16.27
1556922840,165.35,165.47,165.46,165.35,20.25
1556922900,165.35,165.4,165.39,165.35,7.86
1556922960,165.14,165.35,165.35,165.14,276.34
1556923020,165.0,165.14,165.14,165.0,6.96
1556923080,165.0,165.14,165.02,165.14,20.29
1556923140,165.1,165.17,165.16,165.1,24.09
1556923200,165.1,165.12,165.1,165.12,16.59
1556923260,165.12,165.2,165.12,165.2,20.65
1556923320,165.19,165.26,165.25,165.19,6.52
1556923380,165.18,165.21,165.2,165.18,48.69
1556923440,165.1,165.11,165.11,165.11,7.45
1556923500,165.1,165.11,165.11,165.1,8.44
1556923560,165.1,165.11,165.11,165.11,15.67
1556923620,164.97,165.11,165.11,165.06,4.84
1556923680,164.94,165.06,165.06,164.98,85.78
1556923740,164.76,164.97,164.95,164.91,120.44
1556923800,164.77,164.85,164.77,164.8,2.14
1556923860,164.86,164.99,164.86,164.99,10.22
1556923920,164.95,165.0,164.98,164.95,7.47
1556923980,164.71,164.96,164.95,164.71,10.15
1556924040,164.76,164.84,164.79,164.83,20.59
1556924100,164.83,165.0,164.83,164.98,16.77
1556924160,164.99,165.08,165.0,165.08,18.83
1556924220,165.13,165.4,165.13,165.33,227.15
1556924280,165.1,165.22,165.16,165.21,30.84
1556924340,165.13,165.21,165.21,165.15,6.41
1556924400,164.98,165.16,165.12,165.14,55.66
1556924460,165.0,165.16,165.14,165.02,57.75
1556924520,165.01,165.17,165.01,165.05,42.7
1556924580,165.12,165.14,165.12,165.14,7.9
1556924640,165.0,165.01,165.0,165.0,20.83
1556924700,165.0,165.01,165.01,165.0,23.32
1556924760,164.78,165.01,165.01,164.78,35.84
1556924820,164.69,164.91,164.78,164.91,59.17
1556924880,164.7,164.87,164.85,164.82,13.84
1556924940,164.8,164.83,164.81,164.8,1.59
1556925000,164.78,164.83,164.78,164.83,3.08
1556925060,164.5,164.72,164.72,164.61,98.01
1556925120,164.53,164.58,164.55,164.55,17.39
1556925180,164.54,164.58,164.54,164.58,5.44
1556925240,164.73,164.85,164.75,164.74,5.95
1556925300,164.54,164.74,164.74,164.54,18.4
1556925360,164.54,164.63,164.63,164.57,22.13
1556925420,164.54,164.66,164.55,164.66,12.72
1556925480,164.56,164.6,164.58,164.57,14.91
1556925540,164.54,164.57,164.56,164.54,2.46
1556925600,164.54,164.57,164.56,164.57,2.78
1556925660,164.54,164.57,164.57,164.55,9.39
1556925720,164.54,164.54,164.54,164.54,19.43
1556925780,164.54,164.6,164.54,164.6,115.65
1556925840,164.56,164.65,164.65,164.63,1.48
1556925900,164.62,164.65,164.63,164.65,206.81
1556925960,164.69,164.76,164.69,164.75,6.5
1556926020,164.64,164.76,164.72,164.76,11.15
1556926080,164.62,164.71,164.68,164.62,5.97
1556926140,164.54,164.74,164.74,164.59,162.09
1556926200,164.53,164.61,164.53,164.55,2.27
1556926260,164.53,164.7,164.6,164.7,12.83
1556926320,164.65,164.75,164.7,164.75,3.43
1556926380,164.64,164.74,164.74,164.68,9.8
1556926440,164.73,164.74,164.73,164.74,9.06
1556926500,164.68,164.88,164.72,164.71,326.83
1556926560,164.65,164.71,164.71,164.66,1.95
1556926620,164.65,164.66,164.66,164.65,1.9
1556926680,164.67,164.69,164.69,164.68,0.902
1556926740,164.67,164.68,164.67,164.68,12.95
1556926800,164.68,164.68,164.68,164.68,0.23
1556926860,164.67,164.73,164.68,164.73,124.67
1556926920,164.73,164.81,164.73,164.79,105.78
1556926980,164.64,164.79,164.74,164.65,2.84
1556927040,164.5,164.64,164.64,164.53,74.8
1556927100,164.5,164.58,164.58,164.5,1.73
1556927160,164.46,164.55,164.52,164.49,50.95
1556927220,164.45,164.48,164.48,164.47,2.87
1556927280,164.48,164.65,164.48,164.64,3.93
1556927340,164.67,164.73,164.67,164.73,7.38
1556927400,164.79,164.8,164.79,164.79,3.39
1556927460,164.79,164.84,164.8,164.79,10.28
1556927520,164.64,164.79,164.79,164.78,19.49
1556927580,164.67,164.81,164.67,164.76,0.906
1556927640,164.81,164.96,164.81,164.91,3.2
1556927700,164.8,164.86,164.83,164.86,59.1
1556927760,164.65,164.84,164.84,164.76,43.92
1556927820,164.67,164.82,164.72,164.82,82.64
1556927880,164.68,164.8,164.76,164.68,3.61
1556927940,164.68,164.77,164.68,164.74,16.94
1556928000,164.73,164.9,164.73,164.84,89.54
1556928060,164.85,164.95,164.85,164.94,0.994
1556928120,164.95,165.03,164.95,165.02,95.98
1556928180,165.03,165.03,165.03,165.03,5.71
1556928240,165.03,165.13,165.03,165.11,54.47
1556928300,165.02,165.06,165.04,165.06,215.53
1556928360,165.0,165.05,165.01,165.04,28.87
1556928420,165.04,165.05,165.05,165.05,8.64
1556928480,165.05,165.09,165.08,165.08,52.62
1556928540,165.03,165.05,165.05,165.03,6.62
1556928600,165.04,165.05,165.05,165.04,9.66
1556928660,165.04,165.21,165.05,165.17,65.73
1556928720,165.25,165.37,165.25,165.37,13.87
1556928780,165.36,165.62,165.36,165.57,187.38
1556928840,165.53,165.7,165.7,165.53,3.9
1556928900,165.51,165.77,165.51,165.76,19.39
1556928960,165.76,165.85,165.8,165.81,46.95
1556929020,165.78,165.83,165.79,165.83,19.45
1556929080,165.83,165.85,165.84,165.84,29.8
1556929140,165.85,165.98,165.85,165.96,89.33
1556929200,165.97,166.0,165.98,166.0,409.79
1556929260,165.99,166.8,165.99,166.69,1602.78
1556929320,166.38,166.89,166.75,166.79,615.64
1556929380,166.75,167.31,166.78,167.05,907.11
1556929440,166.77,167.24,167.05,167.12,868.19
1556929500,167.01,167.16,167.11,167.09,405.51
1556929560,167.05,167.21,167.07,167.16,190.52
1556929620,167.15,167.21,167.16,167.17,303.5
1556929680,167.17,167.31,167.24,167.2,174.37
1556929740,167.2,167.31,167.2,167.29,31.96
1556929800,167.29,167.55,167.29,167.55,812.75
1556929860,167.57,167.68,167.6,167.68,198.77
1556929920,167.67,167.68,167.67,167.67,1.24
1556929980,167.53,167.68,167.68,167.53,1141.52
1556930040,167.48,167.54,167.53,167.48,202.7
1556930100,167.31,167.49,167.49,167.31,110.51
1556930160,167.22,167.41,167.39,167.22,56.89
1556930220,167.04,167.23,167.23,167.04,198.47
1556930280,167.0,167.39,167.03,167.23,255.59
1556930340,167.0,167.23,167.2,167.0,76.32
1556930400,167.01,167.08,167.05,167.08,33.54
1556930460,166.98,167.06,167.05,167.05,13.39
1556930520,167.04,167.12,167.06,167.08,78.04
1556930580,167.09,167.16,167.1,167.09,113.53
1556930640,167.07,167.23,167.1,167.11,182.62
1556930700,167.07,167.15,167.1,167.15,85.11
1556930760,167.14,167.26,167.15,167.21,21.88
1556930820,167.18,167.19,167.19,167.18,7.62
1556930880,167.05,167.17,167.13,167.05,74.77
1556930940,167.04,167.24,167.06,167.24,20.68
1556931000,167.09,167.26,167.13,167.26,139.37
1556931060,167.18,167.36,167.31,167.34,67.18
1556931120,167.32,167.34,167.34,167.32,3.42
1556931180,167.15,167.33,167.33,167.15,245.92
1556931240,167.1,167.24,167.24,167.2,37.96
1556931300,167.19,167.2,167.2,167.19,3.86
1556931360,167.2,167.26,167.2,167.26,49.53
1556931420,167.2,167.26,167.25,167.21,71.86
1556931480,167.2,167.21,167.21,167.2,9.83
1556931540,167.02,167.21,167.2,167.02,61.36
1556931600,166.88,167.05,167.05,166.97,48.41
1556931660,166.92,166.97,166.97,166.92,2.22
1556931720,166.87,166.89,166.89,166.88,3.72
1556931780,166.87,166.88,166.88,166.87,10.19
1556931840,166.87,166.88,166.87,166.88,18.31
1556931900,166.85,166.88,166.87,166.86,90.42
1556931960,166.67,166.87,166.86,166.79,193.93
1556932020,166.46,166.72,166.72,166.51,141.73
1556932080,166.42,166.88,166.5,166.8,58.72
1556932140,166.74,166.8,166.8,166.8,38.97
1556932200,166.65,166.8,166.8,166.71,33.04
1556932260,166.7,167.02,166.71,167.02,66.31
1556932320,166.81,167.02,167.0,166.95,282.15
1556932380,166.96,167.0,166.97,167.0,9.11
1556932440,167.0,167.06,167.06,167.0,1.8
1556932500,167.02,167.17,167.07,167.15,72.7
1556932560,167.07,167.2,167.12,167.07,33.5
1556932620,166.94,167.13,167.08,167.13,39.01
1556932680,167.11,167.12,167.12,167.12,2.75
1556932740,167.12,167.27,167.12,167.27,27.76
1556932800,167.11,167.27,167.26,167.26,14.43
1556932860,167.16,167.27,167.27,167.16,17.42
1556932920,167.24,167.25,167.24,167.25,16.69
1556932980,167.25,167.5,167.25,167.5,151.67
1556933040,167.37,167.65,167.5,167.41,87.1
1556933100,167.53,167.67,167.53,167.65,91.53
1556933160,167.35,167.61,167.56,167.43,190.13
1556933220,167.44,167.51,167.45,167.51,109.83
1556933280,167.51,167.71,167.51,167.71,159.39
1556933340,167.69,167.79,167.71,167.79,92.19
1556933400,167.56,167.72,167.65,167.59,60.28
1556933460,167.56,167.58,167.57,167.58,7.44
1556933520,167.57,167.7,167.58,167.58,56.49
1556933580,167.45,167.6,167.53,167.46,2.86
1556933640,167.46,167.68,167.51,167.59,53.25
1556933700,167.49,167.59,167.57,167.56,23.23
1556933760,167.55,167.57,167.57,167.55,21.98
1556933820,167.5,167.68,167.55,167.57,21.98
1556933880,167.54,167.73,167.54,167.61,27.03
1556933940,167.62,167.77,167.62,167.77,158.24
1556934000,167.53,167.79,167.72,167.79,173.01
1556934060,167.76,167.9,167.76,167.9,60.04
1556934120,167.82,168.0,167.83,167.82,81.97
1556934180,167.82,167.9,167.88,167.9,15.33
1556934240,167.89,167.9,167.89,167.9,6.59
1556934300,167.89,168.0,167.9,168.0,33.36
1556934360,167.91,168.09,168.0,167.91,746.37
1556934420,167.91,168.06,168.02,167.91,22.46
1556934480,167.85,167.91,167.89,167.89,48.16
1556934540,167.75,167.89,167.88,167.75,94.56
1556934600,167.85,167.89,167.86,167.85,15.65
1556934660,167.83,168.1,167.84,168.01,78.81
1556934720,167.89,168.23,168.0,168.1,323.95
1556934780,168.09,168.3,168.1,168.23,128.03
1556934840,168.01,168.3,168.23,168.3,220.93
1556934900,168.1,168.71,168.31,168.1,607.64
1556934960,167.6,168.2,168.2,167.72,864.21
1556935020,167.57,167.88,167.79,167.75,102.83
1556935080,167.7,167.99,167.72,167.85,134.15
1556935140,167.48,168.0,167.92,167.57,245.5
1556935200,167.59,167.78,167.68,167.75,49.72
1556935260,167.38,167.64,167.63,167.38,135.73
1556935320,167.3,167.56,167.38,167.3,42.98
1556935380,166.97,167.33,167.31,167.0,1628.82
1556935440,166.7,167.0,167.0,166.81,176.48
1556935500,166.78,166.86,166.81,166.85,81.73
1556935560,166.85,167.15,166.85,167.08,46.96
1556935620,166.94,166.99,166.95,166.94,286.24
1556935680,166.99,166.99,166.99,166.99,6.64
1556935740,166.94,166.99,166.99,166.94,17.37
1556935800,166.97,167.29,166.97,167.22,256.03
1556935860,167.19,167.48,167.22,167.31,73.59
1556935920,167.23,167.32,167.31,167.23,28.96
1556935980,167.13,167.32,167.29,167.23,51.0
1556936040,167.1,167.24,167.2,167.23,34.43
1556936100,167.16,167.32,167.17,167.32,292.47
1556936160,167.31,167.59,167.32,167.58,473.33
1556936220,167.35,167.49,167.48,167.35,96.93
1556936280,167.16,167.33,167.26,167.25,29.33
1556936340,167.27,167.28,167.28,167.27,35.03
1556936400,167.27,167.28,167.27,167.28,639.72
1556936460,167.37,167.49,167.37,167.47,2.96
1556936520,167.23,167.47,167.47,167.27,85.51
1556936580,167.19,167.23,167.23,167.21,21.98
1556936640,167.08,167.23,167.2,167.23,49.39
1556936700,167.22,167.23,167.22,167.22,50.46
1556936760,167.12,167.23,167.23,167.13,47.27
1556936820,166.96,167.13,167.12,167.07,14.48
1556936880,166.96,167.11,167.04,167.07,55.57
1556936940,167.04,167.11,167.05,167.08,10.08
1556937000,166.89,167.07,167.07,166.96,217.89
1556937060,166.87,166.88,166.87,166.88,1.45
1556937120,166.8,166.81,166.81,166.81,9.5
1556937180,166.81,166.94,166.86,166.87,41.63
1556937240,166.62,166.9,166.87,166.62,445.46
1557015660,161.66,161.82,161.81,161.75,23.62
1557015720,161.63,161.79,161.71,161.64,6.72
1557015780,161.48,161.64,161.64,161.48,47.2
1557015840,161.06,161.46,161.46,161.2,65.31
1557015900,161.17,161.45,161.32,161.45,93.33
1557015960,161.24,161.5,161.38,161.32,15.28
1557016020,161.33,161.41,161.39,161.37,1.45
1557016080,161.33,161.5,161.33,161.5,36.15
1557016140,161.32,161.49,161.48,161.37,4.07
1557016200,161.37,161.59,161.37,161.59,457.63
1557016260,161.5,161.71,161.68,161.51,31.3
1557016320,161.51,161.57,161.57,161.51,0.714
1557016380,161.34,161.52,161.52,161.34,11.83
1557016440,161.36,161.41,161.38,161.36,2.38
1557016500,161.41,161.52,161.41,161.47,152.01
1557016560,161.44,161.47,161.46,161.47,139.0
1557016620,161.39,161.55,161.55,161.4,6.03
1557016680,161.42,161.43,161.43,161.43,1.56
1557016740,161.36,161.43,161.43,161.36,32.33
1557016800,161.23,161.36,161.36,161.23,3.79
1557016860,161.23,161.24,161.24,161.23,83.58
1557016920,161.23,161.24,161.23,161.23,32.55
1557016980,161.24,161.37,161.24,161.37,10.14
1557017040,161.39,161.4,161.39,161.4,1.55
1557017100,161.4,161.52,161.4,161.52,55.02
1557017160,161.51,161.53,161.51,161.53,1.9
1557017220,161.57,161.58,161.58,161.57,13.7
1557017280,161.46,161.5,161.47,161.5,18.01
1557017340,161.35,161.46,161.46,161.35,10.85
1557017400,161.37,161.39,161.39,161.37,7.18
1557017460,161.45,161.49,161.45,161.49,1.05
1557017520,161.48,161.56,161.48,161.52,11.87
1557017580,161.55,161.58,161.55,161.58,3.66
1557017640,161.57,161.58,161.58,161.58,1.8
1557017700,161.58,161.86,161.58,161.81,147.25
1557017760,161.72,161.83,161.83,161.72,5.85
1557017820,161.69,161.72,161.72,161.7,49.97
1557017880,161.72,161.76,161.74,161.76,7.94
1557017940,161.69,161.7,161.7,161.69,13.47
1557018000,161.69,161.7,161.7,161.69,25.16
1557018060,161.57,161.61,161.6,161.57,7.16
1557018120,161.45,161.51,161.5,161.45,0.486
1557018180,161.44,161.49,161.46,161.46,2.37
1557018240,161.45,161.47,161.46,161.45,3.66
1557018300,161.38,161.43,161.43,161.38,16.43
1557018360,161.38,161.59,161.38,161.59,4.83
1557018420,161.45,161.57,161.57,161.45,30.93
1557018480,161.45,161.49,161.45,161.47,1.24
1557018540,161.33,161.48,161.47,161.33,21.92
1557018600,161.3,161.48,161.32,161.48,3.7
1557018660,161.39,161.65,161.42,161.65,30.33
1557018720,161.65,161.8,161.66,161.8,85.21
1557018780,161.79,161.95,161.8,161.88,21.81
1557018840,161.89,162.01,161.89,161.91,16.56
1557018900,161.91,162.04,162.0,161.91,3.08
1557018960,161.82,162.04,161.88,162.04,104.45
1557019020,161.94,162.04,162.0,161.98,27.54
1557019080,161.86,161.91,161.91,161.86,7.37
1557019140,161.83,161.86,161.85,161.83,7.74
1557019200,161.71,161.8,161.8,161.71,10.96
1557019260,161.42,161.7,161.7,161.53,7.94
1557019320,161.25,161.56,161.56,161.47,203.33
1557019380,161.49,161.59,161.5,161.59,4.85
1557019440,161.58,161.61,161.58,161.6,30.18
1557019500,161.42,161.57,161.51,161.45,3.41
1557019560,161.23,161.41,161.4,161.28,384.38
1557019620,161.23,161.39,161.39,161.23,9.6
1557019680,161.23,161.3,161.23,161.3,19.44
1557019740,161.23,161.4,161.29,161.4,21.36
1557019800,161.23,161.4,161.39,161.24,13.31
1557019860,161.23,161.24,161.23,161.24,2.65
1557019920,161.23,161.24,161.23,161.23,10.05
1557019980,161.1,161.3,161.24,161.3,6.91
1557020040,161.29,161.39,161.29,161.39,1.58
1557020100,161.22,161.4,161.32,161.38,34.36
1557020160,161.3,161.37,161.3,161.31,2.26
1557020220,161.31,161.33,161.33,161.32,1.31
1557020280,161.31,161.32,161.32,161.31,0.386
1557020340,161.31,161.32,161.31,161.32,1.31
1557020400,161.48,161.58,161.5,161.48,62.89
1557020460,161.45,161.48,161.48,161.45,5.01
1557020520,161.46,161.46,161.46,161.46,0.461
1557020580,161.35,161.46,161.46,161.38,19.77
1557020640,161.42,161.47,161.42,161.46,124.66
1557020700,161.36,161.4,161.4,161.36,2.56
1557020760,161.32,161.35,161.35,161.32,5.06
1557020820,161.32,161.33,161.33,161.32,8.46
1557020880,161.32,161.48,161.33,161.38,24.4
1557020940,161.32,161.37,161.34,161.36,6.02
1557021000,161.35,161.36,161.36,161.35,0.536
1557021060,161.35,161.39,161.35,161.39,6.37
1557021120,161.39,161.48,161.4,161.46,51.67
1557021180,161.51,161.59,161.51,161.58,10.63
1557021240,161.59,161.7,161.59,161.7,60.25
1557021300,161.6,162.24,161.73,161.65,1201.14
1557021360,161.63,161.73,161.63,161.69,107.23
1557021420,161.68,161.77,161.7,161.73,196.52
1557021480,161.72,161.73,161.72,161.73,9.27
1557021540,161.72,161.74,161.72,161.74,6.27
1557021600,161.73,161.75,161.74,161.74,27.07
1557021660,161.75,161.75,161.75,161.75,4.0
1557021720,161.77,161.77,161.77,161.77,2.41
1557021780,161.76,161.77,161.77,161.77,2.84
1557021840,161.79,161.79,161.79,161.79,5.0
1557021900,161.75,161.97,161.75,161.96,271.52
1557021960,161.98,162.16,161.98,162.07,1.45
1557022020,162.06,162.09,162.08,162.09,5.03
1557022080,162.09,162.1,162.1,162.1,35.98
1557022140,161.82,162.1,162.1,161.91,37.63
1557022200,161.9,161.91,161.91,161.9,7.6
1557022260,161.92,161.93,161.93,161.92,6.04
1557022320,161.92,161.93,161.93,161.92,0.155
1557022380,161.75,161.92,161.92,161.84,25.18
1557022440,161.84,161.93,161.84,161.9,23.46
1557022500,161.91,161.93,161.91,161.93,110.38
1557022560,161.92,161.93,161.92,161.92,2.59
1557022620,161.92,162.09,161.92,162.09,386.28
1557022680,162.08,162.09,162.09,162.08,0.69
1557022740,162.17,162.38,162.17,162.3,1092.95
1557022800,162.2,162.21,162.21,162.2,176.01
1557022860,162.1,162.2,162.1,162.18,8.6
1557022920,162.15,162.16,162.16,162.16,4.53
1557022980,162.16,162.16,162.16,162.16,1.79
1557023040,162.15,162.16,162.15,162.16,55.42
1557023100,162.16,162.33,162.16,162.33,110.13
1557023160,162.29,162.3,162.3,162.29,28.77
1557023220,162.2,162.29,162.29,162.21,23.58
1557023280,162.15,162.18,162.18,162.15,3.71
1557023340,162.21,162.22,162.22,162.21,1.78
1557023400,162.21,162.22,162.21,162.21,4.69
1557023460,162.24,162.3,162.24,162.3,20.51
1557023520,162.29,162.51,162.3,162.46,209.83
1557023580,162.5,162.53,162.53,162.5,12.04
1557023640,162.32,162.51,162.51,162.32,20.73
1557023700,162.32,162.32,162.32,162.32,7.07
1557023760,162.31,162.32,162.31,162.31,8.59
1557023820,162.31,162.32,162.32,162.31,2.86
1557023880,162.31,162.4,162.32,162.4,2.34
1557023940,162.4,162.41,162.4,162.41,7.43
1557024000,162.4,162.41,162.4,162.41,5.21
1557024060,162.4,162.41,162.41,162.4,0.46
1557024120,162.4,162.41,162.41,162.41,15.59
1557024180,162.4,162.43,162.41,162.43,2.58
1557024240,162.46,162.5,162.5,162.5,2.54
1557024300,162.51,162.51,162.51,162.51,6.98
1557024360,162.51,162.83,162.51,162.83,180.71
1557024420,162.79,162.8,162.8,162.79,119.77
1557024480,162.5,162.8,162.8,162.51,177.55
1557024540,162.46,162.5,162.5,162.47,28.05
1557024600,162.48,162.5,162.48,162.5,32.54
1557024660,162.48,162.5,162.49,162.5,6.01
1557024720,162.49,162.62,162.49,162.62,6.58
1557024780,162.45,162.57,162.56,162.47,14.52
1557024840,162.41,162.48,162.48,162.41,9.82
1557024900,162.3,162.41,162.41,162.37,3.24
1557024960,162.37,162.38,162.38,162.37,0.508
1557025020,162.28,162.37,162.37,162.28,18.83
1557025080,161.93,162.21,162.21,162.16,259.11
1557025140,162.01,162.19,162.01,162.03,18.49
1557025200,161.93,162.26,161.93,162.03,116.81
1557025260,161.9,162.08,162.06,161.9,10.2
1557025320,161.87,162.01,161.91,161.93,70.09
1557025380,161.78,162.1,161.94,162.1,53.45
1557025440,162.1,162.26,162.1,162.22,90.79
1557025500,162.1,162.22,162.2,162.16,34.37
1557025560,162.08,162.11,162.08,162.1,0.21
1557025620,162.0,162.11,162.1,162.11,6.39
1557025680,161.92,162.1,162.1,162.06,39.35
1557025740,162.05,162.15,162.05,162.15,80.84
1557025800,162.04,162.14,162.14,162.04,50.72
1557025860,161.81,162.05,162.04,161.88,122.36
1557025920,161.74,161.92,161.84,161.81,16.32
1557025980,161.87,161.96,161.92,161.91,28.44
1557026040,161.89,161.98,161.89,161.98,23.19
1557026100,161.97,162.12,161.97,162.06,13.49
1557026160,162.0,162.06,162.03,162.0,1.57
1557026220,161.97,162.07,161.97,162.06,15.13
1557026280,162.07,162.24,162.07,162.16,34.86
1557026340,162.07,162.11,162.1,162.11,4.25
1557026400,162.11,162.19,162.12,162.11,19.73
1557026460,162.12,162.29,162.12,162.24,44.93
1557026520,162.24,162.34,162.24,162.24,4.04
1557026580,162.07,162.23,162.23,162.07,0.715
1557026640,162.12,162.19,162.19,162.16,7.67
1557026700,162.16,162.26,162.16,162.26,28.74
1557026760,162.17,162.19,162.17,162.19,1.8
1557026820,162.19,162.25,162.19,162.25,41.35
1557026880,162.19,162.2,162.2,162.19,6.22
1557026940,162.02,162.13,162.13,162.1,25.22
1557027000,161.99,162.1,162.1,162.02,83.14
1557027060,161.97,161.98,161.97,161.98,3.05
1557027120,161.98,161.98,161.98,161.98,2.75
1557027180,161.97,161.98,161.97,161.97,15.62
1557027240,161.98,161.98,161.98,161.98,6.95
1557027300,161.92,162.08,161.97,162.08,44.83
1557027360,162.09,162.14,162.14,162.09,4.32
1557027420,162.05,162.12,162.12,162.05,0.832
1557027480,162.05,162.15,162.05,162.15,11.68
1557027540,162.15,162.18,162.15,162.18,12.06
1557027600,162.2,162.24,162.21,162.24,37.35
1557027660,162.26,162.34,162.26,162.26,13.36
1557027720,162.26,162.26,162.26,162.26,2.01
1557027780,162.25,162.42,162.25,162.42,1.27
1557027840,162.2,162.42,162.34,162.27,6.76
1557027900,162.29,162.34,162.29,162.34,25.3
1557027960,162.44,162.46,162.44,162.46,18.42
1557028020,162.42,162.5,162.42,162.5,33.73
1557028080,162.42,162.5,162.5,162.43,90.82
1557028140,162.42,162.43,162.43,162.42,1.1
1557028200,162.42,162.42,162.42,162.42,0.398
1557028260,162.25,162.42,162.42,162.25,16.13
1557028320,162.24,162.39,162.25,162.27,48.44
1557028380,162.35,162.39,162.39,162.35,0.5
1557028440,162.38,162.43,162.39,162.39,5.33
1557028500,162.38,162.49,162.39,162.49,4.57
1557028560,162.47,162.48,162.48,162.47,6.4
1557028620,162.47,162.48,162.48,162.48,32.24
1557028680,162.27,162.47,162.47,162.29,14.77
1557028740,162.29,162.29,162.29,162.29,0.0999
1557028800,161.99,162.29,162.29,162.1,155.63
1557028860,161.98,162.11,162.11,161.98,1.25
1557028920,161.94,161.99,161.99,161.94,24.42
1557028980,161.97,162.06,161.97,162.06,3.05
1557029040,161.98,162.06,162.05,161.98,0.301
1557029100,161.93,162.06,161.99,162.0,22.68
1557029160,161.83,162.0,162.0,161.85,101.83
1557029220,161.92,161.92,161.92,161.92,2.44
1557029280,161.92,161.97,161.92,161.92,61.38
1557029340,161.92,161.93,161.93,161.92,2.55
1557029400,161.92,161.92,161.92,161.92,0.0899
1557029460,161.92,162.04,161.92,162.04,154.44
1557029520,162.04,162.11,162.04,162.05,26.07
1557029580,162.13,162.14,162.14,162.13,0.337
1557029640,162.08,162.13,162.08,162.12,7.09
1557029700,162.12,162.2,162.12,162.2,80.71
1557029760,162.26,162.37,162.28,162.34,66.67
1557029820,162.28,162.32,162.31,162.28,1.29
1557029880,162.22,162.23,162.23,162.23,15.6
1557029940,162.03,162.2,162.2,162.06,57.14
1557030000,162.06,162.12,162.11,162.06,40.08
1557030060,162.09,162.23,162.16,162.09,1.64
1557030120,161.89,162.06,162.06,161.89,38.23
1557030180,161.89,162.19,161.89,162.08,86.62
1557030240,161.89,162.09,162.08,161.89,10.93
1557030300,161.9,161.93,161.91,161.9,2.81
1557030360,161.88,161.99,161.88,161.99,0.14
1557030420,161.99,162.0,161.99,162.0,0.219
1557030480,162.04,162.09,162.09,162.06,1.26
1557030600,162.09,162.16,162.09,162.13,0.704
1557030660,162.07,162.07,162.07,162.07,0.102
1557030720,161.92,162.13,162.07,161.95,18.52
1557030780,161.94,161.95,161.95,161.95,5.63
1557030840,161.94,161.95,161.95,161.95,7.08
1557030900,161.94,161.99,161.94,161.95,1.91
1557030960,161.84,161.92,161.92,161.85,19.2
1557031020,161.82,162.04,161.91,161.82,7.09
1557031080,161.61,161.81,161.81,161.75,15.53
1557031140,161.74,161.75,161.74,161.74,3.16
1557031200,161.52,161.73,161.73,161.52,412.07
1557031260,161.57,161.7,161.57,161.7,6.45
1557031320,161.7,161.97,161.7,161.77,258.55
1557031380,161.73,161.85,161.85,161.76,20.41
1557031440,161.74,161.88,161.74,161.82,14.14
1557031500,161.79,161.99,161.79,161.98,12.65
1557031560,161.98,162.08,161.98,162.08,75.81
1557031620,162.09,162.1,162.1,162.09,0.262
1557031680,162.09,162.09,162.09,162.09,0.0133
1557031800,162.05,162.06,162.06,162.05,0.21
1557031860,162.05,162.05,162.05,162.05,2.22
1557031980,162.03,162.11,162.03,162.11,3.03
1557032100,161.9,162.03,162.01,161.9,188.27
1557032160,161.88,161.92,161.88,161.91,0.685
1557032220,162.02,162.03,162.03,162.02,0.797
1557032280,161.94,161.99,161.98,161.94,0.851
1557032340,161.97,161.99,161.97,161.98,1.62
1557032400,162.0,162.18,162.0,162.18,107.52
1557032460,162.19,162.34,162.19,162.34,263.37
1557032520,162.15,162.34,162.34,162.15,0.388
1557032580,162.26,162.28,162.26,162.28,1.76
1557032640,162.16,162.23,162.23,162.16,3.64
1557032700,162.14,162.34,162.14,162.34,153.09
1557032760,162.29,162.4,162.29,162.4,168.65
1557032820,162.35,162.45,162.42,162.44,190.89
1557032880,162.36,162.47,162.47,162.38,5.76
1557032940,162.38,162.52,162.38,162.52,167.21
1557033000,162.38,162.4,162.4,162.39,5.1
1557033060,162.37,162.37,162.37,162.37,25.91
1557033120,162.36,162.36,162.36,162.36,1.34
1557033180,162.36,162.37,162.36,162.37,12.68
1557033240,162.36,162.37,162.37,162.37,1.9
1557033300,162.36,162.37,162.36,162.37,8.7
1557033360,162.1,162.36,162.36,162.1,103.41
1557033420,162.1,162.43,162.11,162.35,149.83
1557033480,162.3,162.36,162.36,162.3,1.7
1557033540,162.29,162.32,162.32,162.29,3.72
1557033600,162.31,162.41,162.41,162.31,0.599
1557033660,162.24,162.31,162.3,162.24,7.92
1557033720,162.24,162.31,162.24,162.31,19.54
1557033780,162.3,162.4,162.3,162.4,120.19
1557033840,162.39,162.45,162.39,162.41,3.5
1557033900,162.37,162.37,162.37,162.37,0.421
1557034020,162.33,162.36,162.33,162.35,4.57
1557034080,162.45,162.45,162.45,162.45,0.152
1557034140,162.41,162.45,162.45,162.42,1.18
1557034200,162.41,162.42,162.42,162.41,0.372
1557034260,162.41,162.41,162.41,162.41,5.0
1557034320,162.4,162.4,162.4,162.4,31.4
1557034380,162.37,162.39,162.39,162.37,8.24
1557034440,162.37,162.39,162.38,162.39,0.841
1557034500,162.39,162.4,162.4,162.39,0.476
1557034560,162.4,162.43,162.4,162.43,32.55
1557034620,162.32,162.45,162.42,162.43,39.04
1557034740,162.34,162.55,162.43,162.55,26.15
1557034800,162.55,162.8,162.55,162.8,110.39
1557034860,162.75,162.81,162.75,162.81,2.5
1557034920,162.8,162.8,162.8,162.8,1.6
1557034980,162.8,162.81,162.8,162.81,43.81
1557035040,162.8,162.8,162.8,162.8,5.14
1557035100,162.81,162.91,162.81,162.91,26.37
1557035160,162.9,162.91,162.91,162.9,27.89
1557035220,162.91,162.91,162.91,162.91,0.269
1557035280,162.8,162.86,162.8,162.86,15.43
1557035400,162.88,162.91,162.88,162.91,1.91
1557035460,162.91,163.01,162.91,163.01,114.2
1557035520,163.02,163.28,163.02,163.28,24.73
1557035580,163.2,163.29,163.29,163.21,19.14
1557035640,163.05,163.21,163.21,163.05,89.28
1557035700,163.05,163.24,163.05,163.24,44.95
1557035760,163.29,163.3,163.29,163.29,3.83
1557035820,163.23,163.29,163.29,163.23,46.82
1557035880,163.04,163.13,163.13,163.05,23.4
1557035940,163.04,163.18,163.04,163.18,18.8
1557036000,163.15,163.25,163.15,163.24,52.5
1557036060,163.05,163.24,163.24,163.05,52.06
1557036120,163.05,163.25,163.05,163.25,50.71
1557036180,163.24,163.3,163.24,163.3,16.34
1557036240,163.29,163.3,163.29,163.3,3.72
1557036300,163.3,163.3,163.3,163.3,0.64
1557036360,163.3,163.3,163.3,163.3,2.06
1557036420,163.2,163.29,163.29,163.2,44.3
1557036480,163.1,163.17,163.17,163.11,6.29
1557036540,163.22,163.22,163.22,163.22,0.185
1557036600,163.23,163.3,163.23,163.29,1.3
1557112440,159.71,159.83,159.83,159.71,136.24
1557112500,159.61,159.62,159.62,159.61,26.05
1557112560,159.57,159.75,159.57,159.68,53.95
1557112620,159.67,159.71,159.68,159.71,2.57
1557112680,159.72,159.84,159.76,159.72,0.725
1557112740,159.73,159.73,159.73,159.73,3.64
1557112800,159.58,159.73,159.73,159.62,7.8
1557112860,159.61,159.69,159.69,159.62,5.51
1557112920,159.55,159.62,159.62,159.58,7.16
1557112980,159.58,159.61,159.58,159.58,0.412
1557113040,159.55,159.65,159.62,159.64,52.89
1557113160,159.51,159.61,159.51,159.61,24.09
1557113220,159.49,159.6,159.49,159.5,24.43
1557113280,159.53,159.59,159.53,159.56,3.82
1557113340,159.5,159.61,159.55,159.5,56.89
1557113400,159.38,159.49,159.48,159.38,21.29
1557113460,159.38,159.47,159.45,159.47,82.18
1557113520,159.47,159.53,159.47,159.53,0.112
1557113580,159.56,159.65,159.56,159.65,1.03
1557113640,159.3,159.57,159.57,159.46,240.26
1557113700,159.45,159.59,159.49,159.55,11.86
1557113760,159.55,159.56,159.56,159.55,2.48
1557113820,159.51,159.53,159.51,159.53,6.14
1557113880,159.51,159.51,159.51,159.51,0.299
1557113940,159.42,159.54,159.54,159.49,30.03
1557114060,159.49,159.78,159.49,159.78,16.25
1557114120,159.63,159.69,159.69,159.63,2.24
1557114180,159.53,159.62,159.61,159.59,11.57
1557114240,159.65,159.65,159.65,159.65,6.91
1557114300,159.64,159.67,159.67,159.64,0.555
1557114360,159.62,159.62,159.62,159.62,2.89
1557114420,159.45,159.62,159.61,159.45,18.78
1557114480,159.46,159.5,159.5,159.46,0.165
1557114540,159.45,159.46,159.46,159.45,0.772
1557114600,159.11,159.42,159.42,159.12,19.7
1557114660,158.85,159.2,159.11,159.2,129.65
1557114720,159.08,159.37,159.22,159.08,56.03
1557114780,158.96,159.04,159.04,159.0,127.01
1557114840,159.0,159.01,159.0,159.0,60.32
1557114900,159.0,159.11,159.0,159.1,79.72
1557114960,159.11,159.12,159.11,159.12,31.71
1557115020,159.04,159.09,159.06,159.09,5.61
1557115080,159.02,159.09,159.02,159.08,5.81
1557115140,159.05,159.08,159.08,159.05,2.91
1557115200,158.96,159.06,159.06,158.97,133.37
1557115260,158.86,158.98,158.96,158.9,48.93
1557115320,158.99,159.15,158.99,159.15,1.5
1557115380,159.14,159.29,159.14,159.15,16.84
1557115440,158.94,159.13,159.13,158.94,11.61
1557115500,158.77,158.92,158.92,158.77,72.83
1557115560,158.75,158.88,158.76,158.88,76.78
1557115620,158.81,158.93,158.88,158.81,63.78
1557115680,158.85,158.95,158.85,158.87,17.42
1557115740,158.79,158.93,158.91,158.79,0.805
1557115800,158.78,158.86,158.79,158.79,10.01
1557115860,158.73,158.81,158.76,158.81,10.4
1557115920,158.73,158.91,158.77,158.91,46.24
1557115980,158.86,159.09,158.86,159.03,3.25
1557116040,158.95,158.96,158.96,158.96,8.52
1557116100,158.99,159.04,158.99,159.04,52.21
1557116160,159.01,159.04,159.02,159.02,3.94
1557116220,159.04,159.23,159.05,159.09,63.31
1557116280,159.12,159.17,159.12,159.15,3.07
1557116340,159.15,159.27,159.24,159.16,23.22
1557116400,159.16,159.23,159.17,159.16,1.65
1557116460,159.16,159.27,159.16,159.27,2.47
1557116520,159.23,159.27,159.25,159.23,1.12
1557116580,159.22,159.23,159.22,159.23,0.21
1557116640,159.21,159.25,159.21,159.25,0.461
1557116700,159.19,159.33,159.22,159.22,231.09
1557116760,159.22,159.26,159.25,159.26,19.32
1557116820,159.22,159.3,159.22,159.25,11.1
1557116880,159.17,159.21,159.21,159.17,9.13
1557116940,159.01,159.17,159.17,159.01,72.11
1557117000,159.02,159.08,159.02,159.08,4.66
1557117060,159.02,159.15,159.07,159.15,137.92
1557117120,159.11,159.11,159.11,159.11,0.3
1557117240,159.11,159.11,159.11,159.11,3.08
1557117300,159.07,159.15,159.15,159.11,24.5
1557117360,159.11,159.15,159.15,159.13,3.83
1557117420,159.13,159.19,159.13,159.19,0.734
1557117480,159.12,159.27,159.13,159.27,37.15
1557117540,159.16,159.35,159.16,159.19,81.56
1557117600,159.16,159.2,159.18,159.18,8.49
1557117660,159.21,159.24,159.24,159.21,53.5
1557117720,159.21,159.22,159.21,159.22,10.92
1557117780,159.22,159.23,159.23,159.22,6.21
1557117840,159.19,159.21,159.2,159.2,7.65
1557117960,159.15,159.2,159.2,159.19,27.32
1557118020,159.04,159.12,159.12,159.05,22.46
1557118080,159.02,159.05,159.05,159.02,6.88
1557118140,159.02,159.06,159.03,159.02,7.32
1557118200,159.02,159.02,159.02,159.02,0.3
1557118260,159.1,159.1,159.1,159.1,0.0313
1557118320,159.12,159.14,159.12,159.14,1.3
1557118380,159.15,159.26,159.15,159.26,234.62
1557118440,159.24,159.43,159.26,159.43,291.68
1557118500,159.41,159.47,159.42,159.41,80.35
1557118560,159.25,159.51,159.41,159.51,322.4
1557118620,159.46,159.58,159.51,159.46,31.46
1557118680,159.31,159.41,159.41,159.31,50.5
1557118740,159.42,159.45,159.45,159.45,3.38
1557118800,159.4,159.59,159.5,159.4,390.97
1557118860,159.35,159.39,159.36,159.35,96.22
1557118920,159.28,159.35,159.34,159.28,26.26
1557118980,159.27,159.41,159.27,159.41,81.6
1557119040,159.37,159.42,159.39,159.37,101.53
1557119100,159.38,159.38,159.38,159.38,1.63
1557119160,159.38,159.38,159.38,159.38,2.26
1557119220,159.38,159.46,159.38,159.45,140.0
1557119280,159.4,159.4,159.4,159.4,0.324
1557119340,159.37,159.4,159.4,159.37,6.19
1557119400,159.15,159.25,159.25,159.25,200.88
1557119460,159.15,159.18,159.16,159.18,3.65
1557119520,159.17,159.18,159.17,159.18,0.641
1557119580,159.18,159.18,159.18,159.18,0.708
1557119640,159.17,159.18,159.17,159.17,4.19
1557119700,159.11,159.18,159.18,159.11,228.4
1557119760,159.17,159.18,159.17,159.17,14.25
1557119820,159.17,159.42,159.17,159.38,99.32
1557119880,159.43,159.47,159.44,159.46,13.92
1557119940,159.42,159.45,159.45,159.42,0.151
1557120000,159.43,159.43,159.43,159.43,0.387
1557120060,159.42,159.43,159.42,159.43,5.9
1557120120,159.43,159.53,159.43,159.52,124.9
1557120180,159.53,159.53,159.53,159.53,0.0168
1557120240,159.53,159.53,159.53,159.53,6.54
1557120300,159.53,159.53,159.53,159.53,0.481
1557120360,159.59,159.61,159.61,159.6,0.419
1557120420,159.62,159.72,159.62,159.66,140.24
1557120480,159.66,159.67,159.67,159.66,6.13
1557120540,159.68,159.7,159.68,159.69,1.46
1557120600,159.7,159.71,159.71,159.7,10.53
1557120660,159.65,159.68,159.68,159.65,10.46
1557120720,159.5,159.53,159.5,159.52,4.94
1557120780,159.42,159.53,159.53,159.45,15.53
1557120840,159.44,159.46,159.46,159.45,8.0
1557120900,159.46,159.47,159.47,159.46,3.06
1557120960,159.42,159.44,159.42,159.42,0.712
1557121020,159.3,159.42,159.42,159.3,537.44
1557121080,159.26,159.32,159.27,159.32,5.89
1557121140,159.37,159.41,159.37,159.41,6.92
1557121200,159.4,159.42,159.41,159.42,15.3
1557121260,159.39,159.39,159.39,159.39,0.0435
1557121380,159.3,159.3,159.3,159.3,3.05
1557121440,159.3,159.3,159.3,159.3,3.6
1557121500,159.3,159.46,159.3,159.46,47.59
1557121560,159.46,159.47,159.46,159.47,0.401
1557121620,159.46,159.47,159.47,159.47,29.07
1557121680,159.38,159.46,159.46,159.38,0.839
1557121740,159.34,159.36,159.34,159.34,0.321
1557121800,159.31,159.34,159.34,159.31,44.02
1557121860,159.29,159.29,159.29,159.29,0.0375
1557121920,159.19,159.26,159.26,159.19,3.05
1557121980,159.19,159.19,159.19,159.19,1.02
1557122040,159.18,159.19,159.19,159.19,14.4
1557122100,159.2,159.28,159.2,159.21,0.438
1557122220,159.02,159.19,159.18,159.02,78.06
1557122340,159.13,159.14,159.13,159.14,1.77
1557122400,159.11,159.17,159.13,159.17,3.43
1557122460,159.18,159.18,159.18,159.18,7.1
1557122520,159.14,159.14,159.14,159.14,0.0971
1557122580,159.13,159.13,159.13,159.13,6.27
1557122640,159.0,159.04,159.04,159.01,10.83
1557122700,159.01,159.01,159.01,159.01,0.747
1557122760,159.01,159.04,159.01,159.04,19.45
1557122820,159.03,159.03,159.03,159.03,5.0
1557122880,159.0,159.03,159.03,159.0,7.86
1557122940,159.0,159.01,159.01,159.0,17.22
1557123000,159.02,159.04,159.04,159.02,3.15
1557123060,159.01,159.06,159.01,159.06,1.06
1557123120,159.1,159.1,159.1,159.1,0.0251
1557123180,159.05,159.1,159.09,159.05,0.307
1557123240,158.99,159.05,159.05,158.99,18.85
1557123300,159.06,159.08,159.08,159.06,1.67
1557123360,159.11,159.11,159.11,159.11,0.21
1557123420,159.05,159.13,159.1,159.05,14.37
1557123480,158.96,159.04,159.04,158.97,22.81
1557123540,158.97,158.98,158.98,158.97,16.42
1557123600,158.76,158.97,158.97,158.76,14.18
1557123660,158.72,158.75,158.75,158.72,45.11
1557123720,158.69,158.73,158.73,158.69,45.56
1557123780,158.63,158.66,158.66,158.63,101.26
1557123840,158.6,158.62,158.62,158.6,7.75
1557123900,158.47,158.6,158.6,158.47,7.64
1557123960,158.12,158.46,158.29,158.13,95.97
1557124020,158.12,158.41,158.12,158.41,113.76
1557124080,157.98,158.31,158.3,158.05,296.38
1557124140,158.19,158.19,158.19,158.19,0.5
1557124200,158.18,158.19,158.18,158.19,51.0
1557124260,158.1,158.19,158.19,158.19,15.28
1557124320,158.06,158.06,158.06,158.06,0.4
1557124380,158.05,158.2,158.05,158.19,14.8
1557124440,158.2,158.49,158.2,158.49,127.44
1557124500,158.31,158.52,158.52,158.31,44.41
1557124560,158.3,158.31,158.31,158.3,0.427
1557124620,158.34,158.34,158.34,158.34,0.116
1557124680,158.42,158.48,158.42,158.48,0.802
1557124740,158.33,158.35,158.35,158.33,32.18
1557124800,158.31,158.32,158.32,158.31,4.06
1557124920,158.2,158.39,158.39,158.2,15.44
1557124980,158.1,158.22,158.19,158.1,16.06
1557125040,158.03,158.04,158.04,158.03,13.84
1557125100,157.96,158.21,158.0,158.21,145.08
1557125160,158.22,158.58,158.22,158.58,108.31
1557125220,158.17,158.45,158.45,158.2,25.57
1557125280,158.29,158.29,158.29,158.29,0.5
1557125340,158.41,158.49,158.41,158.49,0.997
1557125400,158.51,158.6,158.51,158.6,0.62
1557125460,158.35,158.59,158.59,158.37,5.31
1557125520,158.45,158.6,158.45,158.6,2.96
1557125580,158.61,158.61,158.61,158.61,0.634
1557125640,158.6,158.61,158.61,158.6,10.18
1557125700,158.61,158.63,158.61,158.63,67.07
1557125760,158.63,158.75,158.63,158.73,3.37
1557125820,158.65,158.72,158.72,158.65,0.525
1557125880,158.65,158.65,158.65,158.65,0.157
1557125940,158.69,158.72,158.69,158.72,15.1
1557126000,158.61,158.62,158.62,158.61,5.26
1557126120,158.6,158.61,158.61,158.6,11.49
1557126180,158.61,158.61,158.61,158.61,0.0659
1557126240,158.61,158.62,158.61,158.62,25.37
1557126300,158.64,158.71,158.64,158.69,24.52
1557126360,158.67,158.67,158.67,158.67,0.478
1557126420,158.66,158.66,158.66,158.66,8.71
1557126480,158.67,158.67,158.67,158.67,4.32
1557126600,158.75,158.76,158.76,158.76,1.52
1557126660,158.66,158.75,158.75,158.72,130.46
1557126720,158.72,158.72,158.72,158.72,0.238
1557126780,158.65,158.65,158.65,158.65,8.23
1557126840,158.63,158.63,158.63,158.63,4.23
1557126960,158.62,158.75,158.62,158.71,11.61
1557127020,158.7,158.71,158.71,158.7,0.629
1557127080,158.58,158.65,158.65,158.58,68.95
1557127140,158.54,158.71,158.6,158.54,227.67
1557127200,158.52,158.58,158.54,158.52,25.83
1557127260,158.32,158.52,158.52,158.43,375.11
1557127320,158.44,158.45,158.45,158.44,0.351
1557127380,158.32,158.32,158.32,158.32,0.0652
1557127440,158.32,158.6,158.32,158.58,4.68
1557127560,158.4,158.45,158.42,158.45,1.41
1557127620,158.4,158.41,158.41,158.4,0.3
1557127680,158.62,158.84,158.62,158.84,2.01
1557127740,158.73,158.8,158.8,158.73,31.88
1557127800,158.87,158.87,158.87,158.87,0.207
1557127860,158.8,158.92,158.92,158.8,138.92
1557127920,158.89,159.18,158.89,159.18,262.06
1557127980,159.21,159.36,159.21,159.35,183.57
1557128100,159.19,159.19,159.19,159.19,0.609
1557128160,159.13,159.13,159.13,159.13,0.5
1557128220,159.1,159.13,159.13,159.1,16.9
1557128280,159.02,159.02,159.02,159.02,15.91
1557128340,159.01,159.17,159.17,159.01,3.58
1557128400,159.01,159.01,159.01,159.01,15.08
1557128460,159.02,159.12,159.06,159.12,15.54
1557128520,159.12,159.12,159.12,159.12,1.5
1557128580,159.15,159.18,159.18,159.15,15.72
1557128640,159.0,159.16,159.15,159.0,12.02
1557128700,158.82,159.0,159.0,158.82,77.55
1557128760,158.76,158.82,158.82,158.76,166.87
1557128820,158.71,158.73,158.73,158.71,0.657
1557128880,158.54,158.63,158.6,158.63,109.62
1557128940,158.64,158.74,158.65,158.74,18.1
1557129000,158.66,158.73,158.66,158.73,0.273
1557129060,158.53,158.83,158.83,158.53,102.09
1557129120,158.63,158.63,158.63,158.63,1.0
1557129180,158.5,158.52,158.52,158.5,6.5
1557129240,158.5,158.51,158.51,158.51,18.24
1557129300,158.37,158.54,158.5,158.37,12.79
1557129360,158.3,158.44,158.33,158.44,8.72
1557129420,158.45,158.56,158.55,158.56,10.64
1557129480,158.73,158.82,158.73,158.82,0.0711
1557129540,158.7,158.82,158.82,158.7,0.464
1557129600,158.44,158.6,158.6,158.44,61.81
1557129660,158.23,158.44,158.4,158.39,108.46
1557129720,158.45,158.75,158.45,158.56,13.47
1557129780,158.51,158.51,158.51,158.51,0.147
1557129840,158.7,158.7,158.7,158.7,0.889
1557129900,158.7,158.71,158.7,158.7,1.84
1557129960,158.69,158.69,158.69,158.69,0.157
1557130020,158.74,158.74,158.74,158.74,6.86
1557130080,158.66,158.72,158.66,158.72,7.63
1557130260,158.57,158.57,158.57,158.57,0.854
1557130320,158.57,158.68,158.57,158.68,0.152
1557130380,158.73,158.73,158.73,158.73,0.106
1557130500,158.66,158.81,158.72,158.66,15.47
1557130680,158.52,158.53,158.53,158.53,1.98
1557130740,158.61,158.62,158.61,158.62,6.18
1557130800,158.47,158.53,158.53,158.48,19.41
1557130860,158.54,158.54,158.54,158.54,4.31
1557130980,158.75,158.77,158.75,158.77,0.207
1557131040,158.68,158.72,158.72,158.68,0.0645
1557131100,158.67,158.68,158.68,158.67,1.31
1557131220,158.7,158.73,158.7,158.73,0.692
1557131280,158.67,158.76,158.7,158.67,7.8
1557131340,158.55,158.67,158.55,158.6,180.04
1557131400,158.44,158.56,158.56,158.46,6.94
1557131460,158.48,158.48,158.48,158.48,0.5
1557131580,158.45,158.45,158.45,158.45,0.116
1557131640,158.44,158.44,158.44,158.44,0.0121
1557131700,158.37,158.44,158.44,158.37,60.38
1557131760,158.35,158.35,158.35,158.35,6.06
1557131820,158.36,158.36,158.36,158.36,40.64
1557131940,158.39,158.4,158.4,158.4,5.56
1557132000,158.24,158.4,158.4,158.24,200.06
1557132060,158.42,158.42,158.42,158.42,36.37
1557132120,158.45,158.45,158.45,158.45,0.0951
1557132180,158.53,158.56,158.53,158.56,17.58
1557132300,158.48,158.52,158.51,158.48,1.25
1557132360,158.29,158.51,158.51,158.29,531.62
1557132420,158.41,158.41,158.41,158.41,0.01
1557132480,157.92,158.41,158.41,157.92,559.88
1557132540,157.94,158.03,158.02,157.95,122.47
1557132600,157.95,158.0,157.95,158.0,10.38
1557132660,157.9,157.9,157.9,157.9,90.63
1557132720,157.78,157.88,157.88,157.78,27.93
1557132780,157.78,157.97,157.79,157.97,184.44
1557132840,157.96,157.97,157.97,157.97,4.97
1557132900,157.9,157.99,157.98,157.9,400.01
1557132960,157.92,158.1,157.92,158.06,14.26
1557133020,158.01,158.11,158.01,158.1,2.94
1557133080,157.92,158.11,158.11,157.97,83.84
1557133140,158.0,158.04,158.0,158.04,1.61
1557133260,157.91,158.12,158.0,158.12,147.96
1557133320,158.11,158.12,158.11,158.12,0.1
