1534206780,272.15,274.06,274.06,272.47,1165.8605898199996
1534206840,271.22,272.68,272.46,271.59,816.8354113300003
1534206900,270.33,271.53,271.53,270.34,1069.2365254399995
1534206960,270.0,270.99,270.34,270.0,1434.32315864
1534207020,269.8,271.3,270.0,271.18,1319.71436334
1534207080,270.5,271.72,271.17,270.97,649.0289991599999
1534207140,270.18,271.5,270.98,271.05,873.1940609000002
1534207200,270.72,271.27,271.27,271.15,135.27565071000004
1534207260,270.57,271.26,271.14,271.26,350.88272854000013
1534207320,271.26,272.69,271.26,272.69,759.2552495400001
1534207380,272.68,273.0,272.69,272.99,129.63268613
1534207440,272.99,273.03,273.0,273.0,367.2447039999999
1534207500,272.99,273.0,273.0,273.0,141.22943486
1534207560,272.5,273.42,273.0,272.8,631.2521484499998
1534207620,272.8,274.36,272.8,273.86,641.50774141
1534207680,273.86,275.31,273.86,275.12,435.2020601200001
1534207740,273.86,275.12,275.12,273.87,505.89331948
1534207800,273.86,274.48,273.87,274.3,129.68671846
1534207860,273.78,274.32,274.29,273.78,462.1528775200004
1534207920,273.3,273.91,273.78,273.85,239.18976012999997
1534207980,273.3,273.84,273.54,273.52,146.98719586999988
1534208040,273.47,273.9,273.51,273.67,47.48987566
1534208100,271.85,273.67,273.67,272.33,509.86711338000003
1534208160,271.73,272.28,272.28,271.8,473.1814814199999
1534208220,271.75,272.28,271.8,272.19,204.66545306000012
1534208280,271.45,272.22,272.19,271.84,598.8221813600004
1534208340,270.81,272.0,271.84,271.0,957.0183298400001
1534208400,270.4,271.48,271.01,271.27,264.61217132
1534208460,271.0,271.5,271.29,271.5,206.80545187999996
1534208520,271.49,272.14,271.5,271.95,293.35474883999996
1534208580,271.05,271.94,271.82,271.4,88.42399723000004
1534208640,271.0,271.5,271.4,271.26,241.04192339000002
1534208700,271.09,271.4,271.16,271.19,191.04907328999997
1534208760,269.35,271.29,271.22,269.41,779.3069327300001
1534208820,268.13,269.57,269.57,268.32,941.6792100499999
1534208880,267.62,268.31,268.31,267.62,355.15650159
1534208940,267.35,267.63,267.63,267.35,218.08568440999994
1534209000,266.88,267.36,267.35,266.88,673.3237116999996
1534209060,264.73,266.88,266.88,264.73,1771.690221239999
1534209120,264.08,264.79,264.73,264.09,775.24061788
1534209180,263.6,265.81,264.09,264.75,2279.4265101100004
1534209240,264.75,267.17,264.77,267.11,951.9950394199997
1534209300,266.78,268.46,267.1,268.41,672.5641517299999
1534209360,267.2,268.56,268.39,267.25,417.3005617799999
1534209420,266.75,267.64,267.39,266.76,611.7334132499998
1534209480,265.17,266.76,266.76,265.67,1853.9468338699996
1534209540,264.0,265.92,265.68,264.41,1073.4022966399993
1534209600,264.4,267.0,264.41,266.59,1546.63253292
1534209660,265.34,266.59,266.59,265.34,280.57534312
1534209720,263.85,265.33,265.33,265.16,844.6141173499998
1534209780,265.28,266.21,265.28,266.18,844.8639520299996
1534209840,265.85,266.21,266.21,265.88,326.6828588200001
1534209900,263.98,266.16,266.16,263.98,660.5632456899998
1534209960,263.82,264.87,264.28,264.05,421.01770384999986
1534210020,263.61,264.05,264.05,263.96,370.5216210500001
1534210080,263.74,265.45,263.94,265.44,657.0107973900003
1534210140,265.0,265.45,265.45,265.37,353.3330184299999
1534210200,265.44,266.46,265.45,266.46,459.58454018999987
1534210260,266.27,267.0,266.41,266.49,385.1189098600001
1534210320,266.26,266.95,266.33,266.65,225.84601587000003
1534210380,266.65,267.0,266.66,266.99,131.02909173
1534210440,266.38,267.03,267.0,266.85,447.2371323099999
1534210500,266.97,266.98,266.97,266.98,169.42043383
1534210560,266.97,267.11,266.98,266.98,309.65530157000006
1534210620,266.91,267.01,266.98,267.0,136.59454855
1534210680,266.9,267.1,267.0,266.91,239.18616819999997
1534210740,264.85,266.91,266.91,264.85,730.8919629499999
1534210800,263.77,265.09,264.88,264.3,905.4089259200006
1534210860,264.29,265.67,264.29,265.43,225.69917842999993
1534210920,264.73,265.44,265.44,265.39,130.27319207999997
1534210980,264.75,265.37,265.35,265.25,74.77989082999999
1534211040,265.25,266.0,265.25,265.92,289.42949350000015
1534211100,264.85,265.67,265.64,265.49,305.44461351999985
1534211160,262.97,265.53,265.48,263.0,1998.6308560200005
1534211220,261.25,263.0,262.99,261.61,1566.9714689199984
1534211280,261.24,263.77,261.61,262.52,2728.185489450001
1534211340,261.59,262.79,262.49,262.64,414.47750683
1534211400,261.04,262.8,262.66,261.04,464.8888792099999
1534211460,259.51,261.02,261.02,259.89,1806.7696585199992
1534211520,259.3,262.26,259.89,260.93,2705.5998490599995
1534211580,260.16,261.56,260.93,261.0,490.6502009699999
1534211640,261.0,262.2,261.31,261.7,403.30211055999973
1534211700,259.13,261.76,261.5,259.5,1225.8241737300002
1534211760,257.21,259.58,259.31,257.32,1901.80262188
1534211820,256.7,258.0,257.89,256.79,1092.9406565999996
1534211880,256.1,256.71,256.71,256.69,745.3111338399999
1534211940,256.27,256.71,256.68,256.71,564.4685531499998
1534212000,256.0,256.71,256.71,256.08,744.7183673000001
1534212060,255.55,256.1,256.07,255.78,991.8139564799998
1534212120,255.55,255.78,255.78,255.7,398.56752947999996
1534212180,253.47,255.7,255.7,253.47,1372.0151508799993
1534212240,252.57,253.69,253.47,252.67,1382.3086862199993
1534212300,251.9,253.3,253.24,251.9,1671.730732829996
1534212360,251.0,252.49,251.91,251.0,1669.28647214
1534212420,250.28,257.54,251.26,252.04,4692.674362360006
1534212480,252.0,255.44,252.05,253.86,2354.55690675
1534212540,253.6,257.02,254.13,255.71,1391.01975705
1534212600,255.49,256.97,255.71,256.76,1247.82178638
1534212660,255.76,258.88,256.76,258.1,1391.4832319299983
1534212720,257.88,259.0,258.1,258.0,1531.199536499999
1534212780,256.21,257.95,257.95,256.22,612.9346048499998
1534212840,256.0,257.48,256.73,257.48,741.97432004
1534212900,257.48,258.91,257.48,257.97,1010.7058928299998
1534212960,256.43,257.96,257.93,256.9,465.62084579000026
1534213020,256.45,257.47,256.91,257.27,497.43398107999997
1534213080,256.76,259.46,257.19,258.68,740.2872552400003
1534213140,258.0,259.04,258.43,258.91,567.7724452999998
1534213200,258.5,259.02,258.91,258.7,298.53340082
1534213260,258.5,260.0,258.7,260.0,286.12301424000003
1534213320,259.99,264.46,260.0,263.01,2406.2423498199987
1534213380,262.51,263.01,263.0,262.51,240.22595303999998
