1536637140,195.35,195.52,195.5,195.52,24.92493303
1536637200,195.44,195.58,195.53,195.58,42.630334620000006
1536637260,195.58,195.58,195.58,195.58,3.03853214
1536637320,195.57,195.58,195.57,195.58,9.91093284
1536637380,195.58,195.58,195.58,195.58,125.0648275
1536637440,195.57,195.94,195.58,195.94,15.377788869999998
1536637500,195.93,195.94,195.93,195.93,8.46086089
1536637560,195.93,195.94,195.93,195.93,28.563379689999998
1536637620,195.95,196.33,195.95,196.33,10.579857539999997
1536637680,196.32,196.49,196.32,196.49,9.446871920000003
1536637740,196.32,196.51,196.49,196.44,34.56354851
1536637800,195.88,196.4,196.4,195.88,82.32850857
1536637860,195.87,195.88,195.88,195.87,8.51108819
1536637920,195.57,195.88,195.88,195.57,70.15420058999999
1536637980,195.31,195.47,195.47,195.39,17.65500572
1536638040,195.38,195.4,195.39,195.4,13.92468786
1536638100,195.39,195.4,195.4,195.4,11.68706035
1536638160,195.39,195.4,195.39,195.39,11.998046689999999
1536638220,194.99,195.4,195.4,194.99,56.40243512999999
1536638280,194.98,195.0,194.99,194.99,22.355566590000002
1536638340,194.83,195.09,194.99,194.94,16.498764
1536638400,194.48,194.94,194.94,194.6,160.63708152000004
1536638460,194.6,194.79,194.6,194.79,5.802817239999999
1536638520,194.68,195.7,194.8,195.7,270.04702242
1536638580,195.22,195.71,195.7,195.47,66.58261943999999
1536638640,195.48,195.73,195.48,195.56,9.655866910000002
1536638700,195.62,195.74,195.68,195.73,6.718415739999999
1536638760,195.73,195.73,195.73,195.73,0.5187370499999999
1536638820,195.55,195.73,195.73,195.55,15.07878253
1536638880,195.22,195.56,195.56,195.22,7.20954153
1536638940,195.14,195.15,195.14,195.14,79.25097868
1536639000,195.14,195.15,195.14,195.15,3.73053193
1536639060,195.14,195.18,195.15,195.17,35.09873568
1536639120,195.0,195.01,195.01,195.0,13.65196769
1536639180,195.01,195.32,195.01,195.32,119.29412416000001
1536639240,195.25,195.44,195.33,195.25,11.8054715
1536639300,195.05,195.06,195.06,195.05,6.498326909999999
1536639360,195.05,195.13,195.06,195.13,53.59200923
1536639420,195.13,195.32,195.13,195.32,2.24530757
1536639480,195.34,195.44,195.34,195.44,3.69506032
1536639540,195.43,195.44,195.44,195.44,13.36871408
1536639600,195.44,195.45,195.44,195.45,8.12275933
1536639660,195.45,195.45,195.45,195.45,1.8956633999999999
1536639720,195.45,195.45,195.45,195.45,7.63006444
1536639780,195.44,195.45,195.45,195.45,7.43204743
1536639840,195.44,195.45,195.45,195.44,27.58352845
1536639900,195.44,195.45,195.45,195.45,64.64370699000001
1536639960,195.44,195.45,195.45,195.45,6.5206763500000005
1536640020,195.44,195.45,195.44,195.44,5.728209189999999
1536640080,195.44,195.45,195.45,195.45,45.405938830000004
1536640140,195.44,195.45,195.44,195.45,3.5645951499999997
1536640200,195.44,195.55,195.45,195.55,49.55895049000001
1536640260,195.34,195.56,195.55,195.34,101.32410264999999
1536640320,195.2,195.36,195.2,195.29,6.40192855
1536640380,195.29,195.3,195.29,195.29,10.36585691
1536640440,195.28,195.3,195.3,195.3,31.184069179999998
1536640500,195.11,195.26,195.26,195.21,33.72877897000001
1536640560,195.18,195.2,195.18,195.2,3.6929857900000007
1536640620,195.18,195.2,195.19,195.2,4.20590475
1536640680,195.19,195.2,195.19,195.19,4.76784967
1536640740,195.2,195.56,195.2,195.47,100.61051312999999
1536640800,195.33,195.47,195.41,195.34,5.3736529
1536640860,195.33,195.38,195.35,195.34,11.39287258
1536640920,195.0,195.34,195.34,195.01,81.82493690000001
1536640980,195.12,195.15,195.15,195.12,9.85676661
1536641040,195.0,195.22,195.13,195.12,57.578997689999994
1536641160,194.64,195.18,195.16,194.64,166.2212948
1536641220,194.5,194.78,194.64,194.78,123.72092214999999
1536641280,194.77,194.85,194.77,194.84,21.905724899999996
1536641340,194.84,194.85,194.84,194.85,16.155252439999998
1536641400,194.84,195.05,194.85,195.05,41.59991422999999
1536641460,194.73,194.93,194.93,194.74,26.82091233
1536641520,194.74,194.99,194.74,194.74,136.88521826999997
1536641580,194.71,194.74,194.74,194.71,7.0055955700000005
1536641640,194.3,194.7,194.7,194.54,105.66343233999999
1536641700,194.53,194.6,194.54,194.6,11.98126934
1536641760,194.53,194.54,194.54,194.53,3.79494142
1536641820,193.85,194.54,194.54,193.85,269.7597258899999
1536641880,192.55,193.81,193.81,192.89,708.3942830199994
1536641940,192.97,193.35,192.97,193.15,422.04988066000004
1536642000,192.5,193.0,193.0,192.5,35.5114571
1536642060,192.5,192.6,192.51,192.6,47.641304649999995
1536642120,192.69,192.85,192.85,192.72,7.761802929999999
1536642180,192.71,192.84,192.71,192.74,14.733790470000002
1536642240,192.82,193.44,192.82,193.44,25.98191653
1536642300,193.04,193.85,193.45,193.23,90.10780876999998
1536642360,193.22,193.63,193.23,193.31,370.3720179
1536642420,193.43,193.62,193.55,193.58,13.476131520000001
1536642480,193.5,193.72,193.6,193.72,10.349467820000001
1536642540,193.5,193.51,193.5,193.51,0.72957676
1536642600,193.29,193.63,193.51,193.51,7.80758568
1536642660,193.3,193.6,193.5,193.51,47.43030834
1536642720,192.51,193.38,193.38,192.52,227.87878501000017
1536642780,191.77,192.5,192.5,191.77,327.01592248
1536642840,191.03,191.77,191.77,191.33,2038.0123568500003
1536642900,191.33,192.06,191.33,192.05,221.58718596000003
1536642960,192.0,192.06,192.06,192.03,85.82726652999999
1536643020,191.48,192.06,192.06,191.48,357.5113502699999
1536643080,191.48,192.35,191.48,192.35,67.19551722
1536643140,192.36,192.98,192.36,192.98,130.07069257999993
1536643200,192.65,193.0,192.98,192.65,106.23644986000001
1536643260,192.64,192.65,192.64,192.64,29.446742089999997
1536643320,192.64,193.12,192.64,193.12,76.00863312
1536643380,192.81,193.12,193.12,192.96,7.318002549999998
1536643440,192.78,193.0,192.96,192.78,5.14840795
1536643500,192.96,193.23,192.97,193.23,47.98569832000001
1536643560,193.0,193.23,193.23,193.0,13.89116316
1536643620,192.99,193.68,193.0,193.68,154.22850924999997
1536643680,193.49,193.55,193.49,193.55,14.3765495
1536643740,193.55,193.55,193.55,193.55,19.76517837
1536643800,193.53,193.55,193.55,193.55,13.70410728
1536643860,193.25,193.46,193.46,193.25,2.4194000000000004
1536643920,192.59,193.26,193.26,193.02,400.78024639
1536643980,193.02,193.22,193.21,193.02,2.9708233600000002
1536644040,192.66,193.19,193.03,193.19,10.038571600000001
1536644100,192.98,193.19,193.19,192.98,12.695887929999998
1536644160,192.91,192.92,192.92,192.92,9.15172044
1536644220,192.91,193.41,192.92,193.41,27.475960130000008
1536644280,193.01,193.33,193.33,193.01,23.927190470000003
1536644340,193.09,193.44,193.17,193.44,144.44452635
1536644400,193.39,193.83,193.46,193.43,50.29409858999998
1536644460,193.34,193.52,193.34,193.52,6.035275929999999
1536644520,193.5,193.51,193.51,193.51,8.260520199999998
1536644580,193.51,193.63,193.51,193.62,93.46806761999999
1536644640,193.63,193.92,193.63,193.92,126.98479715000003
1536644700,193.92,194.18,193.92,194.18,10.755369490000001
1536644760,194.17,194.18,194.18,194.17,8.918603739999998
1536644820,194.18,194.46,194.18,194.22,19.79945814
1536644880,194.23,194.24,194.23,194.24,2.2177202200000004
1536644940,194.24,194.52,194.24,194.51,17.913728869999996
1536645000,194.28,194.54,194.52,194.28,13.722962599999997
1536645060,194.23,194.24,194.24,194.24,2.14955607
1536645120,193.87,194.24,194.24,193.87,10.62107196
1536645180,193.86,193.88,193.87,193.87,3.08957627
1536645240,193.86,193.88,193.88,193.86,3.92913381
1536645300,193.86,194.0,193.87,194.0,7.771127760000001
1536645360,193.87,194.01,194.0,193.87,14.548610239999999
1536645420,193.84,193.86,193.86,193.85,5.93299088
1536645540,193.85,193.95,193.85,193.94,18.240169459999997
1536645600,193.94,193.95,193.95,193.94,8.655435359999998
1536645660,193.95,193.95,193.95,193.95,0.04622415
1536645720,192.98,193.94,193.94,192.99,69.86876126999996
1536645780,193.49,193.64,193.63,193.49,6.75
1536645840,193.37,193.51,193.51,193.5,40.38496361999999
1536645900,193.51,193.51,193.51,193.51,5.00001157
1536645960,193.38,193.53,193.53,193.39,30.212695470000003
1536646020,193.48,193.49,193.49,193.48,11.367098819999995
1536646080,193.39,193.5,193.42,193.39,8.23251175
1536646140,193.39,193.39,193.39,193.39,1.0
1536646200,193.38,193.4,193.39,193.39,8.6827098
1536646260,193.39,193.4,193.4,193.4,24.371919029999997
1536646320,193.4,194.54,193.4,194.54,455.72474499000003
1536646380,194.57,194.58,194.58,194.58,6.657191289999999
1536646440,194.22,194.58,194.57,194.22,3.1349540100000004
1536646500,194.41,194.41,194.41,194.41,0.3514
1536646560,194.41,194.41,194.41,194.41,0.02137409
1536646620,194.27,194.54,194.41,194.41,123.44641615000003
1536646680,194.48,195.21,194.48,195.21,69.49101723000001
1536646740,194.89,195.13,195.11,194.92,4.2878506100000005
1536646800,194.91,194.92,194.92,194.91,11.266100000000002
1536646860,194.92,194.92,194.92,194.92,1.9225
1536646920,194.71,194.92,194.92,194.71,12.79383479
1536646980,194.66,194.74,194.73,194.66,15.956997040000001
1536647040,194.7,194.83,194.73,194.7,3.50825567
1536647100,194.74,194.77,194.77,194.74,14.132382510000001
1536647160,194.74,194.75,194.74,194.75,4.6643785
1536647220,194.74,194.88,194.8,194.88,7.005402800000001
1536647280,194.77,194.88,194.88,194.82,30.31557364
1536647340,194.82,194.88,194.82,194.88,5.307449160000001
1536647400,194.88,194.9,194.88,194.9,16.07826175
1536647460,194.89,194.9,194.9,194.89,14.263065489999999
1536647520,194.89,194.9,194.9,194.89,3.65437915
1536647580,194.89,194.9,194.9,194.89,42.45754898999999
1536647640,194.89,194.9,194.9,194.89,23.24265331
1536647700,194.89,194.9,194.9,194.89,14.299271550000002
1536647760,194.9,194.9,194.9,194.9,2.03290592
1536647820,194.9,194.91,194.9,194.91,56.07734000000001
1536647880,194.91,195.36,194.91,195.36,146.50267857999995
1536647940,195.16,195.29,195.29,195.28,20.008962530000005
1536648000,195.21,195.28,195.28,195.21,5.9620017999999995
1536648060,195.27,195.39,195.27,195.36,10.11724996
1536648120,195.2,195.36,195.35,195.32,35.93175932
1536648180,195.19,195.33,195.23,195.33,3.14297486
1536648240,194.74,195.28,195.28,194.74,49.13442566
1536648300,194.38,194.73,194.73,194.56,86.22730696
1536648360,194.39,194.56,194.56,194.4,45.84650792
1536648420,194.36,194.39,194.39,194.36,73.45171597000002
1536648480,194.35,194.36,194.36,194.35,4.78699471
1536648540,194.32,194.36,194.35,194.36,91.35281696
1536648600,194.56,194.69,194.56,194.69,8.830187259999999
1536648660,194.47,194.65,194.65,194.47,51.54465791999998
1536648720,194.29,194.67,194.6,194.29,31.10126967
1536648780,194.27,194.28,194.27,194.28,3.2857304400000005
1536648840,194.35,194.57,194.5,194.56,13.5920752
1536648900,194.44,194.51,194.44,194.51,1.03340528
1536648960,194.55,194.62,194.56,194.62,8.31865732
1536649020,194.56,194.64,194.56,194.6,26.83670310000001
1536649080,194.37,194.37,194.37,194.37,0.3255
1536649140,194.33,194.38,194.38,194.33,4.46807735
1536649200,194.33,194.34,194.34,194.34,4.921404229999999
1536649260,194.33,194.41,194.34,194.41,2.8314
1536649320,194.4,194.63,194.4,194.62,2.6399999999999997
1536649380,194.42,194.63,194.62,194.42,7.8999855199999995
1536649440,194.43,194.45,194.45,194.45,2.35406186
1536649500,194.45,194.45,194.45,194.45,0.0237
1536649560,194.45,194.46,194.45,194.46,3.2433
1536649620,194.45,194.46,194.45,194.45,3.291684769999999
1536649680,194.44,194.46,194.46,194.44,3.8735105
1536649740,194.44,194.45,194.44,194.45,2.29526456
1536649800,193.92,194.45,194.45,193.92,53.07927428000001
1536649860,193.86,194.05,193.86,193.89,18.34748953
1536649920,193.9,194.04,193.9,194.04,0.8529738299999999
1536649980,194.16,194.16,194.16,194.16,2.0011
1536650040,193.97,194.12,194.12,193.97,30.248275370000012
1536650100,193.72,194.06,193.99,194.0,46.84632789999998
1536650160,193.79,193.99,193.99,193.79,56.04756226
1536650220,193.32,193.66,193.66,193.32,14.168543940000003
1536650280,193.01,193.35,193.33,193.25,81.91427828000002
1536650340,193.31,193.44,193.32,193.39,11.21338431
1536650400,193.0,193.4,193.4,193.0,33.98564746
1536650460,192.96,193.0,193.0,192.97,33.039734100000004
1536650520,192.97,193.49,192.97,193.49,38.804624329999996
1536650580,193.33,193.47,193.47,193.33,3.88188767
1536650640,193.34,193.47,193.34,193.46,5.16677945
1536650700,193.48,193.75,193.48,193.75,12.96622161
1536650760,193.74,194.3,193.74,194.3,41.89784037
1536650820,194.29,194.3,194.3,194.3,2.76748476
1536650880,194.13,194.3,194.3,194.3,14.545820809999999
1536650940,194.22,194.24,194.22,194.24,0.55123184
1536651000,194.21,194.24,194.22,194.21,1.27260594
1536651060,194.22,194.24,194.22,194.22,4.744367369999999
1536651120,194.25,194.26,194.26,194.25,5.69061084
1536651180,194.26,194.26,194.26,194.26,0.7018
1536651240,194.25,194.26,194.26,194.25,4.155996719999999
1536651300,193.99,194.25,194.25,193.99,2.11933408
1536651360,193.89,194.0,194.0,193.89,8.017385009999998
1536651420,193.61,193.78,193.78,193.62,3.577399999999999
1536651480,193.55,193.69,193.66,193.69,23.58621689
1536651540,193.68,193.69,193.69,193.68,8.02653938
1536651600,193.49,193.68,193.68,193.49,5.7203
1536651660,193.55,193.66,193.6,193.66,5.38858339
1536651720,193.57,193.71,193.65,193.57,2.75706756
1536651780,193.57,193.58,193.57,193.58,4.09236633
1536651840,193.57,193.58,193.58,193.57,0.4873223
1536651900,193.56,193.58,193.57,193.56,8.802960760000001
1536651960,193.4,193.68,193.4,193.63,6.502338339999999
1536652020,193.62,193.75,193.65,193.75,90.535866
1536652080,193.9,194.21,193.9,194.21,252.01638493
1536652140,194.3,194.3,194.3,194.3,1.5
1536652200,194.29,194.3,194.3,194.3,12.61718416
1536652260,194.29,194.3,194.3,194.29,2.31992688
1536652320,194.3,194.3,194.3,194.3,1.00890299
1536652380,194.0,194.3,194.3,194.0,4.4170796
1536652440,194.08,194.17,194.09,194.14,3.9573348600000005
1536652500,193.96,194.13,194.13,194.04,9.44530273
1536652560,193.97,193.99,193.97,193.99,0.24626414
1536652620,193.7,193.99,193.99,193.7,1.67740147
1536652680,193.56,193.7,193.7,193.57,4.41609932
1536652740,193.57,193.57,193.57,193.57,1.0202
1536652800,193.57,193.57,193.57,193.57,4.5853316500000005
1536652860,192.91,193.56,193.56,192.92,69.60880607999998
1536652920,193.17,193.17,193.17,193.17,1.25463689
1536652980,193.15,193.16,193.16,193.15,23.25836334
1536653040,192.94,193.03,193.01,192.95,3.32079506
1536653100,192.94,192.95,192.95,192.95,0.7063982
1536653160,192.95,193.55,192.95,193.48,52.2275172
1536653220,193.48,193.49,193.49,193.48,1.26562396
1536653280,193.3,193.49,193.49,193.43,15.016919479999997
1536653340,193.43,193.43,193.43,193.43,1.6341999999999999
1536653400,193.42,193.43,193.42,193.42,2.3343408
1536653460,193.43,193.43,193.43,193.43,1.1634
1536653520,193.43,193.43,193.43,193.43,1.0
1536653640,193.42,193.43,193.43,193.43,6.7433226600000005
1536653700,193.42,193.43,193.43,193.42,16.18392464
1536653760,193.42,193.43,193.42,193.43,25.80393513
1536653820,193.43,193.43,193.43,193.43,1.5299030999999998
1536653880,193.42,193.6,193.43,193.6,31.684506209999995
1536653940,193.59,193.72,193.59,193.72,4.459672329999998
1536654000,193.72,193.82,193.72,193.82,26.92193473000001
1536654060,193.76,193.77,193.76,193.77,0.8125
1536654120,193.76,193.77,193.77,193.77,2.7038
1536654180,193.71,193.77,193.77,193.71,6.07062456
1536654240,193.51,193.72,193.72,193.58,16.6045
1536654300,193.61,193.66,193.66,193.62,10.3336017
1536654360,193.56,193.56,193.56,193.56,0.63880195
1536654420,193.57,193.57,193.57,193.57,1.0036
1536654480,193.55,193.62,193.57,193.55,46.07789659
1536654540,193.62,193.68,193.63,193.62,0.598
1536654600,193.63,193.64,193.64,193.63,2.14629227
1536654660,193.64,193.71,193.64,193.7,24.04171323
1536654720,193.69,193.71,193.7,193.69,1.8735
1536654780,193.7,193.7,193.7,193.7,1.10502439
1536654840,193.69,193.7,193.69,193.7,0.7608682800000001
1536654900,193.69,193.69,193.69,193.69,2.2123
1536654960,193.7,193.7,193.7,193.7,7.138155380000001
1536655020,193.69,193.7,193.7,193.7,11.42202662
1536655080,193.7,193.7,193.7,193.7,3.50895461
1536655140,193.63,193.69,193.69,193.63,2.8550999999999997
1536655200,193.63,193.64,193.64,193.64,2.6292825399999997
1536655260,193.64,193.64,193.64,193.64,3.23
1536655320,193.65,193.67,193.65,193.67,0.44582601999999993
1536655380,193.66,193.68,193.66,193.67,7.67651106
1536655440,193.63,193.66,193.66,193.63,3.3244
1536655500,193.64,193.64,193.64,193.64,20.3554
1536655560,193.65,193.66,193.66,193.65,1.6187892700000002
1536655620,193.66,193.73,193.66,193.66,9.2143
1536655680,193.66,193.82,193.66,193.82,4.169699999999998
1536655740,193.81,193.82,193.82,193.82,5.644
1536655800,193.81,193.81,193.81,193.81,1.79029926
1536655860,193.82,194.02,193.82,194.02,51.46500969000001
1536655920,193.94,194.01,194.01,193.94,5.81359509
1536655980,193.95,194.0,193.95,193.99,1.04500396
1536656040,194.0,194.0,194.0,194.0,0.49756373
1536656100,193.99,194.0,194.0,193.99,47.304269330000004
1536656160,193.99,194.0,193.99,194.0,2.50742566
1536656220,193.99,194.12,193.99,194.06,19.259202690000006
1536656280,193.98,194.15,194.05,194.0,22.02833486
1536656340,193.93,194.0,193.97,194.0,1.242763
1536656400,193.99,194.01,194.0,194.0,11.84988783
1536656460,194.0,194.0,194.0,194.0,1.2408
1536656520,193.99,194.0,194.0,194.0,2.3937999999999997
1536656580,193.99,194.0,194.0,194.0,2.55918879
1536656640,193.99,194.0,194.0,194.0,5.429088009999999
1536656700,193.99,194.0,194.0,194.0,3.6255018
1536656760,193.99,194.0,193.99,194.0,4.1479
1536656820,193.99,194.0,194.0,193.99,3.9981000000000004
1536656880,193.99,194.0,194.0,193.99,22.85583768
1536656940,193.99,194.0,194.0,193.99,6.06876727
1536657060,193.99,194.0,194.0,193.99,3.18638956
1536657120,193.99,194.0,193.99,193.99,31.672915
1536657180,194.0,194.0,194.0,194.0,67.82230482
1536657240,193.99,194.0,193.99,194.0,8.45026884
1536657300,194.0,194.0,194.0,194.0,0.1071
1536657360,193.99,194.0,194.0,193.99,18.28826156
1536657420,193.99,194.0,193.99,193.99,10.09184925
1536657480,193.99,194.0,194.0,194.0,3.21183043
1536657540,194.0,194.0,194.0,194.0,0.1287
1536657600,193.99,193.99,193.99,193.99,1.74903513
1536657660,193.99,194.15,193.99,194.15,93.90258600000003
1536657720,194.16,194.4,194.16,194.4,11.580078050000001
1536657780,194.4,194.69,194.4,194.68,13.406788039999995
1536657840,194.47,194.68,194.68,194.54,1.68481715
1536657900,194.57,194.58,194.58,194.58,8.768177109999998
1536658020,194.58,194.58,194.58,194.58,2.0002
1536658080,194.57,194.58,194.58,194.57,10.28943066
1536658140,194.57,194.58,194.58,194.58,5.071529460000001
1536658200,194.33,194.57,194.57,194.33,16.123099999999997
1536658260,194.3,194.31,194.31,194.3,2.3369
1536658320,194.29,194.3,194.3,194.29,7.01390596
1536658380,194.29,194.3,194.29,194.29,3.81160299
1536658440,194.3,194.3,194.3,194.3,1.33443048
1536658500,194.26,194.29,194.29,194.26,30.23505444
1536658560,194.26,194.27,194.26,194.27,4.68163981
1536658620,194.27,194.27,194.27,194.27,0.5781
1536658680,193.74,194.21,194.21,193.74,145.64084516000003
1536658740,193.74,193.74,193.74,193.74,1.7146
1536658800,193.74,194.16,193.74,194.16,74.14627181000003
1536658860,194.05,194.17,194.05,194.17,3.56563108
1536658920,194.15,194.17,194.16,194.17,3.6439346499999976
1536658980,194.1,194.19,194.1,194.19,4.3395
1536659040,194.18,194.19,194.19,194.19,1.6145724099999998
1536659100,194.17,194.18,194.17,194.17,6.63975853
1536659160,194.02,194.17,194.17,194.02,5.5905434199999995
1536659220,193.98,194.16,194.16,193.98,91.92136716000003
1536659280,193.98,194.01,193.98,194.0,46.062376519999994
1536659340,194.01,194.02,194.01,194.02,10.39462671
1536659400,194.03,194.36,194.03,194.19,35.686484590000006
1536659460,194.18,194.27,194.18,194.21,16.976875839999995
1536659520,194.14,194.33,194.14,194.27,20.276243349999994
1536659580,194.27,194.3,194.27,194.29,12.64078425
1536659640,194.3,194.3,194.3,194.3,1.7360204499999998
1536659700,194.3,194.3,194.3,194.3,0.94119549
1536659760,194.0,194.3,194.29,194.0,70.04127284000002
1536659820,193.8,194.01,194.01,193.8,21.934720040000006
1536659880,193.78,193.81,193.8,193.78,12.36038626
1536659940,193.81,194.09,193.81,193.99,12.714909989999997
1536660000,193.88,194.09,193.88,194.09,8.662309269999996
1536660060,193.98,193.99,193.98,193.99,1.1159888699999998
1536660120,193.98,193.99,193.99,193.98,125.04700435
1536660180,193.99,193.99,193.99,193.99,6.885800000000001
1536660240,193.99,193.99,193.99,193.99,3.40026681
1536660300,193.98,193.99,193.99,193.98,9.2894538
1536660360,193.99,194.11,193.99,194.11,3.8143168899999984
1536660420,193.98,194.03,194.03,193.99,17.41692981
1536660480,193.98,193.99,193.98,193.99,5.978769110000001
1536660540,193.83,193.99,193.99,193.83,29.041571170000008
1536660600,193.63,193.83,193.83,193.64,21.269222300000003
1536660660,193.3,193.63,193.63,193.54,39.12295900000001
1536660720,193.52,193.53,193.52,193.52,1.56408061
1536660780,193.52,193.52,193.52,193.52,7.999700000000001
1536660840,193.52,193.52,193.52,193.52,0.50011066
1536660900,193.52,193.53,193.52,193.52,9.2003
1536660960,193.08,193.53,193.53,193.08,105.65793384000001
1536661020,193.01,193.15,193.03,193.15,120.80265406999999
1536661080,193.02,193.15,193.15,193.02,2.3111765999999996
1536661140,192.7,193.03,193.02,192.7,113.46176871999997
1536661200,192.11,192.95,192.7,192.47,210.29025081999998
1536661260,192.18,192.35,192.35,192.18,13.993429009999998
1536661320,192.18,192.19,192.19,192.18,8.537698140000002
1536661380,192.18,193.07,192.19,192.87,108.55816146000001
1536661440,192.58,192.87,192.87,192.59,19.76863612
1536661500,192.6,192.7,192.7,192.6,1.9268682
1536661560,192.54,192.66,192.66,192.61,1.0407799
1536661620,192.58,192.58,192.58,192.58,5.285399999999999
1536661680,192.58,193.11,192.58,193.11,87.82146786999999
1536661740,193.05,193.41,193.23,193.33,42.22876795999999
1536661800,193.34,193.37,193.34,193.34,26.452136600000003
1536661860,193.22,193.34,193.34,193.23,10.563474249999999
1536661920,193.0,193.23,193.23,193.0,30.480337310000003
1536661980,192.93,193.01,193.01,192.93,13.865338819999995
1536662040,192.95,192.97,192.95,192.97,11.81341262
1536662100,192.96,192.97,192.96,192.96,4.57922628
1536662160,192.96,192.97,192.97,192.97,7.44523553
1536662220,192.97,193.49,192.97,193.41,7.568031530000001
1536662280,193.15,193.42,193.15,193.28,115.73898564999998
1536662340,193.24,193.36,193.28,193.36,6.4770378
1536662400,193.24,193.36,193.24,193.36,2.6662252600000005
1536662460,193.21,193.36,193.36,193.21,3.087675709999999
1536662520,193.25,193.3,193.28,193.27,7.669062919999998
1536662580,193.26,193.27,193.27,193.27,1.51650647
1536662640,193.23,193.27,193.26,193.23,7.75408678
1536662700,193.15,193.22,193.22,193.16,2.38578768
1536662760,193.35,193.54,193.35,193.45,25.9543583
1536662820,193.38,193.45,193.45,193.38,4.07044841
1536662880,193.25,193.45,193.26,193.29,33.525045630000015
1536662940,193.24,193.43,193.3,193.24,8.53179331
1536663000,192.82,193.24,193.24,192.82,24.77399051
1536663060,192.48,193.24,192.82,193.24,33.782309409999996
1536663120,192.87,193.23,193.23,192.96,18.42845758
1536663180,192.95,192.96,192.95,192.95,8.726009259999998
1536663240,192.95,192.96,192.95,192.96,12.70420359
1536663300,192.76,192.96,192.96,192.95,10.461680679999999
1536663360,192.92,193.1,192.92,192.99,53.010132430000006
1536663420,192.99,193.17,192.99,193.08,9.511944929999999
1536663480,192.79,193.09,193.09,192.79,25.55881757
1536663540,192.79,192.99,192.97,192.92,5.917049010000001
1536663600,193.0,193.02,193.0,193.01,11.125027999999999
1536663660,193.01,193.02,193.02,193.01,10.413150609999999
1536663720,193.01,193.02,193.02,193.02,4.32179001
1536663780,193.01,193.02,193.02,193.02,28.36663522
1536663840,192.83,193.02,193.02,192.88,8.86898996
1536663900,192.76,193.0,192.95,192.76,11.249154429999999
1536663960,192.77,192.89,192.77,192.89,6.01580397
1536664020,192.89,192.89,192.89,192.89,6.7945
1536664080,192.73,192.9,192.89,192.73,3.234699999999999
1536664140,192.73,192.92,192.73,192.92,13.277252779999998
1536664200,192.91,192.92,192.91,192.92,34.89190085
1536664260,192.91,192.92,192.92,192.92,3.352302030000001
1536664320,192.91,192.92,192.91,192.91,2.3145001900000004
1536664380,192.9,192.92,192.91,192.91,8.58257244
1536664440,192.9,192.91,192.9,192.91,6.5925924
1536664500,192.73,192.98,192.91,192.73,33.27881554999999
1536664560,192.48,192.79,192.7,192.57,86.61867245
1536664620,191.74,192.45,192.45,191.74,140.00632377
1536664680,191.73,192.06,191.73,191.73,20.370784819999997
1536664740,190.52,191.59,191.59,190.52,476.8266927199998
1536664800,190.41,191.0,190.69,190.71,238.46715135999997
1536664860,190.86,191.0,190.86,190.98,19.84736375
1536664920,190.98,191.3,190.99,191.3,201.06847589000003
1536664980,190.75,191.7,191.42,190.98,343.0439183399998
1536665040,190.68,191.01,190.89,190.89,3.6014587299999996
1536665100,191.03,191.59,191.03,191.49,59.78892553000001
1536665160,190.8,191.49,191.49,191.13,171.34329614
1536665220,190.68,191.22,191.13,190.71,104.33587591999998
1536665280,190.7,191.27,190.9,191.27,51.488860159999994
1536665340,190.82,191.38,191.38,190.83,8.16470118
1536665400,190.7,191.06,191.06,190.7,5.10091599
1536665460,189.33,190.7,190.7,189.45,601.77087694
1536665520,189.43,189.92,189.67,189.68,115.93405993
1536665580,189.48,189.65,189.65,189.54,8.402850659999999
1536665640,189.23,189.69,189.53,189.69,181.45219869
1536665700,189.31,189.76,189.46,189.49,46.579367039999994
1536665760,189.5,190.0,189.5,190.0,11.615652250000002
1536665820,189.41,190.36,190.0,189.73,637.0824150099996
1536665880,189.55,189.99,189.89,189.55,40.01305015
1536665940,188.76,189.49,189.49,189.08,1189.08745207
1536666000,189.16,189.44,189.43,189.33,95.41679942
1536666060,188.45,189.33,189.32,188.7,894.2458458199997
1536666120,188.66,189.46,188.7,189.33,65.68617742
1536666180,189.15,189.62,189.41,189.62,89.15307604
1536666240,189.52,189.96,189.62,189.73,295.91796210000007
1536666300,189.73,189.8,189.73,189.74,70.06816816
1536666360,189.18,189.96,189.8,189.96,645.9681156900001
1536666420,189.87,190.17,189.96,189.96,48.02582401
1536666480,189.63,189.96,189.96,189.63,75.19584449
1536666540,189.28,189.7,189.63,189.28,76.02825693999999
1536666600,189.6,189.78,189.6,189.71,14.32652865
1536666660,189.61,189.71,189.71,189.61,36.75282884000001
1536666720,189.61,189.71,189.61,189.69,22.45706367
1536666780,189.69,189.7,189.7,189.69,31.9868296
1536666840,189.68,189.69,189.68,189.69,44.49900385999999
1536666900,189.68,189.7,189.68,189.7,33.13823701
1536666960,189.75,189.98,189.75,189.83,94.30719769000001
1536667020,189.86,190.35,189.89,190.27,24.847879510000002
1536667080,190.21,190.47,190.22,190.47,11.83702982
1536667140,190.32,190.5,190.33,190.34,23.215070159999996
1536667200,190.34,190.61,190.41,190.57,54.26420278
1536667260,190.23,190.67,190.55,190.24,183.80267656
1536667320,190.16,190.6,190.53,190.5,774.20497261
1536667380,190.5,190.51,190.51,190.5,460.28433483999993
1536667440,190.5,190.66,190.51,190.61,136.57437434000002
1536667500,190.52,190.53,190.53,190.52,22.472347149999997
1536667560,190.53,190.66,190.53,190.57,58.795870789999995
1536667620,190.56,190.57,190.57,190.57,110.04783747000002
1536667680,190.22,190.31,190.31,190.22,12.16227512
1536667740,190.01,190.23,190.22,190.01,12.597106809999998
1536667800,190.0,190.02,190.01,190.01,60.97787596999999
1536667860,189.69,190.01,190.01,189.69,21.56892325
1536667920,189.68,189.84,189.69,189.81,14.92295907
1536667980,189.81,190.02,189.81,190.02,81.16340872000004
1536668040,190.02,190.15,190.02,190.15,8.83264712
1536668100,190.14,190.15,190.14,190.15,5.7431287399999995
1536668160,190.15,190.15,190.15,190.15,0.77356158
1536668220,190.15,190.15,190.15,190.15,8.0141
1536668280,190.14,190.15,190.14,190.14,8.626726829999999
1536668340,190.15,190.15,190.15,190.15,2.64775668
1536668400,190.0,190.15,190.15,190.01,65.18313987999998
1536668460,190.0,190.01,190.01,190.0,4.90907742
1536668520,189.83,190.01,190.01,189.83,39.875098650000005
1536668580,189.84,189.94,189.84,189.94,10.310916439999998
1536668640,189.89,189.94,189.94,189.89,1.65234728
1536668700,189.89,189.9,189.9,189.9,3.8458852
1536668760,189.83,189.9,189.9,189.84,26.389206040000005
1536668820,189.66,189.84,189.83,189.73,58.69403947999999
1536668880,189.25,189.73,189.73,189.26,186.53806816000002
1536668940,188.97,189.25,189.25,188.99,155.50306706
1536669000,189.05,189.29,189.08,189.2,20.281215210000003
1536669060,189.19,189.55,189.2,189.53,34.99887961999999
1536669120,189.52,189.53,189.52,189.53,9.646462679999999
1536669180,189.32,189.61,189.53,189.55,26.027918949999997
1536669240,189.56,189.63,189.58,189.62,38.40438215
1536669300,189.62,189.66,189.63,189.65,25.775871699999996
1536669360,189.65,189.69,189.66,189.68,10.22733645
1536669420,189.69,189.84,189.69,189.81,28.166916800000006
1536669480,189.81,190.49,189.81,190.47,163.72293530000002
1536669540,190.06,190.47,190.47,190.09,102.59275461
1536669600,190.0,190.2,190.2,190.08,74.93856131999999
1536669660,190.0,190.31,190.17,190.31,13.222048160000002
1536669720,190.3,190.48,190.3,190.42,34.24827076999999
1536669780,190.41,190.49,190.48,190.49,24.610522959999997
1536669840,189.68,190.7,190.49,189.85,996.5445741199999
1536669900,189.96,190.23,189.97,190.23,20.53504188
1536669960,190.15,190.4,190.24,190.4,315.19228843999997
1536670020,190.1,190.4,190.11,190.27,177.72224987000004
1536670080,190.18,190.31,190.22,190.19,141.40389782
1536670140,190.19,190.58,190.19,190.58,81.29599320999999
1536670200,190.55,190.73,190.55,190.73,63.26747981
1536670260,190.3,190.69,190.47,190.54,101.36187849999999
1536670320,190.24,190.54,190.54,190.28,44.86695566
1536670380,190.19,190.28,190.28,190.27,15.574881589999999
1536670440,190.27,190.28,190.28,190.28,12.12988335
1536670500,190.18,190.28,190.28,190.28,20.005744869999997
1536670560,190.25,190.27,190.27,190.25,0.62671522
1536670620,189.84,190.19,190.19,190.05,49.16212365
1536670680,189.76,189.91,189.91,189.85,19.700775460000003
1536670740,189.82,189.83,189.82,189.82,10.231258669999999
1536670800,189.77,189.83,189.83,189.82,61.882708359999995
1536670860,189.82,190.12,189.82,190.03,32.44364639
1536670920,189.87,190.03,190.01,189.87,29.400447400000004
1536670980,189.74,190.18,189.91,189.91,275.98292685
1536671040,189.55,189.91,189.88,189.85,62.67399539
1536671100,189.84,189.85,189.85,189.85,2.01445828
1536671160,189.66,190.13,189.85,190.11,26.338879750000004
1536671220,189.95,190.46,190.11,190.35,60.558207460000006
1536671280,190.29,190.45,190.36,190.35,16.929097709999997
1536671340,190.22,190.45,190.31,190.23,22.35745677
1536671400,190.11,190.4,190.33,190.21,16.50249952
1536671460,190.17,190.38,190.24,190.22,156.0965183
1536671520,190.17,190.36,190.36,190.28,34.721806040000004
1536671580,190.15,190.27,190.2,190.15,16.93552441
1536671640,190.11,190.33,190.17,190.14,72.08731599999999
1536671700,190.1,190.16,190.16,190.11,49.76786406000001
1536671760,190.01,190.2,190.1,190.15,42.40395167000001
1536671820,190.14,190.15,190.15,190.15,23.046074540000006
1536671880,190.14,190.2,190.15,190.2,19.45142402
1536671940,190.18,190.2,190.19,190.19,128.53673469999998
1536672000,190.18,190.39,190.19,190.39,297.2472768199998
1536672060,190.39,190.45,190.39,190.45,37.983050340000005
1536672120,190.44,190.48,190.45,190.48,143.30867612
1536672180,190.48,190.77,190.48,190.76,21.851056380000013
1536672240,190.77,191.37,190.77,191.16,101.13608480000002
1536672300,191.12,191.2,191.13,191.2,39.20335671999999
1536672360,191.0,191.2,191.2,191.01,87.08786346000001
1536672420,191.0,191.2,191.01,191.13,17.11297048
1536672480,191.12,191.2,191.14,191.19,14.937673969999999
1536672540,191.19,191.39,191.19,191.35,58.16890352999999
1536672600,191.19,191.32,191.19,191.19,25.009647539999996
1536672660,191.19,191.2,191.2,191.2,24.422021450000003
1536672720,190.84,191.19,191.19,190.86,189.12716483999998
1536672780,190.73,190.88,190.88,190.73,58.122278630000004
1536672840,190.73,191.01,190.73,190.87,33.098739789999996
1536672900,190.57,190.95,190.79,190.74,174.67992604
1536672960,190.77,191.01,190.77,190.78,37.40948061999999
1536673020,190.8,190.92,190.8,190.84,62.47322203999999
1536673080,190.76,191.04,190.85,190.89,65.15342779999999
1536673140,190.9,191.0,190.9,191.0,42.39322251000001
1536673200,190.94,191.0,190.94,191.0,9.16418197
1536673260,190.76,191.3,191.0,191.06,183.63901974999996
1536673320,190.88,191.08,191.05,191.07,77.20773365000001
1536673380,190.97,191.0,191.0,190.98,9.324719550000001
1536673440,190.97,190.98,190.98,190.98,14.567447399999999
1536673500,190.78,191.13,190.98,190.78,29.541186609999997
1536673560,190.63,190.79,190.79,190.64,11.419958679999999
1536673620,190.63,190.64,190.64,190.64,33.961807799999995
1536673680,190.43,190.64,190.64,190.44,26.54412396
1536673740,190.25,190.44,190.44,190.26,100.21667130000002
1536673800,190.07,190.26,190.25,190.07,26.916586299999995
1536673860,190.05,190.25,190.08,190.14,6.290855769999999
1536673920,190.14,190.44,190.14,190.44,107.30932046000002
1536673980,190.43,190.44,190.43,190.44,9.169301169999999
1536674040,190.4,190.46,190.44,190.46,31.811402390000005
1536674100,190.0,190.3,190.28,190.0,87.96630917
1536674160,189.94,190.15,190.08,190.02,445.7205855299998
1536674220,189.91,190.29,190.02,190.28,224.11830790999997
1536674280,189.37,190.22,190.03,189.37,636.6894239000002
1536674340,189.88,190.19,190.09,190.14,30.521326500000004
1536674400,190.04,190.19,190.11,190.07,96.73162732
1536674460,190.05,190.07,190.07,190.06,37.74958765
1536674520,190.05,190.06,190.05,190.06,15.350584440000002
1536674580,190.05,190.06,190.06,190.06,36.27208595999999
1536674640,190.06,190.52,190.06,190.48,288.85938452000005
1536674700,190.44,190.52,190.48,190.52,342.62422553
1536674760,190.52,190.73,190.52,190.7,84.59858466000001
1536674820,190.72,190.83,190.73,190.72,41.159231080000005
1536674880,190.72,190.73,190.72,190.73,12.193723429999999
1536674940,190.72,190.83,190.72,190.76,35.32114091
1536675000,190.73,190.83,190.77,190.83,29.692638610000007
1536675060,190.76,190.84,190.82,190.8,77.17122479
1536675120,190.78,190.85,190.78,190.85,23.609065360000002
1536675180,190.75,190.86,190.86,190.76,17.91858212
1536675240,190.72,190.86,190.76,190.72,70.40536614
1536675300,190.72,190.73,190.73,190.72,125.62839048
1536675360,190.72,190.73,190.73,190.72,77.88683166
1536675420,190.59,190.73,190.59,190.6,28.00633719
1536675480,190.5,190.7,190.57,190.7,75.84158259000006
1536675540,190.54,190.9,190.7,190.54,111.21535422000002
1536675600,190.58,190.81,190.61,190.64,10.040410529999999
1536675660,190.53,190.71,190.64,190.64,46.889959329999996
1536675720,190.43,190.63,190.62,190.43,25.809602670000004
1536675780,190.21,190.44,190.43,190.22,43.06650147
1536675840,190.11,190.26,190.21,190.14,22.892567539999998
1536675900,190.1,190.24,190.13,190.15,10.13464992
1536675960,190.01,190.27,190.15,190.03,190.2996042199999
1536676020,190.01,190.02,190.01,190.01,25.5544897
1536676080,190.0,190.02,190.01,190.0,50.116691360000004
1536676140,190.0,190.02,190.0,190.02,46.286628809999996
1536676200,189.74,190.02,190.02,189.91,195.03020127000002
1536676260,189.71,189.87,189.82,189.87,112.27766847999999
1536676320,189.58,189.82,189.82,189.64,150.93504555
1536676380,189.65,189.78,189.65,189.67,99.39462652000002
1536676440,189.58,189.74,189.67,189.59,49.07903556
1536676500,189.41,189.58,189.52,189.51,18.36265268
1536676560,189.37,189.56,189.51,189.56,57.41170107
1536676620,189.35,189.49,189.44,189.36,10.888721270000001
1536676680,188.56,189.39,189.39,188.67,322.4938733399999
1536676740,187.39,188.61,188.61,187.85,586.3656455399997
1536676800,187.84,188.6,187.84,188.5,344.66967738000005
1536676860,188.16,188.81,188.57,188.79,230.04005715
1536676920,188.68,188.9,188.75,188.72,107.87375494999999
1536676980,188.68,188.81,188.72,188.78,106.63335542999998
1536677040,188.78,188.8,188.78,188.79,16.683512519999997
1536677100,188.79,188.98,188.8,188.89,10.79453097
1536677160,188.89,188.98,188.9,188.9,77.57919041
1536677220,188.64,188.98,188.9,188.64,385.7124041000001
1536677280,188.51,188.65,188.65,188.51,37.74717019
1536677340,188.31,188.51,188.5,188.31,143.10949963
1536677400,188.2,188.32,188.31,188.2,64.84589361
1536677460,188.18,188.32,188.27,188.32,115.67259776
1536677520,188.22,188.32,188.32,188.22,211.24995022999997
1536677580,187.87,188.27,188.25,187.87,178.3552859500001
1536677640,187.65,187.87,187.87,187.68,204.89964218999995
1536677700,187.57,187.74,187.69,187.69,54.02561002
1536677760,187.44,187.7,187.7,187.45,65.83660726
1536677820,185.34,187.45,187.44,186.0,2982.59628873
1536677880,183.12,185.8,185.8,183.35,3690.593675960002
1536677940,182.6,184.27,183.29,184.21,2703.858695509999
1536678000,183.21,184.21,184.21,183.33,713.3265969099999
1536678060,183.29,184.52,183.34,184.5,722.2339242199998
1536678120,184.28,184.92,184.28,184.92,299.4163399199999
1536678180,184.9,184.92,184.92,184.92,170.22889725999994
1536678240,184.5,184.92,184.92,184.73,376.82123345999975
1536678300,184.19,184.79,184.73,184.44,680.9745531899999
1536678360,184.07,184.44,184.44,184.23,321.73695201999993
1536678420,184.18,184.74,184.22,184.74,438.15820947
1536678480,184.73,185.51,184.73,185.48,1301.1760175000004
1536678540,184.99,185.62,185.5,185.02,244.29914596999996
1536678600,184.56,185.03,185.03,184.72,331.1480229399999
1536678660,184.53,185.21,184.71,185.21,133.50029243
1536678720,185.16,185.3,185.22,185.16,185.82833270999993
1536678780,184.73,185.01,185.0,184.76,95.39187364000003
1536678840,184.62,185.03,184.76,184.84,72.17136670000001
1536678900,184.63,184.97,184.83,184.67,85.72525944000002
1536678960,184.62,184.7,184.66,184.63,60.29722960999998
1536679020,184.0,184.63,184.63,184.01,162.19657328
1536679080,183.9,184.01,184.0,183.9,70.30804354
1536679140,184.0,184.5,184.01,184.48,360.98433215999984
1536679200,184.39,184.68,184.48,184.56,41.54498294000001
1536679260,184.6,185.33,184.6,185.33,424.72192735999994
1536679320,185.0,185.62,185.45,185.21,346.66294498999997
1536679380,185.05,185.32,185.2,185.22,24.540042589999995
1536679440,185.01,185.27,185.18,185.21,36.39973046
1536679500,185.01,185.13,185.13,185.05,93.85259293
1536679560,184.78,185.19,185.05,184.91,203.08524527999998
1536679620,184.44,185.0,184.99,184.53,307.19171848
1536679680,184.41,184.77,184.51,184.77,176.61947041000002
1536679740,184.6,184.97,184.73,184.73,31.53117751
1536679800,184.37,184.97,184.73,184.37,140.82423893999996
1536679860,184.2,184.53,184.46,184.2,60.774276190000016
1536679920,183.65,184.21,184.2,184.2,185.85140427000002
1536679980,183.92,184.37,184.19,184.03,98.80923161
1536680040,183.79,184.04,184.02,184.04,194.4522459
1536680100,184.04,184.34,184.04,184.19,128.45502465
1536680160,184.06,184.55,184.17,184.08,447.04575524999996
1536680220,183.5,184.09,184.09,183.51,653.8666740100001
1536680280,183.65,184.0,183.66,183.98,342.80696716999995
1536680340,183.75,184.0,183.97,183.75,123.37325286999997
1536680400,183.7,183.87,183.8,183.77,60.32035171
1536680460,183.62,183.79,183.77,183.62,78.85031812999999
1536680520,183.15,183.63,183.63,183.15,195.79264927999995
1536680580,183.16,183.63,183.17,183.31,133.32261975999998
1536680640,183.21,183.34,183.29,183.34,670.3593010999999
1536680700,183.33,184.0,183.34,184.0,445.32929367999986
1536680760,184.0,184.5,184.0,184.01,209.98587077000016
1536680820,184.01,184.17,184.01,184.02,141.67350117
1536680880,183.48,184.01,184.01,183.52,94.69064218999996
1536680940,183.46,183.82,183.61,183.46,130.15039778000002
1536681000,183.03,183.65,183.57,183.29,111.64196956000002
1536681060,182.76,183.46,183.25,183.46,1815.1235218499999
1536681120,183.24,183.47,183.45,183.31,110.32785717
1536681180,183.19,183.42,183.31,183.19,55.685189560000005
1536681240,183.18,183.22,183.18,183.21,53.43147062
1536681300,183.21,183.3,183.22,183.3,172.07437425999998
1536681360,183.29,183.5,183.3,183.5,902.8460436699999
1536681420,183.49,183.9,183.5,183.88,297.5422340199999
1536681480,183.77,184.2,183.88,184.0,278.38121326999993
1536681540,183.99,184.0,184.0,184.0,50.659839090000006
1536681600,183.99,184.31,184.0,184.0,167.16261727000006
1536681660,183.76,184.0,184.0,183.89,317.40874631
1536681720,183.89,184.34,183.9,184.28,890.7103725499994
1536681780,184.14,184.34,184.29,184.34,183.79706381999998
1536681840,184.32,184.73,184.34,184.71,266.2649906900001
1536681900,184.78,185.23,184.78,185.11,292.0229146799999
1536681960,184.74,185.23,185.18,185.0,405.8452623399999
1536682020,184.75,185.21,184.97,184.86,147.97420594999997
1536682080,184.75,185.2,184.85,185.04,121.19809336
1536682140,184.8,185.16,185.08,184.87,109.45183901999998
1536682200,184.42,184.86,184.86,184.43,82.86991664
1536682260,184.18,184.43,184.43,184.3,315.57267037
1536682320,184.06,184.3,184.3,184.07,47.60778775999999
1536682380,184.0,184.3,184.22,184.0,317.56562892000005
1536682440,184.06,184.3,184.07,184.3,326.1178679599999
1536682500,184.16,184.3,184.3,184.29,148.41274754000003
1536682560,184.1,184.29,184.29,184.24,150.19000526000002
1536682620,184.24,184.3,184.24,184.3,105.10302425
1536682680,184.29,184.64,184.3,184.56,394.7785351600001
1536682740,184.57,184.9,184.57,184.9,182.40934796999994
1536682800,184.79,184.9,184.87,184.81,123.64104257
1536682860,184.82,185.0,184.82,185.0,702.79928992
1536682920,184.99,185.0,185.0,185.0,93.66015513
1536682980,184.99,185.0,185.0,185.0,121.73892831999999
1536683040,184.63,185.0,185.0,184.73,319.7126126299999
1536683100,184.5,184.73,184.72,184.56,270.57645705000004
1536683160,184.5,184.69,184.51,184.6,52.16233075000001
1536683220,184.47,184.7,184.6,184.53,117.49664698999997
1536683280,184.44,184.65,184.51,184.57,99.14489141000001
1536683340,184.46,184.6,184.56,184.59,28.674317780000006
1536683400,184.46,184.6,184.6,184.5,40.55873619
1536683460,184.45,184.62,184.51,184.53,233.28620686000005
1536683520,184.45,184.53,184.53,184.45,157.03709106999997
1536683580,183.83,184.46,184.46,183.84,550.2568877000001
1536683640,183.5,183.84,183.83,183.71,162.51739123000004
1536683700,183.42,183.72,183.71,183.42,122.99254206999998
1536683760,183.32,183.43,183.42,183.36,143.18096826000007
1536683820,183.35,183.71,183.35,183.71,144.7783375800001
1536683880,183.47,183.71,183.6,183.5,71.66903708000007
1536683940,183.35,183.66,183.49,183.65,158.35877291000003
1536684000,183.47,183.72,183.47,183.63,109.83730120999999
1536684060,183.51,183.72,183.69,183.72,94.92370430000001
1536684120,183.71,183.86,183.71,183.86,32.68041845
1536684180,183.86,183.97,183.86,183.97,17.904248919999997
1536684240,183.83,183.96,183.96,183.87,61.237064539999984
1536684300,183.88,184.0,183.9,184.0,81.40611529999998
1536684360,183.83,183.92,183.92,183.83,25.141963370000003
1536684420,183.83,183.94,183.89,183.85,39.57620962000001
1536684480,183.85,183.98,183.85,183.96,28.530096599999993
1536684540,183.83,183.96,183.96,183.9,43.52384535000001
1536684600,183.89,183.97,183.9,183.96,33.0048668
1536684660,183.95,184.5,183.96,184.49,278.86382189000017
1536684720,184.48,184.59,184.48,184.59,139.34643921999998
1536684780,184.58,184.6,184.58,184.59,10.79707806
1536684840,184.59,184.75,184.6,184.73,56.592523880000016
1536684900,184.57,184.71,184.71,184.63,11.46651055
1536684960,184.45,184.61,184.56,184.46,82.34102628000005
1536685020,184.12,184.46,184.45,184.27,42.30699721000001
1536685080,184.0,184.36,184.15,184.0,95.91106440000004
1536685140,183.67,184.0,183.96,183.77,255.54347844
1536685200,183.63,183.75,183.72,183.67,72.89626444999999
1536685260,183.39,183.7,183.66,183.39,224.41714073000003
1536685320,183.36,183.59,183.59,183.36,131.37897326999996
1536685380,183.32,183.45,183.4,183.42,87.35123577
1536685440,183.32,183.44,183.34,183.44,51.840953789999986
1536685500,183.43,183.49,183.44,183.44,91.91552913000001
1536685560,183.1,183.44,183.43,183.18,591.23047271
1536685620,180.6,183.11,183.1,180.6,2083.296926629999
1536685680,180.49,181.4,180.61,181.4,1807.3338459600006
1536685740,181.3,182.02,181.41,181.9,208.05900533
1536685800,181.78,182.4,181.97,181.79,177.03745055
1536685860,181.52,182.0,181.6,181.99,119.44624622999999
1536685920,181.68,182.0,182.0,181.85,387.30934950999983
1536685980,181.74,182.23,181.85,182.23,938.1544509100002
1536686040,182.22,182.3,182.22,182.28,270.10898296
1536686100,182.12,182.3,182.28,182.3,272.82001721
1536686160,182.1,182.3,182.29,182.3,584.4685249
1536686220,181.83,182.3,182.29,181.84,105.93996202
1536686280,181.77,182.28,181.84,182.2,86.03756394
1536686340,182.2,182.27,182.2,182.24,61.67817905999999
1536686400,182.07,182.28,182.24,182.27,66.33491640000001
1536686460,182.07,182.27,182.26,182.15,67.46398663000001
1536686520,181.85,182.26,182.26,182.02,246.83284787000002
1536686580,181.94,182.0,181.94,182.0,161.10852553
1536686640,181.93,182.15,182.0,182.0,68.32236341
1536686700,182.01,182.29,182.01,182.2,140.99175244
1536686760,182.08,182.2,182.2,182.15,53.003226349999984
1536686820,182.04,182.17,182.16,182.13,68.75503715999999
1536686880,182.12,182.13,182.13,182.13,26.419345239999995
1536686940,181.94,182.13,182.13,181.94,30.460283000000004
1536687000,181.34,181.92,181.92,181.34,551.17281096
1536687060,181.07,181.49,181.33,181.26,103.5480705
1536687120,181.06,181.35,181.35,181.14,145.99479281
1536687180,181.0,181.35,181.06,181.35,135.70284095000002
1536687240,181.34,181.4,181.34,181.4,55.430897900000005
1536687300,181.39,181.68,181.39,181.68,166.63575124000002
1536687360,181.6,181.75,181.64,181.6,80.22785780000001
1536687420,181.5,181.8,181.6,181.61,161.03806962
1536687480,181.5,181.65,181.6,181.65,40.52129025
1536687540,181.64,181.79,181.64,181.78,83.45659163000002
1536687600,181.68,181.9,181.68,181.9,73.37049408000003
1536687660,181.89,181.9,181.9,181.9,42.93247303
1536687720,181.89,182.13,181.89,181.95,96.91510912000001
1536687780,181.75,181.96,181.95,181.75,28.5428414
1536687840,181.51,181.84,181.76,181.74,349.85502514000007
1536687900,181.73,181.86,181.73,181.86,24.866118800000002
1536687960,181.86,182.0,181.86,181.99,138.99004656999998
1536688020,181.85,182.0,182.0,181.87,861.2906625999998
1536688080,181.86,181.9,181.87,181.9,65.91962962
1536688140,181.89,181.99,181.9,181.98,119.2721069
1536688200,181.92,182.0,181.97,181.93,154.96058998
1536688260,181.92,181.97,181.92,181.96,39.270305609999994
1536688320,181.92,181.97,181.95,181.92,210.9991866
1536688380,181.9,182.08,181.91,182.03,716.9078372699997
1536688440,181.95,182.07,182.03,181.98,50.25602427000002
1536688500,181.97,182.0,181.99,181.99,68.00333558000003
1536688560,181.87,182.05,181.95,181.97,78.49278254000004
1536688620,181.87,182.05,181.98,182.05,58.869052709999984
1536688680,181.75,182.01,181.99,181.81,30.620892180000002
1536688740,181.64,181.75,181.74,181.66,55.3485471
1536688800,181.43,181.72,181.66,181.71,247.56556442999994
1536688860,181.3,181.72,181.67,181.6,336.44462913999985
1536688920,181.47,181.72,181.57,181.71,147.77594780999996
1536688980,181.55,181.91,181.71,181.91,187.62882514000006
1536689040,181.5,181.94,181.87,181.69,329.1626294
1536689100,181.01,181.72,181.65,181.39,128.84188776999997
1536689160,181.07,181.48,181.42,181.07,58.7505687
1536689220,180.8,181.04,181.04,180.81,46.13076738000001
1536689280,180.8,180.81,180.8,180.81,41.71572368999999
1536689340,180.71,180.81,180.81,180.71,46.0276948
1536689400,180.49,180.72,180.7,180.5,324.04047409
1536689460,180.01,180.5,180.5,180.01,623.45457512
1536689520,180.01,180.37,180.02,180.37,229.44443461
1536689580,179.43,180.38,180.38,179.73,1480.493078539999
1536689640,179.3,179.8,179.73,179.8,633.0732175600001
1536689700,179.8,180.01,179.8,180.0,342.91679639999995
1536689760,180.0,180.2,180.0,180.2,192.77122062999996
1536689820,180.19,180.2,180.19,180.19,44.560601350000006
1536689880,180.06,180.2,180.2,180.06,296.81735999000006
1536689940,180.0,180.04,180.04,180.0,123.06502749000002
1536690000,180.0,180.01,180.01,180.01,132.51112225999998
1536690060,179.1,180.0,180.0,179.13,1207.7574534799999
1536690120,179.1,179.13,179.1,179.11,249.04399892
1536690180,179.11,179.3,179.11,179.29,218.60032131000003
1536690240,179.0,179.55,179.3,179.03,958.2933163299995
1536690300,179.0,179.45,179.02,179.08,182.44509956000002
1536690360,178.21,179.08,179.08,178.21,271.46594696000017
1536690420,177.0,178.21,178.21,177.01,1579.8827874499996
1536690480,175.5,177.07,177.02,177.07,3393.3381229399993
1536690540,177.07,178.5,177.07,178.0,968.78131207
1536690600,177.93,179.73,177.95,179.73,615.1419689399997
1536690660,178.36,179.73,179.73,179.42,719.5200899400002
1536690720,178.29,179.48,179.46,179.35,856.54857579
1536690780,179.37,180.81,179.37,180.38,1717.9306474399993
1536690840,179.92,180.38,180.38,180.0,722.6901852400001
1536690900,179.84,180.0,180.0,179.84,156.36778123999997
1536690960,179.77,179.85,179.85,179.78,51.291706099999985
1536691020,179.69,179.78,179.78,179.7,264.29977826000004
1536691080,179.35,179.9,179.7,179.43,121.02801145000005
1536691140,179.05,179.92,179.47,179.16,276.63848542999995
1536691200,178.79,179.59,179.16,179.54,352.89547097999986
1536691260,179.3,179.51,179.41,179.43,85.32226577000002
1536691320,179.26,179.43,179.43,179.32,77.27499639999998
1536691380,179.28,179.41,179.32,179.3,73.12692628
1536691440,179.18,179.35,179.35,179.26,110.54809908
1536691500,179.26,180.0,179.26,180.0,480.0216295400001
1536691560,180.0,181.25,180.0,181.24,753.0809298999999
1536691620,180.63,181.25,181.24,180.64,609.1502133600001
1536691680,180.45,180.64,180.63,180.57,116.77505218
1536691740,180.41,181.07,180.57,180.7,459.0687832799999
1536691800,180.69,181.48,180.69,181.48,213.10741907999997
1536691860,181.48,182.01,181.48,182.01,205.40524965999992
1536691920,181.67,182.03,182.01,181.67,852.0433159999999
1536691980,181.49,182.3,181.66,182.26,1060.0597335300001
1536692040,181.46,182.3,182.26,181.46,1427.1605885599997
1536692100,181.47,182.2,181.47,181.71,136.58754193000004
1536692160,181.5,182.0,181.72,181.62,146.38258634000002
1536692220,181.5,181.75,181.63,181.63,105.63554770999998
1536692280,181.52,181.67,181.55,181.66,104.46667673
1536692340,181.65,181.77,181.65,181.74,179.52252945000004
1536692400,181.65,181.77,181.65,181.65,148.01123292
1536692460,181.51,181.65,181.62,181.62,50.76214853999999
1536692520,181.55,181.64,181.55,181.64,84.25784727
1536692580,181.63,182.2,181.64,182.06,373.5145170200001
1536692640,181.9,182.1,181.91,181.93,66.03733972999999
1536692700,181.64,181.92,181.92,181.92,179.28545320999993
1536692760,181.84,182.0,181.87,182.0,53.669687329999995
1536692820,181.89,182.0,181.99,181.95,109.96874399
1536692880,181.94,181.95,181.95,181.94,34.34452645
1536692940,181.94,181.95,181.95,181.95,37.99973424999999
1536693000,181.75,181.95,181.94,181.75,520.5182726799999
1536693060,181.5,181.79,181.62,181.5,64.16816145
1536693120,180.72,181.51,181.51,180.81,123.32166254999997
1536693180,180.53,180.93,180.79,180.81,104.04771873000001
1536693240,180.8,180.81,180.81,180.81,82.18683342
1536693300,180.77,180.81,180.8,180.78,120.4755792
1536693360,180.77,180.78,180.77,180.77,63.27768214
1536693420,180.77,180.78,180.77,180.77,74.5067131
1536693480,180.51,181.2,180.77,181.2,339.8325067499994
1536693540,181.05,181.2,181.19,181.05,78.08164511
1536693600,180.95,181.2,181.05,181.2,106.57810483000002
1536693660,181.04,181.2,181.18,181.19,65.68419866
1536693720,181.19,181.2,181.2,181.2,37.7463058
1536693780,181.15,181.2,181.19,181.2,166.50568199999995
1536693840,181.2,181.95,181.2,181.42,1112.0647696999995
1536693900,181.56,181.81,181.56,181.76,44.00173172999999
1536693960,181.75,181.76,181.75,181.76,31.44650215
1536694020,181.71,181.76,181.76,181.72,48.29950585999999
1536694080,181.71,181.72,181.72,181.72,94.91725226
1536694140,181.58,181.68,181.59,181.58,26.336167689999996
1536694200,181.54,181.9,181.59,181.84,117.81206332999999
1536694260,181.69,181.89,181.76,181.84,14.198853419999999
1536694320,181.79,181.89,181.79,181.86,24.453473010000003
1536694380,181.79,181.89,181.84,181.82,82.9784421
1536694440,181.81,181.95,181.81,181.94,181.22665960000003
1536694500,181.9,182.11,181.91,181.94,251.7329127500001
1536694560,181.9,181.92,181.91,181.91,39.26521312
1536694620,181.9,182.0,181.9,181.98,101.54270007000001
1536694680,181.9,181.97,181.97,181.93,16.915322220000004
1536694740,181.9,181.94,181.93,181.9,82.30568248
1536694800,181.9,181.94,181.9,181.91,107.58060980000003
1536694860,181.9,181.94,181.9,181.94,65.13432150999998
1536694920,181.93,181.95,181.93,181.95,55.13617838999999
1536694980,181.47,181.95,181.95,181.75,247.74108575000002
1536695040,181.71,181.91,181.72,181.78,100.82369138000004
1536695100,181.71,181.81,181.75,181.81,17.554489370000002
1536695160,181.81,182.25,181.81,182.19,259.4298882499999
1536695220,182.18,182.23,182.19,182.2,31.497586040000016
1536695280,182.18,182.3,182.18,182.25,69.40375473000002
1536695340,181.96,182.3,182.25,182.0,412.43164155000005
1536695400,182.0,183.11,182.0,182.5,748.8202353899997
1536695460,182.5,182.8,182.5,182.73,45.87512873
1536695520,182.81,183.01,182.81,182.88,101.27726862
1536695580,182.8,183.0,182.92,182.8,176.45453269
1536695640,182.8,182.91,182.81,182.81,260.9535754500001
1536695700,182.8,182.81,182.81,182.81,96.29769457999998
1536695760,182.8,182.81,182.81,182.81,27.196389540000002
1536695820,182.8,182.81,182.81,182.81,30.516856919999995
1536695880,182.8,182.81,182.8,182.81,111.33865852000002
1536695940,182.71,182.81,182.81,182.71,473.97218647000005
1536696000,181.89,182.71,182.71,181.89,67.36366953
1536696060,181.74,181.98,181.88,181.86,65.34860307999999
1536696120,181.86,181.98,181.86,181.98,18.111805490000002
1536696180,181.97,181.98,181.98,181.98,32.26238096
1536696240,181.97,181.98,181.97,181.98,30.50638747
1536696300,181.98,182.3,181.98,182.0,265.4299622
1536696360,181.97,181.99,181.99,181.98,37.83735552000001
1536696420,181.97,181.98,181.98,181.98,26.866340200000003
1536696480,181.97,181.98,181.97,181.97,53.046662729999994
1536696540,181.97,181.98,181.98,181.98,95.04495428999999
1536696600,181.97,181.98,181.97,181.98,46.480681389999994
1536696660,181.97,181.98,181.97,181.98,39.865038750000004
1536696720,181.65,181.98,181.98,181.65,55.07311694000002
1536696780,181.26,181.65,181.65,181.32,61.735190759999995
1536696840,181.32,181.34,181.33,181.33,27.578635730000002
1536696900,181.32,181.33,181.33,181.33,31.500744769999997
1536696960,181.22,181.33,181.32,181.24,66.11934889000001
1536697020,181.22,181.3,181.24,181.22,13.965542330000002
1536697080,181.2,181.38,181.21,181.2,67.99740312000002
1536697140,181.02,181.28,181.21,181.06,72.59756816999999
1536697200,181.12,181.15,181.14,181.15,49.64381151999999
1536697260,181.14,181.15,181.15,181.14,28.419642519999996
1536697320,181.14,181.15,181.14,181.15,21.791377370000003
1536697380,181.04,181.18,181.14,181.05,84.54043057
1536697440,181.05,181.16,181.11,181.05,30.99876894
1536697500,180.61,181.06,181.05,180.89,216.58437063999997
1536697560,180.42,181.06,180.71,180.42,436.68117078999984
1536697620,180.47,181.79,180.52,181.79,473.5602774399998
1536697680,181.0,181.8,181.8,181.0,22.800375080000002
1536697740,180.96,181.61,181.01,181.61,115.31296944999998
1536697800,181.07,181.61,181.61,181.27,115.04864872
1536697860,181.3,181.4,181.3,181.39,11.475022139999997
1536697920,181.31,181.4,181.39,181.4,21.6342022
1536697980,181.3,181.52,181.38,181.4,44.383393420000004
1536698040,181.33,181.43,181.39,181.43,35.89898679999999
1536698100,181.33,181.44,181.35,181.37,52.672789709999996
1536698160,181.37,181.55,181.37,181.54,84.07337251999998
1536698220,181.42,181.49,181.48,181.45,43.52824974000001
1536698280,181.44,181.54,181.44,181.54,100.88105317000002
1536698340,181.51,181.57,181.54,181.54,24.6435446
1536698400,181.54,181.73,181.54,181.73,46.96254188000002
1536698460,181.72,182.39,181.73,182.14,61.78408182000001
1536698520,181.96,182.34,182.12,182.09,75.54817588
1536698580,181.96,182.09,182.09,182.08,8.709576730000002
1536698640,182.08,182.5,182.08,182.47,243.48377374999995
1536698700,182.4,182.65,182.4,182.56,17.498086309999998
1536698760,182.47,182.56,182.56,182.55,119.39423664
1536698820,182.47,182.56,182.51,182.48,286.18349643000005
1536698880,182.47,182.48,182.47,182.48,138.64132813
1536698940,182.16,182.48,182.48,182.16,119.88716226999999
1536699000,181.73,182.0,182.0,181.73,60.49072901000002
1536699060,181.71,181.76,181.75,181.72,35.62273501999999
1536699120,181.49,181.72,181.71,181.71,152.63566892
1536699180,181.59,182.31,181.71,182.01,425.67962240999975
1536699240,181.72,182.01,182.01,181.75,50.18188453
1536699300,181.72,181.84,181.76,181.75,30.01793710000001
1536699360,181.56,182.0,181.73,181.65,222.86497853999998
1536699420,181.6,181.83,181.82,181.71,39.351130880000014
1536699480,181.6,181.74,181.64,181.74,30.2337788
1536699540,181.73,181.89,181.73,181.87,15.703966280000001
1536699600,181.74,182.01,181.88,181.89,32.27554753
1536699660,181.47,181.92,181.81,181.81,74.70568972000004
1536699720,181.71,181.94,181.81,181.8,37.25580411
1536699780,181.66,181.8,181.8,181.77,5.166867219999999
1536699840,181.65,181.73,181.69,181.72,8.40524321
1536699900,181.65,181.81,181.76,181.66,40.77645846
1536699960,181.5,181.7,181.69,181.55,11.12283506
1536700020,181.46,181.62,181.49,181.53,62.448295169999994
1536700080,181.1,181.56,181.56,181.1,330.23944358
1536700140,180.81,181.11,181.11,180.81,103.92783699000002
1536700200,180.49,180.81,180.8,180.52,181.07529154000002
1536700260,180.51,180.88,180.52,180.66,80.68436433000004
1536700320,180.58,180.85,180.75,180.6,127.9099479700001
1536700380,180.0,180.62,180.6,180.28,550.6989896399999
1536700440,180.28,180.64,180.28,180.63,46.01784274999999
1536700500,180.63,180.75,180.64,180.75,52.80417867000001
1536700560,180.74,180.75,180.74,180.75,52.24576456
1536700620,180.74,180.75,180.75,180.74,29.317165749999994
1536700680,180.75,180.8,180.75,180.79,34.768999990000005
1536700740,180.79,180.8,180.8,180.8,19.596033280000004
1536700800,180.38,180.8,180.8,180.68,225.36190471
1536700860,180.55,180.78,180.63,180.78,48.37772965
1536700920,180.78,180.8,180.78,180.8,21.656700530000002
1536700980,180.79,180.8,180.8,180.8,8.75584254
1536701040,180.77,180.8,180.8,180.8,23.11072356
1536701100,180.79,180.8,180.8,180.79,14.671923279999998
1536701160,180.79,180.8,180.8,180.8,33.26803909
1536701220,180.46,180.88,180.8,180.64,110.01826264000002
1536701280,179.75,180.65,180.65,180.35,501.0735726299999
1536701340,180.3,180.35,180.3,180.35,23.52904914
1536701400,180.35,180.4,180.35,180.4,15.08895653
1536701460,180.39,180.45,180.4,180.4,23.58091004
1536701520,180.25,180.45,180.39,180.26,48.256929910000004
1536701580,180.26,180.45,180.26,180.45,101.41533271999998
1536701640,180.32,180.45,180.37,180.37,37.89178683999999
1536701700,180.31,180.45,180.39,180.38,21.4133547
1536701760,180.14,180.45,180.4,180.45,72.62297011
1536701820,180.01,180.52,180.44,180.32,243.76854690000002
1536701880,179.9,180.35,180.32,180.35,219.04789547000004
1536701940,180.26,180.54,180.35,180.54,71.08645123000001
1536702000,180.54,181.0,180.54,181.0,182.23274406999988
1536702060,181.0,182.47,181.0,181.98,706.2143460099998
1536702120,181.76,182.0,181.96,181.76,152.95402194
1536702180,181.76,182.37,181.76,182.22,127.36639277
1536702240,182.22,183.0,182.22,182.96,531.5220804399999
1536702300,182.98,183.96,182.98,183.84,593.8169697699997
1536702360,183.56,183.84,183.84,183.69,190.01083499
1536702420,183.69,183.98,183.69,183.97,92.86995716999996
1536702480,183.85,183.99,183.93,183.85,193.91893478000003
1536702540,183.62,183.88,183.86,183.82,37.772403389999994
1536702600,183.56,183.65,183.65,183.6,26.676591629999997
1536702660,183.17,183.6,183.6,183.34,47.75557981
1536702720,183.3,184.25,183.3,184.24,985.4267722500001
1536702780,183.98,184.24,184.24,184.0,187.12207147
1536702840,183.99,184.27,184.0,184.19,15.76142936
1536702900,184.01,184.27,184.19,184.27,127.79970058000002
1536702960,184.26,185.4,184.26,185.22,1919.5285328700002
1536703020,185.15,185.66,185.48,185.16,199.51798415000005
1536703080,185.16,185.87,185.16,185.73,400.19013181
1536703140,185.73,186.5,185.73,186.11,186.07425179
1536703200,185.69,186.3,186.18,185.98,306.3498949499999
1536703260,186.0,186.84,186.0,186.84,835.5593969399998
1536703320,185.6,186.7,186.48,185.64,236.77808856000004
1536703380,185.01,185.6,185.59,185.07,49.294654019999996
1536703440,184.32,185.1,185.1,184.59,236.24376897999994
1536703500,184.14,185.18,184.59,184.93,529.45681548
1536703560,184.72,185.0,184.93,184.99,17.00863801
1536703620,184.84,185.0,184.95,184.84,73.79456793000001
1536703680,184.46,184.9,184.85,184.76,109.88675959999999
1536703740,184.23,184.75,184.75,184.24,48.889486829999996
1536703800,184.1,184.35,184.23,184.35,21.128718980000002
1536703860,184.21,184.35,184.34,184.21,27.518451120000005
1536703920,184.22,184.63,184.25,184.43,130.90396752
1536703980,184.1,184.9,184.29,184.78,102.77113882999997
1536704040,184.18,184.93,184.78,184.5,56.394470689999984
1536704100,184.19,184.75,184.52,184.45,128.45229615000002
1536704160,184.29,184.46,184.29,184.46,84.33532479999998
1536704220,184.1,184.58,184.46,184.1,149.27234002000003
1536704280,184.22,184.57,184.22,184.47,145.90467481000005
1536704340,184.37,184.76,184.39,184.76,73.16619675000001
1536704400,184.75,185.4,184.76,185.4,224.35632243
1536704460,185.39,185.4,185.4,185.39,26.61597829
1536704520,185.16,185.6,185.4,185.6,328.82986495000006
1536704580,185.59,185.6,185.6,185.59,8.15908531
1536704640,185.22,185.75,185.59,185.42,242.63538277000006
1536704700,185.18,185.6,185.27,185.19,75.20243237000004
1536704760,185.18,185.5,185.19,185.18,20.455410320000006
1536704820,184.99,185.42,185.19,185.42,84.36489656999998
1536704880,184.82,185.93,185.42,184.94,455.06568380000004
1536704940,184.66,184.99,184.8,184.99,23.04425445
1536705000,184.89,185.0,184.94,185.0,25.718805539999998
1536705060,184.99,185.23,185.0,185.23,87.75762044999998
1536705120,185.06,185.23,185.22,185.11,32.36538779
1536705180,185.1,185.11,185.11,185.1,73.33518885000001
1536705240,185.05,185.23,185.1,185.23,33.12861966
1536705300,185.16,185.23,185.22,185.19,4.44254097
1536705360,185.21,185.23,185.21,185.23,39.36246551000001
1536705420,185.22,185.23,185.23,185.23,31.518269059999998
1536705480,185.23,185.23,185.23,185.23,68.67006740999999
1536705540,185.1,185.23,185.23,185.11,39.71385834999999
1536705600,185.1,185.3,185.1,185.3,61.836992480000006
1536705660,185.29,185.93,185.29,185.92,805.6091958399996
1536705720,185.92,185.99,185.93,185.98,55.28419406
1536705780,185.72,185.99,185.99,185.72,29.547555709999997
1536705840,185.28,185.73,185.73,185.52,108.52125946000004
1536705900,185.53,186.17,185.53,185.64,751.7301196200001
1536705960,185.63,185.73,185.63,185.64,22.349126990000002
1536706020,185.64,185.74,185.64,185.74,10.341453439999999
1536706080,185.52,185.74,185.73,185.6,26.765502840000003
1536706140,185.49,186.11,185.59,185.49,630.2701412399999
1536706200,185.13,185.34,185.34,185.13,27.376120760000003
1536706260,185.0,185.11,185.11,185.01,106.88618371999999
1536706320,184.85,185.01,185.0,185.01,96.18774002
1536706380,185.01,185.11,185.01,185.1,23.33870578
1536706440,185.1,185.25,185.11,185.25,24.711364590000002
1536706500,184.71,185.25,185.25,184.71,102.06884633000001
1536706560,184.01,184.66,184.66,184.58,445.26565623
1536706620,184.3,184.31,184.3,184.3,7.92433408
1536706680,184.3,184.47,184.3,184.38,36.144126410000005
1536706740,184.34,184.75,184.34,184.75,192.17285091999997
1536706800,184.83,184.85,184.83,184.85,23.09195253
1536706860,184.91,184.92,184.92,184.92,2.7466078400000002
1536706920,184.92,184.98,184.92,184.98,3.5263327799999984
1536706980,184.97,185.05,184.98,185.05,189.71778916
1536707040,184.99,185.05,185.02,185.0,22.829298489999996
1536707100,184.99,185.0,185.0,185.0,12.688855029999997
1536707160,184.99,185.0,184.99,185.0,6.990472840000001
1536707220,184.5,185.0,184.99,184.68,50.6551962
1536707280,184.67,184.8,184.68,184.79,18.643596919999997
1536707340,184.67,184.8,184.68,184.7,29.336275299999997
1536707400,184.51,184.68,184.67,184.57,51.6978702
1536707460,184.5,184.64,184.55,184.64,18.30659374
1536707520,184.59,184.87,184.63,184.77,46.99198666
1536707580,184.77,184.88,184.78,184.88,37.40669962
1536707640,184.59,184.76,184.76,184.59,18.658509560000002
1536707700,184.5,184.6,184.59,184.5,11.02336925
1536707760,184.5,184.51,184.5,184.51,2.8905290599999995
1536707820,184.31,184.51,184.5,184.5,95.31605439999998
1536707880,184.43,184.51,184.49,184.45,8.02555532
1536707940,184.43,184.49,184.49,184.43,9.033907059999999
1536708000,184.3,184.47,184.46,184.37,81.32388834
1536708060,184.31,184.48,184.37,184.48,43.12167988999999
1536708120,184.41,184.49,184.49,184.49,44.58629097
1536708180,184.48,184.49,184.49,184.48,21.65562604
1536708240,184.31,184.49,184.41,184.49,19.8058714
1536708300,184.3,184.49,184.49,184.48,86.09671111
1536708360,184.48,184.62,184.49,184.61,167.88887334999998
1536708420,184.61,184.95,184.61,184.95,30.231875519999996
1536708480,184.69,184.94,184.94,184.76,32.98715727
1536708540,184.65,184.9,184.77,184.9,23.357141070000004
1536708600,184.57,184.85,184.85,184.66,34.208802410000004
1536708660,184.6,184.66,184.66,184.6,43.75935014
1536708720,184.57,184.6,184.6,184.58,27.49327414
1536708780,184.45,184.58,184.58,184.49,43.095469519999995
1536708840,184.49,184.5,184.49,184.49,13.83557275
1536708900,184.49,184.51,184.5,184.51,17.18434271
1536708960,184.49,184.73,184.51,184.51,65.58422046999999
1536709020,184.51,184.73,184.51,184.63,58.17875961000001
1536709080,184.58,184.63,184.63,184.58,1.95225546
1536709140,184.41,184.77,184.73,184.41,62.67226252000001
1536709200,183.73,184.53,184.52,183.86,249.41723063000003
1536709260,183.37,183.73,183.73,183.37,41.854753769999995
1536709320,183.38,184.21,183.38,184.21,191.81142924
1536709380,183.83,184.49,184.02,184.41,9.770644860000003
1536709440,184.29,184.4,184.4,184.35,9.257474339999998
1536709500,184.3,184.35,184.35,184.3,36.19954662
1536709560,184.3,184.31,184.3,184.31,18.314370439999998
1536709620,184.0,184.31,184.3,184.15,192.70529005
1536709680,183.86,184.14,184.14,183.86,39.84069485999999
1536709740,183.54,183.87,183.87,183.78,13.557388119999999
1536709800,183.78,184.15,183.78,184.13,301.00147677000024
1536709860,183.88,184.13,184.13,183.88,39.954686779999996
1536709920,183.76,184.1,183.89,183.77,51.537808540000015
1536709980,183.76,183.77,183.77,183.77,28.872296300000002
1536710040,183.76,183.83,183.77,183.83,18.996593220000005
1536710100,183.55,183.85,183.82,183.85,122.65045437000002
1536710160,183.78,183.98,183.84,183.85,61.74054430999999
1536710220,183.79,183.92,183.88,183.8,22.19456953
1536710280,183.95,184.63,183.95,184.63,104.14030740000004
1536710340,184.62,185.35,184.63,185.15,156.1756556
1536710400,184.64,185.15,185.15,184.78,96.82299393999999
1536710460,184.63,185.1,184.87,184.63,59.73220073000001
1536710520,184.44,184.64,184.64,184.45,5.142767559999999
1536710580,184.44,184.45,184.45,184.45,33.74163927
1536710640,184.23,184.45,184.45,184.24,74.12128132
1536710700,184.23,184.24,184.24,184.23,7.01143809
1536710760,184.24,184.24,184.24,184.24,28.260590120000007
1536710820,184.01,184.23,184.23,184.22,27.421408130000007
1536710880,184.03,184.24,184.08,184.24,53.924502579999995
1536710940,184.38,184.74,184.38,184.53,170.17624500000002
1536711000,184.46,184.54,184.5,184.48,19.98911098
1536711060,184.29,184.53,184.5,184.29,46.02246708
1536711120,184.29,184.3,184.3,184.3,13.0875112
1536711180,184.3,184.53,184.3,184.48,86.0292479
1536711240,184.34,184.54,184.4,184.46,11.302748809999999
1536711300,184.3,184.46,184.45,184.36,32.81178178
1536711360,184.3,184.4,184.3,184.33,27.955247920000005
1536711420,184.32,184.4,184.34,184.37,48.10582928000001
1536711480,184.39,184.5,184.4,184.47,81.68295221000004
1536711540,184.38,184.51,184.4,184.39,107.41027407000004
1536711600,184.39,184.51,184.39,184.48,25.415115930000002
1536711660,184.44,184.51,184.44,184.5,8.48955805
1536711720,184.51,184.56,184.51,184.56,8.60039423
1536711780,184.55,184.71,184.56,184.59,25.591746600000008
1536711840,184.55,184.59,184.55,184.59,11.566784659999996
1536711900,184.6,184.7,184.6,184.69,12.50283343
1536711960,184.69,184.75,184.69,184.75,41.89960229
1536712020,184.58,184.74,184.74,184.59,53.90711365
1536712080,184.33,184.59,184.59,184.33,74.48812036
1536712140,184.33,184.34,184.34,184.34,15.35515669
1536712200,184.33,184.34,184.34,184.34,7.93286815
1536712260,184.33,184.58,184.33,184.55,34.26349187000001
1536712320,184.43,184.47,184.43,184.45,8.57234582
1536712380,184.44,184.57,184.44,184.5,17.38305539
1536712440,184.5,184.72,184.5,184.72,24.34323846
1536712500,184.71,184.75,184.72,184.75,68.34581917000006
1536712560,184.28,184.76,184.75,184.28,153.13039827000003
1536712620,184.28,184.38,184.29,184.3,12.076028909999996
1536712680,184.31,184.56,184.31,184.34,39.905638599999996
1536712740,184.34,184.35,184.35,184.35,4.2581169700000014
1536712800,184.34,184.43,184.35,184.37,96.65511378000001
1536712860,184.37,184.49,184.37,184.37,6.8267266399999995
1536712920,184.36,184.37,184.37,184.37,30.773590059999997
1536712980,184.15,184.36,184.36,184.16,65.82323546999999
1536713040,183.06,184.18,184.18,183.26,261.1304913499999
1536713100,182.27,183.25,183.25,182.27,312.52535299
1536713160,182.27,182.86,182.27,182.85,105.13770718000002
1536713220,182.27,182.64,182.62,182.44,231.54925894
1536713280,182.47,182.62,182.47,182.52,26.57861011
1536713340,182.27,182.59,182.51,182.27,67.47201188999998
1536713400,182.01,182.27,182.27,182.03,243.90160642000004
1536713460,182.02,182.51,182.03,182.49,68.63546002
1536713520,181.82,182.37,182.3,182.13,168.70975204
1536713580,182.12,182.13,182.12,182.13,8.43098685
1536713640,182.12,182.18,182.13,182.17,46.697303469999994
1536713700,182.01,182.13,182.13,182.07,45.521910420000005
1536713760,181.23,182.05,182.05,181.57,59.728283850000004
1536713820,181.1,181.73,181.57,181.23,32.93050379999998
1536713880,181.22,181.63,181.23,181.48,26.85294502000001
1536713940,181.13,181.68,181.48,181.25,177.97907327999997
1536714000,181.0,181.25,181.24,181.01,257.6216146199999
1536714060,181.01,182.68,181.01,182.11,785.6688358799997
1536714120,181.38,182.14,182.14,181.38,336.14583839999983
1536714180,181.41,182.0,181.43,181.41,48.84165621
1536714240,181.4,181.64,181.4,181.64,21.692285930000004
1536714300,181.57,181.59,181.58,181.59,6.270576220000001
1536714360,181.59,181.71,181.59,181.71,389.10630682999994
1536714420,181.71,182.36,181.71,182.36,306.94067429000006
1536714480,182.13,182.41,182.31,182.13,53.01654979
1536714540,182.12,182.13,182.13,182.13,41.08499611
1536714600,181.34,182.13,182.13,181.44,354.96058737999994
1536714660,181.19,181.8,181.45,181.74,145.10543741
1536714720,181.57,181.92,181.74,181.65,12.83176307
1536714780,181.52,181.75,181.75,181.53,38.41578695
1536714840,181.5,181.63,181.53,181.5,32.76638108
1536714900,181.12,181.55,181.54,181.28,40.582059679999986
1536714960,181.07,181.38,181.17,181.28,117.13153223000005
1536715020,181.01,181.3,181.17,181.3,47.938477070000005
1536715080,181.32,181.48,181.32,181.46,10.74050303
1536715140,181.45,181.5,181.45,181.5,9.239452060000001
1536715200,181.49,181.82,181.49,181.68,72.88868203000001
1536715260,181.52,181.67,181.56,181.53,19.5816403
1536715320,181.52,181.6,181.53,181.6,34.33731493
1536715380,181.59,181.6,181.59,181.6,26.189061799999998
1536715440,181.6,181.84,181.6,181.83,18.695422480000005
1536715500,181.84,181.94,181.84,181.94,27.93516974999999
1536715560,181.94,181.99,181.94,181.98,29.717800600000004
1536715620,181.69,181.99,181.98,181.7,77.89873998
1536715680,181.81,181.99,181.92,181.9,15.906513060000002
1536715740,181.81,181.83,181.83,181.82,17.89516768
1536715800,181.52,181.82,181.82,181.56,48.57104327
1536715860,181.55,181.76,181.56,181.57,102.38913723000003
1536715920,181.52,181.58,181.58,181.53,25.5136827
1536715980,181.31,181.53,181.53,181.42,58.66241958
1536716040,181.42,181.5,181.49,181.49,11.88105977
1536716100,181.49,181.51,181.5,181.49,18.374160009999997
1536716160,181.48,181.5,181.5,181.49,18.493019879999995
1536716220,181.48,181.53,181.49,181.53,24.789469989999997
1536716280,181.53,181.54,181.53,181.54,18.826743409999995
1536716340,181.53,181.54,181.53,181.53,44.868857330000026
1536716400,181.53,181.54,181.54,181.54,20.828410189999996
1536716460,181.53,181.54,181.54,181.54,33.12138840000001
1536716520,181.53,181.54,181.54,181.53,18.049209259999998
1536716580,181.53,181.54,181.53,181.54,28.971123499999997
1536716640,181.48,181.54,181.54,181.49,126.15416884000001
1536716700,181.32,181.49,181.49,181.38,67.10787713
1536716760,181.39,181.46,181.41,181.46,15.362144579999999
1536716820,181.3,181.41,181.4,181.37,51.042820449999994
1536716880,181.37,181.38,181.38,181.37,7.5440036599999996
1536716940,180.75,181.38,181.38,180.93,387.32944012999997
1536717000,180.41,180.87,180.85,180.72,117.89234526999996
1536717060,179.01,180.69,180.66,179.34,830.0074715599999
1536717120,179.11,179.75,179.32,179.42,166.51991921
1536717180,179.25,179.43,179.43,179.36,81.27731983999999
1536717240,179.38,179.5,179.38,179.46,96.97811817000003
1536717300,179.01,179.49,179.44,179.02,162.82394712
1536717360,178.6,179.12,179.02,178.6,205.0886202499999
1536717420,178.59,179.49,178.6,179.49,212.06570665
1536717480,178.55,179.49,179.49,178.61,152.35408884
1536717540,178.59,179.44,178.6,179.13,198.9352118099999
1536717600,178.97,179.52,179.2,179.52,439.31067552
1536717660,179.52,180.14,179.52,179.92,218.43638640999998
1536717720,179.5,179.89,179.89,179.51,85.59011127999997
1536717780,179.5,179.81,179.5,179.78,95.35613364
1536717840,179.7,179.78,179.75,179.7,371.09501421
1536717900,179.58,179.71,179.71,179.58,96.03323579
1536717960,179.5,180.29,179.58,180.25,568.4475946400003
1536718020,179.67,180.6,180.32,180.06,260.89393906000004
1536718080,180.0,180.39,180.19,180.01,206.40690951000002
1536718140,179.68,180.01,180.01,179.81,56.69644174
1536718200,179.62,180.02,179.85,179.68,335.36565297999994
1536718260,179.61,179.68,179.67,179.61,69.09708380999999
1536718320,179.27,179.61,179.61,179.61,78.05276846000001
1536718380,179.2,179.55,179.52,179.2,36.745102710000005
1536718440,178.89,179.21,179.21,179.16,214.7441911
1536718500,179.15,179.49,179.15,179.49,57.77778661000001
1536718560,179.04,179.41,179.41,179.41,126.88807408000004
1536718620,179.29,179.64,179.58,179.58,121.77930996999999
1536718680,178.83,179.53,179.53,179.09,231.2979052500001
1536718740,178.98,179.27,179.03,179.03,169.16338873
1536718800,179.04,179.26,179.04,179.11,40.61459608999999
1536718860,179.03,179.23,179.2,179.04,33.333598560000006
1536718920,178.89,179.04,179.04,178.9,100.6860462
1536718980,178.85,178.98,178.98,178.92,47.55572836000001
1536719040,178.67,178.97,178.91,178.91,250.72576110000003
1536719100,178.56,178.91,178.91,178.8,348.13521810999964
1536719160,178.22,178.91,178.7,178.91,1066.66637434
1536719220,178.6,179.0,179.0,178.75,99.78969067
1536719280,178.49,178.82,178.8,178.61,104.26592608999997
1536719340,177.75,178.52,178.52,178.05,409.17501548
1536719400,178.0,178.44,178.06,178.19,114.87493378
1536719460,178.21,178.41,178.21,178.41,40.405724109999994
1536719520,178.4,178.41,178.41,178.4,86.87586529
1536719580,178.08,178.45,178.41,178.12,140.2737512
1536719640,178.13,178.22,178.13,178.2,21.801959160000003
1536719700,178.21,178.23,178.21,178.22,28.118014830000003
1536719760,178.23,178.45,178.23,178.45,44.0612528
1536719820,178.44,178.61,178.45,178.45,155.60340232999994
1536719880,178.02,178.45,178.45,178.15,228.25861202999997
1536719940,178.14,178.21,178.14,178.21,21.824153510000006
1536720000,178.2,178.49,178.21,178.49,35.59005858999999
1536720060,178.45,178.59,178.49,178.54,44.926707379999996
1536720120,178.54,178.55,178.55,178.55,19.91472307
1536720180,178.54,178.55,178.54,178.54,64.32225507999999
1536720240,178.54,178.76,178.54,178.75,49.203869129999994
1536720300,178.75,178.76,178.75,178.75,23.449701440000002
1536720360,178.75,178.88,178.76,178.83,104.02877507000001
1536720420,178.75,178.98,178.84,178.96,133.77330739
1536720480,178.95,178.99,178.96,178.99,74.7384087
1536720540,178.98,179.0,178.99,179.0,476.0180320700001
1536720600,178.99,179.14,179.0,179.13,326.78198958999997
1536720660,179.05,179.35,179.14,179.27,161.82038087999993
1536720720,179.05,179.27,179.27,179.06,164.72601188
1536720780,179.05,179.06,179.05,179.05,29.954534929999998
1536720840,178.87,179.01,179.01,178.88,108.70103860000003
1536720900,178.88,179.06,178.88,178.9,13.61285653
1536720960,178.86,178.97,178.97,178.96,26.096838589999997
1536721020,178.95,179.0,178.96,178.99,65.50738027000001
1536721080,178.84,178.99,178.99,178.85,39.37226636
