1547283300,125.07,125.18,125.18,125.07,26.78
1547283360,125.08,125.08,125.08,125.08,1.07
1547283420,125.04,125.04,125.04,125.04,6.76
1547283480,125.0,125.18,125.04,125.18,68.78
1547283540,125.14,125.26,125.26,125.16,1.29
1547283600,125.18,125.3,125.18,125.3,3.49
1547283660,125.29,125.3,125.29,125.3,3.66
1547283780,125.56,125.57,125.56,125.57,2.43
1547283840,125.59,125.59,125.59,125.59,0.507
1547283900,125.59,125.62,125.59,125.62,201.76
1547283960,125.62,125.71,125.64,125.71,108.8
1547284020,125.63,125.67,125.67,125.64,16.06
1547284080,125.55,125.64,125.64,125.55,24.52
1547284140,125.4,125.5,125.5,125.47,25.87
1547284260,125.4,125.42,125.42,125.4,2.73
1547284320,125.38,125.46,125.46,125.43,135.09
1547284380,125.43,125.43,125.43,125.43,2.0
1547284440,125.38,125.44,125.43,125.38,24.25
1547284560,125.44,125.44,125.44,125.44,11.73
1547284620,125.49,125.49,125.49,125.49,0.596
1547284680,125.41,125.5,125.5,125.41,3.45
1547284740,125.47,125.55,125.49,125.54,40.42
1547284860,125.5,125.55,125.5,125.55,6.49
1547284920,125.57,125.58,125.57,125.58,7.28
1547284980,125.55,125.55,125.55,125.55,0.134
1547285040,125.4,125.51,125.51,125.4,124.47
1547285100,125.39,125.4,125.4,125.39,46.49
1547285160,125.39,125.39,125.39,125.39,2.0
1547285280,125.38,125.39,125.39,125.38,2.99
1547285340,125.38,125.38,125.38,125.38,1.17
1547285400,125.3,125.33,125.33,125.33,3.18
1547285460,125.34,125.36,125.36,125.34,0.108
1547285520,125.38,125.38,125.38,125.38,0.5
1547285580,125.36,125.38,125.38,125.36,2.73
1547285640,125.09,125.3,125.3,125.15,37.63
1547285700,125.18,125.19,125.18,125.19,0.0716
1547285760,125.2,125.22,125.22,125.21,0.959
1547285820,125.18,125.18,125.18,125.18,0.763
1547285940,125.2,125.21,125.2,125.21,1.09
1547286060,125.0,125.21,125.2,125.0,165.44
1547286120,124.71,125.0,125.0,125.0,118.41
1547286180,125.1,125.1,125.1,125.1,1.02
1547286240,125.02,125.1,125.1,125.1,2.62
1547286300,124.88,124.98,124.98,124.89,2.33
1547286360,124.88,125.11,124.88,125.11,29.82
1547286420,125.24,125.24,125.24,125.24,0.123
1547286480,125.24,125.24,125.24,125.24,1.03
1547286600,125.24,125.26,125.25,125.26,5.33
1547286720,125.11,125.25,125.25,125.21,4.35
1547286780,125.18,125.18,125.18,125.18,0.771
1547286840,125.17,125.31,125.17,125.31,70.11
1547286900,125.32,125.62,125.32,125.51,93.63
1547286960,125.47,125.53,125.47,125.53,4.2
1547287020,125.49,125.49,125.49,125.49,0.0397
1547287080,125.5,125.5,125.5,125.5,0.269
1547287140,125.5,125.62,125.5,125.62,4.99
1547287200,125.62,125.65,125.62,125.65,1.3
1547287260,125.56,125.61,125.59,125.56,1.63
1547287380,125.48,125.48,125.48,125.48,0.621
1547287440,125.48,125.48,125.48,125.48,23.12
1547287560,125.55,125.55,125.55,125.55,4.48
1547287620,125.55,125.55,125.55,125.55,5.12
1547287680,125.56,125.74,125.56,125.7,22.66
1547287740,125.72,125.83,125.8,125.83,6.61
1547287800,125.81,125.88,125.82,125.81,16.85
1547287860,125.73,125.73,125.73,125.73,0.989
1547287920,125.72,125.74,125.74,125.72,10.79
1547288100,125.73,125.74,125.73,125.74,13.91
1547288160,125.74,125.87,125.74,125.87,39.76
1547288220,125.81,125.82,125.81,125.82,5.27
1547288280,125.88,126.17,125.88,126.17,288.22
1547288340,126.19,126.19,126.19,126.19,0.765
1547288460,126.18,126.18,126.18,126.18,17.85
1547288520,126.18,126.18,126.18,126.18,13.0
1547288580,126.18,126.18,126.18,126.18,0.322
1547288640,126.17,126.17,126.17,126.17,0.82
1547288700,126.0,126.17,126.17,126.0,395.92
1547288760,125.88,126.0,126.0,125.88,2.71
1547288820,125.89,125.89,125.89,125.89,0.0633
1547288880,125.87,125.87,125.87,125.87,0.166
1547288940,125.91,125.91,125.91,125.91,3.89
1547289000,125.92,125.92,125.92,125.92,0.3
1547289060,125.92,125.92,125.92,125.92,7.78
1547289120,125.98,125.98,125.98,125.98,4.66
1547289180,125.98,126.13,125.98,126.13,270.91
1547289240,126.15,126.15,126.15,126.15,0.1
1547289300,126.16,126.17,126.17,126.16,2.76
1547289360,126.08,126.1,126.1,126.08,1.98
1547289420,126.1,126.11,126.11,126.1,16.04
1547289480,126.11,126.11,126.11,126.11,0.765
1547289540,126.1,126.11,126.11,126.11,126.44
1547289600,126.16,126.17,126.17,126.16,34.02
1547289660,126.12,126.12,126.12,126.12,20.23
1547289780,126.12,126.12,126.12,126.12,0.01
1547289840,126.16,126.2,126.16,126.2,150.82
1547289900,126.2,126.23,126.2,126.23,53.33
1547289960,126.23,126.24,126.23,126.24,76.04
1547290020,126.23,126.24,126.23,126.24,10.88
1547290080,126.25,126.49,126.25,126.49,238.39
1547290140,126.32,126.49,126.49,126.35,50.06
1547290200,126.35,126.35,126.35,126.35,1.56
1547290260,126.34,126.35,126.35,126.35,5.06
1547290320,126.21,126.21,126.21,126.21,0.23
1547290380,126.17,126.18,126.18,126.17,13.28
1547290500,126.1,126.1,126.1,126.1,0.2
1547290560,126.1,126.11,126.1,126.11,7.15
1547290620,126.1,126.11,126.1,126.11,3.56
1547290680,125.82,126.04,126.04,125.82,29.29
1547290740,125.78,125.89,125.89,125.78,4.22
1547290860,125.72,125.79,125.72,125.76,14.52
1547290920,125.88,125.91,125.88,125.91,2.31
1547290980,125.88,125.91,125.91,125.88,0.176
1547291040,125.87,125.9,125.88,125.87,9.23
1547291160,125.9,125.91,125.91,125.9,4.08
1547291220,125.93,125.94,125.93,125.94,6.52
1547291280,125.9,125.92,125.9,125.92,5.23
1547291400,125.87,125.87,125.87,125.87,9.73
1547291520,125.88,125.88,125.88,125.88,1.9
1547291580,125.88,125.88,125.88,125.88,53.94
1547291640,125.88,125.88,125.88,125.88,6.45
1547291700,125.87,125.88,125.88,125.88,2.48
1547291820,125.87,125.87,125.87,125.87,1.92
1547316360,125.45,125.49,125.45,125.48,6.12
1547316420,125.49,125.5,125.49,125.5,4.29
1547316480,125.45,125.49,125.49,125.46,77.8
1547316540,125.46,125.51,125.46,125.51,47.99
1547316600,125.47,125.51,125.47,125.49,28.23
1547316660,125.33,125.51,125.49,125.47,54.79
1547316720,125.49,125.51,125.49,125.51,13.6
1547316780,125.5,125.51,125.51,125.5,8.44
1547316840,125.5,125.54,125.51,125.5,191.18
1547316900,125.51,125.55,125.51,125.54,7.88
1547316960,125.51,125.52,125.51,125.52,16.47
1547317020,125.5,125.52,125.52,125.5,7.52
1547317080,125.36,125.5,125.5,125.36,29.92
1547317140,125.37,125.41,125.37,125.41,3.5
1547317200,125.4,125.4,125.4,125.4,0.561
1547317260,125.37,125.41,125.41,125.38,1.77
1547317320,125.38,125.38,125.38,125.38,28.64
1547317380,125.26,125.38,125.38,125.29,12.02
1547317440,125.35,125.36,125.35,125.36,6.75
1547317500,125.26,125.36,125.36,125.36,9.62
1547317560,125.27,125.36,125.36,125.32,6.03
1547317620,125.33,125.36,125.36,125.33,0.655
1547317680,125.25,125.32,125.32,125.31,22.95
1547317740,125.36,125.44,125.36,125.41,11.19
1547317800,125.35,125.41,125.37,125.36,15.93
1547317860,125.35,125.36,125.36,125.36,4.32
1547317920,125.35,125.4,125.36,125.4,63.54
1547317980,125.35,125.4,125.36,125.38,1.37
1547318040,125.35,125.4,125.37,125.36,22.29
1547318100,125.34,125.36,125.36,125.34,53.98
1547318160,125.35,125.35,125.35,125.35,4.81
1547318220,125.34,125.34,125.34,125.34,2.59
1547318280,125.33,125.34,125.33,125.34,0.898
1547318340,125.33,125.34,125.34,125.34,5.74
1547318400,125.33,125.34,125.33,125.34,0.918
1547318460,125.34,125.4,125.34,125.39,14.8
1547318520,125.33,125.4,125.4,125.33,0.898
1547318580,125.33,125.34,125.34,125.33,1.02
1547318640,125.34,125.34,125.34,125.34,7.48
1547318700,125.32,125.33,125.33,125.33,38.99
1547318760,125.32,125.38,125.33,125.38,9.02
1547318820,125.37,125.5,125.38,125.5,6.77
1547318880,125.5,125.5,125.5,125.5,2.47
1547318940,125.42,125.5,125.5,125.42,7.89
1547319000,125.45,125.46,125.46,125.46,16.51
1547319060,125.45,125.46,125.45,125.46,12.59
1547319120,125.38,125.46,125.46,125.44,31.92
1547319180,125.37,125.44,125.44,125.42,16.33
1547319240,125.29,125.41,125.39,125.41,27.31
1547319300,125.29,125.33,125.31,125.3,45.91
1547319360,125.3,125.39,125.3,125.33,16.18
1547319420,125.31,125.33,125.33,125.33,9.87
1547319480,125.22,125.32,125.29,125.3,70.83
1547319540,125.29,125.31,125.31,125.29,1.05
1547319600,125.22,125.29,125.28,125.27,113.52
1547319660,125.23,125.26,125.26,125.23,1.97
1547319720,125.22,125.27,125.23,125.22,4.16
1547319780,125.22,125.29,125.27,125.29,16.84
1547319840,125.21,125.29,125.27,125.22,13.85
1547319900,125.14,125.21,125.21,125.16,17.21
1547319960,125.15,125.31,125.15,125.26,76.67
1547320020,125.29,125.31,125.29,125.3,15.56
1547320080,125.31,125.31,125.31,125.31,0.604
1547320140,125.26,125.31,125.31,125.26,37.1
1547320200,125.26,125.31,125.27,125.31,18.32
1547320260,125.26,125.31,125.31,125.31,5.77
1547320320,125.26,125.31,125.26,125.26,2.91
1547320380,125.25,125.28,125.26,125.27,5.4
1547320440,125.27,125.28,125.28,125.27,7.12
1547320500,125.24,125.27,125.27,125.27,8.55
1547320560,125.23,125.25,125.25,125.25,8.01
1547320620,125.13,125.23,125.22,125.23,29.3
1547320680,125.16,125.21,125.21,125.16,0.329
1547320740,125.18,125.19,125.19,125.18,0.16
1547320800,125.17,125.19,125.17,125.19,4.03
1547320860,125.18,125.26,125.19,125.25,111.56
1547320920,125.22,125.26,125.22,125.26,17.27
1547320980,125.25,125.26,125.26,125.26,18.78
1547321040,125.25,125.28,125.25,125.27,13.79
1547321100,125.28,125.31,125.28,125.28,13.62
1547321160,125.24,125.27,125.27,125.24,8.02
1547321220,125.27,125.31,125.27,125.3,27.59
1547321280,125.26,125.31,125.31,125.29,14.58
1547321340,125.28,125.31,125.31,125.28,3.43
1547321400,125.27,125.3,125.3,125.3,11.74
1547321460,125.28,125.3,125.28,125.29,6.02
1547321520,125.28,125.31,125.28,125.31,16.68
1547321580,125.29,125.31,125.31,125.3,11.69
1547321640,125.3,125.42,125.3,125.37,134.15
1547321700,125.33,125.34,125.33,125.33,1.67
1547321760,125.31,125.42,125.41,125.37,70.95
1547321820,125.37,125.43,125.37,125.39,8.2
1547321880,125.35,125.41,125.37,125.4,2.53
1547321940,125.35,125.45,125.35,125.45,7.38
1547322000,125.39,125.46,125.46,125.39,4.81
1547322060,125.38,125.46,125.43,125.46,7.83
1547322120,125.4,125.46,125.45,125.41,11.31
1547322180,125.38,125.45,125.4,125.45,8.51
1547322240,125.44,125.45,125.45,125.45,12.68
1547322300,125.44,125.45,125.45,125.45,23.93
1547322360,125.38,125.44,125.44,125.41,17.25
1547322420,125.39,125.45,125.39,125.4,2.5
1547322480,125.4,125.45,125.4,125.41,2.64
1547322540,125.39,125.42,125.41,125.41,12.06
1547322600,125.4,125.42,125.41,125.4,18.19
1547322660,125.4,125.42,125.4,125.42,9.25
1547322720,125.41,125.42,125.42,125.41,5.89
1547322780,125.42,125.42,125.42,125.42,0.763
1547322840,125.32,125.42,125.41,125.39,156.65
1547322900,125.26,125.38,125.38,125.26,8.83
1547322960,125.26,125.34,125.3,125.26,2.92
1547323020,125.29,125.3,125.3,125.3,32.97
1547323080,125.3,125.3,125.3,125.3,2.13
1547323140,125.3,125.3,125.3,125.3,4.71
1547323200,125.29,125.3,125.29,125.3,2.17
1547323260,125.29,125.3,125.3,125.29,2.38
1547323320,125.29,125.3,125.3,125.3,2.93
1547323380,125.24,125.3,125.3,125.24,12.58
1547323440,125.26,125.3,125.3,125.3,7.3
1547323500,125.3,125.3,125.3,125.3,1.95
1547323560,125.25,125.3,125.3,125.29,2.3
1547323620,125.29,125.29,125.29,125.29,4.0
1547323680,125.29,125.3,125.29,125.3,27.35
1547323740,125.29,125.3,125.29,125.3,13.22
1547323800,125.29,125.3,125.29,125.3,10.34
1547323860,125.29,125.3,125.29,125.29,7.5
1547323920,125.29,125.3,125.3,125.3,10.35
1547323980,125.3,125.39,125.3,125.39,21.17
1547324040,125.4,125.4,125.4,125.4,0.287
1547324100,125.39,125.4,125.39,125.4,2.62
1547324160,125.4,125.44,125.4,125.44,5.41
1547324220,125.44,125.49,125.44,125.49,11.09
1547324280,125.48,125.49,125.49,125.49,2.99
1547324340,125.42,125.49,125.49,125.46,23.72
1547324400,125.43,125.43,125.43,125.43,2.59
1547324460,125.42,125.43,125.43,125.42,5.18
1547324520,125.42,125.43,125.42,125.43,0.214
1547324580,125.43,125.43,125.43,125.43,1.49
1547324640,125.42,125.43,125.43,125.43,5.64
1547324700,125.43,125.43,125.43,125.43,11.05
1547324760,125.4,125.42,125.42,125.41,4.77
1547324820,125.34,125.4,125.4,125.36,1.95
1547324880,125.34,125.36,125.36,125.35,2.94
1547324940,125.33,125.4,125.36,125.39,12.35
1547325000,125.34,125.43,125.39,125.34,7.46
1547325060,125.4,125.47,125.44,125.47,27.48
1547325120,125.47,125.55,125.47,125.55,39.84
1547325180,125.45,125.55,125.55,125.45,9.25
1547325240,125.43,125.45,125.45,125.44,5.52
1547325300,125.33,125.44,125.44,125.43,23.44
1547325360,125.33,125.4,125.35,125.33,13.31
1547325420,125.34,125.38,125.38,125.36,5.55
1547325480,125.33,125.35,125.35,125.35,6.13
1547325540,125.32,125.35,125.34,125.32,12.07
1547325600,125.02,125.33,125.33,125.03,163.43
1547325660,124.43,125.08,125.03,124.43,377.52
1547325720,124.43,125.02,124.44,124.43,731.94
1547325780,124.49,124.71,124.71,124.53,115.0
1547325840,124.51,124.84,124.51,124.64,136.37
1547325900,124.55,124.76,124.64,124.76,22.03
1547325960,124.76,124.79,124.78,124.78,0.933
1547326020,124.67,124.77,124.77,124.75,7.99
1547326080,124.75,124.82,124.75,124.8,10.92
1547326140,124.82,124.94,124.82,124.93,6.15
1547326200,124.94,125.2,124.94,125.0,268.3
1547326260,125.01,125.17,125.01,125.11,24.34
1547326320,125.0,125.08,125.08,125.05,119.66
1547326380,125.02,125.15,125.02,125.12,44.14
1547326440,125.1,125.1,125.1,125.1,2.89
1547326500,125.0,125.1,125.1,125.03,51.49
1547326560,125.05,125.09,125.05,125.09,27.09
1547326620,125.06,125.09,125.09,125.09,3.19
1547326680,125.05,125.09,125.07,125.07,17.55
1547326740,125.0,125.08,125.08,125.0,93.87
1547326800,125.01,125.31,125.01,125.28,463.82
1547326860,125.15,125.3,125.27,125.15,17.5
1547326920,125.15,125.42,125.15,125.42,334.79
1547326980,125.12,125.4,125.4,125.12,20.2
1547327040,125.0,125.32,125.11,125.32,590.36
1547327100,125.25,125.39,125.25,125.39,6.0
1547327160,125.39,125.39,125.39,125.39,1.91
1547327220,125.28,125.54,125.38,125.5,1198.16
1547327280,125.42,125.61,125.51,125.53,387.77
1547327340,125.47,125.49,125.47,125.49,140.58
1547327400,125.46,125.48,125.47,125.48,3.98
1547327460,125.47,125.49,125.48,125.47,17.18
1547327520,125.43,125.49,125.49,125.47,61.3
1547327580,125.43,125.47,125.47,125.43,1.23
1547327640,125.32,125.44,125.44,125.32,22.4
1547327700,125.19,125.33,125.33,125.19,9.77
1547327760,125.12,125.22,125.22,125.13,12.89
1547327820,125.12,125.13,125.13,125.12,8.49
1547327880,125.12,125.13,125.12,125.13,0.463
1547327940,125.11,125.13,125.13,125.13,1.93
1547328000,125.12,125.13,125.12,125.13,2.55
1547328060,125.1,125.13,125.11,125.1,15.9
1547328120,125.01,125.1,125.1,125.02,11.37
1547328180,125.0,125.02,125.02,125.01,38.41
1547328240,125.01,125.02,125.01,125.02,3.8
1547328300,125.01,125.02,125.02,125.01,0.74
1547328360,125.01,125.02,125.02,125.01,2.41
1547328420,125.01,125.01,125.01,125.01,5.01
1547328480,125.0,125.01,125.01,125.0,4.39
1547328540,125.01,125.01,125.01,125.01,6.62
1547328600,125.01,125.02,125.01,125.02,3.23
1547328660,125.0,125.01,125.0,125.01,18.83
1547328720,125.0,125.01,125.01,125.01,15.29
1547328780,124.94,125.01,125.0,124.95,201.85
1547328840,124.81,124.95,124.95,124.81,7.75
1547328900,124.71,124.81,124.81,124.71,86.59
1547328960,124.72,124.72,124.72,124.72,12.99
1547329020,124.71,124.72,124.72,124.71,19.66
1547329080,124.71,124.72,124.72,124.71,1.02
1547329140,124.72,124.72,124.72,124.72,7.85
1547329200,124.72,124.72,124.72,124.72,1.35
1547329260,124.72,124.72,124.72,124.72,4.04
1547329320,124.71,124.72,124.71,124.72,11.19
1547329380,124.71,124.72,124.72,124.72,4.94
1547329440,124.71,124.72,124.71,124.72,13.56
1547329500,124.72,124.86,124.72,124.82,87.61
1547329560,124.83,124.85,124.83,124.84,8.51
1547329620,124.84,125.02,124.84,125.02,17.08
1547329680,125.01,125.02,125.01,125.02,6.71
1547329740,125.02,125.19,125.02,125.16,85.01
1547329800,125.15,125.15,125.15,125.15,1.14
1547329860,125.15,125.2,125.16,125.2,48.92
1547329920,125.18,125.25,125.23,125.18,9.49
1547329980,125.19,125.25,125.24,125.19,3.99
1547330040,125.23,125.23,125.23,125.23,0.649
1547330100,125.15,125.24,125.24,125.24,19.64
1547330160,124.93,125.21,125.15,125.07,81.21
1547330220,124.86,125.07,125.07,125.02,9.35
1547330280,124.93,125.0,124.98,124.99,67.16
1547330340,124.93,124.99,124.96,124.93,6.6
1547330400,124.92,124.99,124.93,124.99,33.84
1547330460,124.84,125.0,124.99,124.84,86.65
1547330520,124.93,125.0,124.93,124.93,11.8
1547330580,124.96,124.99,124.97,124.97,2.7
1547330640,124.94,124.99,124.96,124.94,4.37
1547330700,124.94,124.99,124.97,124.99,1.61
1547330760,124.9,124.99,124.99,124.9,13.69
1547330820,124.9,125.0,124.96,124.9,27.0
1547330880,124.94,124.96,124.96,124.95,1.29
1547330940,124.94,124.95,124.95,124.94,32.81
1547331000,124.95,124.95,124.95,124.95,0.0718
1547331060,124.94,124.99,124.94,124.95,215.58
1547331120,124.94,125.0,124.99,124.96,25.44
1547331180,124.99,125.0,125.0,124.99,4.99
1547331240,124.96,125.0,124.99,125.0,114.61
1547331300,124.97,125.0,124.97,125.0,5.07
1547331360,124.99,125.0,124.99,124.99,9.91
1547331420,125.0,125.08,125.0,125.08,120.31
1547331480,125.06,125.08,125.07,125.06,21.61
1547331540,125.06,125.07,125.06,125.07,8.59
1547331600,125.02,125.07,125.07,125.02,17.48
1547331660,125.03,125.07,125.03,125.06,7.16
1547331720,125.07,125.08,125.07,125.08,3.35
1547331780,125.1,125.21,125.1,125.21,59.65
1547331840,125.21,125.22,125.21,125.21,4.3
1547331900,125.2,125.22,125.2,125.21,17.09
1547331960,125.21,125.8,125.21,125.8,162.44
1547332020,125.8,126.0,125.8,125.96,588.93
1547332080,125.96,126.0,125.96,125.99,9.99
1547332140,125.9,125.99,125.96,125.95,58.75
1547332200,125.91,125.99,125.93,125.98,51.3
1547332260,125.98,126.35,125.98,126.35,506.8
1547332320,126.33,126.4,126.33,126.4,203.72
1547332380,126.33,126.4,126.4,126.33,23.15
1547332440,126.27,126.45,126.27,126.45,399.63
1547332500,126.01,126.37,126.31,126.13,171.51
1547332560,126.02,126.17,126.13,126.14,23.55
1547332620,126.03,126.14,126.04,126.13,37.72
1547332680,126.01,126.13,126.05,126.09,24.29
1547332740,126.0,126.09,126.09,126.07,19.9
1547332800,125.87,126.02,126.02,125.87,39.24
1547332860,125.87,125.96,125.96,125.96,3.53
1547332920,125.84,125.94,125.94,125.84,20.59
1547332980,125.79,125.89,125.88,125.79,26.03
1547333040,125.75,125.77,125.77,125.75,9.44
1547333100,124.62,125.76,125.75,124.81,1340.88
1547333160,124.75,125.03,124.76,124.76,625.53
1547333220,124.59,124.76,124.76,124.59,34.56
1547333280,124.0,124.6,124.6,124.0,1455.28
1547333340,123.4,124.53,124.0,124.53,1285.63
1547333400,124.07,124.34,124.21,124.34,279.37
1547333460,124.0,124.27,124.27,124.22,136.83
1547333520,124.18,124.36,124.18,124.35,63.11
1547333580,124.39,124.75,124.39,124.5,29.5
1547333640,124.49,124.52,124.52,124.5,12.07
1547333700,124.5,124.87,124.5,124.8,167.55
1547333760,124.49,124.8,124.8,124.62,30.96
1547333820,124.06,124.54,124.52,124.39,57.12
1547333880,124.31,124.49,124.42,124.49,16.93
1547333940,124.18,124.33,124.33,124.31,28.73
1547334000,124.05,124.37,124.24,124.37,46.16
1547334060,124.03,124.17,124.17,124.17,8.54
1547334120,124.05,124.42,124.1,124.42,159.03
1547334180,124.26,124.42,124.4,124.4,38.37
1547334240,124.23,124.36,124.36,124.23,61.82
1547334300,124.01,124.31,124.23,124.12,201.06
1547334360,124.11,124.12,124.12,124.12,17.56
1547334420,124.11,124.12,124.12,124.12,4.17
1547334480,124.11,124.43,124.11,124.43,54.39
1547334540,124.23,124.5,124.36,124.5,36.85
1547334600,124.39,124.51,124.49,124.4,41.77
1547334660,124.23,124.4,124.4,124.23,32.45
1547334720,124.17,124.32,124.32,124.17,2.71
1547334780,124.07,124.18,124.18,124.07,29.07
1547334840,123.43,124.07,124.07,123.95,226.4
1547334900,123.93,124.08,123.94,123.93,40.35
1547334960,123.82,124.15,123.93,124.02,70.38
1547335020,123.9,124.04,124.02,123.94,22.71
1547335080,123.9,123.94,123.94,123.91,39.96
1547335140,123.97,124.11,123.97,124.01,95.54
1547335200,124.01,124.03,124.02,124.02,7.24
1547335260,124.01,124.02,124.02,124.01,18.58
1547335320,123.83,124.01,124.01,123.83,108.99
1547335380,123.74,124.0,124.0,123.74,278.54
1547335440,123.73,123.8,123.8,123.74,15.98
1547335500,123.72,124.21,123.74,124.21,393.83
1547335560,124.21,124.38,124.21,124.3,32.13
1547335620,124.13,124.29,124.29,124.23,109.82
1547335680,124.23,124.23,124.23,124.23,2.17
1547335740,124.22,124.23,124.22,124.22,18.31
1547335800,124.22,124.23,124.23,124.22,11.14
1547335860,124.22,124.3,124.23,124.28,6.93
1547335920,124.16,124.29,124.29,124.16,143.59
1547335980,124.16,124.21,124.21,124.16,37.13
1547336040,124.16,124.2,124.16,124.2,25.48
1547336100,124.21,124.38,124.21,124.38,764.41
1547336160,124.37,124.38,124.38,124.38,4.21
1547336220,124.37,124.38,124.37,124.37,5.59
1547336280,124.37,124.38,124.38,124.38,5.12
1547336340,124.38,124.51,124.38,124.45,41.11
1547336400,124.45,124.45,124.45,124.45,8.08
1547336460,124.42,124.46,124.46,124.44,20.65
1547336520,124.42,124.47,124.47,124.42,37.54
1547336580,124.43,124.43,124.43,124.43,1.73
1547336640,124.42,124.44,124.43,124.44,12.47
1547336700,124.37,124.51,124.42,124.42,159.22
1547336760,124.37,124.47,124.37,124.47,72.0
1547336820,124.42,124.49,124.47,124.46,5.29
1547336880,124.44,124.45,124.44,124.45,2.69
1547336940,124.4,124.41,124.41,124.41,10.24
1547337000,124.41,124.41,124.41,124.41,2.61
1547337060,124.41,124.46,124.41,124.44,12.66
1547337120,124.43,124.5,124.44,124.44,33.38
1547337180,124.43,124.44,124.43,124.44,5.57
1547337240,124.43,124.54,124.43,124.54,66.55
1547337300,124.53,124.54,124.53,124.54,4.54
1547369820,123.94,123.96,123.96,123.94,5.25
1547369880,123.95,123.96,123.96,123.95,3.58
1547369940,123.96,123.96,123.96,123.96,1.5
1547370000,123.95,123.96,123.95,123.96,12.37
1547370060,123.96,123.96,123.96,123.96,0.305
1547370120,123.95,123.96,123.96,123.95,5.0
1547370180,123.95,124.0,123.95,124.0,50.77
1547370240,123.99,123.99,123.99,123.99,1.27
1547370300,123.85,123.99,123.99,123.85,15.24
1547370360,123.82,123.82,123.82,123.82,16.1
1547370420,123.82,124.0,123.82,124.0,23.9
1547370480,124.0,124.0,124.0,124.0,0.101
1547370600,124.0,124.0,124.0,124.0,0.107
1547370660,123.99,123.99,123.99,123.99,0.0794
1547370780,123.88,123.99,123.99,123.95,8.67
1547370840,123.93,124.0,123.93,124.0,1.49
1547370900,123.98,123.98,123.98,123.98,0.0129
1547370960,123.97,124.04,123.97,124.04,909.38
1547371020,124.04,124.04,124.04,124.04,32.23
1547371080,124.04,124.32,124.04,124.32,84.75
1547371140,124.3,124.4,124.3,124.4,1.23
1547371200,124.39,124.39,124.39,124.39,0.504
1547371260,124.39,124.39,124.39,124.39,31.35
1547371380,124.3,124.3,124.3,124.3,4.04
1547371440,124.28,124.29,124.29,124.28,15.5
1547371500,124.27,124.27,124.27,124.27,0.2
1547371560,124.26,124.27,124.27,124.26,1.76
1547371620,124.26,124.27,124.26,124.27,8.44
1547371680,124.25,124.26,124.26,124.25,0.2
1547371740,124.25,124.26,124.26,124.26,13.22
1547371860,124.0,124.25,124.25,124.01,44.93
1547371920,124.01,124.02,124.01,124.02,3.71
1547371980,124.02,124.02,124.02,124.02,6.22
1547372040,124.01,124.01,124.01,124.01,4.56
1547372100,124.02,124.02,124.02,124.02,0.57
1547372160,124.02,124.02,124.02,124.02,0.617
1547372340,124.02,124.02,124.02,124.02,0.145
1547372520,124.02,124.02,124.02,124.02,1.98
1547372580,124.01,124.14,124.01,124.14,3.87
1547372640,124.03,124.12,124.12,124.03,89.15
1547372760,124.07,124.07,124.07,124.07,1.0
1547372820,124.03,124.08,124.08,124.03,17.6
1547372880,124.04,124.04,124.04,124.04,0.174
1547372940,124.03,124.03,124.03,124.03,1.02
1547373000,124.02,124.09,124.02,124.09,5.91
1547373060,124.05,124.2,124.05,124.2,13.84
1547373120,124.16,124.16,124.16,124.16,0.771
1547373180,124.16,124.16,124.16,124.16,3.64
1547373240,124.13,124.15,124.15,124.14,1.79
1547373300,124.1,124.14,124.13,124.14,4.01
1547373360,124.14,124.14,124.14,124.14,0.0321
1547373420,124.13,124.13,124.13,124.13,0.522
1547373480,124.14,124.14,124.14,124.14,4.26
1547373540,124.08,124.13,124.13,124.09,2.55
1547373660,124.03,124.08,124.08,124.03,25.91
1547373720,124.03,124.04,124.04,124.04,2.22
1547373840,124.07,124.11,124.07,124.11,4.75
1547373900,124.11,124.11,124.11,124.11,0.564
1547374020,124.1,124.24,124.1,124.17,4.8
1547374080,124.16,124.16,124.16,124.16,3.68
1547374200,124.17,124.17,124.17,124.17,34.75
1547374380,124.16,124.17,124.16,124.17,4.69
1547374440,124.16,124.17,124.16,124.17,1.04
1547374500,124.16,124.17,124.17,124.16,0.564
1547374560,124.1,124.16,124.16,124.1,47.14
1547374740,124.07,124.13,124.13,124.07,4.14
1547374860,124.07,124.07,124.07,124.07,0.899
1547374920,124.08,124.08,124.08,124.08,0.557
1547374980,124.07,124.07,124.07,124.07,1.62
1547375100,124.07,124.16,124.07,124.11,21.47
1547375160,124.1,124.1,124.1,124.1,9.43
1547375220,124.11,124.11,124.11,124.11,42.18
1547375280,124.13,124.16,124.13,124.16,1.36
1547375340,124.15,124.2,124.16,124.16,2.0
1547375400,124.09,124.16,124.16,124.14,4.58
1547375460,124.15,124.15,124.15,124.15,1.0
1547375520,124.14,124.14,124.14,124.14,0.436
1547375580,124.01,124.14,124.14,124.01,34.03
1547375640,124.07,124.07,124.07,124.07,1.22
1547375700,124.07,124.15,124.07,124.15,7.56
1547375760,124.14,124.14,124.14,124.14,0.108
1547375880,124.14,124.18,124.14,124.17,1.7
1547375940,124.16,124.17,124.17,124.17,2.78
1547376060,124.17,124.26,124.17,124.26,2.0
1547376120,124.25,124.25,124.25,124.25,2.0
1547376180,124.25,124.25,124.25,124.25,10.57
1547376360,124.25,124.25,124.25,124.25,4.98
1547376480,124.24,124.25,124.24,124.25,9.51
1547376540,124.25,124.28,124.25,124.28,1.3
1547376600,124.19,124.27,124.27,124.23,8.56
1547376720,124.13,124.22,124.22,124.13,1.0
1547376780,124.12,124.12,124.12,124.12,1.93
1547376840,124.12,124.12,124.12,124.12,0.0241
1547376900,124.07,124.12,124.12,124.07,14.59
1547376960,124.08,124.08,124.08,124.08,0.36
1547377020,124.07,124.08,124.08,124.08,1.08
1547377080,124.08,124.12,124.08,124.12,3.0
1547377200,124.09,124.1,124.09,124.1,4.3
1547377320,124.1,124.1,124.1,124.1,1.0
1547377380,124.09,124.09,124.09,124.09,16.6
1547377440,124.1,124.18,124.1,124.18,1.0
1547377500,124.14,124.18,124.14,124.15,1.79
1547377560,124.15,124.15,124.15,124.15,0.0774
1547377620,124.11,124.15,124.15,124.11,7.98
1547377680,124.13,124.16,124.13,124.13,2.08
1547377740,124.13,124.13,124.13,124.13,0.148
1547377860,124.0,124.12,124.12,124.0,6.19
1547377980,124.05,124.06,124.05,124.06,1.43
1547378040,124.06,124.06,124.06,124.06,0.254
1547378160,123.99,124.06,124.05,124.06,62.4
1547378220,124.05,124.05,124.05,124.05,8.5
1547378280,124.05,124.05,124.05,124.05,29.59
1547378340,124.05,124.05,124.05,124.05,3.95
1547378400,124.04,124.05,124.04,124.05,4.95
1547378520,124.05,124.05,124.05,124.05,2.44
1547378580,124.06,124.06,124.06,124.06,0.161
1547378760,124.05,124.05,124.05,124.05,0.48
1547378820,124.06,124.06,124.06,124.06,0.0602
1547378880,123.83,124.06,124.06,123.83,241.04
1547378940,123.94,123.94,123.94,123.94,40.0
1547379000,123.94,123.95,123.94,123.94,4.62
1547379060,123.89,123.89,123.89,123.89,2.27
1547379180,123.89,123.89,123.89,123.89,1.0
1547379240,123.9,123.9,123.9,123.9,1.57
1547379480,123.9,123.9,123.9,123.9,0.278
1547379540,123.9,123.91,123.9,123.91,2.79
1547379660,123.89,123.92,123.92,123.89,2.18
1547379720,123.86,123.92,123.86,123.92,5.93
1547379780,123.78,123.9,123.9,123.78,65.0
1547379840,123.8,123.8,123.8,123.8,0.0322
1547379900,123.79,123.8,123.79,123.8,0.122
1547379960,123.8,123.8,123.8,123.8,0.582
1547380080,123.79,123.8,123.79,123.79,0.329
1547380140,123.8,123.8,123.8,123.8,0.12
1547380200,123.79,123.79,123.79,123.79,8.1
1547380260,123.73,123.79,123.79,123.73,101.42
1547380320,123.73,123.75,123.75,123.73,3.26
1547380380,123.74,123.74,123.74,123.74,0.207
1547380440,123.73,123.73,123.73,123.73,0.878
1547380560,123.74,123.74,123.74,123.74,24.61
1547380620,123.73,123.73,123.73,123.73,1.88
1547380680,123.74,123.8,123.74,123.79,11.09
1547380740,123.79,123.81,123.79,123.81,280.5
1547380800,123.81,123.81,123.81,123.81,88.57
1547380860,123.81,124.01,123.81,124.01,97.83
1547380920,124.03,124.21,124.03,124.2,81.49
1547380980,124.2,124.22,124.2,124.22,67.8
1547381040,124.22,124.23,124.22,124.23,11.74
1547381100,124.23,124.34,124.23,124.34,11.0
1547381160,124.26,124.39,124.39,124.32,12.63
1547381220,124.22,124.31,124.31,124.22,1.4
1547381280,124.14,124.21,124.21,124.15,202.23
1547381400,124.04,124.14,124.14,124.06,9.61
1547381460,124.06,124.07,124.06,124.06,3.86
1547381520,124.07,124.07,124.07,124.07,0.0322
1547381580,124.06,124.07,124.06,124.07,4.05
1547381640,124.05,124.06,124.06,124.05,48.68
1547381700,124.05,124.05,124.05,124.05,0.232
1547381760,124.06,124.06,124.06,124.06,0.108
1547381820,124.05,124.06,124.05,124.06,9.55
1547381880,123.87,124.05,124.05,123.87,205.4
1547381940,123.83,123.84,123.83,123.84,53.46
1547382000,123.84,123.84,123.84,123.84,0.779
1547382060,123.84,123.84,123.84,123.84,0.773
1547382120,123.83,123.83,123.83,123.83,66.0
1547382240,123.83,123.84,123.84,123.83,168.89
1547382300,123.83,123.83,123.83,123.83,4.24
1547382360,123.83,123.84,123.84,123.83,55.98
1547382420,123.84,123.89,123.84,123.89,61.67
1547382480,123.67,123.83,123.83,123.67,15.2
1547382540,123.18,123.64,123.63,123.21,690.04
1547382600,122.92,123.91,123.22,123.89,918.92
1547382720,123.72,124.79,123.72,124.79,766.6
1547382780,124.51,125.21,124.79,124.59,947.46
1547382840,124.62,125.0,124.62,124.81,258.99
1547382900,124.8,124.8,124.8,124.8,1.63
1547382960,124.52,124.91,124.8,124.63,83.51
1547383020,124.33,124.7,124.7,124.41,108.74
1547383080,124.49,124.49,124.49,124.49,0.1
1547383140,124.39,124.74,124.39,124.58,67.97
1547383200,124.54,124.57,124.55,124.57,1.98
1547383260,124.57,124.58,124.57,124.58,7.0
1547383380,124.52,124.58,124.58,124.54,10.17
1547383440,124.54,124.54,124.54,124.54,1.22
1547383500,124.54,124.54,124.54,124.54,0.84
1547383560,124.53,124.64,124.54,124.64,40.17
1547383620,124.51,124.62,124.62,124.56,50.01
1547383680,124.52,124.56,124.56,124.52,2.31
1547383740,124.42,124.52,124.52,124.5,61.61
1547383800,124.23,124.49,124.49,124.23,25.89
1547383860,123.53,124.19,124.19,124.09,250.67
1547383920,123.92,124.2,124.0,124.11,13.71
1547383980,124.03,124.06,124.06,124.03,21.98
1547384040,123.89,124.0,123.99,124.0,4.85
1547384160,124.0,124.0,124.0,124.0,4.14
1547384220,123.97,123.99,123.99,123.97,0.972
1547384280,123.86,123.96,123.96,123.86,1.67
1547384340,123.87,123.88,123.88,123.87,4.23
1547384400,123.88,124.15,123.88,124.15,19.65
1547384460,124.02,124.14,124.14,124.04,19.85
1547384520,124.06,124.16,124.06,124.13,4.32
1547384580,124.15,124.17,124.15,124.17,1.28
1547384640,124.21,124.21,124.21,124.21,0.2
1547384700,124.21,124.21,124.21,124.21,0.0155
1547384760,124.21,124.31,124.21,124.31,10.97
1547384820,124.23,124.3,124.3,124.23,4.92
1547384880,124.21,124.31,124.21,124.31,3.08
1547384940,124.25,124.25,124.25,124.25,0.01
1547385000,124.21,124.25,124.25,124.21,3.9
1547385060,124.2,124.2,124.2,124.2,0.429
1547385120,124.21,124.21,124.21,124.21,0.321
1547385180,124.21,124.21,124.21,124.21,0.385
1547385240,124.06,124.2,124.2,124.06,2.19
1547385300,124.1,124.13,124.1,124.13,0.265
1547385360,124.12,124.12,124.12,124.12,0.979
1547385420,124.09,124.11,124.11,124.09,0.977
1547385480,124.08,124.08,124.08,124.08,1.02
1547385540,124.09,124.1,124.09,124.1,5.24
1547385600,124.09,124.09,124.09,124.09,1.24
1547385660,124.01,124.13,124.09,124.13,15.05
1547385720,124.13,124.13,124.13,124.13,0.778
1547385780,124.13,124.13,124.13,124.13,5.69
1547385840,124.05,124.13,124.12,124.11,42.49
1547385960,124.05,124.1,124.1,124.07,3.67
1547386020,124.07,124.11,124.07,124.11,18.2
1547386080,124.08,124.09,124.08,124.09,2.22
1547386140,124.09,124.09,124.09,124.09,2.0
1547386200,123.95,124.09,124.09,123.97,29.88
1547386260,123.93,124.06,123.93,124.06,1.06
1547386320,123.96,124.07,124.07,124.04,0.869
1547386500,123.85,124.05,124.05,123.85,100.99
1547386560,123.99,124.01,123.99,124.01,1.58
1547386620,123.98,123.98,123.98,123.98,3.21
1547386740,123.98,124.08,123.98,124.06,8.02
1547386800,124.06,124.11,124.06,124.11,18.67
1547386860,124.05,124.1,124.1,124.05,1.33
1547386920,124.06,124.06,124.06,124.06,1.98
1547386980,124.05,124.05,124.05,124.05,0.1
1547387040,124.05,124.05,124.05,124.05,0.77
1547387100,124.03,124.04,124.04,124.03,8.3
1547387160,124.03,124.03,124.03,124.03,3.71
1547387220,123.89,124.02,124.02,123.91,29.53
1547387340,123.91,123.92,123.92,123.92,3.01
1547387400,123.92,124.02,123.92,124.02,1.0
1547387460,123.98,124.04,123.98,124.04,0.385
1547387520,123.99,124.03,124.03,124.02,5.99
1547387580,124.04,124.61,124.04,124.39,412.21
1547387640,124.36,124.38,124.36,124.38,0.0721
1547387700,124.3,124.39,124.39,124.33,4.17
1547387820,124.13,124.32,124.32,124.13,29.16
1547387880,124.16,124.18,124.16,124.18,8.08
1547387940,124.24,124.27,124.24,124.27,18.02
1547388000,123.99,124.29,124.29,123.99,80.88
1547388060,123.98,123.99,123.99,123.98,6.99
1547388120,123.66,123.98,123.98,123.69,18.53
1547388180,123.69,123.92,123.69,123.92,32.06
1547388300,123.92,123.92,123.92,123.92,1.42
1547388360,123.93,124.0,123.93,124.0,6.92
1547388420,123.92,123.99,123.99,123.93,4.07
1547388480,123.91,123.99,123.99,123.96,20.19
1547388540,123.99,124.0,123.99,124.0,2.97
1547388600,123.99,124.0,123.99,124.0,2.59
1547388660,123.91,124.0,124.0,123.91,7.59
1547388720,123.91,123.97,123.96,123.97,17.3
1547388780,123.9,123.96,123.96,123.92,3.2
1547388840,123.75,123.94,123.94,123.88,203.92
1547388900,123.88,123.89,123.88,123.88,13.89
1547388960,123.93,123.95,123.93,123.95,2.72
1547389020,123.95,123.99,123.95,123.98,2.17
1547389080,123.97,123.98,123.98,123.97,0.475
1547389140,123.97,123.99,123.99,123.97,48.9
1547389200,123.81,123.87,123.87,123.81,1.44
1547389260,123.81,123.81,123.81,123.81,0.0724
1547389320,123.84,123.84,123.84,123.84,0.804
1547389380,123.79,123.9,123.9,123.82,4.86
1547389440,123.86,123.87,123.86,123.86,4.27
1547389500,123.86,123.92,123.89,123.92,9.66
1547389560,123.8,123.86,123.86,123.81,16.81
1547389680,123.8,123.81,123.81,123.81,4.35
1547389740,123.81,124.0,123.81,123.87,46.25
1547389800,123.86,123.95,123.92,123.86,2.93
1547389860,123.91,123.93,123.92,123.93,4.05
1547389920,123.95,123.97,123.95,123.97,15.44
1547389980,123.89,123.97,123.89,123.97,0.835
1547390040,123.93,123.97,123.97,123.96,1.26
1547390100,123.81,123.95,123.95,123.81,5.47
1547390160,123.83,123.83,123.83,123.83,1.48
1547390220,123.82,123.82,123.82,123.82,1.44
1547390280,123.82,123.83,123.83,123.82,4.33
1547390340,123.82,123.83,123.83,123.82,0.159
1547390400,123.83,123.83,123.83,123.83,0.0805
1547390460,123.82,123.83,123.83,123.82,16.15
1547390520,123.82,123.83,123.82,123.83,1.9
1547390580,123.81,123.83,123.82,123.82,12.51
1547390640,123.83,123.83,123.83,123.83,17.33
1547390700,123.88,123.92,123.92,123.88,17.0
1547390760,123.91,123.91,123.91,123.91,0.0236
1547422140,114.83,115.2,115.2,115.15,944.52
1547422200,114.9,115.1,115.09,114.9,12.66
1547422260,114.96,115.07,115.0,115.07,7.32
1547422320,114.94,115.13,115.07,115.13,69.08
1547422380,115.13,115.46,115.13,115.29,53.19
1547422440,115.34,115.49,115.34,115.49,12.71
1547422500,115.41,115.42,115.42,115.42,3.66
1547422560,115.41,115.42,115.41,115.42,8.45
1547422620,115.41,115.42,115.42,115.41,24.89
1547422680,115.3,115.42,115.42,115.31,155.09
1547422740,115.31,115.34,115.31,115.34,5.93
1547422800,115.26,115.34,115.34,115.26,36.76
1547422860,115.27,115.3,115.27,115.29,52.19
1547422920,115.28,115.29,115.29,115.28,5.1
1547422980,115.28,115.39,115.28,115.39,311.25
1547423040,115.39,115.4,115.39,115.4,149.05
1547423100,115.39,115.57,115.4,115.56,259.39
1547423160,115.56,115.56,115.56,115.56,19.25
1547423220,115.35,115.56,115.55,115.45,38.69
1547423280,115.43,115.48,115.43,115.46,21.26
1547423340,115.3,115.49,115.45,115.33,244.67
1547423400,115.38,115.54,115.45,115.44,173.46
1547423460,115.35,115.51,115.44,115.5,51.63
1547423520,115.42,115.49,115.49,115.49,36.88
1547423580,115.32,115.45,115.45,115.44,14.44
1547423640,115.34,115.49,115.47,115.49,7.89
1547423700,115.49,115.49,115.49,115.49,2.8
1547423760,115.48,115.49,115.49,115.49,6.84
1547423820,115.48,115.49,115.48,115.49,9.75
1547423880,115.48,115.49,115.49,115.49,19.77
1547423940,115.48,115.58,115.49,115.58,30.03
1547424000,115.61,115.63,115.61,115.62,21.61
1547424060,115.34,115.63,115.63,115.5,15.6
1547424120,115.4,115.47,115.43,115.46,5.7
1547424180,115.42,115.51,115.47,115.5,17.27
1547424240,115.45,115.51,115.45,115.5,35.53
1547424300,115.46,115.54,115.48,115.54,45.3
1547424360,115.5,115.53,115.5,115.53,19.1
1547424420,115.5,115.52,115.52,115.51,10.51
1547424480,115.51,115.59,115.53,115.57,9.81
1547424540,115.52,115.56,115.53,115.56,0.468
1547424600,115.56,115.56,115.56,115.56,13.81
1547424660,115.5,115.56,115.56,115.52,22.73
1547424720,115.52,115.52,115.52,115.52,0.0776
1547424780,115.51,115.54,115.51,115.54,32.24
1547424840,115.51,115.56,115.53,115.52,2.95
1547424900,115.52,115.64,115.52,115.61,12.96
1547424960,115.51,115.6,115.6,115.55,11.22
1547425020,115.53,115.58,115.54,115.58,8.0
1547425080,115.54,115.58,115.56,115.55,19.09
1547425140,115.54,115.56,115.55,115.55,7.38
1547425200,115.55,115.56,115.56,115.55,32.71
1547425260,115.55,115.55,115.55,115.55,9.65
1547425320,115.54,115.55,115.54,115.55,53.33
1547425380,115.54,115.56,115.54,115.56,3.04
1547425440,115.54,115.59,115.56,115.58,69.33
1547425500,115.57,115.58,115.58,115.58,3.57
1547425560,115.58,115.59,115.59,115.58,3.77
1547425620,115.57,115.58,115.58,115.58,3.66
1547425680,115.57,115.58,115.58,115.57,5.26
1547425740,115.58,115.59,115.59,115.59,6.1
1547425800,115.58,115.59,115.59,115.58,6.03
1547425860,115.58,115.59,115.58,115.59,13.73
1547425920,115.58,115.59,115.59,115.59,15.07
1547425980,115.58,115.59,115.59,115.59,9.08
1547426040,115.58,115.59,115.59,115.59,19.7
1547426100,115.58,115.59,115.59,115.59,5.02
1547426160,115.58,115.59,115.59,115.59,14.46
1547426220,115.58,115.59,115.58,115.59,15.82
1547426280,115.59,115.59,115.59,115.59,6.58
1547426340,115.58,115.59,115.59,115.59,7.43
1547426400,115.58,115.59,115.59,115.59,17.26
1547426460,115.59,115.76,115.59,115.76,394.22
1547426520,115.75,115.78,115.75,115.76,153.28
1547426580,115.75,115.76,115.76,115.76,43.35
1547426640,115.75,115.76,115.75,115.76,31.83
1547426700,115.76,116.0,115.76,115.99,211.32
1547426760,115.92,115.99,115.99,115.93,130.94
1547426820,115.93,115.99,115.93,115.99,16.15
1547426880,115.96,115.98,115.96,115.98,6.25
1547426940,115.97,115.98,115.98,115.98,9.93
1547427000,115.98,116.0,115.98,116.0,70.39
1547427060,115.99,116.03,116.0,116.01,46.63
1547427120,115.99,116.0,116.0,115.99,18.04
1547427180,115.99,116.0,116.0,116.0,72.82
1547427240,115.93,116.0,115.99,115.93,52.43
1547427300,115.95,115.98,115.95,115.97,13.09
1547427360,115.98,116.11,115.98,116.08,44.53
1547427420,116.07,116.22,116.08,116.14,329.01
1547427480,116.14,116.15,116.14,116.15,9.87
1547427540,116.14,116.2,116.14,116.2,27.89
1547427600,116.19,116.2,116.2,116.19,6.17
1547427660,116.19,116.26,116.2,116.23,119.25
1547427720,116.23,116.28,116.23,116.28,74.0
1547427780,116.28,116.28,116.28,116.28,26.01
1547427840,116.27,116.28,116.28,116.28,44.67
1547427900,116.27,116.28,116.28,116.28,37.11
1547427960,116.28,116.45,116.28,116.45,436.26
1547428020,116.44,116.45,116.45,116.45,58.07
1547428080,116.45,116.81,116.45,116.76,396.43
1547428140,116.72,117.3,116.85,116.75,1376.93
1547428200,116.6,116.75,116.75,116.64,737.74
1547428260,116.62,116.74,116.63,116.62,95.42
1547428320,116.67,116.8,116.67,116.79,199.06
1547428380,116.79,116.97,116.79,116.97,1008.93
1547428440,116.91,117.11,116.94,117.07,55.88
1547428500,117.07,117.27,117.07,117.27,382.2
1547428560,117.25,117.28,117.27,117.28,560.37
1547428620,117.26,117.52,117.28,117.36,801.27
1547428680,117.35,117.36,117.36,117.35,161.97
1547428740,117.36,117.39,117.36,117.39,484.78
1547428800,117.38,117.41,117.39,117.39,159.08
1547428860,117.38,117.47,117.39,117.38,498.99
1547428920,117.38,117.83,117.38,117.77,567.72
1547428980,117.47,117.77,117.77,117.49,897.85
1547429040,117.48,117.51,117.48,117.5,45.77
1547429100,117.3,117.5,117.5,117.3,1834.96
1547429160,116.92,117.28,117.28,117.08,157.76
1547429220,116.96,117.12,117.07,117.11,448.63
1547429280,117.1,117.11,117.11,117.11,127.54
1547429340,117.1,117.12,117.11,117.1,483.58
1547429400,117.0,117.1,117.1,117.01,432.18
1547429460,117.0,117.01,117.0,117.01,66.6
1547429520,117.0,117.01,117.01,117.0,151.04
1547429580,117.01,117.01,117.01,117.01,5.22
1547429640,117.0,117.01,117.01,117.0,75.49
1547429700,117.0,117.01,117.0,117.01,53.88
1547429760,117.0,117.05,117.0,117.05,47.28
1547429820,117.04,117.28,117.05,117.28,320.4
1547429880,117.19,117.36,117.25,117.36,28.5
1547429940,117.32,117.49,117.32,117.4,331.07
1547430000,117.43,117.49,117.44,117.43,83.49
1547430060,117.43,117.49,117.44,117.46,253.96
1547430120,117.34,117.45,117.45,117.38,171.12
1547430180,117.17,117.34,117.33,117.17,58.99
1547430240,117.17,117.24,117.17,117.22,17.94
1547430300,117.17,117.2,117.2,117.18,23.03
1547430360,117.18,117.23,117.18,117.23,6.87
1547430420,117.22,117.3,117.22,117.3,28.23
1547430480,117.29,117.3,117.29,117.3,1.49
1547430540,117.29,117.3,117.3,117.29,11.8
1547430600,117.3,117.3,117.3,117.3,27.16
1547430660,117.22,117.33,117.3,117.27,126.61
1547430720,117.15,117.33,117.27,117.15,45.86
1547430780,117.22,117.25,117.22,117.22,8.74
1547430840,117.1,117.25,117.25,117.12,43.22
1547430900,117.0,117.11,117.1,117.04,159.66
1547430960,117.04,117.05,117.04,117.05,58.24
1547431020,117.04,117.05,117.05,117.04,11.29
1547431080,117.05,117.19,117.05,117.19,66.54
1547431140,117.07,117.19,117.17,117.17,27.46
1547431200,117.0,117.18,117.17,117.1,233.32
1547431260,117.0,117.1,117.05,117.1,23.62
1547431320,117.06,117.13,117.1,117.06,29.07
1547431380,117.0,117.07,117.07,117.0,26.64
1547431440,117.0,117.01,117.0,117.0,37.34
1547431500,116.82,117.0,117.0,116.93,129.49
1547431560,116.93,116.93,116.93,116.93,2.15
1547431620,116.93,117.19,116.93,117.19,348.02
1547431680,117.19,117.2,117.2,117.2,273.27
1547431740,117.2,117.2,117.2,117.2,18.86
1547431800,117.0,117.2,117.2,117.15,63.79
1547431860,117.15,117.2,117.17,117.2,10.5
1547431920,117.05,117.16,117.16,117.13,60.94
1547431980,117.1,117.11,117.11,117.1,10.58
1547432040,117.11,117.2,117.11,117.16,179.36
1547432100,117.08,117.2,117.14,117.16,91.73
1547432160,117.19,117.2,117.19,117.19,21.16
1547432220,117.19,117.2,117.19,117.2,32.42
1547432280,117.19,117.2,117.2,117.19,11.06
1547432340,117.13,117.2,117.2,117.18,35.94
1547432400,117.18,117.18,117.18,117.18,11.52
1547432460,117.1,117.18,117.17,117.1,10.03
1547432520,117.09,117.1,117.1,117.09,13.09
1547432580,117.09,117.1,117.1,117.1,17.96
1547432640,117.1,117.1,117.1,117.1,30.22
1547432700,117.09,117.1,117.1,117.1,27.34
1547432760,117.03,117.1,117.09,117.07,22.3
1547432820,117.01,117.08,117.08,117.01,5.8
1547432880,117.02,117.08,117.08,117.08,13.38
1547432940,117.04,117.05,117.05,117.05,30.04
1547433000,117.01,117.05,117.05,117.05,60.05
1547433060,117.04,117.05,117.04,117.05,10.62
1547433120,117.04,117.05,117.05,117.05,18.89
1547433180,117.04,117.08,117.05,117.07,113.88
1547433240,117.04,117.08,117.05,117.08,77.94
1547433300,117.07,117.1,117.08,117.1,144.84
1547433360,117.09,117.2,117.09,117.2,79.7
1547433420,117.07,117.16,117.09,117.11,83.06
1547433480,117.07,117.09,117.09,117.08,14.05
1547433540,117.07,117.1,117.08,117.07,8.47
1547433600,117.07,117.08,117.08,117.08,1.76
1547433660,117.07,117.08,117.08,117.07,18.11
1547433720,116.9,117.08,117.08,116.9,367.06
1547433780,116.81,116.9,116.81,116.84,50.79
1547433840,116.8,116.84,116.84,116.81,33.16
1547433900,116.79,116.82,116.81,116.82,175.67
1547433960,116.76,116.83,116.82,116.76,23.97
1547434020,116.68,116.82,116.75,116.79,37.02
1547434080,116.69,116.8,116.7,116.8,1.57
1547434140,116.8,116.8,116.8,116.8,0.946
1547434200,116.79,116.8,116.8,116.8,5.04
1547434260,116.79,116.82,116.8,116.82,2.48
1547434320,116.81,116.82,116.82,116.82,22.02
1547434380,116.82,116.95,116.82,116.95,256.88
1547434440,116.89,116.97,116.94,116.89,8.63
1547434500,116.9,116.95,116.9,116.95,18.47
1547434560,116.96,116.97,116.96,116.96,3.85
1547434620,116.95,116.96,116.96,116.96,4.19
1547434680,116.96,116.96,116.96,116.96,16.21
1547434740,116.95,116.96,116.96,116.95,47.87
1547434800,116.96,116.97,116.96,116.97,11.88
1547434860,116.96,116.97,116.96,116.97,10.21
1547434920,116.96,116.97,116.97,116.97,20.61
1547434980,116.97,116.97,116.97,116.97,5.27
1547435040,116.96,116.97,116.97,116.97,9.06
1547435100,116.95,116.97,116.97,116.95,87.0
1547435160,116.95,116.96,116.96,116.95,20.48
1547435220,116.95,116.96,116.96,116.95,110.24
1547435280,116.86,116.96,116.96,116.9,25.67
1547435340,116.85,116.9,116.89,116.85,21.55
1547435400,116.85,116.9,116.86,116.85,4.74
1547435460,116.85,116.9,116.86,116.89,36.92
1547435520,116.89,116.89,116.89,116.89,42.21
1547435580,116.85,116.88,116.88,116.87,9.42
1547435640,116.84,116.89,116.87,116.89,84.58
1547435700,116.84,116.92,116.85,116.84,54.37
1547435760,116.84,116.89,116.88,116.89,35.86
1547435820,116.84,116.89,116.88,116.88,11.02
1547435880,116.84,116.94,116.89,116.84,32.27
1547435940,116.86,116.94,116.92,116.87,21.14
1547436000,116.92,117.0,116.92,117.0,615.03
1547436060,116.99,117.0,117.0,117.0,21.57
1547436120,116.98,117.0,117.0,117.0,2.68
1547436180,116.99,117.0,117.0,117.0,10.84
1547436240,116.99,117.0,117.0,117.0,14.22
1547436300,116.98,117.05,116.99,117.05,413.07
1547436360,117.02,117.03,117.03,117.02,3.09
1547436420,116.94,117.03,117.03,116.98,9.76
1547436480,116.85,116.96,116.96,116.94,7.3
1547436540,116.92,116.94,116.92,116.94,10.82
1547436600,116.93,116.94,116.93,116.93,7.84
1547436660,116.93,116.94,116.94,116.93,7.8
1547436720,116.92,117.0,116.98,116.97,86.91
1547436780,117.0,117.04,117.0,117.04,2.72
1547436840,116.99,117.02,117.0,117.02,46.45
1547436900,117.01,117.02,117.02,117.02,7.27
1547436960,117.02,117.02,117.02,117.02,5.01
1547437020,117.01,117.02,117.02,117.02,2.97
1547437080,117.02,117.02,117.02,117.02,3.84
1547437140,117.01,117.02,117.02,117.01,5.96
1547437200,117.01,117.02,117.02,117.01,47.58
1547437260,117.01,117.03,117.02,117.01,10.59
1547437320,117.01,117.02,117.01,117.01,139.96
1547437380,116.99,117.01,117.01,116.99,131.7
1547437440,116.93,116.98,116.98,116.94,62.98
1547437500,116.93,116.94,116.94,116.93,58.85
1547437560,116.94,117.24,116.94,117.19,661.73
1547437620,117.13,117.25,117.19,117.23,158.88
1547437680,117.16,117.23,117.18,117.16,112.49
1547437740,117.17,117.25,117.17,117.22,44.07
1547437800,117.16,117.22,117.22,117.17,9.31
1547437860,117.13,117.19,117.16,117.16,95.85
1547437920,117.16,117.16,117.16,117.16,3.82
1547437980,117.15,117.18,117.15,117.18,47.28
1547438040,117.18,117.18,117.18,117.18,15.93
1547438100,117.17,117.18,117.18,117.18,22.59
1547438160,117.18,117.18,117.18,117.18,3.21
1547438220,117.18,117.18,117.18,117.18,25.82
1547438280,117.17,117.18,117.18,117.18,20.7
1547438340,117.18,117.18,117.18,117.18,2.97
1547438400,117.11,117.18,117.17,117.15,129.4
1547438460,117.1,117.13,117.13,117.1,31.53
1547438520,117.1,117.13,117.12,117.13,72.28
1547438580,117.13,117.14,117.13,117.14,7.24
1547438640,117.1,117.13,117.13,117.12,54.0
1547438700,117.1,117.12,117.12,117.1,20.15
1547438760,117.09,117.11,117.11,117.09,32.79
1547438820,117.05,117.1,117.09,117.05,15.83
1547438880,117.05,117.06,117.06,117.06,35.31
1547438940,117.05,117.06,117.06,117.05,5.05
1547439000,117.05,117.08,117.06,117.06,157.69
1547439060,117.01,117.09,117.06,117.07,71.64
1547439120,117.06,117.07,117.07,117.06,1.48
1547439180,116.98,117.06,117.06,116.99,6.57
1547439240,116.99,117.0,117.0,116.99,3.75
1547439300,116.74,116.99,116.99,116.96,439.88
1547439360,116.96,116.96,116.96,116.96,9.09
1547439420,116.96,117.0,116.96,117.0,11.38
1547439480,117.0,117.0,117.0,117.0,55.3
1547439540,117.0,117.05,117.0,117.05,26.39
1547439600,117.04,117.05,117.05,117.05,4.04
1547439660,117.04,117.05,117.05,117.05,23.32
1547439720,117.04,117.05,117.04,117.05,17.25
1547439780,117.04,117.05,117.05,117.04,7.81
1547439840,117.05,117.05,117.05,117.05,21.22
1547439900,117.04,117.05,117.04,117.05,43.05
1547439960,117.05,117.05,117.05,117.05,13.05
1547440020,117.05,117.05,117.05,117.05,187.07
1547440080,117.07,117.24,117.07,117.24,61.73
1547440140,117.24,117.25,117.25,117.25,81.24
1547440200,117.24,117.25,117.24,117.24,10.36
1547440260,117.25,117.25,117.25,117.25,1.74
1547440320,117.24,117.32,117.25,117.32,214.73
1547440380,117.27,117.36,117.36,117.32,98.4
1547440440,117.31,117.32,117.31,117.32,4.63
1547440500,117.31,117.32,117.32,117.32,1.19
1547440560,117.32,117.36,117.32,117.32,86.75
1547440620,117.33,117.36,117.36,117.34,13.14
1547440680,117.33,117.36,117.33,117.36,370.82
1547440740,117.36,117.36,117.36,117.36,8.1
1547440800,117.34,117.36,117.36,117.34,7.58
1547440860,117.33,117.34,117.33,117.34,6.45
1547440920,117.33,117.34,117.33,117.34,111.35
1547440980,117.33,117.34,117.34,117.34,55.83
1547441040,117.33,117.34,117.34,117.33,0.388
1547441100,117.21,117.34,117.33,117.23,30.36
1547441160,117.22,117.25,117.22,117.25,14.23
1547441220,117.18,117.25,117.24,117.25,38.25
1547441280,117.2,117.25,117.25,117.2,79.33
1547441340,117.22,117.25,117.22,117.25,1.26
1547441400,117.21,117.25,117.25,117.21,3.34
1547441460,117.2,117.22,117.22,117.2,80.53
1547441520,117.19,117.2,117.2,117.2,8.88
1547441580,117.2,117.2,117.2,117.2,5.68
1547441640,117.2,117.2,117.2,117.2,2.97
1547441700,117.19,117.2,117.2,117.2,14.03
1547441760,117.12,117.2,117.2,117.2,3.38
1547441820,117.13,117.19,117.19,117.16,9.31
1547441880,117.13,117.2,117.13,117.2,180.56
1547441940,117.22,117.36,117.22,117.35,23.08
1547442000,117.24,117.35,117.35,117.35,30.33
1547442060,117.3,117.51,117.3,117.5,79.43
1547442120,117.22,117.5,117.5,117.36,297.74
1547442180,117.34,117.39,117.39,117.35,16.86
1547442240,117.35,117.35,117.35,117.35,8.26
1547442300,117.28,117.34,117.34,117.29,21.37
1547442360,117.23,117.29,117.28,117.27,5.3
1547442420,117.23,117.28,117.23,117.28,1.51
1547442480,117.28,117.28,117.28,117.28,21.51
1547442540,117.28,117.45,117.28,117.37,355.45
1547442600,117.27,117.38,117.38,117.29,94.0
1547442660,117.08,117.33,117.28,117.08,578.85
1547442720,117.08,117.23,117.08,117.22,5.09
1547442780,117.22,117.22,117.22,117.22,2.71
1547442840,117.07,117.22,117.22,117.08,52.98
1547442900,117.07,117.08,117.07,117.08,22.55
1547442960,117.0,117.08,117.08,117.0,20.14
1547443020,116.95,117.01,117.01,116.95,14.54
1547443080,116.95,116.95,116.95,116.95,0.0665
1547469900,116.65,116.66,116.66,116.66,33.66
1547469960,116.65,116.66,116.65,116.66,7.95
1547470020,116.65,116.66,116.66,116.65,42.52
1547470080,116.59,116.66,116.66,116.59,18.51
1547470140,116.6,116.6,116.6,116.6,3.5
1547470200,116.59,116.6,116.59,116.59,5.88
1547470260,116.6,116.76,116.6,116.74,67.71
1547470320,116.78,116.96,116.78,116.88,142.31
1547470380,116.88,117.0,116.89,117.0,13.27
1547470440,117.0,117.01,117.0,117.01,150.9
1547470500,116.95,117.02,117.02,116.95,9.06
1547470560,116.94,116.95,116.95,116.95,12.88
1547470620,116.92,116.95,116.95,116.93,5.65
1547470680,116.89,117.06,116.89,117.05,9.04
1547470740,116.92,117.05,117.05,116.92,9.61
1547470800,117.1,117.24,117.1,117.21,75.3
1547470860,117.19,117.5,117.21,117.38,378.25
1547470920,117.28,117.47,117.46,117.36,24.71
1547470980,117.31,117.44,117.31,117.42,22.78
1547471040,117.28,117.42,117.42,117.32,25.37
1547471100,117.31,117.35,117.35,117.33,19.28
1547471160,117.2,117.3,117.3,117.29,81.23
1547471220,117.23,117.27,117.26,117.27,2.45
1547471280,117.27,117.29,117.28,117.29,7.27
1547471340,117.3,117.3,117.3,117.3,0.17
1547471400,117.25,117.31,117.26,117.3,26.1
1547471460,117.29,117.3,117.3,117.29,203.94
1547471520,117.2,117.28,117.28,117.22,526.67
1547471580,117.13,117.25,117.13,117.25,21.56
1547471640,117.24,117.24,117.24,117.24,0.883
1547471700,117.24,117.25,117.25,117.24,13.34
1547471760,117.25,117.25,117.25,117.25,6.28
1547471820,117.11,117.25,117.25,117.11,24.62
1547471880,117.19,117.25,117.19,117.24,2.04
1547471940,117.13,117.25,117.16,117.24,43.79
1547472000,117.14,117.22,117.16,117.19,16.11
1547472060,117.1,117.18,117.17,117.11,5.95
1547472120,117.05,117.1,117.1,117.1,22.89
1547472180,116.92,117.1,117.1,116.92,77.34
1547472240,116.96,117.0,116.98,117.0,11.84
1547472300,116.96,117.0,117.0,117.0,6.57
1547472360,116.99,117.02,116.99,117.01,8.23
1547472420,117.02,117.02,117.02,117.02,0.0766
1547472480,116.96,116.99,116.99,116.96,6.0
1547472540,116.97,117.02,116.97,117.02,80.93
1547472600,117.02,117.02,117.02,117.02,0.408
1547472660,117.01,117.02,117.02,117.01,36.06
1547472780,117.01,117.01,117.01,117.01,5.11
1547472840,117.02,117.15,117.02,117.15,13.38
1547472900,117.15,117.26,117.15,117.25,11.42
1547472960,117.16,117.24,117.24,117.24,2.62
1547473020,117.19,117.26,117.19,117.26,15.4
1547473080,117.16,117.26,117.22,117.25,12.95
1547473140,117.27,117.27,117.27,117.27,1.26
1547473200,117.16,117.27,117.27,117.21,13.09
1547473260,117.24,117.27,117.25,117.24,19.34
1547473320,117.25,117.47,117.25,117.47,85.46
1547473380,117.29,117.39,117.39,117.37,20.24
1547473440,117.29,117.37,117.34,117.31,12.39
1547473500,117.29,117.43,117.35,117.34,34.98
1547473560,117.29,117.4,117.34,117.39,30.77
1547473620,117.31,117.42,117.39,117.41,47.53
1547473680,117.33,117.39,117.39,117.35,1.84
1547473740,117.22,117.3,117.26,117.3,6.11
1547473800,117.26,117.3,117.29,117.26,6.52
1547473860,117.15,117.25,117.25,117.15,41.68
1547473920,117.1,117.12,117.12,117.1,21.07
1547473980,117.1,117.14,117.14,117.11,44.77
1547474040,117.02,117.11,117.1,117.11,22.87
1547474100,117.1,117.17,117.11,117.17,13.78
1547474160,117.11,117.18,117.18,117.18,5.19
1547474220,117.14,117.26,117.17,117.14,83.99
1547474280,117.0,117.19,117.19,117.07,38.16
1547474340,116.86,117.08,117.08,116.87,37.52
1547474400,116.85,116.87,116.86,116.86,47.01
1547474460,116.85,116.86,116.86,116.86,9.05
1547474520,116.86,116.89,116.86,116.88,24.0
1547474580,116.81,116.94,116.88,116.91,96.05
1547474640,116.81,116.86,116.85,116.81,1.3
1547474700,116.79,116.85,116.82,116.79,2.91
1547474760,116.82,116.83,116.82,116.83,6.52
1547474820,116.83,116.83,116.83,116.83,23.96
1547474880,116.83,116.93,116.83,116.91,45.72
1547474940,116.89,116.97,116.9,116.92,36.08
1547475000,116.9,116.92,116.92,116.9,0.202
1547475060,116.86,116.86,116.86,116.86,4.2
1547475120,116.81,116.85,116.85,116.82,32.09
1547475180,116.62,116.81,116.81,116.62,244.63
1547475240,116.61,116.63,116.63,116.61,29.87
1547475300,116.61,116.62,116.62,116.62,184.91
1547475360,116.61,116.66,116.61,116.66,36.28
1547475420,116.6,116.7,116.69,116.7,16.89
1547475480,116.64,116.69,116.69,116.67,14.57
1547475540,116.67,116.7,116.68,116.7,122.74
1547475600,116.7,116.86,116.7,116.86,20.54
1547475660,116.86,116.91,116.86,116.9,18.0
1547475720,116.91,116.91,116.91,116.91,0.901
1547475780,116.89,116.91,116.91,116.9,205.05
1547475840,116.85,116.9,116.89,116.85,16.51
1547475900,116.86,116.86,116.86,116.86,1.95
1547475960,116.85,116.86,116.86,116.86,18.66
1547476020,116.85,116.86,116.86,116.86,15.71
1547476080,116.85,116.86,116.86,116.86,3.9
1547476140,116.86,116.86,116.86,116.86,2.0
1547476200,116.86,116.86,116.86,116.86,3.27
1547476260,116.85,116.86,116.86,116.86,14.94
1547476320,116.86,116.86,116.86,116.86,5.41
1547476380,116.85,116.86,116.85,116.86,44.7
1547476440,116.58,116.86,116.86,116.58,85.74
1547476500,116.55,116.59,116.58,116.58,7.2
1547476560,116.58,116.59,116.59,116.58,5.17
1547476620,116.58,116.59,116.59,116.58,1.4
1547476680,116.55,116.59,116.59,116.59,32.24
1547476740,116.59,116.76,116.59,116.65,182.87
1547476800,116.55,116.63,116.63,116.56,33.78
1547476860,116.44,116.55,116.55,116.44,115.74
1547476920,116.44,116.45,116.44,116.45,9.2
1547476980,116.45,116.45,116.45,116.45,4.11
1547477040,116.44,116.45,116.45,116.44,33.27
1547477100,116.44,116.45,116.45,116.44,18.87
1547477160,116.45,116.45,116.45,116.45,4.21
1547477220,116.44,116.45,116.45,116.45,7.68
1547477280,116.44,116.44,116.44,116.44,1.35
1547477340,116.45,116.73,116.45,116.72,461.29
1547477400,116.72,116.73,116.73,116.72,65.72
1547477460,116.66,116.72,116.72,116.67,74.98
1547477520,116.66,116.67,116.67,116.67,114.78
1547477580,116.66,116.67,116.67,116.67,3.51
1547477640,116.66,116.67,116.66,116.67,29.5
1547477700,116.63,116.67,116.66,116.63,75.57
1547477760,116.66,116.67,116.66,116.67,34.92
1547477820,116.66,116.67,116.66,116.67,14.8
1547477880,116.67,116.78,116.67,116.78,18.73
1547477940,116.77,116.9,116.78,116.85,9.51
1547478000,116.86,116.88,116.86,116.88,18.53
1547478060,116.89,116.9,116.89,116.9,14.73
1547478120,116.83,116.91,116.91,116.86,76.19
1547478180,116.88,116.95,116.93,116.9,15.3
1547478240,116.88,116.9,116.89,116.9,4.59
1547478300,116.84,116.9,116.89,116.84,20.46
1547478360,116.87,116.88,116.88,116.87,4.1
1547478420,116.84,116.88,116.88,116.85,79.68
1547478480,116.85,116.86,116.85,116.85,2.18
1547478540,116.85,116.88,116.85,116.88,34.86
1547478600,116.87,116.9,116.88,116.87,29.28
1547478660,116.87,116.88,116.88,116.88,3.8
1547478720,116.87,116.88,116.88,116.88,4.6
1547478780,116.87,116.9,116.88,116.89,24.66
1547478840,116.89,117.0,116.9,117.0,109.25
1547478900,116.96,116.99,116.98,116.97,6.28
1547478960,116.97,116.98,116.97,116.97,17.39
1547479020,116.98,117.0,116.98,117.0,15.98
1547479080,116.98,117.0,116.98,117.0,14.5
1547479140,117.0,117.0,117.0,117.0,52.97
1547479200,116.99,117.0,116.99,116.99,8.9
1547479260,116.99,117.0,116.99,117.0,27.85
1547479320,117.0,117.0,117.0,117.0,6.4
1547479380,116.99,117.0,117.0,117.0,41.73
1547479440,117.0,117.0,117.0,117.0,51.56
1547479500,117.0,117.1,117.0,117.03,48.85
1547479560,117.03,117.09,117.05,117.07,18.41
1547479620,117.05,117.07,117.05,117.06,21.83
1547479680,117.05,117.06,117.05,117.06,25.52
1547479740,116.93,117.06,117.06,116.93,155.83
1547479800,116.93,117.02,116.95,116.93,78.38
1547479860,116.96,117.0,116.96,117.0,3.11
1547479920,117.0,117.77,117.0,117.77,1607.34
1547479980,117.81,121.17,117.81,121.17,7680.29
1547480040,121.2,123.17,121.2,123.17,2637.86
1547480100,123.04,125.19,123.14,125.18,2783.1
1547480160,123.93,125.18,125.18,123.94,1908.41
1547480220,123.1,124.0,124.0,123.12,1296.67
1547480280,122.92,123.79,123.11,123.33,2025.73
1547480340,123.3,123.38,123.33,123.38,648.86
1547480400,123.39,123.66,123.39,123.5,1168.72
1547480460,123.35,123.66,123.5,123.66,536.43
1547480520,123.65,124.76,123.65,124.71,1455.4
1547480580,124.52,125.05,124.75,124.6,825.5
1547480640,124.08,124.57,124.56,124.12,356.73
1547480700,124.1,126.41,124.1,126.07,3104.72
1547480760,125.52,126.25,126.1,125.86,816.39
1547480820,125.12,126.71,125.86,125.4,1642.72
1547480880,125.32,126.07,125.5,125.9,194.61
1547480940,125.0,126.0,126.0,125.0,1296.69
1547481000,125.0,125.61,125.01,125.42,144.03
1547481060,125.24,125.5,125.42,125.24,694.95
1547481120,125.31,125.5,125.31,125.37,205.23
1547481180,125.32,125.78,125.36,125.64,430.31
1547481240,125.57,127.4,125.64,127.12,3139.23
1547481300,126.34,127.12,127.12,127.0,1004.78
1547481360,126.35,127.19,127.0,127.19,1739.63
1547481420,127.18,127.9,127.19,127.58,3016.47
1547481480,127.54,129.45,127.57,129.35,3439.88
1547481540,128.12,129.37,129.29,128.75,1478.27
1547481600,128.65,130.0,128.7,129.66,2816.43
1547481660,129.73,131.61,129.73,130.97,5031.86
1547481720,130.7,132.38,130.91,131.2,4114.41
1547481780,129.13,131.18,131.18,129.34,1707.97
1547481840,129.01,129.85,129.27,129.07,892.72
1547481900,128.47,129.35,129.35,129.0,550.77
1547481960,128.87,129.46,128.92,129.0,747.93
1547482020,128.88,130.3,128.88,129.18,1770.75
1547482080,128.8,129.46,129.03,129.44,1022.22
1547482140,128.72,129.51,129.43,128.73,1372.34
1547482200,128.27,128.72,128.72,128.36,185.67
1547482260,128.22,129.27,128.28,129.27,736.28
1547482320,128.8,129.27,129.27,128.8,420.25
1547482380,128.53,128.95,128.94,128.92,239.42
1547482440,128.71,129.0,128.92,128.88,140.68
1547482500,128.5,129.0,128.94,128.5,1048.26
1547482560,128.4,128.59,128.4,128.51,82.15
1547482620,128.26,128.51,128.51,128.32,133.45
1547482680,128.35,128.39,128.36,128.36,151.93
1547482740,127.55,128.35,128.35,127.7,2547.66
1547482800,127.78,128.05,127.78,127.99,358.02
1547482860,127.91,128.16,127.98,128.07,212.4
1547482920,128.03,128.17,128.11,128.08,76.04
1547482980,127.58,128.15,128.08,127.58,429.72
1547483040,127.48,127.76,127.72,127.76,361.9
1547483100,127.76,127.97,127.76,127.96,253.95
1547483160,127.96,128.58,127.96,128.43,434.96
1547483220,128.44,128.71,128.44,128.71,284.79
1547483280,128.5,128.75,128.61,128.61,140.53
1547483340,127.75,128.58,128.57,127.93,1092.6
1547483400,127.7,128.23,127.93,127.7,118.96
1547483460,127.62,128.08,127.67,127.95,471.01
1547483520,127.84,128.18,128.06,127.96,155.05
1547483580,127.81,127.96,127.95,127.81,63.09
1547483640,127.7,127.83,127.8,127.75,69.28
1547483700,127.75,127.96,127.78,127.96,106.49
1547483760,127.95,127.97,127.96,127.97,98.99
1547483820,127.78,128.0,127.95,127.98,127.02
1547483880,127.83,128.07,127.87,127.83,21.24
1547483940,127.8,128.3,127.85,128.3,111.86
1547484000,128.01,128.3,128.21,128.02,114.31
1547484060,128.16,128.5,128.16,128.5,235.94
1547484120,128.44,128.57,128.44,128.54,435.66
1547484180,128.36,128.59,128.51,128.59,211.78
1547484240,128.47,128.65,128.58,128.64,41.98
1547484300,128.65,129.12,128.65,128.75,1434.67
1547484360,128.73,128.9,128.75,128.89,45.45
1547484420,128.79,128.88,128.88,128.83,117.93
1547484480,128.77,128.86,128.82,128.86,216.56
1547484540,128.85,128.96,128.86,128.96,609.66
1547484600,128.95,129.03,128.95,128.95,1780.78
1547484660,128.45,128.95,128.95,128.49,993.77
1547484720,128.19,128.46,128.45,128.26,48.91
1547484780,128.0,128.19,128.19,128.05,451.36
1547484840,128.05,128.26,128.05,128.25,20.62
1547484900,128.17,128.33,128.25,128.25,48.87
1547484960,128.32,128.55,128.33,128.35,441.16
1547485020,128.36,128.49,128.38,128.39,46.17
1547485080,128.39,128.4,128.39,128.4,13.65
1547485140,128.39,128.4,128.4,128.39,76.25
1547485200,128.39,128.66,128.39,128.65,281.86
1547485260,128.65,128.7,128.66,128.65,56.04
1547485320,128.42,128.79,128.65,128.65,386.54
1547485380,128.5,128.65,128.64,128.65,35.48
1547485440,128.64,128.84,128.64,128.84,48.38
1547485500,128.75,129.02,128.76,128.86,303.77
1547485560,128.81,129.03,128.88,128.93,59.36
1547485620,128.75,128.93,128.93,128.78,74.21
1547485680,128.78,128.79,128.79,128.79,47.17
1547485740,128.78,128.79,128.78,128.78,210.67
1547485800,128.65,128.79,128.79,128.65,168.01
1547485860,128.65,128.79,128.65,128.76,148.38
1547485920,128.65,128.76,128.73,128.71,21.04
1547485980,128.65,128.7,128.7,128.67,28.02
1547486040,128.65,128.73,128.67,128.73,35.84
1547486100,128.65,128.72,128.72,128.69,27.52
1547486160,128.59,128.72,128.69,128.7,337.87
1547486220,128.67,128.7,128.67,128.69,8.26
1547486280,128.59,128.7,128.69,128.6,119.58
1547486340,128.5,128.61,128.61,128.5,182.5
1547486400,128.5,128.51,128.5,128.5,36.5
1547486460,128.5,128.51,128.51,128.5,142.47
1547486520,128.31,128.5,128.5,128.31,54.87
1547486580,128.27,128.32,128.31,128.27,100.66
1547486640,128.05,128.27,128.27,128.05,397.85
1547486700,128.05,128.07,128.05,128.06,62.24
1547486760,128.03,128.06,128.05,128.06,83.99
1547486820,128.06,128.21,128.06,128.21,114.8
1547486880,128.15,128.24,128.21,128.24,25.57
1547486940,128.23,128.35,128.24,128.35,137.31
1547487000,128.34,128.54,128.34,128.45,198.31
1547487060,128.41,128.5,128.45,128.43,29.52
1547487120,128.41,128.5,128.45,128.43,32.24
1547487180,128.4,128.43,128.42,128.4,16.41
1547487240,128.12,128.41,128.4,128.14,262.28
1547487300,128.14,128.17,128.14,128.17,16.84
1547487360,128.16,128.17,128.17,128.17,42.99
1547487420,128.13,128.18,128.17,128.16,118.85
1547487480,128.18,128.46,128.18,128.44,88.76
1547487540,128.37,128.44,128.44,128.41,25.33
1547487600,128.32,128.44,128.41,128.32,65.32
1547487660,128.17,128.31,128.3,128.21,144.88
1547487720,128.17,128.29,128.27,128.27,428.2
1547487780,128.26,128.27,128.26,128.26,46.07
1547487840,128.27,128.72,128.27,128.71,614.92
1547487900,128.41,128.75,128.73,128.43,90.4
1547487960,128.43,128.63,128.43,128.53,17.09
1547488020,128.57,128.75,128.62,128.71,30.13
1547488080,128.7,128.77,128.74,128.7,148.23
1547488140,128.7,128.8,128.71,128.8,92.97
1547488200,128.79,128.8,128.79,128.8,139.13
1547488260,128.78,128.96,128.79,128.9,434.01
1547488320,128.8,128.94,128.93,128.92,102.85
1547488380,128.79,128.95,128.9,128.93,40.57
1547488440,128.9,128.99,128.9,128.99,111.31
1547488500,128.99,129.64,128.99,129.54,1174.9
1547488560,129.12,129.37,129.37,129.18,15.21
1547488620,129.17,129.51,129.17,129.32,715.23
1547488680,129.14,129.39,129.29,129.15,887.29
1547488740,128.86,129.14,129.14,128.87,747.64
1547488800,128.74,128.95,128.87,128.82,152.32
1547488860,128.9,128.95,128.95,128.93,14.13
1547488920,128.87,129.19,128.93,128.88,494.21
1547488980,128.87,129.02,128.88,129.02,235.29
1547489040,128.9,128.93,128.92,128.9,42.13
1547489100,128.87,128.99,128.91,128.88,133.55
1547489160,128.8,128.93,128.88,128.8,105.16
1547489220,128.61,128.81,128.81,128.63,820.56
1547489280,128.69,128.8,128.7,128.8,57.62
1547489340,128.81,129.96,128.81,129.38,1843.38
1547489400,129.21,129.4,129.38,129.21,259.81
1547489460,129.21,129.5,129.22,129.35,134.62
1547489520,129.34,129.55,129.42,129.5,731.03
1547489580,129.51,131.24,129.51,130.5,2430.53
1547489640,129.88,130.5,130.29,129.9,588.61
1547489700,129.95,130.23,129.96,130.02,284.77
1547489760,130.02,130.35,130.02,130.08,214.56
1547489820,130.08,130.59,130.08,130.27,417.04
1547489880,130.05,130.31,130.27,130.05,329.65
1547489940,130.0,130.29,130.05,130.16,543.74
1547490000,130.12,130.58,130.14,130.5,506.79
1547490060,130.5,130.85,130.52,130.65,647.17
1547490120,129.72,130.66,130.65,130.16,2115.9
1547490180,130.0,130.17,130.17,130.01,46.9
1547490240,130.0,130.01,130.0,130.01,194.75
1547490300,130.01,130.1,130.01,130.05,238.44
1547490360,130.05,130.4,130.05,130.18,99.07
1547490420,130.18,130.36,130.2,130.31,114.76
1547490480,130.31,130.5,130.32,130.4,552.54
1547490540,130.37,130.41,130.4,130.39,18.75
1547490600,130.39,131.0,130.39,130.8,384.76
1547490660,130.47,131.0,130.78,131.0,256.57
1547490720,130.51,130.91,130.87,130.52,192.89
1547490780,130.5,130.66,130.5,130.53,34.46
1547490840,130.24,130.75,130.51,130.54,753.87
