1551149160,137.26,137.53,137.52,137.34,329.33
1551149220,137.29,137.44,137.38,137.44,24.68
1551149280,137.39,137.39,137.39,137.39,0.0653
1551149340,137.4,137.52,137.4,137.52,9.64
1551149400,137.51,137.52,137.52,137.51,10.32
1551149460,137.52,137.52,137.52,137.52,1.51
1551149520,137.5,137.52,137.52,137.51,6.5
1551149580,137.5,137.51,137.51,137.5,29.84
1551149640,137.42,137.42,137.42,137.42,9.72
1551149700,137.27,137.41,137.41,137.29,120.35
1551149760,137.28,137.34,137.29,137.3,46.25
1551149820,137.29,137.35,137.3,137.3,22.95
1551149880,137.29,137.36,137.3,137.29,2.19
1551149940,137.3,137.35,137.3,137.35,24.14
1551150000,137.32,137.35,137.33,137.35,33.99
1551150060,137.32,137.34,137.33,137.33,4.77
1551150120,137.32,137.33,137.33,137.32,11.78
1551150180,137.32,137.33,137.33,137.32,13.24
1551150240,137.32,137.33,137.33,137.33,3.44
1551150300,137.32,137.33,137.32,137.32,11.96
1551150360,137.33,137.42,137.33,137.42,360.93
1551150420,137.44,137.57,137.47,137.57,18.07
1551150480,137.48,137.59,137.53,137.54,75.84
1551150540,137.53,137.6,137.53,137.6,1.86
1551150600,137.57,137.6,137.57,137.6,3.87
1551150660,137.59,137.71,137.59,137.62,54.26
1551150720,137.61,137.68,137.62,137.65,36.28
1551150780,137.62,137.62,137.62,137.62,0.381
1551150840,137.56,137.65,137.61,137.64,15.68
1551150900,137.6,137.68,137.62,137.61,22.56
1551150960,137.61,137.65,137.61,137.65,6.65
1551151020,137.62,137.63,137.63,137.63,8.15
1551151080,137.6,137.63,137.63,137.6,11.81
1551151140,137.6,137.61,137.61,137.6,60.85
1551151200,137.6,137.61,137.61,137.61,8.02
1551151260,137.61,137.61,137.61,137.61,0.543
1551151320,137.6,137.61,137.61,137.61,4.83
1551151380,137.6,137.61,137.61,137.61,16.96
1551151440,137.61,137.61,137.61,137.61,9.13
1551151500,137.6,137.61,137.6,137.61,4.8
1551151560,137.6,137.61,137.61,137.61,21.33
1551151620,137.6,137.61,137.61,137.6,113.63
1551151680,137.61,137.61,137.61,137.61,8.99
1551151740,137.63,137.67,137.63,137.64,135.87
1551151800,137.63,137.69,137.64,137.64,12.48
1551151860,137.64,137.7,137.65,137.69,20.38
1551151920,137.7,137.74,137.7,137.74,16.73
1551151980,137.73,137.74,137.74,137.73,54.33
1551152040,137.69,137.7,137.7,137.7,12.88
1551152100,137.69,137.7,137.7,137.7,4.04
1551152160,137.69,137.7,137.69,137.69,9.03
1551152220,137.7,137.7,137.7,137.7,1.03
1551152280,137.6,137.7,137.7,137.6,113.51
1551152340,137.6,137.61,137.61,137.61,2.88
1551152400,137.6,137.61,137.61,137.61,299.3
1551152460,137.6,137.61,137.61,137.61,11.38
1551152520,137.58,137.6,137.6,137.58,116.43
1551152580,137.57,137.58,137.58,137.57,10.23
1551152640,137.57,137.6,137.57,137.6,53.64
1551152700,137.59,137.59,137.59,137.59,7.26
1551152760,137.59,137.6,137.6,137.6,15.08
1551152820,137.5,137.6,137.6,137.51,724.37
1551152880,137.5,137.6,137.5,137.6,54.31
1551152940,137.57,137.58,137.57,137.57,7.24
1551153000,137.57,137.58,137.58,137.57,10.31
1551153060,137.57,137.59,137.58,137.57,51.63
1551153120,137.57,137.58,137.58,137.58,17.16
1551153180,137.57,137.58,137.58,137.58,16.41
1551153240,137.57,137.59,137.58,137.58,3.42
1551153300,137.57,137.59,137.58,137.57,6.88
1551153360,137.57,137.58,137.58,137.58,27.68
1551153420,137.57,137.58,137.58,137.57,10.69
1551153480,137.57,137.58,137.58,137.58,4.37
1551153540,137.57,137.58,137.57,137.58,9.18
1551153600,137.57,137.58,137.57,137.58,4.45
1551153660,137.57,137.58,137.58,137.58,6.67
1551153720,137.57,137.58,137.58,137.57,10.69
1551153780,137.58,137.59,137.58,137.59,81.23
1551153840,137.58,137.6,137.59,137.6,12.86
1551153900,137.6,137.83,137.6,137.82,1143.53
1551153960,137.81,137.82,137.82,137.82,17.55
1551154020,137.77,137.84,137.81,137.77,835.93
1551154080,137.77,137.78,137.77,137.78,9.87
1551154140,137.77,137.78,137.78,137.77,107.87
1551154200,137.77,137.78,137.77,137.78,179.6
1551154260,137.77,137.78,137.78,137.77,113.53
1551154320,137.77,137.78,137.78,137.77,270.93
1551154380,137.77,137.77,137.77,137.77,30.04
1551154440,137.77,137.77,137.77,137.77,0.92
1551154500,137.6,137.77,137.77,137.6,19.51
1551154560,137.6,137.61,137.6,137.6,36.29
1551154620,137.6,137.61,137.61,137.6,17.88
1551154680,137.63,137.64,137.63,137.64,0.794
1551154740,137.64,137.68,137.64,137.68,5.61
1551154800,137.67,137.68,137.68,137.67,4.22
1551154860,137.68,137.68,137.68,137.68,2.06
1551154920,137.67,137.68,137.68,137.68,20.95
1551154980,137.68,137.68,137.68,137.68,5.85
1551155040,137.67,137.68,137.67,137.68,15.42
1551155100,137.67,137.79,137.67,137.79,87.64
1551155160,137.78,137.79,137.79,137.78,2.0
1551155220,137.78,137.79,137.78,137.78,47.68
1551155280,137.78,137.79,137.78,137.78,811.68
1551155340,137.78,137.79,137.79,137.78,353.0
1551155400,137.67,137.75,137.75,137.67,11.95
1551155460,137.67,137.68,137.68,137.68,20.0
1551155520,137.68,137.68,137.68,137.68,5.7
