1532370960,452.36,452.47,452.36,452.47,170.76490144000002
1532371020,451.85,452.47,452.46,452.47,35.85662306000001
1532371080,452.46,454.17,452.47,454.17,63.72811974999998
1532371140,453.78,454.96,454.16,454.05,129.91364409
1532371200,453.06,454.25,453.6,454.24,56.03730383
1532371260,453.8,454.22,454.0,454.13,79.78927092
1532371320,453.8,454.12,454.12,453.82,18.082163639999997
1532371380,453.8,453.81,453.8,453.8,11.56651401
1532371440,453.8,453.81,453.8,453.8,24.842805450000004
1532371500,453.8,453.81,453.8,453.8,19.24327412
1532371560,453.8,453.81,453.8,453.8,7.886749999999999
1532371620,453.8,453.81,453.8,453.8,15.283027720000002
1532371680,453.79,453.81,453.81,453.79,8.926313030000001
1532371740,453.79,453.8,453.8,453.79,9.926749500000001
1532371800,453.79,453.8,453.79,453.79,39.7847458
1532371860,453.79,453.8,453.8,453.8,36.097516639999995
1532371920,453.79,453.8,453.8,453.79,7.00683655
1532371980,453.8,453.8,453.8,453.8,9.769181369999998
1532372040,453.79,453.84,453.79,453.84,70.38662086000002
1532372100,453.84,455.09,453.84,455.09,262.89086312000006
1532372160,455.08,455.63,455.08,455.46,32.37704511
1532372220,455.47,455.89,455.47,455.89,15.458719030000001
1532372280,454.85,455.89,455.89,454.86,48.902315099999996
1532372340,454.77,455.53,454.86,454.77,57.70174172
1532372400,454.14,454.78,454.78,454.51,27.206723219999994
1532372460,453.96,454.51,454.5,453.96,65.93331645
1532372520,453.97,454.24,453.97,454.12,139.80770463
1532372580,454.23,454.83,454.23,454.64,14.09692015
1532372640,454.28,454.62,454.28,454.62,10.05256309
1532372700,454.43,454.82,454.62,454.5,109.04881894
1532372760,454.52,454.82,454.54,454.82,64.16470870999997
1532372820,454.6,454.92,454.64,454.92,27.292143049999996
1532372880,454.62,454.93,454.92,454.92,13.961399939999998
1532372940,454.54,454.93,454.93,454.54,16.653467120000006
1532373000,454.5,454.7,454.55,454.69,27.928475820000003
1532373060,454.5,454.7,454.7,454.51,24.66588225
1532373120,454.5,454.51,454.51,454.5,11.907601739999999
1532373180,454.51,454.93,454.51,454.92,82.50692676999999
1532373240,454.92,455.47,454.93,455.46,295.00253820000006
1532373300,454.45,455.45,455.45,454.46,112.17071002
1532373360,454.45,454.46,454.46,454.45,4.701981969999999
1532373420,454.19,454.46,454.45,454.19,83.93344297999994
1532373480,453.0,454.2,454.2,453.79,153.67796279000004
1532373540,453.09,453.98,453.79,453.97,39.159463439999996
1532373600,453.79,453.98,453.8,453.98,24.713936229999998
1532373660,453.23,453.97,453.97,453.62,27.235594580000004
1532373720,453.01,453.57,453.46,453.52,22.587056610000005
1532373780,453.51,453.52,453.51,453.51,17.80303344
1532373840,453.52,453.85,453.52,453.59,20.06442887
1532373900,453.83,454.07,453.83,453.84,55.58817579000001
1532373960,453.83,453.84,453.83,453.83,1.95567512
1532374020,453.83,454.08,453.83,453.84,52.14429138
1532374080,453.42,453.84,453.84,453.84,42.74659690999997
1532374140,453.83,453.84,453.84,453.83,13.44695712
1532374200,453.45,453.84,453.83,453.64,25.668851100000005
1532374260,453.64,453.83,453.65,453.64,16.412428809999998
1532374320,453.35,453.84,453.64,453.84,21.016908730000004
1532374380,453.83,454.69,453.84,453.84,160.08818780000024
1532374440,451.78,453.84,453.84,451.79,219.19514568999998
1532374500,451.78,452.9,451.78,452.47,65.30323752000001
1532374560,452.01,452.74,452.47,452.28,34.54911189
1532374620,452.0,452.51,452.29,452.0,48.61763637000001
1532374680,451.75,452.24,452.0,452.23,30.029626750000006
1532374740,451.75,452.24,452.24,451.76,27.91783125000001
1532374800,451.85,451.98,451.86,451.97,8.38195428
1532374860,451.82,451.98,451.98,451.83,44.81864095999999
1532374920,451.67,451.83,451.82,451.67,35.36076050999999
1532374980,451.18,451.67,451.67,451.18,99.0442099
1532375040,451.18,451.53,451.18,451.53,15.165996420000003
1532375100,451.52,451.86,451.52,451.74,36.10825468
1532375160,451.73,452.26,451.73,452.24,36.62791631
1532375220,452.06,452.24,452.24,452.07,23.237344569999998
1532375280,452.08,452.22,452.08,452.22,23.368207310000006
1532375340,452.22,452.54,452.22,452.34,15.87888255
1532375400,452.2,452.27,452.27,452.2,61.01399180000001
1532375460,452.0,452.21,452.21,452.01,40.03353931
1532375520,452.0,452.01,452.01,452.01,25.243047489999995
1532375580,451.12,452.01,452.0,451.12,23.576065700000022
1532375640,451.13,451.65,451.13,451.52,37.52013738999999
1532375700,451.14,451.53,451.52,451.53,18.44171021
1532375760,450.99,451.53,451.52,450.99,83.18744997999997
1532375820,450.3,451.14,450.99,451.01,51.19760432999999
1532375880,450.29,451.15,451.01,450.55,62.07549245000001
1532375940,450.54,450.82,450.55,450.82,18.11122336
1532376000,450.81,450.82,450.82,450.81,24.631045000000004
1532376060,450.81,450.82,450.82,450.81,12.479985560000001
1532376120,450.81,450.82,450.82,450.81,16.35351596
1532376180,450.81,451.04,450.82,451.04,41.933697410000015
1532376240,451.03,451.04,451.03,451.04,8.01686345
1532376300,451.03,451.04,451.04,451.04,16.517630410000006
1532376360,451.03,451.04,451.04,451.04,42.26019101
1532376420,451.03,451.04,451.04,451.04,16.17092746
1532376480,450.52,451.04,451.04,451.0,53.48288325
1532376540,450.8,450.82,450.82,450.81,11.56892216
1532376600,450.81,451.11,450.82,451.11,120.52102576
1532376660,451.44,451.71,451.44,451.51,18.84484191
1532376720,451.5,451.51,451.5,451.51,43.00030937000001
1532376780,451.5,451.51,451.5,451.5,26.68222256
1532376840,451.5,451.51,451.51,451.51,62.97209018
1532376900,451.5,451.51,451.5,451.51,3.630321489999999
1532376960,451.5,451.51,451.51,451.5,34.05049744
1532377020,451.25,451.51,451.51,451.43,22.546540199999992
1532377080,451.08,451.5,451.42,451.49,5.525703640000001
1532377140,451.0,451.32,451.26,451.32,25.819451440000005
1532377200,450.44,451.24,451.24,450.45,87.40678181
1532377260,449.46,450.45,450.45,449.59,843.2275994000003
1532377320,449.6,449.84,449.6,449.84,4.26027822
1532377380,449.83,449.84,449.84,449.83,9.813115029999997
1532377440,449.83,449.84,449.84,449.84,11.89131143
1532377500,449.39,449.84,449.83,449.53,75.83241419999999
1532377560,449.53,449.81,449.53,449.74,17.902697509999996
1532377620,449.73,449.74,449.74,449.74,25.3948639
1532377680,449.73,449.74,449.74,449.74,47.99012967
1532377740,449.39,449.74,449.74,449.39,35.51795191
1532377800,448.53,449.39,449.39,449.3,349.61493061999965
1532377860,449.0,449.31,449.3,449.2,18.44417244
1532377920,449.19,449.2,449.2,449.19,43.8482602
1532377980,449.11,449.2,449.2,449.12,18.24670228
1532378040,448.29,449.11,449.11,448.39,40.19868095999999
1532378100,448.39,448.4,448.4,448.4,7.313163089999999
1532378160,448.3,448.4,448.39,448.3,10.967225319999995
1532378220,448.18,448.31,448.3,448.19,46.78477861
1532378280,447.33,448.19,448.19,447.33,114.88521747000003
1532378340,447.3,447.77,447.34,447.48,13.270016890000003
1532378400,447.3,447.59,447.3,447.59,17.45790147
1532378460,447.58,449.2,447.58,449.2,231.04408637999998
1532378520,449.19,449.56,449.19,449.55,35.14338579999999
1532378580,449.55,449.65,449.56,449.65,19.64655677
1532378640,448.3,449.65,449.65,448.43,123.23651130999998
1532378700,448.3,448.52,448.31,448.52,99.39515566
1532378760,448.51,449.0,448.51,449.0,93.36464362000001
1532378820,449.0,449.45,449.0,449.12,26.81179615
1532378880,448.52,449.12,449.12,448.7,19.05606084
1532378940,448.6,449.11,448.71,448.6,11.757138100000002
1532379000,448.6,448.73,448.61,448.6,9.954559730000001
1532379060,448.31,448.61,448.61,448.57,12.088302920000002
1532379120,448.3,448.58,448.57,448.31,17.19681208
1532379180,448.3,448.4,448.3,448.31,29.428903560000002
1532379240,448.3,448.31,448.31,448.3,48.92451823
1532379300,448.0,448.3,448.3,448.0,28.14433448
1532379360,447.97,448.03,448.0,447.97,23.870879929999997
1532379420,447.51,447.98,447.98,447.87,118.67936224
1532379480,447.51,447.87,447.54,447.82,18.91264782
1532379540,447.82,448.0,447.82,447.95,41.45663983000001
1532379600,447.74,447.95,447.94,447.75,10.782246399999998
1532379660,447.75,447.95,447.75,447.95,23.81826927
1532379720,447.95,448.0,447.96,448.0,36.76681260999999
1532379780,447.99,449.23,448.0,448.58,490.1726624599999
1532379840,448.49,449.52,448.58,448.49,202.91992037000006
1532379900,448.49,448.62,448.49,448.53,8.91973836
1532379960,448.52,448.53,448.53,448.53,4.469053260000001
1532380020,448.53,448.53,448.53,448.53,3.4789154499999997
1532380080,448.52,448.53,448.53,448.53,15.085387520000001
1532380140,448.52,448.53,448.53,448.53,21.49283876
1532380200,448.51,448.53,448.52,448.52,34.79830135
1532380260,448.51,448.52,448.52,448.51,18.63240517
1532380320,448.51,448.52,448.52,448.52,8.447334
1532380380,448.51,448.52,448.52,448.51,10.53281813
1532380440,448.51,448.52,448.51,448.51,4.942784059999999
1532380500,448.51,448.52,448.52,448.51,41.613050630000004
1532380560,448.51,448.52,448.52,448.52,10.153597309999999
1532380620,448.51,448.52,448.52,448.52,20.80283546
1532380680,448.51,448.52,448.52,448.52,3.87386149
1532380740,448.51,448.52,448.52,448.52,56.651031409999995
1532380800,448.51,448.52,448.51,448.51,4.601163089999999
1532380860,448.51,448.52,448.51,448.52,31.22099753
1532380920,448.51,449.0,448.52,449.0,16.10032391
1532380980,448.99,449.0,449.0,449.0,2.7058044900000002
1532381040,448.99,449.51,449.0,449.51,11.976348870000002
1532381100,449.51,449.99,449.51,449.76,25.340451410000004
1532381160,449.79,449.82,449.79,449.8,5.352095889999998
1532381220,449.79,449.8,449.8,449.79,10.985050000000001
1532381280,449.8,449.99,449.8,449.99,25.225037759999996
1532381340,449.88,450.0,449.98,450.0,27.896223669999998
1532381400,449.88,449.89,449.88,449.89,5.980212739999998
1532381460,449.89,450.46,449.89,450.23,42.52401317
1532381520,449.97,450.23,450.23,449.97,92.27955795000001
1532381580,450.0,450.91,450.0,450.1,92.03367994000003
1532381640,450.02,451.56,450.1,450.31,431.2007338299999
1532381700,450.31,450.38,450.32,450.31,14.317428959999999
1532381760,450.31,450.33,450.31,450.33,11.350889879999997
1532381820,450.31,450.33,450.33,450.32,27.222684970000003
1532381880,450.31,450.32,450.31,450.31,24.46399596
1532381940,450.31,450.32,450.32,450.32,9.617136019999998
1532382000,449.99,450.63,450.31,450.63,134.95575199999996
1532382060,450.55,450.63,450.63,450.63,11.580860479999998
1532382120,450.5,450.63,450.63,450.5,22.359002460000003
1532382180,450.37,450.63,450.51,450.62,24.830671920000004
1532382240,450.5,450.63,450.63,450.62,8.01170918
1532382300,450.5,450.91,450.62,450.91,70.54024353000004
1532382360,450.51,450.92,450.92,450.89,7.16627465
1532382420,450.56,450.88,450.84,450.57,10.135525839999998
1532382480,450.56,450.57,450.57,450.57,3.1241580900000003
1532382540,450.57,450.96,450.57,450.96,30.600757690000002
1532382600,450.95,450.96,450.95,450.96,3.6856353699999995
1532382660,450.95,450.96,450.95,450.96,23.83879142
1532382720,450.5,450.96,450.96,450.88,70.36009168000004
1532382780,450.85,450.96,450.88,450.96,9.74818173
1532382840,450.95,451.12,450.95,451.06,16.007296889999996
1532382900,451.03,451.41,451.03,451.23,46.11848148
1532382960,451.06,451.31,451.22,451.07,8.00406617
1532383020,450.86,451.12,451.06,450.95,23.564743050000004
1532383080,450.95,451.45,450.96,451.45,29.13324059
1532383140,450.97,451.45,451.45,451.12,16.85579631
1532383200,451.11,451.12,451.12,451.12,8.40223018
1532383260,451.11,451.63,451.12,451.63,11.8595381
1532383320,451.62,451.8,451.62,451.8,47.391877930000014
1532383380,451.73,451.8,451.79,451.73,10.535359660000003
1532383440,451.73,451.74,451.73,451.74,7.101021370000001
1532383500,451.73,451.74,451.74,451.74,4.34232
1532383560,451.73,451.74,451.74,451.74,12.37288422
1532383620,451.1,451.74,451.74,451.11,26.221528960000004
1532383680,451.1,451.11,451.1,451.1,22.809154739999997
1532383740,450.86,451.11,451.1,451.03,33.31353032
1532383800,450.86,451.04,451.04,450.86,13.45644724
1532383860,450.86,450.87,450.87,450.87,2.20734477
1532383920,450.86,450.87,450.86,450.86,9.19803001
1532383980,450.86,450.87,450.87,450.86,11.288916120000001
1532384040,450.85,450.87,450.86,450.87,7.60408104
1532384100,450.86,450.87,450.86,450.86,36.15756072
