1532976360,448.26,448.27,448.26,448.27,14.192023039999997
1532976420,448.19,448.56,448.27,448.19,75.63880702
1532976480,448.18,448.56,448.18,448.56,55.50283001
1532976540,448.56,449.04,448.56,448.83,78.34703306000003
1532976600,447.87,448.95,448.83,448.51,138.78346012
1532976660,448.42,448.72,448.56,448.72,7.0974993899999985
1532976720,448.72,449.09,448.72,449.08,28.074967459999996
1532976780,449.08,449.41,449.09,449.41,56.70413611000001
1532976840,449.42,449.69,449.43,449.54,33.09539851000001
1532976900,448.97,449.55,449.55,449.28,58.54325213
1532976960,448.64,449.34,449.27,448.78,96.55149406000001
1532977020,448.77,449.55,448.78,449.55,87.39808377999996
1532977080,449.24,449.69,449.4,449.69,13.519588859999999
1532977140,449.47,449.69,449.68,449.58,127.66264683000001
1532977200,449.4,449.69,449.58,449.68,18.32780939
1532977260,449.69,449.89,449.69,449.89,12.501925529999998
1532977320,449.5,449.97,449.89,449.59,24.835747049999995
1532977380,449.4,449.59,449.58,449.41,11.70626966
1532977440,449.4,449.9,449.4,449.9,13.412218839999998
1532977500,449.89,449.9,449.9,449.89,5.9880148
1532977560,449.89,450.47,449.89,450.47,179.87028360000014
1532977620,450.46,450.9,450.46,450.9,78.40794582000002
1532977680,450.89,451.39,450.9,451.39,19.808481360000002
1532977740,450.93,451.39,451.39,451.39,47.54850106000001
1532977800,451.38,451.9,451.38,451.9,24.393265139999997
1532977860,451.12,451.9,451.9,451.55,66.39021036
1532977920,451.26,451.52,451.52,451.52,66.76854208
1532977980,450.84,451.67,451.51,450.84,31.86982035000001
1532978040,449.04,450.46,450.46,449.27,252.03779951999996
1532978100,449.27,449.28,449.28,449.28,11.875835069999999
1532978160,449.27,449.28,449.27,449.28,21.278833030000005
1532978220,449.28,449.81,449.28,449.81,31.038811350000003
1532978280,449.52,450.0,449.81,449.99,41.38941323999998
1532978340,450.0,450.32,450.0,450.32,10.498357980000002
1532978400,450.31,450.5,450.32,450.5,26.389334919999996
1532978460,450.49,450.5,450.49,450.49,12.14906149
1532978520,450.49,450.5,450.49,450.49,23.268089599999996
1532978580,450.5,450.9,450.5,450.89,43.12010486999999
1532978640,450.66,450.9,450.9,450.82,46.29058478999998
1532978700,450.34,450.9,450.82,450.34,25.36283006
1532978760,449.8,450.9,450.89,450.0,97.27593728
1532978820,450.0,450.89,450.0,450.89,189.40972815000006
1532978880,450.88,453.0,450.88,451.69,229.58770701000006
1532978940,450.99,451.69,451.69,451.23,82.14447347000005
1532979000,451.24,452.35,451.24,451.67,78.74185469
1532979060,451.67,452.85,451.67,452.18,11.64847822
1532979120,451.71,452.19,452.18,451.94,10.95483617
1532979180,451.94,452.8,451.95,452.42,133.45129121000002
1532979240,452.41,452.76,452.73,452.41,46.62448990000001
1532979300,452.41,452.42,452.42,452.42,17.367533700000003
1532979360,452.42,452.76,452.42,452.76,58.56294797999998
1532979420,452.75,452.77,452.75,452.77,15.614837970000002
1532979480,452.77,453.56,452.77,453.56,93.49808550999998
1532979540,453.15,453.56,453.56,453.15,120.33292103999997
1532979600,452.73,453.15,453.15,452.73,11.31820276
1532979660,452.73,453.36,452.74,453.03,128.36548403
1532979720,453.26,453.44,453.28,453.27,6.547100229999999
1532979780,453.02,453.27,453.26,453.25,8.178836429999999
1532979840,453.14,453.56,453.25,453.4,59.581879359999995
1532979900,453.14,453.48,453.32,453.14,7.8148634800000005
1532979960,453.02,453.14,453.14,453.03,21.620851919999993
1532980020,453.02,453.03,453.02,453.03,12.070780919999999
1532980080,453.02,453.41,453.03,453.36,27.578420129999998
1532980140,453.02,453.41,453.35,453.36,33.808153440000005
1532980200,453.1,453.74,453.19,453.74,79.39046529999995
1532980260,453.03,454.36,453.75,453.05,154.91969070000005
1532980320,453.04,453.55,453.05,453.55,36.78325980000001
1532980380,453.54,453.55,453.55,453.55,26.04250190000001
1532980440,453.42,453.55,453.55,453.55,257.78633075
1532980500,453.42,453.55,453.55,453.43,50.741843849999995
1532980560,452.3,453.43,453.42,452.86,323.71163691
1532980620,452.86,453.0,452.86,452.99,20.24672658
1532980680,452.77,453.0,452.99,452.77,16.06019907
1532980740,452.77,452.78,452.78,452.78,27.46806454
1532980800,452.75,453.14,452.77,453.14,98.44553825999995
1532980860,452.67,453.13,453.13,452.67,12.400792560000003
1532980920,452.31,452.68,452.67,452.32,36.231612059999996
1532980980,451.47,452.32,452.31,451.48,18.21731422
1532981040,451.47,452.56,451.47,452.56,73.71804047
1532981100,451.47,452.81,452.6,451.92,29.29371938000001
1532981160,451.91,452.25,451.92,452.25,22.392591860000003
1532981220,452.24,453.05,452.24,453.0,179.11116423999997
1532981280,452.82,453.54,453.0,453.54,29.04803956
1532981340,452.67,453.01,453.01,453.01,12.78330175
1532981400,452.5,453.01,453.01,452.51,10.759102879999999
1532981460,452.51,452.75,452.51,452.74,12.84832007
1532981520,452.02,452.93,452.71,452.02,9.30529433
1532981580,451.97,452.62,452.13,452.61,14.80939467
1532981640,452.17,452.61,452.61,452.18,1.86690357
1532981700,452.17,452.62,452.17,452.39,4.551461369999999
1532981760,452.16,452.54,452.39,452.16,27.54412580999999
1532981820,452.17,452.45,452.26,452.2,9.13585318
1532981880,452.19,452.62,452.21,452.21,43.336150439999976
1532981940,452.61,453.0,452.62,453.0,7.120165250000001
1532982000,452.89,453.46,452.93,453.46,29.959578649999997
1532982060,452.61,453.34,453.34,452.97,12.98618742
1532982120,452.96,453.0,452.97,453.0,6.750930159999999
1532982180,452.99,453.31,453.0,453.14,49.42587814000001
1532982240,452.96,453.51,452.97,453.51,6.302924910000001
1532982300,452.66,453.41,453.15,452.77,64.74903418
1532982360,452.77,453.53,452.77,453.52,7.55855089
1532982420,453.0,453.55,453.34,453.54,8.02922913
1532982480,453.54,453.6,453.55,453.59,40.761057449999996
1532982540,453.59,453.6,453.6,453.6,41.86442137999999
1532982600,453.59,454.0,453.6,454.0,158.06032082999988
1532982660,453.91,454.45,454.0,453.91,321.61825682
1532982720,453.18,453.91,453.91,453.54,114.2656924
1532982780,453.64,453.64,453.64,453.64,2.41866674
1532982840,453.59,453.64,453.63,453.59,7.38037562
1532982900,452.71,453.59,453.59,452.71,78.28900151000002
1532982960,452.01,453.0,452.69,453.0,14.067944270000005
1532983020,452.99,453.0,452.99,452.99,1.5446
1532983080,452.99,453.0,452.99,452.99,1.57162905
1532983140,452.01,453.0,453.0,452.01,23.354556260000003
1532983200,452.01,452.02,452.02,452.02,15.276507360000002
1532983260,452.01,452.02,452.02,452.02,17.4509252
1532983320,452.02,452.02,452.02,452.02,3.7874393300000007
1532983380,451.9,452.69,452.02,452.68,97.44574301
1532983440,452.23,452.49,452.23,452.49,4.51344293
1532983500,452.5,453.0,452.5,452.55,10.29947261
1532983560,452.31,452.56,452.56,452.31,3.7265958599999998
1532983620,451.48,452.26,452.26,451.81,18.016866090000004
1532983680,451.81,452.57,451.81,452.38,204.27357919000005
1532983740,451.91,452.39,452.39,451.91,56.86124049
1532983800,451.91,452.06,451.91,452.06,22.668678530000005
1532983860,452.05,452.06,452.05,452.05,20.05827685
1532983920,452.05,452.06,452.06,452.06,49.03721554
1532983980,452.05,452.06,452.06,452.06,3.30644175
1532984040,452.05,452.06,452.05,452.05,19.41697279
1532984100,452.05,452.06,452.06,452.05,69.98064673
1532984160,452.05,452.33,452.05,452.33,63.62057260999999
1532984220,452.32,453.39,452.32,453.38,70.42866300000001
1532984280,453.38,453.39,453.38,453.38,190.32969847000004
1532984340,452.96,453.74,452.97,453.73,7.184933159999998
1532984400,453.73,453.74,453.74,453.74,41.093314830000004
1532984460,453.73,453.74,453.74,453.73,6.36413062
1532984520,453.73,453.74,453.73,453.74,9.098343309999999
1532984580,452.6,453.73,453.73,452.61,153.27047586000003
1532984640,452.6,452.61,452.61,452.61,17.49008739
1532984700,452.6,452.61,452.61,452.6,45.930323720000004
1532984760,452.6,452.61,452.61,452.6,17.92014099
1532984820,452.6,452.61,452.61,452.61,8.92608966
1532984880,452.6,452.61,452.61,452.61,14.531692849999999
1532984940,452.6,452.61,452.6,452.61,4.3132484
1532985000,452.6,452.61,452.61,452.61,13.412578889999999
1532985060,452.6,452.61,452.61,452.6,33.78145787
1532985120,452.6,452.61,452.61,452.6,13.929946690000001
1532985180,452.6,452.61,452.61,452.61,16.8591677
1532985240,452.6,452.61,452.6,452.61,5.85106945
1532985300,452.6,452.61,452.61,452.6,12.73905233
1532985360,452.6,452.61,452.6,452.61,3.38455542
1532985420,452.6,452.61,452.61,452.61,3.3503263500000005
1532985480,452.6,452.61,452.6,452.61,8.043398409999998
1532985540,452.6,452.7,452.61,452.7,2.7278363599999995
1532985600,452.69,452.7,452.7,452.69,6.054076329999999
1532985660,452.69,452.7,452.69,452.7,3.51419079
1532985720,452.69,452.7,452.7,452.7,2.98152678
1532985780,452.69,452.7,452.7,452.7,18.355529410000003
1532985840,452.69,452.7,452.7,452.7,3.62621719
1532985900,452.69,452.7,452.7,452.69,13.28400759
1532985960,452.69,452.7,452.7,452.7,3.5146438499999997
1532986020,452.69,452.7,452.7,452.69,4.88496588
1532986080,452.69,452.7,452.7,452.69,9.968690970000003
1532986140,452.69,452.7,452.69,452.69,2.6464436800000004
1532986200,452.69,452.7,452.69,452.69,60.073547700000006
1532986260,452.69,452.7,452.7,452.7,18.400817789999998
1532986320,452.69,452.7,452.69,452.69,9.975653549999997
1532986380,452.69,452.7,452.7,452.69,10.767719850000002
1532986440,452.69,452.7,452.7,452.7,6.256278090000001
1532986500,452.69,452.7,452.69,452.7,6.343022939999999
1532986560,452.69,452.75,452.7,452.74,26.06442808
1532986620,452.68,452.94,452.75,452.94,6.073067920000001
1532986680,452.68,452.96,452.69,452.68,3.28269507
1532986740,452.68,453.37,452.69,453.37,219.7085220700001
1532986800,453.36,453.37,453.37,453.36,5.687671990000001
1532986860,453.06,453.53,453.37,453.06,64.8785353
1532986920,453.07,453.86,453.07,453.86,200.37981488
1532986980,453.85,453.86,453.85,453.86,15.879534500000002
1532987040,453.85,453.86,453.85,453.86,11.12915915
1532987100,453.27,453.86,453.86,453.28,26.634457620000013
1532987160,453.03,453.28,453.28,453.19,9.826338119999996
1532987220,452.68,453.22,453.19,452.68,17.727839789999994
1532987280,452.68,452.94,452.77,452.68,1.3336456199999998
1532987340,452.69,452.92,452.92,452.69,9.087767710000001
1532987400,452.68,452.7,452.7,452.68,23.98996762
1532987460,452.68,452.7,452.68,452.68,28.01594425
1532987520,452.6,452.7,452.68,452.7,48.094276349999994
1532987580,452.7,452.7,452.7,452.7,4.27330875
1532987640,452.69,452.7,452.7,452.7,15.2354945
1532987700,452.69,452.7,452.69,452.69,29.794447669999997
1532987760,452.69,452.7,452.7,452.69,7.22249047
1532987820,452.7,452.9,452.7,452.9,1.67497068
1532987880,452.9,453.0,452.9,453.0,4.623883630000001
1532987940,452.91,453.0,452.91,453.0,15.161549579999999
1532988000,452.7,453.0,453.0,453.0,31.387930869999998
1532988060,452.83,453.0,452.88,453.0,14.070888750000002
1532988120,452.83,453.0,453.0,453.0,4.50139412
1532988180,452.72,453.0,453.0,453.0,1.66193001
1532988240,452.99,453.0,453.0,453.0,3.61018447
1532988300,452.69,453.0,453.0,453.0,5.40793184
1532988360,452.99,453.0,452.99,453.0,37.51639072
1532988420,452.99,453.0,453.0,452.99,33.947717610000005
1532988480,452.99,453.0,453.0,453.0,5.72503366
1532988540,452.99,453.0,453.0,453.0,8.66380959
1532988600,452.99,453.54,453.0,453.47,11.305232440000001
1532988660,453.54,453.86,453.54,453.86,3.7238103099999993
1532988720,453.85,453.86,453.86,453.86,7.113439259999999
1532988780,453.85,453.86,453.86,453.86,14.866479749999998
1532988840,453.85,453.86,453.86,453.85,6.70689128
1532988900,453.85,453.86,453.86,453.86,1.8697569500000002
1532988960,453.85,453.86,453.85,453.86,2.1897755400000003
1532989020,453.85,453.86,453.86,453.86,5.20523702
1532989080,453.85,454.0,453.85,454.0,101.39433335000003
1532989140,454.0,454.5,454.0,454.49,76.16863844000001
1532989200,454.49,454.5,454.5,454.5,53.2361284
1532989260,454.49,454.93,454.5,454.91,158.47006041
1532989320,454.91,454.92,454.92,454.91,4.683851999999998
1532989380,454.91,455.0,454.92,454.99,23.005052899999995
1532989440,454.99,455.0,454.99,455.0,31.725282050000004
1532989500,454.99,455.0,455.0,455.0,28.767634929999996
1532989560,454.03,454.99,454.99,454.03,148.72760125
1532989620,454.03,454.91,454.03,454.91,10.48134582
1532989680,454.9,454.91,454.91,454.9,5.653977610000001
1532989740,454.9,454.91,454.91,454.9,13.887559829999999
1532989800,454.9,454.91,454.91,454.9,17.07726607
1532989860,454.54,454.91,454.91,454.54,33.85297813
1532989920,454.11,454.7,454.54,454.33,38.977310880000005
1532989980,454.33,454.8,454.33,454.8,15.833727409999998
1532990040,454.01,454.78,454.78,454.02,20.149924419999998
1532990100,454.03,454.78,454.03,454.78,49.88124795000001
1532990160,454.45,454.72,454.67,454.45,2.2284493299999997
1532990220,454.0,454.45,454.45,454.01,24.817425709999995
1532990280,454.0,454.01,454.01,454.0,2.6288296499999997
1532990340,454.0,454.01,454.01,454.0,12.550466320000002
1532990400,454.0,454.01,454.01,454.0,2.078637
1532990460,454.0,454.01,454.0,454.0,1.48151885
1532990520,454.0,454.01,454.01,454.0,59.507358839999995
1532990580,454.0,454.14,454.01,454.14,47.014403949999995
1532990640,454.13,454.14,454.13,454.14,19.906044669999996
1532990700,454.13,454.14,454.14,454.14,0.96195726
1532990760,454.13,454.14,454.13,454.13,10.19048899
1532990820,454.13,454.14,454.14,454.13,13.1436444
1532990880,454.13,454.14,454.13,454.13,12.908312570000001
1532990940,454.14,454.79,454.14,454.78,57.10556455999999
1532991000,454.78,454.79,454.79,454.79,13.502972929999999
1532991060,454.78,455.0,454.78,455.0,18.51841712
1532991120,454.18,455.0,455.0,454.41,16.24411463
1532991180,454.41,454.55,454.41,454.54,14.00106973
1532991240,454.55,455.46,454.55,455.34,57.79975897999999
1532991300,455.34,455.46,455.34,455.36,14.09590219
1532991360,454.99,455.35,455.35,454.99,24.134646850000003
1532991420,454.99,455.68,454.99,455.38,69.67727837
1532991480,454.85,455.5,455.47,455.35,10.29454488
1532991540,455.1,455.57,455.35,455.36,73.36841042000002
1532991600,455.35,455.73,455.36,455.72,13.27334768
1532991660,455.73,455.94,455.73,455.94,6.58091385
1532991720,455.51,455.94,455.94,455.51,1.04364291
1532991780,455.5,455.89,455.5,455.51,8.015871050000001
1532991840,455.5,455.51,455.5,455.51,3.9415
1532991900,455.02,455.71,455.51,455.08,57.412272630000004
1532991960,455.05,455.74,455.31,455.7,13.611152819999997
1532992020,455.41,455.82,455.41,455.82,17.067888619999998
1532992080,455.62,455.63,455.63,455.63,1.89306762
1532992140,455.14,455.62,455.62,455.41,10.28025387
1532992200,455.15,455.63,455.15,455.38,63.46917615
1532992260,455.41,455.76,455.41,455.43,20.36524421
1532992320,455.22,455.74,455.74,455.59,3.76745233
1532992380,455.01,455.59,455.59,455.35,18.416651990000002
1532992440,455.32,455.35,455.35,455.34,4.296123629999999
1532992500,455.34,455.6,455.35,455.48,4.66882518
1532992560,455.28,455.52,455.52,455.52,8.95415683
1532992620,455.35,455.74,455.61,455.58,54.405519489999996
1532992680,455.58,455.88,455.58,455.88,41.442993640000005
1532992740,455.59,455.8,455.71,455.8,2.6355502
1532992800,455.75,455.88,455.75,455.88,4.828272210000001
1532992860,455.87,455.88,455.88,455.88,3.1281649100000006
1532992920,455.31,455.88,455.88,455.73,51.84344141999999
1532992980,455.48,455.65,455.65,455.65,4.41176812
1532993040,455.19,455.65,455.65,455.2,24.81933459
1532993100,455.19,455.65,455.25,455.32,70.36783811999997
1532993160,455.27,455.63,455.47,455.63,4.0188630299999994
1532993220,455.45,455.66,455.63,455.6,13.985856140000001
1532993280,455.59,455.65,455.65,455.65,8.14080485
1532993340,455.47,455.65,455.59,455.65,54.17086382
1532993400,455.49,455.5,455.5,455.5,15.183335199999998
1532993460,455.45,455.5,455.5,455.45,5.593305539999999
1532993520,455.45,455.5,455.46,455.5,1.4071146000000003
1532993580,455.45,455.5,455.5,455.46,16.32430428
1532993640,455.45,455.46,455.46,455.45,2.53344741
1532993700,455.45,455.5,455.46,455.47,3.205768569999999
1532993760,455.49,455.5,455.5,455.49,26.306544769999995
1532993820,455.49,455.5,455.5,455.5,35.68568036
1532993880,455.45,455.49,455.49,455.46,7.4181764
1532993940,455.45,455.46,455.45,455.45,2.30116363
1532994000,455.45,455.46,455.46,455.46,5.59466023
1532994060,455.45,455.46,455.46,455.46,9.665743639999999
1532994120,455.45,455.46,455.45,455.45,15.839782210000003
1532994180,455.45,455.5,455.46,455.5,4.6037367
1532994240,455.28,455.5,455.49,455.3,12.054073239999997
1532994300,455.28,455.5,455.5,455.35,13.357836729999999
1532994360,455.28,455.5,455.41,455.28,33.21228104000001
1532994420,455.47,455.71,455.47,455.71,10.807475349999999
1532994480,455.71,455.75,455.71,455.75,0.23147436000000002
1532994540,455.74,455.75,455.75,455.75,4.174721460000001
1532994600,455.75,455.88,455.75,455.88,23.02966223
1532994660,455.87,455.88,455.88,455.87,8.302044619999998
1532994720,455.74,455.88,455.87,455.88,19.78251695
1532994780,455.87,455.88,455.88,455.87,4.27199506
1532994840,455.86,456.31,455.88,456.31,173.15417795000002
1532994900,456.32,460.0,456.32,457.76,2310.888739970001
1532994960,457.44,457.76,457.76,457.44,58.101005130000004
1532995020,457.1,457.44,457.44,457.3,5.713583879999997
1532995080,456.22,457.3,457.3,456.22,169.23382958999997
1532995140,456.21,456.47,456.21,456.46,17.33905179
1532995200,456.11,456.47,456.47,456.11,1.08812245
1532995260,456.11,456.12,456.12,456.12,7.397451019999999
1532995320,456.11,456.47,456.11,456.47,49.81940161000001
1532995380,456.46,456.47,456.46,456.46,11.12263609
1532995440,456.47,456.47,456.47,456.47,0.20930682
1532995500,456.28,456.55,456.47,456.28,31.5009009
1532995560,456.28,456.39,456.28,456.39,44.30670192
1532995620,456.38,456.39,456.38,456.39,0.81196
1532995680,456.38,456.39,456.38,456.39,26.039767169999998
1532995740,455.79,456.39,456.39,455.79,185.85207383000002
1532995800,454.18,455.79,455.79,455.34,272.0475785899998
1532995860,455.33,455.34,455.34,455.34,5.7031873
1532995920,455.33,456.18,455.34,456.18,43.34474729
1532995980,456.05,456.28,456.18,456.28,10.06374422
1532996040,456.28,456.46,456.28,456.46,4.828916659999999
1532996100,456.45,456.46,456.45,456.46,2.8879015199999998
1532996160,456.45,456.46,456.45,456.46,2.2716813900000004
1532996220,456.45,456.79,456.46,456.79,69.92335176
1532996280,456.78,456.79,456.79,456.79,5.50108095
1532996340,456.78,456.85,456.78,456.85,68.66088109000005
1532996400,456.84,457.0,456.85,457.0,17.809439030000004
1532996460,457.0,457.0,457.0,457.0,6.41431962
1532996520,456.99,457.0,456.99,456.99,13.398278189999997
1532996580,456.99,457.0,456.99,456.99,3.7482539100000003
1532996640,457.0,457.09,457.0,457.09,10.91489623
1532996700,456.55,457.3,457.09,456.55,39.516195180000004
1532996760,456.56,456.94,456.56,456.79,18.49195322
1532996820,456.78,456.79,456.79,456.79,2.4543916100000005
1532996880,456.78,456.79,456.78,456.79,14.191903400000001
1532996940,456.28,456.79,456.79,456.28,12.313211109999997
1532997000,456.42,456.43,456.43,456.42,2.3589289099999995
1532997060,456.43,456.7,456.43,456.7,2.8079558099999997
1532997120,456.69,456.7,456.69,456.7,1.6914988999999998
1532997180,456.69,456.7,456.7,456.7,2.48157515
1532997240,456.69,456.7,456.69,456.69,1.2740784
1532997300,456.69,456.7,456.7,456.7,2.9570767099999995
1532997360,456.4,456.7,456.7,456.7,19.77198751
1532997420,456.52,456.7,456.68,456.7,17.020688779999997
1532997480,456.4,456.7,456.64,456.7,13.672377880000004
1532997540,456.49,456.5,456.5,456.49,6.521751729999998
1532997600,456.49,456.5,456.5,456.49,6.248819550000001
1532997660,456.49,456.5,456.5,456.5,5.01115282
1532997720,455.0,456.5,456.5,455.01,60.31816802000002
1532997780,455.0,455.67,455.01,455.35,10.954380769999995
1532997840,455.34,455.35,455.35,455.35,6.294049049999999
1532997900,455.34,455.35,455.34,455.35,1.96139955
1532997960,455.35,455.37,455.35,455.37,2.82423199
1532998020,455.35,455.36,455.36,455.36,3.11535836
1532998080,455.36,455.62,455.36,455.62,17.498698870000002
1532998140,455.59,455.66,455.62,455.59,15.947340509999998
1532998200,455.59,455.6,455.6,455.6,2.12896517
1532998260,455.6,455.65,455.6,455.61,4.267741849999999
1532998320,455.08,455.61,455.61,455.08,7.399045059999998
1532998380,455.08,455.09,455.09,455.08,5.47714943
1532998440,455.08,455.09,455.09,455.09,10.689603119999997
1532998500,455.09,455.09,455.09,455.09,4.247316120000001
1532998560,455.08,455.09,455.09,455.08,22.867023050000004
1532998620,455.08,455.09,455.09,455.09,3.52301634
1532998680,455.08,455.09,455.09,455.09,2.39905625
1532998740,454.67,455.09,455.09,454.68,31.052644799999996
1532998800,454.26,454.68,454.68,454.61,20.930369500000005
1532998860,454.62,454.98,454.62,454.98,31.661100390000005
1532998920,454.97,455.09,454.98,455.09,31.482843680000002
1532998980,454.98,455.09,455.09,454.98,153.54441884
1532999040,454.48,454.98,454.98,454.49,4.755024989999998
1532999100,454.47,454.49,454.48,454.48,121.29670999999999
1532999160,453.44,454.48,454.48,453.44,184.86436097999996
1532999220,453.1,453.45,453.45,453.1,25.87109704000001
1532999280,453.1,453.12,453.11,453.1,4.8327977099999995
1532999340,453.11,453.15,453.11,453.15,22.55030768
1532999400,453.14,453.25,453.15,453.25,12.28940881
1532999460,453.25,453.42,453.25,453.42,7.051361700000001
1532999520,452.64,453.41,453.41,452.81,74.80056911000003
1532999580,452.6,452.81,452.81,452.6,12.063754489999997
1532999640,452.6,452.84,452.6,452.84,151.24097084999997
1532999700,452.6,452.99,452.84,452.86,35.46729582
1532999760,452.86,453.22,452.86,453.22,22.98623126000001
1532999820,453.09,453.28,453.09,453.26,11.4309017
1532999880,453.27,453.45,453.27,453.3,12.162934639999998
1532999940,453.13,453.36,453.3,453.35,36.042403629999995
1533000000,453.18,453.35,453.35,453.19,10.35442581
1533000060,453.19,453.69,453.19,453.69,6.250153359999998
1533000120,453.34,453.7,453.69,453.5,9.9785907
1533000180,453.37,453.71,453.5,453.71,9.6935274
1533000240,453.7,453.71,453.7,453.71,0.52017054
1533000300,453.3,453.84,453.7,453.3,56.88823502999999
1533000360,453.59,453.66,453.66,453.59,3.5982032299999993
1533000420,453.3,453.6,453.6,453.3,45.98811228
1533000480,453.3,453.6,453.6,453.6,6.844391659999999
1533000540,453.59,453.6,453.6,453.59,2.7700210199999997
1533000600,453.46,454.09,453.59,453.48,72.24252323000003
1533000660,453.49,454.0,453.49,454.0,5.86940655
1533000720,453.91,454.09,453.91,454.06,6.50592127
1533000780,454.06,454.06,454.06,454.06,0.31998751999999997
1533000840,454.0,454.25,454.05,454.2,13.96736359
1533000900,453.91,454.29,454.14,453.91,66.44158556999999
1533000960,453.91,454.12,453.91,453.91,17.84923148
1533001020,453.91,454.0,453.99,453.91,0.7974850899999999
1533001080,453.5,453.91,453.91,453.51,162.59653601000002
1533001140,453.42,453.78,453.51,453.62,19.10097794
1533001200,453.61,453.7,453.61,453.69,1.29562584
1533001260,453.65,454.08,453.7,453.66,10.614015210000002
1533001320,453.66,453.86,453.66,453.86,1.2127746799999999
1533001380,453.65,453.95,453.86,453.93,8.21884385
1533001440,453.65,453.85,453.85,453.81,4.719889420000001
1533001500,453.72,453.81,453.72,453.72,8.38754195
1533001560,453.71,453.97,453.76,453.97,7.897525449999999
1533001620,453.71,453.97,453.96,453.91,2.84242057
1533001680,453.71,453.81,453.71,453.72,10.886833820000003
1533001740,453.65,453.72,453.71,453.66,46.64996918000001
1533001800,453.65,453.66,453.65,453.65,1.7516761099999998
1533001860,452.86,453.66,453.66,452.86,12.665754509999998
1533001920,452.87,452.87,452.87,452.87,3.40201624
1533001980,452.86,453.19,452.86,453.19,43.95230835000001
1533002040,452.97,453.17,452.97,453.17,3.0603791499999997
1533002100,452.96,453.17,452.99,453.11,21.853366230000013
1533002160,452.86,453.09,452.97,453.08,35.00870671999999
1533002220,452.86,453.29,453.0,453.28,24.7853118
1533002280,452.87,453.16,453.16,452.87,19.350596930000002
1533002340,452.99,453.0,453.0,452.99,5.2579723099999995
1533002400,452.99,453.0,453.0,453.0,3.70183729
1533002460,452.99,453.0,453.0,453.0,3.46647922
1533002520,452.99,453.0,453.0,453.0,16.39873938
1533002580,453.0,453.0,453.0,453.0,2.00394955
1533002640,452.99,453.0,453.0,452.99,2.9750115900000003
1533002700,452.99,453.0,453.0,453.0,16.591667469999997
1533002760,453.0,453.33,453.0,453.32,2.5210666699999997
1533002820,453.32,453.62,453.32,453.62,10.78685083
1533002880,453.61,453.76,453.62,453.75,4.53218923
1533002940,453.27,453.76,453.76,453.52,5.49137308
1533003000,453.35,453.76,453.76,453.35,42.6645973
1533003060,453.39,453.7,453.41,453.45,1.6004448100000002
1533003120,453.39,453.66,453.66,453.54,13.974883429999998
1533003180,453.27,453.4,453.4,453.28,5.950347000000001
1533003240,453.27,453.75,453.27,453.75,15.15238064
1533003300,453.27,453.7,453.54,453.6,8.433850170000001
1533003360,453.26,453.71,453.59,453.41,31.854560109999998
1533003420,453.26,453.41,453.41,453.27,28.658909100000002
1533003480,453.26,453.75,453.26,453.26,20.577370860000002
1533003540,453.3,453.46,453.46,453.3,5.51124541
1533003600,452.99,453.46,453.45,453.0,25.80014929
1533003660,452.99,453.0,453.0,452.99,0.9248136
1533003720,452.99,453.0,453.0,452.99,4.5239685099999996
1533003780,452.99,453.0,453.0,453.0,9.95044725
1533003840,452.92,453.0,452.99,452.93,35.715116989999984
1533003900,452.8,452.93,452.93,452.81,3.81149821
1533003960,452.81,452.93,452.81,452.9,10.429017869999994
1533004020,452.81,453.0,452.9,452.99,7.86081083
1533004080,452.86,453.0,452.99,452.99,3.01196069
1533004140,452.99,453.0,453.0,452.99,1.5007587
1533004200,452.71,453.0,453.0,452.92,33.46043366
1533004260,452.89,453.0,452.89,453.0,10.09184535
1533004320,452.63,452.99,452.99,452.97,26.995416870000007
1533004380,452.67,452.97,452.96,452.68,30.04570002000001
1533004440,452.65,452.94,452.79,452.88,10.471092530000004
1533004500,452.68,452.96,452.88,452.94,4.569779149999998
1533004560,452.89,452.98,452.89,452.9,0.35668223
1533004620,452.66,452.98,452.89,452.71,14.347720129999997
1533004680,452.66,452.93,452.93,452.66,7.064426759999999
1533004740,452.84,452.89,452.84,452.84,4.759481169999999
1533004800,452.73,452.84,452.73,452.84,3.31038807
1533004860,452.72,452.9,452.73,452.88,12.004405750000004
1533004920,452.67,452.9,452.82,452.86,18.36781623
1533004980,452.81,452.97,452.81,452.97,3.2563020899999997
1533005040,452.96,452.97,452.97,452.97,2.01640107
1533005100,452.81,452.97,452.97,452.81,16.079875719999993
1533005160,452.81,452.83,452.83,452.82,4.636044569999999
1533005220,452.81,452.82,452.82,452.82,0.75974789
1533005280,452.81,452.82,452.82,452.82,6.575845279999999
1533005340,452.77,452.82,452.81,452.77,21.072321340000002
1533005400,452.18,452.77,452.77,452.19,65.32171201
1533005460,452.19,452.49,452.19,452.2,5.752419840000001
1533005520,452.07,452.21,452.21,452.09,111.81553922999998
1533005580,452.09,452.1,452.1,452.09,11.193684580000001
1533005640,452.09,452.1,452.1,452.1,0.7224909899999999
1533005700,452.09,452.1,452.1,452.09,1.83252593
1533005760,452.09,452.1,452.1,452.09,0.39573084999999997
1533005820,452.09,452.1,452.1,452.09,6.00016297
1533005880,452.09,452.1,452.1,452.1,20.49215412
1533005940,452.08,452.1,452.1,452.09,9.714151269999999
1533006000,451.91,452.09,452.09,451.92,329.68564088000005
1533006060,451.75,451.92,451.92,451.76,21.20331065
1533006120,451.33,451.76,451.76,451.33,14.252102590000009
1533006180,451.34,451.36,451.34,451.36,18.553993730000002
1533006240,451.35,451.36,451.36,451.35,7.46472782
1533006300,451.35,451.36,451.36,451.35,8.497384499999999
1533006360,451.36,451.4,451.36,451.4,5.84882391
1533006420,451.39,451.4,451.4,451.39,3.1396960000000003
1533006480,451.31,451.4,451.4,451.39,5.11771386
1533006540,451.13,451.33,451.32,451.33,3.56714531
1533006600,451.32,451.4,451.33,451.4,13.632813729999999
1533006660,451.32,451.38,451.32,451.35,5.769163829999998
1533006720,451.32,451.38,451.35,451.33,15.57057025
1533006780,451.32,451.33,451.32,451.33,11.399076769999999
1533006840,451.32,451.33,451.33,451.32,4.778134270000002
1533006900,451.32,451.33,451.32,451.32,3.30294187
1533006960,451.33,451.33,451.33,451.33,0.22527118000000002
1533007020,451.14,451.33,451.33,451.17,50.91270397000001
1533007080,451.02,451.27,451.27,451.12,12.048961339999998
1533007140,451.0,451.12,451.11,451.1,20.00770447
1533007200,451.09,451.1,451.1,451.1,2.65831214
1533007260,451.09,451.1,451.09,451.1,4.10890949
1533007380,451.09,451.1,451.09,451.09,0.77639677
1533007440,451.09,451.1,451.1,451.09,1.08779077
1533007500,451.09,451.1,451.1,451.1,1.00414313
1533007560,451.09,451.1,451.1,451.09,1.64991397
1533007620,451.09,451.1,451.1,451.1,24.486872089999995
1533007680,451.0,451.1,451.09,451.09,1.66740216
1533007740,451.1,451.1,451.1,451.1,1.35573517
1533007800,451.09,451.1,451.09,451.09,11.99004085
1533007860,451.09,451.1,451.1,451.1,5.771967820000001
1533007920,451.1,451.1,451.1,451.1,1.0
1533007980,451.09,451.1,451.09,451.1,11.826532960000002
1533008040,451.09,451.1,451.09,451.1,1.11578207
1533008100,451.1,451.1,451.1,451.1,0.73827273
1533008160,451.09,451.1,451.1,451.1,10.737080419999998
1533008220,451.09,451.1,451.09,451.1,4.8270180499999995
1533008280,450.23,451.09,451.09,450.23,796.12217991
1533008340,450.23,450.48,450.24,450.24,65.62749925999996
1533008400,450.23,450.24,450.23,450.23,3.9542078800000007
1533008460,450.23,450.24,450.24,450.24,3.20221708
1533008520,450.23,450.24,450.23,450.23,4.229489490000001
1533008580,450.23,450.24,450.24,450.24,4.6257969
1533008640,450.23,450.24,450.24,450.23,16.515160010000002
1533008700,450.23,450.78,450.23,450.67,109.32770724000001
1533008760,450.4,450.68,450.68,450.51,14.531030070000003
1533008820,450.24,450.52,450.52,450.41,13.541338930000002
1533008880,450.4,450.71,450.41,450.71,31.53491435000001
1533008940,450.7,451.0,450.71,450.72,14.098244829999999
1533009000,450.38,450.97,450.72,450.39,96.51917764000004
1533009060,450.28,450.39,450.39,450.29,2.62365731
1533009120,450.28,450.29,450.28,450.29,0.38678953
1533009180,450.28,450.51,450.29,450.36,37.53823039
1533009240,450.28,450.35,450.35,450.29,1.4647223800000002
1533009300,450.28,450.29,450.28,450.29,12.46968736
1533009360,450.28,450.59,450.28,450.59,15.530086010000002
1533009420,450.25,450.29,450.29,450.26,8.79493723
1533009480,450.25,450.26,450.26,450.26,6.352118350000001
1533009540,450.25,450.26,450.26,450.26,7.550640549999999
1533009600,450.26,450.26,450.26,450.26,2.73485835
1533009660,450.25,450.26,450.25,450.26,2.42494839
1533009720,450.25,450.26,450.25,450.26,25.32007409
1533009780,450.25,450.26,450.25,450.26,1.34756212
1533009840,450.25,450.26,450.25,450.25,3.0396110999999997
1533009900,450.25,450.26,450.26,450.26,20.73182047
1533009960,450.26,450.26,450.26,450.26,1.92982165
1533010020,450.25,450.26,450.25,450.26,1.69105968
1533010080,450.25,450.26,450.25,450.26,2.2154397
1533010140,450.25,450.26,450.26,450.26,7.11752073
1533010200,450.25,450.26,450.26,450.25,3.06045079
1533010260,450.25,450.26,450.26,450.26,3.20398086
1533010320,450.25,450.26,450.26,450.25,10.04845329
1533010380,450.25,450.26,450.26,450.26,3.6769479499999997
1533010440,449.72,450.25,450.25,449.72,119.40122345000003
1533010500,449.69,449.7,449.7,449.7,2.1978343500000004
1533010560,449.69,449.7,449.7,449.7,1.56915235
1533010620,449.69,449.7,449.69,449.7,1.9391498999999999
1533010680,449.69,449.7,449.7,449.7,9.75465386
1533010740,449.69,449.7,449.7,449.7,14.63820774
1533010800,449.69,449.7,449.7,449.7,12.34069936
1533010860,449.69,449.7,449.7,449.7,5.21725678
1533010920,449.67,449.69,449.69,449.68,42.372012389999995
1533010980,449.67,449.68,449.68,449.68,5.036137620000001
1533011040,449.66,449.68,449.68,449.66,35.85985043
1533011100,449.66,449.67,449.66,449.67,11.626314309999998
