1538523720,225.68,225.74,225.74,225.74,4.915695169999999
1538523780,225.73,225.74,225.73,225.73,6.67153974
1538523840,225.54,225.74,225.74,225.54,20.42782128
1538523900,225.29,225.54,225.54,225.38,49.24886192
1538523960,225.38,225.39,225.39,225.39,19.33144667
1538524020,225.31,225.39,225.38,225.31,10.22878221
1538524080,225.23,225.31,225.31,225.27,11.40784974
1538524140,225.11,225.27,225.27,225.11,2.9930024299999993
1538524200,224.81,225.09,225.09,224.82,137.70442479000002
1538524260,224.47,224.82,224.81,224.47,219.61828179999992
1538524320,224.48,224.5,224.48,224.49,30.770746869999996
1538524380,224.49,224.5,224.5,224.49,5.56941001
1538524440,224.5,224.86,224.5,224.85,105.04478736999998
1538524500,224.84,224.99,224.84,224.99,3.8934537
1538524560,224.99,225.0,224.99,225.0,15.17709052
1538524620,224.94,225.0,224.99,224.97,3.4432468300000005
1538524680,224.84,224.97,224.96,224.85,6.02879905
1538524740,224.85,224.85,224.85,224.85,1.56809902
1538524800,224.7,224.85,224.85,224.71,21.696658029999995
1538524860,224.4,224.7,224.7,224.41,94.77161866999998
1538524920,224.25,224.4,224.4,224.26,11.89804846
1538524980,224.25,224.38,224.37,224.25,11.76444924
1538525040,224.25,224.32,224.32,224.26,53.00365055
1538525100,224.18,224.26,224.25,224.18,19.44018415
1538525160,223.62,224.17,224.17,223.62,133.62554606
1538525220,223.5,223.78,223.5,223.7,87.71073145999999
1538525280,223.67,223.68,223.68,223.68,3.7522417
1538525340,223.67,224.01,223.68,223.92,23.37915833
1538525400,223.69,224.14,223.93,224.13,93.18498100000001
1538525460,224.13,224.19,224.13,224.18,25.50660704
1538525520,224.01,224.19,224.19,224.01,15.12344135
1538525580,224.02,224.15,224.02,224.15,3.0933615999999997
1538525640,224.01,224.15,224.15,224.01,33.682233610000004
1538525700,224.01,224.02,224.02,224.02,8.136353130000002
1538525760,224.01,224.02,224.02,224.01,18.614807780000003
1538525820,224.01,224.02,224.01,224.02,37.67519919
1538525880,224.02,224.24,224.02,224.24,48.78305732
1538525940,224.23,224.26,224.26,224.23,0.80280009
1538526000,224.23,224.32,224.23,224.32,68.67553634
1538526060,224.31,224.35,224.32,224.35,21.306442990000004
1538526120,224.35,224.41,224.35,224.4,26.108785349999998
1538526180,224.41,224.44,224.41,224.44,7.17560548
1538526240,224.43,224.44,224.44,224.44,2.8439369400000003
1538526300,224.44,224.7,224.44,224.69,51.29334114999999
1538526360,224.69,224.77,224.69,224.77,60.39330233999999
1538526420,224.76,224.9,224.76,224.85,144.66639800000002
1538526480,224.81,224.87,224.81,224.86,55.74863559
1538526540,224.86,224.87,224.86,224.87,25.49489121
1538526600,224.87,224.87,224.87,224.87,2.27107447
1538526660,224.86,224.87,224.87,224.86,8.024143489999998
1538526720,224.86,224.87,224.87,224.87,19.868161729999997
1538526780,224.86,224.87,224.86,224.87,47.2797698
1538526840,224.87,224.87,224.87,224.87,15.35349384
1538526900,224.86,224.87,224.87,224.87,9.40514381
1538526960,224.82,224.87,224.87,224.83,32.0712094
1538527020,224.82,224.83,224.83,224.82,22.46563157
1538527080,224.82,224.83,224.83,224.82,13.22531665
1538527140,224.8,224.82,224.82,224.8,23.01250577
1538527200,224.8,224.81,224.81,224.81,16.36556488
1538527260,224.8,224.81,224.8,224.8,2.62611511
1538527320,224.42,224.81,224.81,224.42,34.73745524999999
1538527380,224.42,224.43,224.43,224.43,7.614079749999999
1538527440,224.43,224.43,224.43,224.43,13.11580138
1538527500,224.43,224.62,224.43,224.56,89.06556332000001
1538527560,224.58,224.59,224.59,224.58,0.33482966000000003
1538527620,224.59,224.63,224.59,224.62,7.36916458
1538527680,224.62,224.63,224.63,224.62,49.671351009999995
1538527740,224.62,224.63,224.62,224.63,19.758255069999997
1538527800,224.63,224.65,224.63,224.65,5.07571368
1538527860,224.64,224.65,224.65,224.65,20.97370651
1538527920,224.65,224.66,224.66,224.66,23.687439950000005
1538527980,224.65,224.66,224.66,224.66,22.93654969
1538528040,224.66,224.75,224.66,224.68,7.64149218
1538528100,224.68,224.69,224.68,224.69,8.088545719999999
1538528160,224.68,224.69,224.69,224.68,3.15590552
1538528220,224.68,224.69,224.69,224.68,27.821572879999998
1538528280,224.65,224.69,224.68,224.67,20.598431810000005
1538528340,224.67,224.71,224.67,224.71,22.91425189
1538528400,224.71,224.73,224.71,224.72,1.14419358
1538528460,224.71,224.72,224.72,224.71,7.74882176
1538528520,224.71,224.71,224.71,224.71,11.48300125
1538528580,224.71,224.72,224.71,224.72,16.367641589999998
1538528640,224.71,224.72,224.72,224.71,5.391565719999999
1538528700,224.28,224.72,224.72,224.32,410.1573053599999
1538528760,224.3,224.4,224.34,224.3,54.61666448
1538528820,224.38,224.39,224.39,224.39,39.07184375
1538528880,224.38,224.39,224.39,224.38,1.15366264
1538528940,224.38,224.39,224.39,224.39,2.60291073
1538529000,224.28,224.39,224.39,224.33,13.30627363
1538529060,224.33,224.47,224.34,224.34,6.19636943
1538529120,223.8,224.35,224.35,223.81,79.31558262
1538529180,223.8,223.81,223.8,223.81,7.939483549999999
1538529240,223.8,223.89,223.81,223.89,4.16461731
1538529300,223.88,223.89,223.88,223.89,10.97985388
1538529360,223.88,223.89,223.89,223.89,8.84940026
1538529420,223.88,223.89,223.89,223.88,2.29748349
1538529480,223.25,223.89,223.89,223.25,270.52604199999985
1538529540,223.0,223.37,223.21,223.37,83.98808015000002
1538529600,222.9,223.36,223.36,223.02,87.59653689000004
1538529660,222.86,223.03,223.03,222.96,25.22707191
1538529720,223.04,223.05,223.05,223.05,27.42853503
1538529780,223.0,223.1,223.09,223.01,33.53040432
1538529840,223.01,223.1,223.01,223.09,15.933679989999998
1538529900,223.09,223.1,223.1,223.1,5.970579570000001
1538529960,223.09,223.1,223.1,223.1,5.4454676200000005
1538530020,223.09,223.15,223.1,223.15,7.64389627
1538530080,223.15,223.23,223.15,223.22,10.52012574
1538530140,223.22,223.23,223.22,223.22,18.95226911
1538530200,223.22,223.23,223.22,223.23,62.31803071
1538530260,223.22,223.23,223.23,223.23,11.79230537
1538530320,223.22,223.37,223.23,223.37,61.662794000000005
1538530380,223.24,223.43,223.37,223.24,70.6588181
1538530440,223.4,223.43,223.4,223.43,5.44525124
1538530500,223.42,223.43,223.43,223.42,3.3436186200000004
1538530560,223.44,223.66,223.44,223.66,22.182278950000004
1538530620,223.64,223.65,223.65,223.65,15.193210299999999
1538530680,223.5,223.78,223.66,223.64,76.5934702
1538530740,223.71,223.71,223.71,223.71,2.28426681
1538530800,223.42,223.69,223.69,223.5,8.9089337
1538530860,223.49,223.72,223.52,223.71,10.17513219
1538530920,223.61,223.74,223.74,223.61,26.83429404
1538530980,223.3,223.62,223.62,223.46,67.00490645999999
1538531040,222.96,223.43,223.43,222.97,327.4598323600001
1538531100,222.97,223.0,222.97,222.99,168.63359627999998
1538531160,222.8,222.99,222.99,222.94,12.267928559999998
1538531220,222.81,222.94,222.94,222.82,3.65449878
1538531280,222.81,222.82,222.82,222.81,6.884193270000001
1538531340,222.81,222.82,222.82,222.82,1.126926
1538531400,222.82,223.43,222.82,223.42,211.14197218000004
1538531460,223.38,223.39,223.38,223.39,4.98933073
1538531520,223.38,223.39,223.39,223.38,8.1543052
1538531580,223.38,223.39,223.38,223.39,9.393510139999998
1538531640,223.38,223.39,223.39,223.39,9.17644843
1538531700,223.36,223.39,223.39,223.37,144.88353754999994
1538531760,223.36,223.37,223.36,223.37,2.6954654700000003
1538531820,223.36,223.37,223.37,223.37,16.19241962
1538531880,223.38,223.39,223.39,223.39,1.78106694
1538531940,223.15,223.39,223.39,223.21,77.00526886999998
1538532000,223.23,223.35,223.24,223.35,19.17232175
1538532060,223.27,223.34,223.34,223.27,32.6801156
1538532120,223.27,223.28,223.28,223.27,8.53351452
1538532180,223.01,223.27,223.27,223.1,24.25624548
1538532240,223.0,223.1,223.09,223.01,117.85867719000002
1538532300,221.82,223.0,223.0,221.82,515.2901167099998
1538532360,221.6,221.76,221.76,221.6,213.98634537
1538532420,221.08,221.6,221.6,221.12,289.53806107
1538532480,221.11,221.12,221.11,221.12,0.19830127
1538532540,221.27,221.44,221.27,221.44,63.893943580000006
1538532600,221.44,221.65,221.44,221.64,69.38945007999999
1538532660,221.65,221.78,221.65,221.74,33.30109418999999
1538532720,221.41,221.74,221.74,221.44,75.34114086
1538532780,221.45,221.72,221.45,221.55,248.48461517
1538532840,221.54,221.6,221.54,221.6,25.62053333
1538532900,221.54,221.7,221.55,221.7,30.308934570000012
1538532960,221.7,221.73,221.7,221.72,12.772920279999994
1538533020,221.72,221.73,221.73,221.72,31.03508976
1538533080,221.72,221.73,221.73,221.73,45.36638445
1538533140,221.72,221.73,221.73,221.72,10.14136838
1538533200,221.54,221.73,221.73,221.54,51.53011641
1538533260,220.51,221.54,221.54,220.72,609.5653994499999
1538533320,220.59,220.73,220.73,220.59,48.64941849999998
1538533380,220.5,220.58,220.58,220.51,35.368851389999996
1538533440,220.5,220.51,220.51,220.5,54.1039902
1538533500,220.12,220.51,220.5,220.12,173.15895653999993
1538533560,218.01,220.12,220.11,218.87,2407.4046305000015
1538533620,218.4,218.79,218.79,218.4,232.67847580999995
1538533680,218.54,219.26,218.56,219.23,488.41492042000004
1538533740,218.65,219.22,219.22,218.65,301.5293826899999
1538533800,218.19,218.66,218.66,218.29,138.39510586999998
1538533860,218.19,218.84,218.29,218.84,254.16201384000001
1538533920,218.61,219.12,218.84,218.61,31.97185171
1538533980,218.61,219.16,218.61,219.16,46.38744548
1538534040,219.16,220.0,219.16,219.76,311.12422426999984
1538534100,219.14,219.71,219.71,219.15,14.404741889999999
1538534160,219.14,219.15,219.14,219.15,61.61118123
1538534220,219.14,219.15,219.15,219.15,95.44104405
1538534280,219.15,220.23,219.15,220.06,416.20387598999986
1538534340,220.0,220.01,220.01,220.01,35.20757543000002
1538534400,220.01,220.01,220.01,220.01,3.73802587
1538534460,220.02,220.15,220.02,220.15,20.42020563
1538534520,220.15,220.41,220.15,220.25,264.93991065999995
1538534580,219.8,220.26,220.25,219.8,120.63934135
1538534640,219.8,219.81,219.8,219.81,26.84836192
1538534700,219.8,220.02,219.81,220.01,75.01031108
1538534760,220.02,220.27,220.02,220.24,126.91288901999998
1538534820,220.24,220.25,220.25,220.24,21.862593819999997
1538534880,220.25,220.26,220.25,220.26,92.8749956
1538534940,220.25,220.26,220.26,220.25,34.23544344
1538535000,220.25,220.26,220.26,220.26,83.21222227999999
1538535060,220.25,220.26,220.25,220.26,5.904589250000001
1538535120,218.85,220.26,220.25,218.98,708.1179494800002
1538535180,218.28,218.98,218.98,218.28,212.82244298
1538535240,218.39,218.53,218.53,218.51,31.48772271
1538535300,218.5,219.65,218.51,219.64,182.3404826500001
1538535360,219.63,219.64,219.64,219.64,21.530160050000006
1538535420,219.53,219.65,219.64,219.61,19.30496586
1538535480,219.6,219.61,219.61,219.61,32.01077728
1538535540,219.61,219.61,219.61,219.61,6.971326990000001
1538535600,219.58,219.61,219.61,219.58,31.601406880000003
1538535660,218.67,219.57,219.57,218.76,292.35925445000004
1538535720,218.67,218.92,218.74,218.92,79.13670937000002
1538535780,218.91,218.92,218.92,218.91,5.40326725
1538535840,218.91,218.92,218.92,218.92,27.582492260000006
1538535900,218.91,218.92,218.92,218.91,93.65848656
1538535960,218.7,218.92,218.92,218.7,66.43148801
1538536020,218.7,218.71,218.71,218.7,21.953762289999997
1538536080,218.01,218.71,218.71,218.19,300.56523608000003
1538536140,218.41,218.42,218.41,218.42,2.9026512799999997
1538536200,218.09,218.45,218.42,218.39,27.317158980000006
1538536260,218.39,218.71,218.39,218.53,244.4223522
1538536320,218.58,218.71,218.58,218.71,9.29161539
1538536380,218.7,218.71,218.71,218.71,26.95667848
1538536440,218.7,218.71,218.71,218.71,5.489195759999999
1538536500,218.6,218.71,218.71,218.6,19.31316614
1538536560,218.51,218.61,218.6,218.52,36.190944529999996
1538536620,218.21,218.52,218.52,218.27,59.390451729999995
1538536680,218.09,218.35,218.35,218.24,113.53268943
1538536740,217.9,218.08,218.08,217.9,457.46110442000014
1538536800,217.61,217.9,217.9,217.62,75.41171111000001
1538536860,216.26,217.61,217.61,216.27,2037.8207381499985
1538536920,215.78,216.27,216.27,215.79,664.3320074999998
1538536980,215.5,216.84,215.79,216.31,743.0605475299998
1538537040,216.27,216.79,216.27,216.44,146.41384034999993
1538537100,216.0,216.54,216.43,216.53,200.84947144999987
1538537160,216.03,216.45,216.45,216.15,144.61966139999996
1538537220,216.1,216.24,216.14,216.17,73.62993050000003
1538537280,215.44,216.17,216.17,215.44,384.49364515999986
1538537340,215.4,215.85,215.44,215.84,70.40673029
1538537400,215.84,216.39,215.85,216.18,337.16999732000005
1538537460,215.89,216.18,216.18,216.06,131.25222751
1538537520,215.91,216.39,215.93,216.39,70.13972553000005
1538537580,216.4,217.06,216.4,217.06,165.01198995
1538537640,216.94,217.06,217.06,216.95,61.17825076
1538537700,216.29,216.95,216.95,216.29,144.1505283
1538537760,216.28,216.49,216.3,216.49,37.376622450000006
1538537820,216.37,216.49,216.49,216.48,49.32073599
1538537880,216.02,216.49,216.49,216.02,62.77009370999999
1538537940,215.8,216.35,216.03,216.22,390.33300557
1538538000,216.21,216.22,216.22,216.22,9.61093906
1538538060,216.21,216.66,216.22,216.65,135.40221362999998
1538538120,216.66,217.28,216.66,216.96,289.00588193000004
1538538180,216.93,217.14,216.96,216.94,96.75374878
1538538240,216.56,216.94,216.94,216.56,69.97086803000002
1538538300,216.56,216.57,216.56,216.56,32.70432338
1538538360,216.56,216.8,216.56,216.69,77.33188913
1538538420,216.71,217.01,216.73,216.84,56.72055916000002
1538538480,216.83,216.84,216.84,216.84,39.623486379999996
1538538540,216.83,216.84,216.84,216.83,13.901480920000001
1538538600,216.83,216.84,216.84,216.84,101.73117114
1538538660,217.0,217.22,217.0,217.15,58.73391700999999
1538538720,217.15,217.44,217.15,217.44,103.12335610999997
1538538780,217.43,217.5,217.44,217.44,177.01347193
1538538840,217.43,217.44,217.44,217.44,85.13719050000002
1538538900,217.43,217.44,217.44,217.44,10.76449673
1538538960,217.3,217.44,217.43,217.31,22.534108509999996
1538539020,217.1,217.31,217.31,217.11,30.48798987
1538539080,217.1,217.11,217.1,217.11,19.720200939999998
1538539140,217.1,217.33,217.11,217.19,29.546760020000004
1538539200,217.0,217.14,217.14,217.01,41.022005240000006
1538539260,216.7,217.01,217.01,216.7,289.13120518
1538539320,216.12,216.8,216.61,216.17,347.5368874399998
1538539380,216.17,216.41,216.17,216.41,30.28043569
1538539440,216.35,216.51,216.41,216.35,12.944868029999999
1538539500,216.42,216.64,216.42,216.62,15.15635073
1538539560,216.61,216.81,216.62,216.78,41.89785627
1538539620,216.69,216.7,216.7,216.69,0.52321847
1538539680,216.66,216.75,216.69,216.67,11.50666779
1538539740,216.54,216.67,216.67,216.55,23.03824824000001
1538539800,216.36,216.6,216.55,216.37,27.1765156
1538539860,216.38,216.39,216.38,216.39,0.06143255
1538539920,216.16,216.36,216.36,216.17,10.65289846
1538539980,216.39,216.59,216.39,216.39,7.4231821700000005
1538540040,215.84,216.41,216.41,215.97,366.6718064899997
1538540100,215.97,216.32,215.97,216.32,155.32084538
1538540160,216.23,216.56,216.26,216.31,42.88539284
1538540220,215.99,216.3,216.3,216.11,66.67499894
1538540280,216.1,216.31,216.11,216.3,7.649493829999999
1538540340,216.3,216.31,216.31,216.3,29.75993439
1538540400,216.3,216.31,216.31,216.31,7.24358642
1538540460,216.31,217.22,216.31,217.1,251.18390361
1538540520,217.09,217.14,217.11,217.09,34.54682364999999
1538540580,217.1,217.29,217.1,217.28,74.48260901
1538540640,217.28,217.79,217.28,217.79,124.71506816999998
1538540700,217.79,218.0,217.79,217.97,264.8191044799999
1538540760,217.97,218.46,217.98,218.46,273.9620115999999
1538540820,218.34,218.49,218.38,218.48,66.74376574
1538540880,218.47,218.5,218.49,218.49,141.14856329000003
1538540940,217.7,218.5,218.5,217.79,88.09185005
1538541000,217.8,217.8,217.8,217.8,1.86933491
1538541060,217.79,217.8,217.8,217.8,3.999
1538541120,217.79,217.89,217.8,217.89,33.005141050000006
1538541180,217.89,217.89,217.89,217.89,1.18344438
1538541240,217.88,217.89,217.89,217.89,5.0252097
1538541300,217.5,217.89,217.89,217.51,514.29306239
1538541360,217.5,217.69,217.5,217.69,3.18162723
1538541420,217.62,217.63,217.63,217.63,6.48304928
1538541480,217.53,217.89,217.7,217.89,83.93136004000002
1538541540,217.88,218.23,217.88,218.23,304.7007896500002
1538541600,218.22,218.75,218.22,218.74,352.27026474999997
1538541660,218.74,218.75,218.75,218.74,2.3933268500000002
1538541720,218.52,218.63,218.63,218.52,0.74880285
1538541780,218.56,218.57,218.57,218.57,36.75404657
1538541840,218.56,218.57,218.57,218.57,44.41543208
1538541900,218.56,218.57,218.57,218.57,4.53893387
1538541960,218.56,218.57,218.57,218.56,41.00592403
1538542020,218.57,218.57,218.57,218.57,17.04971915
1538542080,218.56,218.59,218.57,218.59,4.32853667
1538542140,218.58,218.77,218.58,218.77,14.505626800000002
1538542200,218.77,218.82,218.77,218.82,7.502670259999999
1538542260,218.77,218.82,218.82,218.77,12.61918675
1538542320,218.77,218.83,218.78,218.83,4.45221456
