1545934500,121.6,121.85,121.61,121.85,248.34
1545934560,121.86,122.01,121.86,121.97,157.03
1545934620,121.95,122.47,121.95,122.35,380.6
1545934680,122.41,122.78,122.41,122.46,1153.57
1545934740,122.19,122.45,122.45,122.2,17.55
1545934800,122.05,122.19,122.19,122.08,468.84
1545934860,122.08,122.2,122.08,122.19,117.04
1545934920,122.08,122.2,122.18,122.11,17.08
1545934980,121.78,122.16,122.16,121.78,280.69
1545935040,121.71,121.81,121.77,121.71,99.87
1545935100,121.51,121.86,121.71,121.51,140.2
1545935160,121.51,121.73,121.52,121.73,29.89
1545935220,121.62,121.78,121.69,121.71,184.37
1545935280,121.5,121.7,121.7,121.5,262.88
1545935340,121.19,121.45,121.44,121.38,523.13
1545935400,121.37,121.6,121.38,121.59,131.02
1545935460,121.55,121.95,121.66,121.95,176.03
1545935520,121.82,122.2,121.82,122.19,306.49
1545935580,121.9,122.22,122.19,121.92,183.19
1545935640,121.83,121.95,121.91,121.88,69.13
1545935700,121.85,121.9,121.88,121.89,51.67
1545935760,121.87,122.08,121.9,121.93,41.54
1545935820,121.83,121.99,121.9,121.88,34.0
1545935880,121.9,121.93,121.93,121.9,16.09
1545935940,121.83,121.91,121.89,121.88,15.88
1545936000,121.83,121.89,121.88,121.84,41.45
1545936060,121.84,121.87,121.84,121.87,51.22
1545936120,121.84,121.88,121.88,121.84,29.64
1545936180,121.84,121.86,121.84,121.85,19.84
1545936240,121.83,121.86,121.85,121.84,67.75
1545936300,121.58,121.83,121.83,121.74,126.97
1545936360,121.73,122.0,121.73,122.0,32.08
1545936420,121.81,121.98,121.98,121.81,63.97
1545936480,121.8,121.81,121.81,121.81,354.28
1545936540,121.8,121.89,121.8,121.82,23.89
1545936600,121.73,121.8,121.73,121.74,23.26
1545936660,121.73,121.74,121.74,121.74,13.14
1545936720,121.73,121.74,121.74,121.74,27.46
1545936780,121.63,121.74,121.74,121.64,133.77
1545936840,121.18,121.65,121.65,121.32,704.7
1545936900,121.09,121.33,121.32,121.3,69.73
1545936960,121.07,121.28,121.21,121.07,110.62
1545937020,121.0,121.11,121.11,121.01,67.56
1545937080,121.0,121.05,121.01,121.01,71.24
1545937140,120.94,121.01,121.01,120.94,134.85
1545937200,120.63,120.94,120.94,120.68,722.36
1545937260,120.57,120.69,120.69,120.57,143.76
1545937320,120.0,120.57,120.57,120.0,3038.25
1545937380,117.77,120.0,120.0,117.77,7550.97
1545937440,116.0,117.96,117.78,116.24,3507.49
1545937500,115.39,116.24,116.24,115.39,1493.52
1545937560,114.23,115.4,115.4,114.37,3318.09
1545937620,114.0,115.69,114.38,115.25,2496.03
1545937680,114.98,116.45,115.22,116.09,1843.97
1545937740,115.8,116.37,116.11,116.1,638.1
1545937800,115.99,116.4,116.16,116.36,662.77
1545937860,116.12,116.78,116.4,116.14,1279.26
1545937920,115.69,116.32,116.3,115.77,973.12
1545937980,115.79,116.17,115.79,115.89,342.14
1545938040,114.7,115.82,115.8,115.39,2720.28
1545938100,115.41,116.24,115.68,115.91,837.56
1545938160,115.68,116.32,115.9,116.26,1173.8
1545938220,116.31,116.79,116.31,116.7,1365.92
1545938280,116.05,116.69,116.69,116.51,439.52
1545938340,116.4,116.75,116.5,116.66,550.92
1545938400,116.22,116.66,116.66,116.45,386.24
1545938460,116.05,116.35,116.32,116.16,1034.74
1545938520,115.77,116.35,116.16,116.22,2282.96
1545938580,115.93,116.28,116.22,116.13,1033.23
1545938640,116.1,116.5,116.13,116.5,1283.68
1545938700,116.3,116.55,116.49,116.44,209.71
1545938760,116.44,116.75,116.53,116.75,342.62
1545938820,116.74,117.43,116.75,117.12,1291.79
1545938880,116.81,117.22,117.18,116.81,965.55
1545938940,116.79,116.97,116.81,116.92,101.18
1545939000,116.49,116.96,116.91,116.66,712.45
1545939060,115.99,116.8,116.64,115.99,573.69
1545939120,116.03,116.6,116.11,116.56,858.8
1545939180,116.33,116.87,116.7,116.46,646.97
1545939240,116.18,116.53,116.44,116.18,337.91
1545939300,116.12,116.37,116.18,116.35,272.87
1545939360,115.89,116.35,116.34,116.06,894.12
1545939420,115.89,116.15,115.96,116.03,194.48
1545939480,115.92,116.35,115.98,116.34,484.44
1545939540,115.71,116.29,116.29,115.77,1286.27
1545939600,115.26,116.0,115.85,115.71,1281.08
1545939660,115.61,116.08,115.7,116.06,187.22
1545939720,115.45,116.11,115.95,116.1,1545.04
1545939780,115.93,116.45,116.1,116.1,352.58
1545939840,115.54,116.12,116.11,116.02,1830.55
1545939900,115.86,116.15,116.02,115.86,204.95
1545939960,115.72,116.34,115.89,116.32,1104.16
1545940020,115.8,116.33,116.28,115.95,1152.26
1545940080,115.82,116.49,115.85,116.49,181.52
1545940140,115.61,116.48,116.48,116.34,1027.24
1545940200,116.15,116.45,116.33,116.33,91.44
1545940260,116.0,116.42,116.38,116.0,301.44
1545940320,115.85,116.21,116.08,116.07,813.6
1545940380,116.01,116.14,116.13,116.06,78.92
1545940440,115.62,116.25,116.15,116.09,778.42
1545940500,115.81,116.19,116.08,116.14,970.17
1545940560,115.4,116.08,116.08,115.82,931.11
1545940620,115.13,115.93,115.88,115.61,937.88
1545940680,114.82,115.57,115.57,114.84,720.56
1545940740,114.5,115.37,114.84,115.28,915.29
1545966660,114.5,114.98,114.5,114.72,1217.95
1545966720,114.7,115.56,114.7,115.08,1947.49
1545966780,115.09,115.2,115.09,115.18,52.32
1545966840,115.15,115.26,115.16,115.26,80.01
1545966900,115.26,115.46,115.26,115.46,79.04
1545966960,115.31,115.46,115.45,115.31,105.28
1545967020,115.19,115.26,115.26,115.19,100.31
1545967080,115.17,115.21,115.21,115.2,19.0
1545967140,115.2,115.21,115.21,115.21,10.91
1545967200,115.2,115.23,115.21,115.2,113.46
1545967260,115.21,115.22,115.21,115.22,35.38
1545967320,115.11,115.22,115.22,115.11,53.29
1545967380,115.1,115.11,115.1,115.1,56.33
1545967440,114.86,115.1,115.1,114.86,65.8
1545967500,114.86,114.94,114.86,114.94,8.93
1545967560,114.92,114.96,114.92,114.92,99.72
1545967620,114.81,114.92,114.92,114.81,196.65
1545967680,114.81,114.82,114.81,114.81,29.11
1545967740,114.81,114.82,114.82,114.81,11.27
1545967800,114.67,114.82,114.81,114.67,47.85
1545967860,114.65,114.67,114.67,114.65,33.49
1545967920,114.6,114.66,114.66,114.6,33.88
1545967980,114.6,114.61,114.61,114.61,11.27
1545968040,114.6,114.61,114.61,114.6,248.87
1545968100,114.45,114.57,114.57,114.45,139.17
1545968160,114.34,114.41,114.41,114.34,420.68
1545968220,114.34,114.35,114.35,114.35,178.47
1545968280,114.33,114.45,114.34,114.45,177.01
1545968340,114.46,114.67,114.58,114.59,10.51
1545968400,114.3,114.61,114.59,114.3,12.27
1545968460,114.26,114.35,114.3,114.26,65.76
1545968520,114.18,114.25,114.25,114.24,106.46
1545968580,114.24,114.54,114.24,114.54,398.85
1545968640,114.39,114.57,114.46,114.47,102.66
1545968700,114.34,114.46,114.46,114.43,83.12
1545968760,114.33,114.49,114.45,114.43,70.94
1545968820,114.41,114.52,114.43,114.43,144.94
1545968880,114.43,114.5,114.44,114.43,297.68
1545968940,114.43,114.49,114.43,114.45,10.47
1545969000,114.29,114.44,114.44,114.29,84.44
1545969060,114.16,114.3,114.29,114.26,130.71
1545969120,114.16,114.28,114.23,114.21,28.09
1545969180,114.18,114.25,114.25,114.2,7.98
1545969240,114.14,114.31,114.19,114.31,306.29
1545969300,114.31,114.43,114.43,114.31,7.08
1545969360,114.35,114.37,114.35,114.36,92.23
1545969420,114.35,114.39,114.35,114.39,8.72
1545969480,114.38,114.42,114.39,114.42,8.62
1545969540,114.31,114.41,114.41,114.31,6.72
1545969600,114.26,114.4,114.31,114.31,39.56
1545969660,114.12,114.31,114.3,114.21,17.09
1545969720,114.12,114.19,114.16,114.13,24.57
1545969780,114.13,114.35,114.13,114.32,20.52
1545969840,114.27,114.43,114.27,114.43,2.12
1545969900,114.37,114.38,114.38,114.37,47.6
1545969960,114.32,114.38,114.35,114.37,3.75
1545970020,114.38,114.44,114.38,114.44,29.41
1545970080,114.4,114.4,114.4,114.4,1.75
1545970140,114.22,114.39,114.39,114.35,43.87
1545970200,114.35,114.39,114.35,114.39,42.68
1545970260,114.33,114.4,114.39,114.37,30.23
1545970320,114.36,114.37,114.36,114.37,10.86
1545970380,114.36,114.37,114.37,114.36,50.19
1545970440,114.36,114.36,114.36,114.36,3.56
1545970500,114.36,114.37,114.37,114.36,12.8
1545970560,114.36,114.37,114.36,114.37,52.75
1545970620,114.36,114.37,114.36,114.37,19.62
1545970680,114.36,114.38,114.37,114.37,98.29
1545970740,114.37,114.41,114.37,114.41,23.28
1545970800,114.41,114.67,114.41,114.66,203.32
1545970860,114.66,114.67,114.66,114.67,16.3
1545970920,114.67,114.76,114.67,114.73,5.69
1545970980,114.71,114.8,114.73,114.72,54.54
1545971040,114.72,114.79,114.72,114.77,156.85
1545971100,114.76,114.8,114.77,114.8,43.14
1545971160,114.76,114.76,114.76,114.76,1.87
1545971220,114.76,114.82,114.76,114.8,3.96
1545971280,114.79,114.8,114.79,114.8,14.31
1545971340,114.66,114.8,114.8,114.66,17.25
1545971400,114.66,114.75,114.75,114.69,21.51
1545971460,114.67,114.7,114.69,114.67,16.6
1545971520,114.41,114.66,114.66,114.54,107.62
1545971580,114.41,114.55,114.54,114.55,22.56
1545971640,114.39,114.6,114.6,114.56,57.29
1545971700,114.53,114.55,114.55,114.53,86.87
1545971760,114.41,114.46,114.46,114.43,154.15
1545971820,114.36,114.48,114.43,114.36,162.12
1545971880,114.35,114.4,114.36,114.4,11.0
1545971940,114.35,114.38,114.37,114.35,20.69
1545972000,114.35,114.38,114.38,114.35,19.08
1545972060,114.24,114.35,114.35,114.24,163.7
1545972120,114.03,114.21,114.21,114.03,147.68
1545972180,113.79,114.08,114.08,113.79,589.31
1545972240,113.61,113.84,113.79,113.67,121.59
1545972300,113.7,113.8,113.72,113.8,40.2
1545972360,113.8,113.8,113.8,113.8,7.2
1545972420,113.79,113.98,113.79,113.98,1.73
1545972480,113.96,114.27,113.96,114.27,29.6
1545972540,114.14,114.26,114.26,114.18,8.12
1545972600,114.11,114.18,114.17,114.18,18.38
1545972660,114.01,114.18,114.18,114.08,181.19
1545972720,114.0,114.09,114.03,114.02,19.02
1545972780,114.02,114.03,114.02,114.03,24.26
1545972840,114.11,114.22,114.12,114.11,35.92
1545972900,113.91,114.06,114.06,114.01,40.29
1545972960,113.89,113.97,113.94,113.93,20.29
1545973020,113.89,114.0,113.91,114.0,86.12
1545973080,113.97,113.99,113.97,113.99,2.26
1545973140,113.99,114.0,113.99,113.99,24.99
1545973200,113.99,114.0,114.0,113.99,1.5
1545973260,113.99,114.02,114.0,114.01,77.87
1545973320,113.99,114.0,114.0,113.99,36.54
1545973380,113.99,114.09,114.0,114.09,37.21
1545973440,114.0,114.01,114.01,114.0,11.0
1545973500,114.0,114.01,114.01,114.01,77.01
1545973560,113.84,114.01,114.01,113.93,10.28
1545973620,113.92,114.07,113.92,114.07,10.42
1545973680,114.04,114.06,114.06,114.05,47.16
1545973740,114.0,114.05,114.05,114.01,33.18
1545973800,114.0,114.01,114.0,114.01,21.84
1545973860,113.99,114.01,114.01,113.99,23.34
1545973920,113.82,114.0,114.0,113.82,19.35
1545973980,113.8,113.96,113.93,113.95,15.57
1545974040,113.84,113.95,113.94,113.88,4.99
1545974100,113.86,113.95,113.92,113.94,21.45
1545974160,113.87,113.94,113.92,113.94,6.99
1545974220,113.94,114.02,113.94,114.02,29.27
1545974280,114.06,114.18,114.06,114.18,93.41
1545974340,114.18,114.22,114.18,114.22,6.01
1545974400,114.34,114.39,114.35,114.39,5.36
1545974460,114.39,114.4,114.4,114.4,52.08
1545974520,114.4,114.4,114.4,114.4,6.07
1545974580,114.39,114.4,114.39,114.4,12.78
1545974640,114.37,114.4,114.4,114.37,11.4
1545974700,114.37,114.37,114.37,114.37,15.37
1545974760,114.19,114.37,114.37,114.19,6.44
1545974820,114.2,114.2,114.2,114.2,10.96
1545974880,114.19,114.2,114.2,114.2,13.2
1545974940,114.19,114.2,114.2,114.19,7.37
1545975000,114.19,114.29,114.2,114.28,7.59
1545975060,114.37,114.47,114.37,114.47,128.49
1545975120,114.49,114.62,114.49,114.55,6.27
1545975180,114.4,114.55,114.55,114.4,50.85
1545975240,114.4,114.44,114.43,114.4,125.78
1545975300,114.29,114.39,114.39,114.38,118.27
1545975360,114.3,114.38,114.38,114.34,72.47
1545975420,114.06,114.35,114.34,114.06,23.81
1545975480,114.13,114.27,114.13,114.21,81.96
1545975540,114.18,114.27,114.21,114.25,66.12
1545975600,114.18,114.25,114.24,114.25,68.31
1545975660,114.21,114.25,114.25,114.24,50.39
1545975720,114.23,114.25,114.23,114.24,53.18
1545975780,114.21,114.25,114.24,114.25,11.64
1545975840,114.19,114.25,114.25,114.19,94.38
1545975900,114.25,114.42,114.25,114.36,69.51
1545975960,114.36,114.45,114.36,114.45,47.74
1545976020,114.43,114.47,114.44,114.47,7.84
1545976080,114.44,114.47,114.44,114.47,7.69
1545976140,114.48,114.62,114.48,114.58,78.56
1545976200,114.35,114.54,114.54,114.37,3.17
1545976260,114.3,114.36,114.36,114.33,11.89
1545976320,114.3,114.31,114.31,114.31,8.62
1545976380,114.21,114.3,114.3,114.29,36.81
1545976440,114.29,114.39,114.29,114.33,7.0
1545976500,114.36,114.48,114.36,114.43,5.18
1545976560,114.42,114.44,114.44,114.44,0.35
1545976620,114.43,114.44,114.43,114.43,12.87
1545976680,114.42,114.42,114.42,114.42,2.31
1545976740,114.09,114.32,114.32,114.09,18.24
1545976800,114.03,114.16,114.16,114.13,137.54
1545976860,114.13,114.25,114.13,114.25,10.44
1545976920,114.12,114.2,114.17,114.2,26.39
1545976980,114.05,114.19,114.12,114.19,23.31
1545977040,114.09,114.16,114.09,114.16,15.21
1545977100,114.16,114.16,114.16,114.16,0.922
1545977160,114.16,114.16,114.16,114.16,0.908
1545977220,114.16,114.2,114.17,114.2,16.46
1545977280,114.2,114.2,114.2,114.2,108.7
1545977340,114.19,114.29,114.19,114.29,68.26
1545977400,114.29,114.29,114.29,114.29,1.2
1545977460,114.29,114.43,114.29,114.43,14.06
1545977520,114.42,114.62,114.42,114.52,89.37
1545977580,114.44,114.44,114.44,114.44,0.658
1545977640,114.51,114.58,114.51,114.53,6.55
1545977700,114.52,114.56,114.54,114.53,14.24
1545977760,114.53,114.53,114.53,114.53,9.16
1545977820,114.52,114.53,114.53,114.52,1.94
1545977880,114.52,114.53,114.52,114.52,6.79
1545977940,114.52,114.53,114.52,114.53,8.0
1545978000,114.52,114.53,114.52,114.53,8.95
1545978060,114.53,114.53,114.53,114.53,2.6
1545978120,114.52,114.53,114.52,114.52,13.23
1545978180,114.52,114.53,114.53,114.53,9.36
1545978240,114.52,114.53,114.52,114.52,4.98
1545978300,114.53,114.53,114.53,114.53,3.27
1545978360,114.53,114.53,114.53,114.53,4.56
1545978420,114.52,114.53,114.52,114.53,12.96
1545978480,114.53,114.53,114.53,114.53,44.27
1545978540,114.52,114.53,114.53,114.53,1.52
1545978600,114.52,114.53,114.53,114.52,66.85
1545978660,114.52,114.53,114.53,114.52,0.307
1545978720,114.53,114.53,114.53,114.53,2.38
1545978780,114.52,114.53,114.53,114.52,5.18
1545978840,114.52,114.53,114.53,114.52,10.48
1545978900,114.41,114.52,114.52,114.41,229.55
1545978960,114.32,114.41,114.41,114.34,360.11
1545979020,114.2,114.3,114.3,114.3,9.28
1545979080,114.24,114.25,114.25,114.24,8.48
1545979140,114.03,114.2,114.2,114.03,7.94
1545979200,114.03,114.11,114.04,114.11,7.36
1545979260,114.04,114.2,114.12,114.16,16.35
1545979320,114.07,114.16,114.16,114.11,29.59
1545979380,113.89,114.11,114.11,113.89,40.38
1545979440,113.9,113.98,113.9,113.98,4.25
1545979500,113.97,113.98,113.98,113.98,17.65
1545979560,113.87,113.98,113.97,113.87,10.07
1545979620,113.5,113.87,113.87,113.52,272.85
1545979680,113.5,113.53,113.5,113.51,16.44
1545979740,113.51,113.92,113.51,113.92,351.53
1545979800,113.83,114.04,113.92,113.84,83.16
1545979860,113.86,114.04,113.86,113.94,27.7
1545979920,113.85,113.96,113.9,113.85,13.23
1545979980,113.93,114.0,113.95,113.93,23.46
1545980040,113.81,113.92,113.92,113.88,6.9
1545980100,113.92,113.94,113.92,113.93,58.03
1545980160,113.93,114.0,113.94,114.0,55.01
1545980220,114.0,114.0,114.0,114.0,4.54
1545980280,114.0,114.56,114.0,114.56,275.97
1545980340,114.56,114.8,114.56,114.8,12.6
1545980400,114.96,114.97,114.97,114.96,1.0
1545980460,114.79,114.97,114.97,114.89,41.38
1545980520,114.91,115.95,114.91,115.95,309.78
1545980580,115.88,116.45,115.88,116.12,463.79
1545980640,116.01,116.04,116.04,116.01,10.63
1545980700,115.56,116.02,116.0,115.96,659.46
1545980760,115.66,115.95,115.95,115.78,481.95
1545980820,115.78,116.0,115.78,115.95,176.03
1545980880,115.98,116.35,115.98,116.35,278.16
1545980940,116.22,116.35,116.35,116.3,46.06
1545981000,116.29,116.37,116.29,116.37,120.25
1545981060,116.37,116.62,116.37,116.57,646.7
1545981120,116.0,116.61,116.61,116.0,147.55
1545981180,116.01,116.15,116.01,116.15,127.14
1545981240,116.18,116.22,116.2,116.2,195.65
1545981300,116.35,116.52,116.35,116.52,378.73
1545981360,116.57,116.72,116.57,116.69,127.14
1545981420,116.69,116.7,116.7,116.7,62.72
1545981480,116.7,116.83,116.7,116.83,155.88
1545981540,116.83,117.42,116.83,117.2,910.74
1545981600,117.07,117.5,117.13,117.5,420.09
1545981660,117.49,117.84,117.5,117.63,1283.38
1545981720,117.0,117.63,117.63,117.18,1417.34
1545981780,117.19,117.25,117.19,117.23,78.67
1545981840,117.22,117.63,117.23,117.63,99.31
1545981900,117.55,117.68,117.61,117.67,115.43
1545981960,117.56,117.68,117.66,117.61,565.01
1545982020,117.37,117.55,117.55,117.4,278.9
1545982080,117.35,117.61,117.46,117.52,152.49
1545982140,117.17,117.52,117.52,117.17,816.18
1545982200,116.84,117.27,117.14,116.84,106.33
1545982260,116.57,116.92,116.83,116.65,569.19
1545982320,116.67,116.77,116.67,116.7,163.7
1545982380,116.32,116.69,116.69,116.41,181.29
1545982440,116.42,116.79,116.44,116.54,168.19
1545982500,116.6,116.81,116.6,116.77,57.29
1545982560,116.48,116.76,116.76,116.61,70.83
1545982620,116.62,116.86,116.62,116.85,58.6
1545982680,116.87,117.24,116.87,117.21,114.5
1545982740,116.83,117.22,117.22,116.9,113.84
1545982800,116.78,116.96,116.91,116.94,111.62
1545982860,116.94,117.19,116.94,117.13,124.66
1545982920,117.12,117.13,117.13,117.12,31.61
1545982980,117.12,117.13,117.13,117.13,40.61
1545983040,116.82,117.13,117.13,116.96,109.61
1545983100,116.97,117.2,116.99,117.2,65.32
1545983160,117.21,117.49,117.21,117.49,94.94
1545983220,117.02,117.52,117.48,117.02,260.88
1545983280,117.16,117.25,117.16,117.21,25.76
1545983340,117.2,117.3,117.21,117.3,170.55
1545983400,117.17,117.27,117.26,117.23,347.27
1545983460,117.17,117.28,117.27,117.17,37.65
1545983520,117.17,117.17,117.17,117.17,44.73
1545983580,116.94,117.17,117.17,116.95,83.21
1545983640,116.94,117.22,116.94,117.2,42.64
1545983700,117.19,117.2,117.19,117.2,44.39
1545983760,116.96,117.2,117.2,117.12,80.43
1545983820,117.1,117.11,117.11,117.11,36.35
1545983880,116.73,117.11,117.11,116.94,100.53
1545983940,116.93,116.94,116.94,116.94,29.07
1545984000,116.5,116.93,116.93,116.5,26.74
1545984060,116.5,116.51,116.5,116.5,28.95
1545984120,116.5,116.51,116.51,116.51,65.79
1545984180,116.5,117.5,116.5,117.5,915.46
1545984240,116.64,117.54,117.54,116.64,244.9
1545984300,116.59,116.7,116.64,116.7,125.84
1545984360,116.71,116.93,116.71,116.93,218.94
1545984420,116.92,116.93,116.93,116.92,18.6
1545984480,116.92,117.0,116.92,117.0,68.76
1545984540,117.0,117.17,117.0,117.16,40.05
1545984600,117.15,117.16,117.15,117.15,13.88
1545984660,116.92,117.15,117.15,117.09,418.73
1545984720,116.76,117.09,117.09,116.76,742.58
1545984780,116.7,116.77,116.77,116.71,4.22
1545984840,116.7,116.77,116.7,116.77,15.99
1545984900,116.77,116.83,116.77,116.83,26.65
1545984960,116.7,116.82,116.82,116.7,15.07
1545985020,116.8,116.92,116.8,116.92,7.21
1545985080,116.89,116.89,116.89,116.89,3.75
1545985140,116.79,116.89,116.86,116.79,3.58
1545985200,116.75,116.9,116.83,116.9,237.19
1545985260,116.92,117.08,116.92,117.05,179.68
1545985320,117.04,117.41,117.04,117.41,59.87
1545985380,117.22,117.32,117.32,117.22,10.0
1545985440,117.19,117.22,117.22,117.2,24.37
1545985500,117.1,117.19,117.19,117.1,6.56
1545985620,117.11,117.2,117.11,117.2,57.16
1545985680,117.2,117.21,117.21,117.2,25.72
1545985740,117.2,117.26,117.21,117.21,54.54
1545985800,117.2,117.22,117.21,117.21,118.0
1545985860,117.21,117.22,117.21,117.21,20.71
1545985920,117.21,117.22,117.22,117.22,19.24
1545985980,117.21,117.22,117.22,117.22,66.54
1545986040,117.03,117.22,117.22,117.03,663.66
1545986100,117.0,117.03,117.03,117.01,3.49
1545986160,117.01,117.01,117.01,117.01,1.81
1545986220,116.81,117.01,117.01,116.81,18.31
1545986280,116.71,116.8,116.8,116.71,5.38
1545986340,116.68,116.7,116.7,116.68,9.88
1545986400,116.69,116.69,116.69,116.69,1.99
1545986460,116.59,116.69,116.68,116.59,40.75
1545986520,116.58,116.59,116.58,116.59,3.31
1545986580,116.58,116.83,116.58,116.83,63.45
1545986640,116.78,116.79,116.78,116.79,15.01
1545986700,116.78,116.92,116.78,116.85,14.43
1545986760,116.77,116.87,116.85,116.87,27.3
1545986820,116.84,116.88,116.88,116.84,2.08
1545986880,116.82,116.86,116.86,116.83,13.02
1545986940,116.83,116.83,116.83,116.83,0.443
1545987000,116.84,116.86,116.84,116.86,4.68
1545987060,116.86,117.0,116.86,117.0,42.41
1545987120,117.0,117.23,117.0,117.23,6.93
1545987180,117.21,117.21,117.21,117.21,2.84
1545987240,117.23,117.23,117.23,117.23,0.739
1545987300,117.11,117.22,117.22,117.17,45.19
1545987360,117.21,117.21,117.21,117.21,0.0256
1545987420,117.2,117.22,117.2,117.22,1.68
1545987480,117.21,117.67,117.21,117.67,62.65
1545987540,117.7,117.88,117.7,117.85,188.07
1545987600,117.84,117.88,117.84,117.88,57.2
