1539168180,222.68,222.69,222.69,222.68,2.71452822
1539168240,222.67,222.76,222.67,222.71,6.05390452
1539168300,222.72,222.72,222.72,222.72,0.64440727
1539168360,222.72,222.77,222.72,222.77,2.36240815
1539168420,222.76,222.77,222.77,222.77,21.942754169999997
1539168480,222.76,222.77,222.77,222.77,12.96446152
1539168540,222.76,222.95,222.76,222.95,1.6581346100000003
1539168600,222.91,222.95,222.95,222.92,0.9247722700000001
1539168660,222.95,222.95,222.95,222.95,4.26323195
1539168720,222.95,222.95,222.95,222.95,3.68244096
1539168780,222.9,222.95,222.95,222.9,15.62483197
1539168840,222.9,222.91,222.91,222.9,37.16377172
1539168900,222.76,222.9,222.9,222.76,1.4428221099999998
1539168960,222.76,222.77,222.76,222.77,1.68482461
1539169020,222.76,222.95,222.76,222.94,53.39400266
1539169080,222.95,222.95,222.95,222.95,2.0
1539169140,222.94,222.95,222.94,222.95,26.8803592
1539169200,222.88,223.01,222.95,222.88,40.129208739999996
1539169260,222.88,222.88,222.88,222.88,1.17195209
1539169320,222.88,222.89,222.89,222.88,3.2055313099999996
1539169380,222.92,222.93,222.93,222.92,4.3559531400000004
1539169440,222.92,223.01,222.92,223.01,13.86111843
1539169500,222.96,222.97,222.97,222.96,5.84977258
1539169560,222.96,222.97,222.97,222.96,51.16795622
1539169620,222.96,223.0,222.97,222.99,25.792895440000002
1539169680,223.0,223.0,223.0,223.0,0.60955313
1539169740,222.97,222.98,222.97,222.98,1.08221882
1539169800,222.97,222.97,222.97,222.97,5.0
1539169860,222.97,223.03,222.97,223.03,262.94284299000003
1539169920,223.02,223.07,223.02,223.07,2.23753467
1539169980,223.06,223.13,223.06,223.13,13.1213576
1539170040,223.13,223.13,223.13,223.13,0.09748238000000001
1539170100,222.97,223.13,223.13,223.08,17.472974439999998
1539170160,223.0,223.21,223.04,223.02,506.14983352999997
1539170220,223.08,223.08,223.08,223.08,1.60920072
1539170280,223.08,223.1,223.08,223.1,503.92628396000003
1539170340,223.01,223.09,223.09,223.01,3.3415000000000004
1539170400,223.09,223.1,223.09,223.09,76.0081
1539170460,223.09,223.1,223.1,223.09,26.616929920000004
1539170520,223.01,223.1,223.1,223.01,37.10058101
1539170580,223.01,223.05,223.01,223.05,6.3464903999999995
1539170640,223.05,223.06,223.05,223.06,18.75447908
1539170700,223.02,223.02,223.02,223.02,39.16327044
1539170760,223.02,223.1,223.02,223.09,12.50099938
1539170820,223.09,223.1,223.1,223.09,0.08249995
1539170880,222.99,223.1,223.1,222.99,291.68293136
1539170940,222.96,222.99,222.99,222.96,5.66415885
1539171000,222.87,222.97,222.97,222.87,18.261523339999997
1539171060,222.86,222.96,222.86,222.95,3.71517694
1539171120,222.96,222.96,222.96,222.96,0.16963086
1539171180,222.89,222.95,222.95,222.89,0.91297554
1539171240,222.89,222.95,222.89,222.95,1.67139645
1539171300,222.97,222.98,222.98,222.97,0.80130983
1539171360,222.81,222.95,222.95,222.81,21.245159420000004
1539171420,222.73,222.81,222.81,222.74,7.9105227199999995
1539171480,222.73,222.74,222.74,222.73,3.08118793
1539171540,222.7,222.74,222.74,222.7,285.4964029099999
1539171600,222.69,222.7,222.7,222.7,3.60333475
1539171660,222.7,222.7,222.7,222.7,0.5
1539171720,222.7,222.7,222.7,222.7,0.04919274
1539171840,222.69,222.7,222.69,222.7,1.53865201
1539171900,222.69,222.7,222.7,222.69,4.02278743
1539171960,222.69,222.7,222.69,222.7,4.51961807
1539172020,222.69,222.7,222.69,222.7,1.15252916
1539172080,222.69,222.7,222.7,222.69,0.16204962
1539172140,222.69,222.7,222.69,222.7,4.18425285
1539172200,222.69,222.69,222.69,222.69,0.36691608
1539172260,222.7,222.88,222.7,222.87,48.62474677
1539172320,222.87,222.88,222.88,222.88,16.718478219999998
1539172380,222.87,222.88,222.87,222.87,14.5549257
1539172440,222.88,222.88,222.88,222.88,9.46233135
1539172500,222.88,222.95,222.88,222.94,4.27227804
1539172560,222.94,222.95,222.95,222.94,7.87356368
1539172620,222.94,222.95,222.94,222.95,3.29608183
1539172680,222.95,222.96,222.95,222.95,24.685726680000002
1539172740,222.96,222.96,222.96,222.96,0.28869824
1539172800,222.96,222.96,222.96,222.96,5.8565537700000005
1539172860,222.95,222.96,222.96,222.95,16.145870669999997
1539172980,222.95,222.96,222.95,222.96,9.0214029
1539173040,222.95,222.96,222.96,222.95,12.241012479999998
1539173100,222.95,222.96,222.96,222.96,6.546217599999999
1539173160,222.96,222.96,222.96,222.96,0.73215462
1539173220,222.95,223.04,222.95,223.04,6.31290097
1539173280,223.05,223.06,223.06,223.05,2.30111399
1539173340,223.05,223.21,223.05,223.21,28.0246
1539173400,223.2,223.21,223.21,223.21,0.9141141800000001
1539173460,223.2,223.2,223.2,223.2,6.55108082
1539173520,223.2,223.21,223.21,223.2,7.3922232999999995
1539173580,223.2,223.21,223.21,223.21,13.521349260000001
1539173640,223.21,223.21,223.21,223.21,17.90015361
1539173700,223.21,223.25,223.21,223.25,2.27935733
1539173760,223.25,223.28,223.25,223.28,5.968288949999998
1539173820,223.28,223.29,223.28,223.29,2.06329336
1539173880,223.29,223.36,223.29,223.35,11.87849793
1539173940,223.35,223.42,223.35,223.41,10.979191170000002
1539174000,223.41,223.42,223.42,223.41,12.727339480000001
1539174060,223.41,223.41,223.41,223.41,0.1439092
1539174120,223.41,223.42,223.42,223.42,7.59017162
1539174180,223.41,223.41,223.41,223.41,0.2834098
1539174240,223.41,223.42,223.41,223.42,13.47714989
1539174300,223.41,223.45,223.42,223.45,11.84174739
1539174360,223.44,223.44,223.44,223.44,2.36389066
1539174420,223.45,223.45,223.45,223.45,1.6276070999999999
1539174480,223.45,223.45,223.45,223.45,6.42324293
1539174540,223.44,223.45,223.45,223.44,16.81790227
1539174600,223.44,223.45,223.45,223.45,15.712488790000002
1539174660,223.44,223.45,223.45,223.45,4.7857753800000005
1539174720,223.44,223.45,223.44,223.44,3.2564902700000005
1539174780,223.44,223.45,223.44,223.44,2.1418713499999997
1539174840,223.44,223.45,223.44,223.45,2.65806944
1539174900,223.44,223.45,223.44,223.45,23.139046190000002
1539174960,223.44,223.45,223.45,223.44,1.47251914
1539175020,223.44,223.45,223.44,223.45,15.582964350000001
1539175080,223.44,223.45,223.44,223.44,11.80874854
1539175140,223.44,223.45,223.44,223.44,12.314740489999998
1539175200,223.43,223.44,223.44,223.44,9.93918311
1539175260,223.43,223.44,223.43,223.44,13.23789717
1539175320,223.43,223.48,223.43,223.48,40.80016385000001
1539175380,223.47,223.48,223.48,223.48,3.20418708
1539175440,223.47,223.48,223.47,223.48,7.62192639
1539175500,223.47,223.48,223.48,223.48,7.64586421
1539175560,223.47,223.48,223.48,223.48,13.12243605
1539175620,223.48,223.74,223.48,223.74,301.0700172199999
1539175680,223.73,223.73,223.73,223.73,0.31500767
1539175740,223.73,223.74,223.74,223.73,12.7811357
1539175800,223.73,223.74,223.73,223.74,2.12958041
1539175860,223.73,223.75,223.74,223.75,11.02818295
1539175920,223.74,223.76,223.75,223.74,13.4438175
1539175980,223.74,223.75,223.75,223.74,2.37881845
1539176040,223.73,223.75,223.75,223.73,11.724689929999998
1539176100,223.74,223.76,223.74,223.76,1.5228831
1539176160,223.75,223.76,223.76,223.75,14.902024610000002
1539176220,223.75,223.77,223.75,223.76,17.811619569999998
1539176280,223.76,223.77,223.77,223.76,0.36875042
1539176340,223.77,223.8,223.77,223.8,31.525847319999997
1539176400,223.75,223.79,223.79,223.75,53.926176100000006
1539176460,223.75,223.76,223.76,223.75,6.832132569999999
1539176520,223.75,223.76,223.75,223.76,0.41995267999999997
1539176580,223.75,223.76,223.76,223.75,31.36623057
1539176640,223.74,223.76,223.76,223.74,22.98494057
1539176700,223.74,223.75,223.74,223.74,13.191754070000002
1539176760,223.74,223.75,223.75,223.74,24.37853673
1539176820,223.74,223.75,223.75,223.74,17.606840979999998
1539176880,223.74,223.75,223.75,223.75,9.16313053
1539176940,223.74,223.75,223.74,223.75,19.3275673
1539177000,223.73,223.74,223.74,223.73,4.01005694
1539177060,223.73,223.74,223.74,223.74,8.921860539999999
1539177120,223.74,223.74,223.74,223.74,15.90123041
1539177180,223.56,223.74,223.74,223.56,20.79291807
1539177240,223.39,223.56,223.56,223.47,184.25687618
1539177300,223.47,223.49,223.47,223.47,13.28488004
1539177360,223.36,223.47,223.47,223.47,5.409392339999999
1539177420,223.42,223.45,223.45,223.42,1.64697322
1539177540,223.42,223.47,223.42,223.46,14.0946078
1539177600,223.46,223.47,223.46,223.47,3.67359934
1539177660,223.47,223.56,223.47,223.56,17.421089679999998
1539177720,223.66,223.76,223.66,223.76,4.94991234
1539177780,223.59,223.76,223.76,223.59,22.258662939999997
1539177840,223.45,223.61,223.61,223.54,161.52085731
1539177900,223.6,223.8,223.61,223.76,66.73496963
1539177960,223.72,223.73,223.72,223.72,3.00283949
1539178020,223.7,223.73,223.73,223.71,25.723663889999994
1539178080,223.7,223.71,223.71,223.7,10.04203955
1539178140,223.7,223.71,223.7,223.71,4.86750549
1539178200,223.7,223.71,223.71,223.71,98.72878274
1539178260,223.7,223.9,223.7,223.85,86.26064714999998
1539178320,223.84,223.85,223.85,223.84,1.62222074
1539178380,223.7,223.77,223.77,223.71,9.10339166
1539178440,223.7,223.86,223.7,223.71,26.66793332
1539178500,223.73,223.81,223.8,223.73,7.128960640000001
1539178560,223.74,223.75,223.74,223.75,0.98037531
1539178620,223.76,223.85,223.76,223.78,17.743841270000004
1539178680,223.82,223.87,223.82,223.86,23.67852461
1539178740,223.83,223.88,223.87,223.88,3.45063497
1539178800,223.71,223.84,223.78,223.77,9.907889670000001
1539178860,223.42,223.75,223.75,223.42,234.95403412
1539178920,223.42,223.43,223.42,223.42,34.52307357
1539178980,223.42,223.43,223.43,223.42,0.32371934
1539179040,223.42,223.52,223.42,223.52,1.60825105
1539179100,223.51,223.6,223.52,223.59,11.92965806
1539179160,223.59,223.6,223.6,223.6,6.01702579
1539179220,223.59,223.6,223.59,223.59,3.63105511
1539179280,223.59,223.62,223.59,223.61,16.23362741
1539179340,223.61,223.62,223.61,223.61,2.05414259
1539179400,223.61,223.62,223.62,223.62,3.9125545200000005
1539179460,223.62,223.69,223.62,223.68,26.997703339999997
1539179520,223.68,223.69,223.69,223.68,30.31794011
1539179580,223.68,223.7,223.69,223.69,8.50790496
1539179640,223.69,223.87,223.7,223.87,12.89722262
1539179700,223.86,223.87,223.87,223.86,1.9477502000000002
1539179760,223.57,223.87,223.87,223.71,142.57769890000003
1539179820,223.72,223.77,223.72,223.77,6.83366304
1539179880,223.77,223.77,223.77,223.77,1.6715317399999998
1539179940,223.76,223.77,223.77,223.77,3.1464673299999997
1539180000,223.76,223.77,223.76,223.76,4.97509457
1539180060,223.76,223.77,223.76,223.76,17.314085600000006
1539180120,223.76,223.77,223.77,223.77,3.56512945
1539180180,223.76,223.77,223.76,223.77,19.94084735
1539180240,223.76,223.77,223.76,223.77,28.040785219999997
1539180300,223.76,223.77,223.77,223.77,52.44332922000001
1539180360,223.76,223.77,223.76,223.77,44.27077146
1539180420,223.76,223.77,223.76,223.77,17.46811889
1539180480,223.76,223.77,223.76,223.77,65.65515963
1539180540,223.5,223.77,223.77,223.51,27.599973440000007
1539180600,223.51,223.66,223.51,223.57,64.81499574000001
1539180660,223.57,223.72,223.57,223.71,13.312116300000003
1539180720,223.5,223.65,223.65,223.53,72.9104001
1539180780,223.52,223.56,223.53,223.56,14.6637957
1539180840,223.51,223.56,223.56,223.51,80.47136834000001
1539180900,223.5,223.51,223.51,223.5,24.622061650000003
1539180960,223.5,223.51,223.5,223.51,37.96357557
1539181020,223.5,223.51,223.5,223.51,7.518228850000001
1539181080,223.5,223.51,223.5,223.5,49.602514740000004
1539181140,223.5,223.51,223.5,223.5,56.5346745
1539181200,223.5,223.67,223.51,223.67,136.44569325000006
1539181260,223.66,223.67,223.67,223.67,11.031605789999997
1539181320,223.65,223.67,223.67,223.65,28.73474738
1539181380,223.64,223.65,223.64,223.65,0.29159584
1539181440,223.64,223.65,223.65,223.65,14.90471837
1539181500,223.42,223.65,223.65,223.43,60.59135546
1539181560,223.42,223.43,223.43,223.42,38.502375980000004
1539181620,223.42,223.43,223.42,223.43,20.36037055
1539181680,223.43,223.65,223.43,223.49,58.593808190000004
1539181740,223.49,223.49,223.49,223.49,11.18069132
1539181800,223.49,223.5,223.5,223.49,1.3514227300000001
1539181860,223.49,223.5,223.5,223.5,2.90447208
1539181920,223.49,223.5,223.5,223.5,0.39104114
1539181980,223.49,223.5,223.5,223.5,18.30888127
1539182040,223.38,223.65,223.5,223.5,132.10221684
1539182100,223.46,223.52,223.46,223.49,23.01051562
1539182160,223.47,223.53,223.5,223.48,11.946239740000001
1539182220,223.48,223.48,223.48,223.48,1.0
1539182280,223.47,223.48,223.48,223.47,15.84991593
1539182340,223.48,223.48,223.48,223.48,2.27173067
1539182400,223.47,223.48,223.48,223.48,18.860644750000002
1539182460,223.47,223.48,223.48,223.47,7.35488262
1539182520,223.47,223.48,223.47,223.48,4.01625445
1539182580,223.39,223.48,223.48,223.39,71.82564223
1539182640,223.2,223.39,223.38,223.2,157.8834019399999
1539182700,223.06,223.21,223.2,223.1,230.22525408999996
1539182760,223.1,223.21,223.1,223.2,58.29727605
1539182820,223.11,223.21,223.21,223.18,57.97187471
1539182880,223.12,223.21,223.14,223.2,55.48246774000001
1539182940,223.2,223.21,223.21,223.21,3.5232604100000007
1539183000,223.2,223.21,223.21,223.21,37.87632198
1539183060,223.2,223.21,223.21,223.21,42.38847363
1539183120,223.22,223.28,223.22,223.28,9.693828539999998
1539183180,223.21,223.27,223.27,223.23,49.501289099999994
1539183240,223.22,223.23,223.23,223.23,7.629357969999999
1539183300,223.16,223.34,223.23,223.17,72.89963744
1539183360,223.01,223.2,223.19,223.08,280.10785083999997
1539183420,223.09,223.1,223.09,223.09,126.56588293
1539183480,223.01,223.15,223.09,223.07,299.0786145199999
1539183540,223.06,223.07,223.07,223.06,2.72888296
1539183600,223.0,223.05,223.05,223.02,130.36300000000003
1539183660,223.03,223.06,223.04,223.06,7.38446759
1539183720,223.03,223.04,223.04,223.03,12.85905826
1539183780,223.03,223.06,223.04,223.04,7.178652669999998
1539183840,222.82,223.04,223.04,222.93,122.20314972000001
1539183900,222.94,223.08,222.94,223.07,21.004687379999996
1539183960,223.07,223.08,223.07,223.08,9.4416922
1539184020,222.81,223.08,223.08,222.84,98.94234127000001
1539184080,222.73,222.84,222.84,222.73,104.99602212000002
1539184140,222.74,222.92,222.74,222.92,57.90648358
1539184200,222.92,222.93,222.93,222.93,7.9391425700000005
1539184260,222.87,222.92,222.92,222.87,10.564423430000002
1539184320,222.87,222.88,222.88,222.88,28.38561014
1539184380,222.88,223.08,222.88,223.08,62.72526174
1539184440,222.99,223.08,223.08,222.99,22.926741059999998
1539184500,222.91,223.0,223.0,222.92,13.463848599999999
1539184560,222.91,222.92,222.91,222.92,1.86512477
1539184620,222.92,222.92,222.92,222.92,1.0698021100000001
1539184680,222.91,222.92,222.91,222.92,19.378687839999998
1539184740,222.91,222.92,222.92,222.92,1.93107274
1539184800,222.81,222.92,222.92,222.81,41.263687850000004
1539184860,222.7,222.8,222.8,222.71,7.0076122
1539184920,222.63,222.71,222.71,222.63,23.573832060000015
1539184980,222.67,222.68,222.67,222.68,17.922786629999997
1539185040,222.67,222.68,222.68,222.67,20.17891159
1539185100,222.67,222.68,222.67,222.68,9.877128299999999
1539185160,222.67,222.68,222.68,222.68,26.396258999999997
1539185220,222.67,222.68,222.67,222.67,26.2483987
1539185280,222.55,222.68,222.68,222.55,78.01406168999999
1539185340,222.55,222.56,222.56,222.56,2.77705442
1539185400,222.55,222.56,222.55,222.55,9.735904750000001
1539185460,222.55,222.56,222.55,222.56,2.6714339099999997
1539185520,222.55,222.56,222.56,222.56,33.57201995
1539185580,222.5,222.56,222.56,222.51,35.184880660000005
1539185640,222.5,222.51,222.51,222.51,5.818415
1539185700,222.5,222.51,222.51,222.5,10.30495405
1539185760,222.5,222.68,222.5,222.68,146.75888148999996
1539185820,222.67,222.68,222.68,222.68,5.89730734
1539185880,222.46,222.67,222.67,222.54,166.23628229000002
1539185940,222.55,222.56,222.56,222.55,57.70305121
1539186000,222.42,222.55,222.54,222.43,239.35619305999995
1539186060,222.42,222.51,222.42,222.47,18.783730499999997
1539186120,222.46,222.5,222.47,222.5,8.32676915
1539186180,222.49,222.5,222.49,222.5,5.11398204
1539186240,222.49,222.5,222.5,222.49,42.77945458999999
1539186300,222.41,222.5,222.5,222.41,48.476077579999995
1539186360,222.44,222.5,222.45,222.5,21.7070768
1539186420,222.49,222.58,222.5,222.57,133.99644426
1539186480,222.41,222.57,222.57,222.51,47.52887528
1539186540,222.5,222.51,222.5,222.5,3.9861173
1539186600,222.5,222.51,222.51,222.5,61.287437790000006
1539186660,222.5,222.51,222.5,222.5,8.45820591
1539186720,222.51,222.51,222.51,222.51,0.11179552
1539186780,222.5,222.51,222.5,222.51,13.69736337
1539186840,222.47,222.51,222.51,222.47,11.442869409999997
1539186900,222.42,222.47,222.47,222.44,26.038946030000005
1539186960,222.45,222.47,222.45,222.47,46.8425147
1539187020,222.4,222.46,222.46,222.41,19.566955170000004
1539187080,222.12,222.41,222.41,222.13,128.79688437
1539187140,221.73,222.12,222.12,221.94,654.6958353000001
1539187200,221.93,221.94,221.94,221.94,137.87147285999998
1539187260,221.93,221.94,221.93,221.94,163.54176315
1539187320,221.93,221.94,221.93,221.94,9.54193241
1539187380,221.89,221.94,221.93,221.9,180.34634589000007
1539187440,221.89,221.9,221.9,221.9,4.07875454
1539187500,221.89,221.9,221.89,221.89,51.68143167
1539187560,221.89,221.9,221.9,221.9,4.4435921
1539187620,221.89,221.9,221.9,221.89,13.466480950000001
1539187680,221.89,221.9,221.9,221.9,52.20575042
1539187740,221.9,221.94,221.9,221.94,92.68357857000001
1539187800,221.93,222.22,221.93,222.21,207.66077613999997
1539187860,222.22,222.38,222.22,222.31,225.01374429
1539187920,222.3,222.31,222.31,222.31,21.887376909999997
1539187980,222.3,222.4,222.3,222.4,76.33907627000002
1539188040,222.39,222.41,222.39,222.41,15.15355001
1539188100,222.4,222.44,222.4,222.43,47.419300650000004
1539188160,222.43,222.44,222.44,222.44,42.528115570000004
1539188220,222.43,222.44,222.43,222.44,5.78589006
1539188280,222.43,222.44,222.43,222.43,3.28280568
1539188340,222.43,222.45,222.43,222.44,48.350872859999996
1539188400,222.43,222.44,222.44,222.43,5.65302566
1539188460,222.43,222.44,222.43,222.44,8.460957
1539188520,222.44,222.45,222.44,222.45,40.98652705
1539188580,222.44,222.63,222.44,222.62,34.470031920000004
1539188640,222.62,222.63,222.63,222.63,10.08683085
1539188700,222.63,222.68,222.63,222.68,14.25559346
1539188760,222.67,222.68,222.67,222.68,24.24448295
1539188820,222.65,222.68,222.67,222.68,46.80489628999999
1539188880,222.48,222.68,222.68,222.55,94.18343328000002
1539188940,222.54,222.56,222.54,222.55,1.46780804
1539189000,222.6,222.61,222.6,222.6,25.56307985
1539189060,222.48,222.61,222.61,222.48,30.16546557
1539189120,222.48,222.49,222.49,222.49,17.147945489999998
1539189180,222.49,222.55,222.49,222.54,32.881224749999994
1539189240,222.54,222.6,222.55,222.6,8.474197160000001
1539189300,222.6,222.61,222.61,222.6,0.5643459399999999
1539189360,222.6,222.61,222.6,222.61,11.68740039
1539189420,222.6,222.61,222.6,222.6,3.45464679
1539189480,222.6,222.61,222.61,222.6,97.79334168000001
1539189540,222.6,222.61,222.61,222.61,148.7455871
1539189600,222.64,222.79,222.64,222.78,14.337859139999999
1539189660,222.73,222.78,222.78,222.74,88.69521241000001
1539189720,222.73,222.81,222.74,222.81,6.8192067299999986
1539189780,222.68,222.8,222.8,222.74,2.66780145
1539189840,222.73,222.78,222.73,222.77,3.6905576499999997
1539189900,222.68,222.86,222.76,222.86,18.89479059
1539189960,222.71,222.89,222.85,222.79,27.04348818
1539190020,222.64,222.8,222.8,222.68,65.01169877000001
1539190080,222.7,222.8,222.7,222.8,11.152866089999998
1539190140,222.79,222.8,222.79,222.8,6.98200379
1539190200,222.79,222.8,222.8,222.79,4.29064228
1539190260,222.78,222.8,222.79,222.8,9.6459961
1539190320,222.79,222.8,222.8,222.8,9.38255131
1539190380,222.79,222.8,222.8,222.79,2.52392796
1539190440,222.7,222.8,222.79,222.8,5.18574818
1539190500,222.74,222.8,222.79,222.79,9.47221688
1539190560,222.79,222.8,222.8,222.79,7.59825771
1539190620,222.79,222.8,222.8,222.8,24.457685220000002
1539190680,222.79,222.8,222.8,222.79,51.03257540000001
1539190740,222.79,222.8,222.79,222.8,10.30953319
1539190800,222.79,222.8,222.8,222.79,3.9934177899999996
1539190860,222.79,222.8,222.79,222.79,12.76700743
1539190920,222.79,222.8,222.8,222.8,3.8915276999999997
1539190980,222.79,222.8,222.8,222.8,20.00994863
1539191040,222.79,222.8,222.79,222.8,35.074085700000005
1539191100,222.79,222.92,222.8,222.92,30.73116613
1539191160,222.79,222.88,222.88,222.83,8.319682649999999
1539191220,222.84,222.91,222.84,222.91,20.63606561
1539191280,222.87,222.88,222.87,222.87,14.72699354
1539191340,222.82,222.94,222.88,222.94,44.624150099999994
1539191400,222.8,222.94,222.94,222.9,37.20572273
1539191460,222.9,222.93,222.9,222.93,5.747525469999999
1539191520,222.86,222.93,222.86,222.9,7.7197344
1539191580,222.87,222.94,222.9,222.87,22.19098065
1539191640,222.87,222.93,222.87,222.92,1.76056187
1539191700,222.92,223.2,222.92,223.07,111.48370085999998
1539191760,223.02,223.08,223.08,223.03,7.742449759999999
1539191820,223.02,223.11,223.03,223.02,7.732506089999999
1539191880,223.02,223.03,223.02,223.03,6.5453068299999995
1539191940,223.02,223.03,223.02,223.02,2.06602749
1539192000,223.02,223.03,223.03,223.03,86.29622653999999
1539192060,223.03,223.12,223.03,223.04,10.18191884
1539192120,223.03,223.05,223.04,223.04,2.73798743
1539192180,223.02,223.18,223.03,223.18,21.75385068
1539192240,223.1,223.2,223.1,223.18,128.37095699999998
1539192300,223.12,223.19,223.16,223.12,1.65054917
1539192360,223.1,223.38,223.11,223.21,459.96492821
1539192420,223.21,223.3,223.21,223.26,16.374905220000002
1539192480,223.26,223.27,223.27,223.26,12.12547692
1539192540,223.26,223.27,223.27,223.27,13.69662126
1539192600,223.26,223.27,223.27,223.26,7.78716342
1539192660,223.26,223.27,223.27,223.26,9.22799986
1539192720,223.27,223.48,223.27,223.48,150.11228769
1539192780,223.49,223.51,223.49,223.51,65.91656213999998
1539192840,223.52,223.83,223.52,223.83,71.93651054999998
1539192900,223.82,223.83,223.83,223.82,40.661631420000006
1539192960,223.66,223.83,223.82,223.66,51.72108928
1539193020,223.66,223.67,223.67,223.66,1.5566
1539193080,223.66,223.71,223.67,223.71,29.15600731
1539193140,223.71,223.75,223.72,223.72,7.42800813
1539193200,223.71,223.72,223.72,223.72,9.06769386
1539193260,223.71,223.79,223.71,223.79,15.42205487
1539193320,223.78,223.79,223.78,223.79,4.89800575
1539193380,223.78,223.79,223.79,223.79,10.54928732
1539193440,223.78,223.83,223.79,223.83,36.07523303999999
1539193500,223.83,223.89,223.83,223.88,50.023691670000005
1539193560,223.88,223.9,223.89,223.88,14.90887952
1539193620,223.79,223.88,223.88,223.79,7.170772490000001
1539193680,223.79,223.8,223.8,223.8,24.42026451
1539193740,223.79,223.8,223.79,223.79,15.81945539
1539193800,223.71,223.71,223.71,223.71,1.4744
1539193860,223.61,223.71,223.71,223.62,35.05732627
1539193920,223.61,223.62,223.62,223.62,6.17857565
1539193980,223.61,223.62,223.61,223.61,13.945780009999998
1539194040,223.57,223.71,223.61,223.64,40.81327986
1539194100,223.64,223.7,223.64,223.65,23.339264110000002
1539194160,223.65,223.66,223.66,223.66,17.45144293
1539194220,223.65,223.66,223.66,223.65,1.9982566999999998
1539194280,223.65,223.66,223.66,223.65,26.553568560000002
1539194340,223.59,223.65,223.65,223.59,14.974813820000001
1539194400,223.41,223.6,223.6,223.51,32.28071397
1539194460,223.51,223.52,223.52,223.52,23.09733466
1539194520,223.44,223.51,223.51,223.45,231.36953487
1539194580,223.44,223.46,223.44,223.46,55.42066946
1539194640,223.47,223.71,223.47,223.57,20.450610490000003
1539194700,223.57,223.58,223.58,223.57,17.74745548
1539194760,223.57,223.59,223.58,223.58,13.30850143
1539194820,223.57,223.58,223.58,223.57,27.025708779999995
1539194880,223.58,223.58,223.58,223.58,5.303488069999999
1539194940,223.57,223.72,223.58,223.7,27.76543662
1539195000,223.61,223.62,223.61,223.62,15.8329143
1539195060,223.62,223.73,223.62,223.73,7.06124417
1539195120,223.63,223.73,223.73,223.63,64.0906745
1539195180,223.57,223.63,223.58,223.62,16.96674111
1539195240,223.57,223.62,223.62,223.57,2.6566378299999998
1539195300,223.57,223.58,223.58,223.57,2.54962451
1539195360,223.47,223.57,223.57,223.48,100.37912507
1539195420,223.47,223.48,223.48,223.48,94.50738551000002
1539195480,223.47,223.48,223.48,223.47,42.32810387000001
1539195540,223.42,223.48,223.48,223.42,12.896434499999998
1539195600,223.46,223.47,223.46,223.46,27.168882500000002
1539195660,223.39,223.47,223.46,223.39,125.94246396999999
1539195720,223.38,223.39,223.39,223.39,4.55338291
1539195780,223.39,223.48,223.39,223.48,30.641612110000004
1539195840,223.47,223.49,223.47,223.49,34.17891293
1539195900,223.38,223.5,223.49,223.46,102.6028427
1539195960,223.45,223.48,223.47,223.46,21.05624616
1539196020,223.45,223.49,223.45,223.49,71.98091644000002
1539196080,223.49,223.5,223.5,223.49,66.10584704
1539196140,223.48,223.5,223.49,223.49,29.683099939999995
1539196200,223.49,223.5,223.5,223.5,24.61602502
1539196260,223.49,223.5,223.5,223.49,3.73391719
1539196320,223.49,223.5,223.5,223.49,4.576051
1539196380,223.49,223.5,223.49,223.5,14.37227243
1539196440,223.49,223.5,223.49,223.5,7.953809560000002
1539196500,223.5,223.5,223.5,223.5,0.93728227
1539196560,223.49,223.5,223.5,223.49,2.79449288
1539196620,223.49,223.5,223.49,223.5,23.799229170000004
1539196680,223.5,223.5,223.5,223.5,0.4638107
1539196740,223.49,223.5,223.49,223.49,8.684155389999999
1539196800,223.5,223.5,223.5,223.5,7.94211271
1539196860,223.48,223.5,223.5,223.5,26.26988591
1539196920,223.49,223.5,223.5,223.5,44.09367612999999
1539196980,223.49,223.5,223.49,223.5,19.201265239999998
1539197040,223.49,223.5,223.49,223.49,17.21755763
1539197100,223.49,223.72,223.5,223.72,103.04537609999998
1539197160,223.73,223.8,223.73,223.8,76.96832681000001
1539197220,223.79,223.8,223.8,223.8,9.646861379999999
1539197280,223.79,223.8,223.79,223.8,87.22555
1539197340,223.75,223.8,223.79,223.76,5.918165230000001
1539197400,223.75,223.77,223.76,223.77,10.99902738
1539197460,223.76,223.77,223.76,223.77,13.697718620000003
1539197520,223.76,223.77,223.76,223.77,11.76423886
1539197580,223.76,223.77,223.76,223.76,78.99007602
1539197640,223.76,223.87,223.76,223.87,71.31412564
1539197700,223.86,224.23,223.87,224.23,76.07092801
1539197760,224.24,224.3,224.24,224.3,9.12171395
1539197820,224.3,224.39,224.3,224.39,4.271380349999999
1539197880,224.38,224.39,224.38,224.38,70.95020605
1539197940,224.35,224.36,224.36,224.35,10.03680679
1539198000,224.35,224.36,224.36,224.35,20.729744500000002
1539198060,224.35,224.36,224.35,224.36,23.48260677
1539198120,224.35,224.36,224.36,224.35,6.4980249599999995
1539198180,224.35,224.36,224.35,224.35,11.17763172
1539198240,224.35,224.36,224.36,224.35,23.938562369999996
1539198300,224.32,224.36,224.36,224.33,45.47078844
1539198360,224.09,224.33,224.32,224.09,39.215878700000005
1539198420,224.09,224.1,224.1,224.09,4.52886448
1539198480,224.09,224.1,224.1,224.1,4.45668148
1539198540,224.09,224.1,224.1,224.1,6.658538359999999
1539198600,224.04,224.09,224.09,224.05,50.469208330000015
1539198660,224.05,224.1,224.05,224.06,37.56848593
1539198720,224.05,224.06,224.06,224.06,42.23826307
1539198780,224.0,224.06,224.06,224.01,14.35070064
1539198840,224.0,224.01,224.0,224.0,19.07591591
1539198900,224.0,224.01,224.01,224.01,3.0509031699999998
1539198960,224.0,224.01,224.0,224.01,17.84686666
1539199020,224.0,224.01,224.01,224.0,46.22108322999999
1539199080,223.88,224.01,224.01,223.88,63.924901799999994
1539199140,223.71,223.77,223.76,223.71,12.669012079999998
1539199200,223.72,223.72,223.72,223.72,2.95807748
1539199260,223.61,223.71,223.71,223.61,93.22774788
1539199320,223.45,223.62,223.62,223.46,87.87219406000001
1539199380,223.36,223.46,223.46,223.36,26.952661589999998
1539199440,223.37,223.46,223.37,223.46,20.42577426
1539199500,223.46,223.61,223.46,223.52,27.641443680000002
1539199560,223.51,223.51,223.51,223.51,0.60689775
1539199620,223.5,223.51,223.51,223.5,5.78574361
1539199680,223.5,223.51,223.5,223.5,20.62380602
1539199740,223.5,223.51,223.5,223.5,4.22495289
1539199800,223.5,223.51,223.5,223.51,8.04688882
1539199860,223.5,223.51,223.51,223.51,5.053337410000001
1539199920,223.5,223.51,223.5,223.51,2.32080049
1539199980,223.5,223.51,223.5,223.51,5.79475295
1539200040,223.5,223.51,223.5,223.51,11.00633052
1539200100,223.3,223.5,223.5,223.3,58.34510531000001
1539200160,223.3,223.42,223.3,223.41,9.693643380000001
1539200220,223.41,223.42,223.41,223.42,5.316106030000001
1539200280,223.26,223.42,223.42,223.26,47.86367234999999
1539200340,223.15,223.17,223.16,223.15,31.60521971
1539200400,222.82,223.15,223.15,222.82,213.60440262
1539200460,222.82,222.83,222.83,222.82,16.85679084
1539200520,222.82,222.83,222.82,222.82,18.95389729
1539200580,222.82,222.83,222.82,222.82,12.37004032
1539200640,222.82,222.83,222.83,222.83,9.93161897
1539200700,222.82,222.83,222.82,222.82,24.087785810000003
1539200760,222.82,222.83,222.82,222.83,2.7862841900000004
1539200820,222.82,222.83,222.82,222.82,6.62333634
1539200880,222.82,222.83,222.83,222.83,46.24325183999999
1539200940,222.82,222.83,222.82,222.82,37.274248549999996
1539201000,222.82,222.83,222.83,222.83,4.54967348
1539201060,222.79,222.83,222.82,222.79,76.70791611
1539201120,222.79,222.8,222.79,222.79,6.73263557
1539201180,222.79,222.8,222.79,222.8,18.495852140000004
1539201240,222.79,222.8,222.79,222.79,11.22110812
1539201300,222.79,222.8,222.79,222.8,17.2619203
1539201360,222.8,223.5,222.8,223.49,104.17088115000003
1539201420,223.4,223.49,223.49,223.41,16.727987950000003
1539201480,223.35,223.4,223.4,223.37,69.18717384
1539201540,223.37,223.41,223.38,223.37,1.997
1539201600,223.38,223.57,223.38,223.39,148.65291483999997
1539201660,223.38,223.39,223.39,223.39,39.82264418
1539201720,223.38,223.39,223.39,223.38,3.66291724
1539201780,223.38,223.39,223.39,223.39,11.31597841
1539201840,223.38,223.39,223.39,223.39,23.498474240000004
1539201900,223.38,223.39,223.39,223.39,4.70858854
1539201960,223.38,223.39,223.38,223.38,13.77705882
1539202020,223.38,223.39,223.39,223.39,25.31574415
1539202080,223.38,223.39,223.38,223.39,19.251142549999997
1539202140,223.38,223.39,223.39,223.39,2.28242211
1539202200,223.38,223.39,223.38,223.39,1.51351302
1539202260,223.38,223.39,223.39,223.38,12.637714390000001
1539202320,223.38,223.39,223.39,223.38,10.6358664
1539202380,223.38,223.39,223.39,223.39,9.055337080000001
1539202440,223.38,223.38,223.38,223.38,0.87783303
1539202500,223.38,223.39,223.39,223.38,3.5217213600000004
1539202560,223.38,223.39,223.39,223.39,1.8556873999999999
1539202620,223.38,223.39,223.39,223.39,21.77664047
1539202680,223.38,223.39,223.39,223.39,7.5409106
1539202740,223.38,223.39,223.39,223.38,5.38741111
1539202800,223.38,223.39,223.39,223.38,38.86027872000001
1539202860,223.38,223.39,223.38,223.38,7.85253678
1539202920,223.38,223.39,223.38,223.39,8.95065421
1539202980,223.38,223.39,223.38,223.38,37.19346809000001
1539203040,223.35,223.48,223.39,223.47,129.65466419000003
1539203100,223.48,223.5,223.48,223.5,4.546989859999999
1539203160,223.35,223.5,223.5,223.36,12.85762902
1539203220,223.35,223.36,223.35,223.36,8.67715084
1539203280,223.35,223.36,223.35,223.36,16.6014238
1539203340,223.35,223.36,223.35,223.36,22.914124729999997
1539203400,223.35,223.36,223.36,223.36,18.74444028
1539203460,223.35,223.36,223.36,223.36,35.16073471
1539203520,223.29,223.37,223.36,223.36,29.621793910000005
1539203580,223.35,223.36,223.36,223.35,1.45571618
1539203640,223.36,223.4,223.36,223.4,35.06707189
1539203700,223.4,223.52,223.4,223.52,15.262064810000002
1539203760,223.51,223.52,223.51,223.52,2.72853202
1539203820,223.44,223.52,223.52,223.51,25.65963722
1539203880,223.5,223.51,223.51,223.51,2.94386842
1539203940,223.51,223.52,223.51,223.52,3.9172443500000003
1539204000,223.5,223.57,223.52,223.5,17.52776991
1539204060,223.44,223.66,223.53,223.44,10.360575810000002
1539204120,223.47,223.65,223.57,223.51,4.05682634
1539204180,223.5,223.52,223.52,223.5,0.27193374
1539204240,223.51,223.67,223.51,223.63,7.805848910000001
1539204300,223.51,223.67,223.62,223.51,35.276677590000006
1539204360,223.5,223.63,223.51,223.63,29.58274417
1539204420,223.5,223.63,223.63,223.5,29.50249699
1539204480,223.37,223.51,223.51,223.38,43.77518214999999
1539204540,223.38,223.39,223.38,223.39,13.996757669999997
1539204600,223.38,223.39,223.39,223.39,1.00668397
1539204660,223.38,223.4,223.39,223.4,37.707710410000004
1539204720,223.39,223.4,223.4,223.4,9.323421289999999
1539204780,223.39,223.41,223.41,223.4,18.84583927
1539204840,223.4,223.41,223.41,223.41,14.518838559999999
1539204900,223.4,223.41,223.41,223.41,5.85220167
1539204960,223.4,223.41,223.41,223.41,6.99952881
1539205020,223.4,223.41,223.4,223.41,45.22523753
1539205080,223.4,223.41,223.4,223.4,23.55976005
1539205140,223.34,223.4,223.4,223.35,81.04477943999999
1539205200,223.3,223.35,223.35,223.31,14.39336785
1539205260,223.27,223.31,223.31,223.27,14.93435584
1539205320,223.24,223.27,223.27,223.24,18.32406616
1539205380,223.25,223.26,223.26,223.25,26.93721524
1539205440,223.25,223.4,223.25,223.39,32.27345379
1539205500,223.4,223.4,223.4,223.4,1.40034978
1539205560,223.29,223.39,223.39,223.3,8.41162643
1539205620,223.28,223.3,223.29,223.3,18.39602016
1539205680,223.28,223.3,223.29,223.3,29.17494894
1539205740,223.28,223.3,223.3,223.29,3.2435884200000005
1539205800,223.2,223.29,223.29,223.21,10.53888072
1539205860,223.19,223.21,223.21,223.2,32.73688586
1539205920,223.19,223.2,223.2,223.2,0.5669908100000001
1539205980,223.1,223.2,223.2,223.11,52.51389755
1539206040,223.0,223.1,223.1,223.01,48.252219309999994
1539206100,223.01,223.14,223.01,223.14,5.69501433
1539206160,223.13,223.14,223.14,223.13,4.647887
1539206220,223.14,223.14,223.14,223.14,0.73738656
1539206280,223.13,223.14,223.14,223.13,8.435024779999999
1539206340,223.13,223.14,223.14,223.13,19.72455371
1539206400,223.13,223.14,223.14,223.14,11.11258736
1539206460,223.13,223.19,223.13,223.19,29.49117253
1539206520,223.18,223.19,223.18,223.19,7.47014227
1539206580,223.01,223.19,223.19,223.18,139.35124941999996
1539206640,223.17,223.4,223.17,223.2,106.4865212
1539206700,223.21,223.38,223.31,223.21,24.380165799999997
1539206760,223.21,223.35,223.22,223.21,17.282320660000003
1539206820,223.2,223.35,223.28,223.35,14.92864075
1539206880,223.34,223.35,223.34,223.34,2.2345238099999998
1539206940,223.2,223.34,223.34,223.2,3.4370960700000004
1539207000,223.2,223.22,223.2,223.22,1.16088939
1539207060,223.21,223.22,223.21,223.21,5.078762430000001
1539207120,223.21,223.22,223.21,223.21,1.50126777
1539207180,223.04,223.22,223.22,223.04,199.24198188
1539207240,223.11,223.22,223.21,223.22,18.47354126
1539207300,223.21,223.22,223.22,223.21,29.319232730000017
1539207360,223.21,223.3,223.22,223.3,7.89672891
1539207420,223.29,223.3,223.3,223.29,11.22436777
1539207480,223.3,223.3,223.3,223.3,5.0035091
1539207540,223.29,223.3,223.29,223.29,17.92970563
1539207600,223.29,223.3,223.3,223.29,1.08248057
1539207660,223.3,223.3,223.3,223.3,5.433749300000001
1539207720,223.29,223.3,223.3,223.29,3.0804587100000003
1539207780,223.29,223.3,223.29,223.3,1.8061706100000001
1539207840,223.21,223.3,223.29,223.22,19.452916400000003
1539207900,223.21,223.3,223.22,223.29,0.79928066
1539207960,223.29,223.3,223.3,223.29,10.179148849999999
1539208020,223.3,223.46,223.3,223.38,33.50706093000001
1539208080,223.38,223.42,223.38,223.39,5.990601880000001
1539208140,223.39,223.41,223.4,223.39,17.18480216
1539208200,223.39,223.4,223.4,223.4,3.03700754
1539208260,223.39,223.4,223.4,223.4,13.446361889999997
1539208320,223.39,223.4,223.4,223.4,7.36464499
1539208380,223.29,223.4,223.39,223.29,48.003301330000006
1539208440,223.21,223.29,223.29,223.21,1.4718479
1539208500,223.11,223.22,223.22,223.11,31.345256180000003
1539208560,223.0,223.21,223.12,223.0,73.24914827
1539208620,223.0,223.03,223.03,223.0,41.708168490000006
1539208680,222.93,223.07,223.06,223.02,57.18362886
1539208740,222.97,223.01,223.0,222.99,6.395846670000001
1539208800,222.98,222.99,222.98,222.98,8.471635990000001
1539208860,222.98,222.99,222.99,222.99,0.5885851200000001
1539208920,222.98,222.99,222.99,222.99,7.7607767899999995
1539208980,222.98,222.99,222.99,222.99,5.91483038
1539209040,222.98,222.99,222.99,222.98,43.622502589999996
1539209100,222.98,222.99,222.99,222.99,7.2287975
1539209160,222.98,222.99,222.98,222.99,0.9400841900000001
1539209220,222.99,223.0,222.99,223.0,11.58139622
1539209280,222.99,223.0,223.0,222.99,34.65733872999999
1539209340,222.98,223.01,223.0,222.98,17.373258630000002
1539209400,222.98,223.01,222.98,223.01,6.91770727
1539209460,222.99,223.0,223.0,222.99,43.81538463
1539209520,222.98,222.99,222.98,222.98,5.6942907499999995
1539209580,222.98,222.99,222.99,222.98,20.38088502
1539209640,222.98,222.99,222.99,222.99,5.2823229099999995
1539209700,222.97,223.06,222.98,223.03,60.15913652000001
1539209760,222.82,223.01,223.01,222.89,10.068159860000002
1539209820,222.89,222.9,222.89,222.9,1.09568869
1539209880,222.89,222.9,222.89,222.9,5.65047528
1539209940,222.81,222.98,222.9,222.81,57.30713023
1539210000,222.91,222.96,222.92,222.92,53.75863803000001
1539210060,222.8,222.95,222.9,222.86,92.57122840999999
1539210120,222.82,222.98,222.87,222.96,53.65958542999998
1539210180,222.85,222.99,222.96,222.93,31.33850022
1539210240,222.94,223.05,222.94,223.05,7.27347324
1539210300,222.9,223.04,223.04,222.91,33.212011970000006
1539210360,222.8,222.91,222.91,222.8,66.68493975
1539210420,222.8,222.81,222.81,222.8,2.06686039
1539210480,222.8,222.81,222.81,222.8,18.04669934
1539210540,222.8,222.81,222.81,222.81,4.37314047
1539210600,222.8,222.81,222.81,222.81,12.06935722
1539210660,222.8,222.81,222.81,222.81,21.073284289999997
1539210720,222.8,222.81,222.81,222.8,13.304172129999998
1539210780,222.8,222.81,222.81,222.81,28.38006492
1539210840,222.8,222.81,222.81,222.81,41.27110608
1539210900,222.8,222.81,222.81,222.81,4.46940425
1539210960,222.8,222.81,222.8,222.81,11.852921989999999
1539211020,222.81,222.81,222.81,222.81,0.08712776
1539211080,222.8,222.81,222.81,222.81,5.15672394
1539211140,222.77,222.81,222.81,222.77,93.12541555999998
1539211200,222.76,222.77,222.77,222.76,18.85490848
1539211260,222.76,222.77,222.77,222.76,0.44764325
1539211320,222.76,222.77,222.77,222.76,2.99414799
1539211380,222.77,222.77,222.77,222.77,0.6013386
1539211440,222.76,222.77,222.77,222.77,17.30564657
1539211500,222.76,222.77,222.76,222.76,11.31850679
1539211560,222.76,222.81,222.77,222.81,33.31486243
1539211620,222.8,222.81,222.81,222.8,3.8246221599999997
1539211680,222.8,222.81,222.81,222.8,40.54719307
1539211740,222.81,223.03,222.81,223.03,9.445348880000001
1539211800,223.02,223.03,223.03,223.03,17.41458749
1539211860,223.02,223.02,223.02,223.02,0.48854349999999996
1539211920,223.02,223.03,223.03,223.03,15.083691550000001
1539211980,223.01,223.03,223.03,223.02,44.98775337000001
1539212040,223.01,223.02,223.01,223.02,0.21877295
1539212100,223.01,223.02,223.01,223.02,2.5382129
1539212160,222.76,223.01,223.01,222.81,8.50441694
1539212220,222.82,222.95,222.82,222.83,1.23026214
1539212280,222.73,222.91,222.83,222.73,6.479831029999999
1539212340,222.76,222.77,222.77,222.76,7.28596407
1539212400,222.67,222.73,222.73,222.67,4.0159252599999995
1539212460,222.67,222.67,222.67,222.67,1.5337148600000001
1539212520,222.66,222.79,222.67,222.79,14.071052729999998
1539212580,222.78,223.09,222.79,223.08,601.9324227999999
1539212640,223.08,223.1,223.08,223.1,17.04557019
1539212700,223.09,223.1,223.09,223.1,9.07239079
1539212760,223.09,223.16,223.1,223.16,38.33583391
1539212820,223.15,223.16,223.15,223.15,6.403645290000001
1539212880,223.15,223.16,223.16,223.16,10.09041636
1539212940,223.16,223.28,223.16,223.27,3.3138910800000003
1539213000,223.27,223.3,223.28,223.3,23.106163160000005
1539213060,223.39,223.44,223.39,223.43,0.85594057
1539213120,223.43,223.44,223.44,223.43,24.999000000000002
1539213180,223.43,223.44,223.43,223.44,14.094433650000001
1539213240,223.43,223.44,223.43,223.44,40.521125309999995
1539213300,223.44,223.46,223.44,223.45,2.0732615899999995
1539213360,223.45,223.46,223.46,223.45,2.1076343
1539213420,223.45,223.74,223.45,223.66,86.24310329000001
1539213480,223.66,223.69,223.66,223.69,11.64774049
1539213540,223.68,223.75,223.68,223.75,11.17406884
1539213600,223.74,223.79,223.75,223.74,11.89654935
1539213660,223.74,223.75,223.75,223.75,8.065170679999998
1539213720,223.75,223.89,223.75,223.86,31.777568019999997
1539213780,223.84,223.86,223.84,223.85,22.246853729999998
1539213840,223.64,223.84,223.84,223.78,80.18112133000002
1539213900,223.78,223.89,223.78,223.79,18.25975891
1539213960,223.69,223.76,223.69,223.75,5.45494282
1539214020,223.63,223.76,223.75,223.68,14.694247939999999
1539214080,223.63,223.78,223.68,223.78,6.53445974
1539214140,223.64,223.89,223.78,223.73,10.98683531
1539214200,223.64,223.71,223.71,223.64,11.80255054
1539214260,223.64,223.65,223.65,223.64,10.14354463
1539214320,223.49,223.64,223.63,223.5,8.05771776
1539214380,223.38,223.5,223.5,223.38,5.03542732
1539214440,223.39,223.83,223.39,223.69,25.296777050000003
1539214500,223.69,223.73,223.69,223.73,1.00410443
1539214560,223.71,223.72,223.72,223.71,5.624347309999999
1539214620,223.71,223.72,223.71,223.71,8.95336412
1539214680,223.58,223.7,223.7,223.62,4.89629193
1539214740,223.62,223.71,223.63,223.66,6.629453499999997
1539214800,223.69,223.72,223.69,223.69,29.76907727
1539214860,223.64,223.68,223.68,223.65,13.46809473
1539214920,223.66,223.72,223.66,223.72,2.23184534
1539214980,223.68,223.69,223.68,223.69,10.58769091
1539215040,223.68,223.69,223.68,223.69,3.35146429
1539215100,223.68,223.69,223.68,223.68,6.58968406
1539215160,223.68,223.7,223.69,223.7,27.74812332000001
1539215220,223.69,223.7,223.7,223.69,2.5417376199999997
1539215280,223.69,223.7,223.69,223.7,29.899933949999998
1539215340,223.69,223.7,223.69,223.7,81.27289869
1539215400,223.7,223.7,223.7,223.7,0.8674552999999999
1539215460,223.6,223.7,223.7,223.61,33.986271710000004
1539215520,223.6,223.61,223.6,223.6,49.98063372
1539215580,223.6,223.61,223.61,223.6,3.1505535399999998
1539215640,223.61,223.69,223.61,223.68,24.89775889
1539215700,223.6,223.69,223.69,223.61,106.23501373
1539215760,223.6,223.61,223.61,223.61,6.89592565
1539215820,223.6,223.61,223.6,223.61,40.39488249
1539215880,223.6,223.61,223.61,223.61,3.14025912
1539215940,223.6,223.61,223.6,223.61,18.33911618
1539216000,223.27,223.61,223.61,223.27,587.1431399099997
1539216060,223.22,223.28,223.28,223.22,6.545914909999999
1539216120,223.16,223.22,223.22,223.16,2.0308594299999996
1539216180,223.13,223.17,223.17,223.14,3.4117390999999992
1539216240,223.13,223.16,223.14,223.16,15.660501310000003
1539216300,223.16,223.3,223.17,223.16,15.213929149999998
1539216360,223.18,223.25,223.2,223.2,17.8743745
1539216420,223.2,223.21,223.21,223.21,6.7184782499999995
1539216480,223.21,223.21,223.21,223.21,3.42357696
1539216540,223.02,223.2,223.2,223.02,82.21783196000001
1539216600,222.94,223.03,223.03,222.95,22.90054492000001
1539216660,222.94,222.95,222.95,222.95,7.08529595
1539216720,222.93,222.94,222.94,222.94,20.91812974
1539216780,222.9,222.94,222.94,222.9,56.049336829999994
1539216840,222.78,222.91,222.91,222.79,31.165170720000003
1539216900,222.62,222.79,222.78,222.62,61.98963252999999
1539216960,222.62,222.63,222.62,222.62,21.21926203
1539217020,222.62,222.63,222.62,222.63,7.86982454
1539217080,222.6,222.63,222.62,222.61,1.85994196
1539217140,222.5,222.61,222.6,222.51,19.20843783
1539217200,222.5,222.51,222.51,222.51,36.41371863
1539217260,222.5,222.51,222.5,222.51,10.202007880000002
1539217320,222.5,222.51,222.51,222.5,38.73682568000001
1539217380,222.4,222.49,222.49,222.41,88.08686705999999
1539217440,222.4,222.41,222.41,222.41,1.12837941
1539217500,222.4,222.41,222.41,222.41,36.69544313
1539217560,222.37,222.41,222.41,222.37,6.99759028
1539217620,222.38,222.44,222.38,222.43,49.496666530000006
1539217680,222.43,222.45,222.44,222.43,6.338420869999999
1539217740,222.26,222.37,222.37,222.26,40.23592938999999
1539217800,222.25,222.27,222.26,222.26,136.42339090000004
1539217860,222.01,222.26,222.26,222.17,168.52445000999998
1539217920,222.17,222.18,222.18,222.18,17.78989326
1539217980,220.78,222.18,222.18,221.0,981.9808454999998
1539218040,220.83,221.0,220.99,220.83,23.466988929999996
1539218100,220.8,220.99,220.84,220.8,99.21202168000002
1539218160,220.8,220.81,220.81,220.81,56.05005227000001
1539218220,220.8,220.81,220.81,220.8,5.10483686
1539218280,220.8,220.81,220.81,220.81,3.76075776
1539218340,220.8,220.81,220.8,220.81,6.25760406
1539218400,220.75,220.81,220.8,220.75,120.44516962000002
1539218460,220.75,220.76,220.75,220.76,23.98529027
1539218520,220.7,220.76,220.75,220.7,133.41433045
1539218580,220.35,220.71,220.71,220.35,285.55647171000004
1539218640,220.06,220.36,220.36,220.07,84.22208314999999
1539218700,219.17,220.07,220.07,219.18,2030.1781949199992
1539218760,218.33,219.18,219.18,218.48,843.7852853000002
1539218820,218.33,218.6,218.48,218.6,126.36255563000002
1539218880,218.59,219.05,218.6,219.04,200.76791769
1539218940,219.04,220.07,219.05,220.07,514.4689866600002
1539219000,219.32,220.07,219.85,219.33,152.79483543
1539219060,219.33,219.34,219.33,219.34,23.281195249999996
1539219120,218.98,219.34,219.33,218.98,41.283401059999996
1539219180,218.94,218.97,218.97,218.94,69.59601961999999
1539219240,218.6,218.94,218.94,218.62,125.77336866000002
1539219300,217.39,218.62,218.62,217.39,868.32595984
1539219360,216.9,217.39,217.39,216.91,339.41447839
1539219420,216.41,216.9,216.9,216.42,124.34865325000003
1539219480,216.42,217.34,216.42,217.34,269.02568744000007
1539219540,217.03,217.34,217.34,217.19,59.12415348999999
1539219600,216.83,217.19,217.19,216.84,301.03151929
1539219660,212.22,216.83,216.83,214.48,5080.821716570006
1539219720,212.63,214.47,214.47,212.63,322.94568015000004
1539219780,211.0,212.62,212.61,211.46,1329.3963174099995
1539219840,209.75,211.46,211.44,209.75,1533.5712083299995
1539219900,208.46,209.75,209.75,208.88,1198.72377604
1539219960,206.78,208.87,208.87,207.05,1826.3986292000009
1539220020,204.23,207.12,207.05,204.35,2538.167453120004
1539220080,203.67,205.66,204.36,204.1,2499.8870169800034
1539220140,203.64,205.57,204.53,204.49,1272.0658075100002
1539220200,202.93,204.88,204.49,202.95,1275.5308128300003
1539220260,202.75,204.48,202.95,203.14,1294.9358207099997
1539220320,201.0,203.16,202.88,201.0,2057.0874179099987
1539220380,200.0,201.0,201.0,200.0,2612.716265129998
1539220440,197.77,200.22,200.13,199.21,6665.534761690013
1539220500,199.01,200.61,199.46,200.27,1084.8823939100002
1539220560,199.1,200.39,200.33,199.91,1752.882097769999
1539220620,199.92,201.51,199.92,201.4,825.6264557699997
1539220680,201.15,203.63,201.43,202.58,1024.4455207499996
1539220740,201.24,202.59,202.59,201.45,1910.3375325699992
1539220800,200.0,201.59,201.42,200.82,1494.7000870400004
1539220860,200.62,201.5,200.82,200.89,1816.6911277900003
1539220920,200.37,200.94,200.77,200.38,1357.9217444899975
1539220980,199.0,200.69,200.38,199.46,2388.7029221199987
1539221040,198.06,199.91,199.46,198.07,2420.166065710001
1539221100,195.1,198.07,198.07,195.51,2514.118625249997
1539221160,195.42,196.52,195.5,196.52,1396.994656909999
1539221220,196.11,198.56,196.49,198.5,1738.1135798499977
1539221280,198.04,199.11,198.04,198.98,1621.4714058999994
1539221340,198.32,200.31,198.57,199.55,1465.3343007999993
1539221400,199.0,200.13,199.56,199.56,1532.613780909999
1539221460,199.1,200.48,199.56,200.46,2055.228204289999
1539221520,200.12,201.0,200.48,200.8,624.5452386999998
1539221580,200.7,202.0,200.8,201.71,978.6795042199994
1539221640,201.09,202.69,201.71,202.4,1804.6499817299962
1539221700,200.64,202.41,202.41,201.32,1623.9570172700003
1539221760,200.04,201.5,201.49,200.41,1073.3094176699994
1539221820,200.0,201.0,200.3,200.65,1364.9715369799997
1539221880,200.42,200.91,200.65,200.59,347.34666645999977
1539221940,200.6,201.5,200.6,201.04,919.0532702700001
1539222000,200.57,201.42,201.03,200.61,498.5142821599997
1539222060,199.75,200.97,200.62,200.37,1543.6782313199992
1539222120,199.9,200.86,200.23,200.85,1563.0308510499985
1539222180,200.11,201.0,200.85,200.66,1290.5741904199995
1539222240,200.64,201.91,200.99,201.58,1347.0385830000002
1539222300,201.54,202.0,201.58,201.99,825.0333993499999
1539222360,201.8,202.0,201.99,202.0,898.0494936399996
1539222420,201.56,202.0,201.99,201.7,1573.5138028799993
1539222480,200.56,201.77,201.71,200.67,1694.1640532899996
1539222540,200.0,200.7,200.69,200.64,2274.7345118899984
1539222600,200.12,200.8,200.63,200.64,928.5284211899992
1539222660,200.22,200.86,200.64,200.75,731.0999875500003
1539222720,200.5,200.91,200.75,200.83,726.8081337100001
1539222780,200.39,200.99,200.83,200.47,1386.2940300300004
1539222840,200.25,200.96,200.47,200.82,1148.2627375599998
1539222900,200.06,200.97,200.82,200.94,1295.2786245100003
1539222960,200.58,201.57,200.62,201.57,2962.726680400001
1539223020,200.68,201.96,201.56,201.94,1883.8824124600008
1539223080,201.5,202.0,201.95,201.58,1237.1801967700003
1539223140,201.49,204.0,201.58,202.24,3353.4693198199993
1539223200,202.09,203.33,202.4,202.13,1169.38116895
1539223260,200.4,202.12,202.12,201.0,2507.260469429999
1539223320,200.88,201.54,201.0,201.2,626.3368538499997
1539223380,200.01,201.2,201.2,200.02,696.7373742999999
1539223440,199.77,200.79,200.02,199.77,1226.1150485200003
1539223500,198.17,199.8,199.77,199.48,2449.661880160002
1539223560,199.25,200.01,199.47,200.01,503.3014750799999
1539223620,199.67,200.56,200.08,199.67,657.2390277600001
1539223680,199.14,200.72,199.61,199.93,1016.4455336199998
1539223740,199.86,200.37,199.86,200.37,123.19713899000006
1539223800,200.04,200.59,200.38,200.44,304.4545807300001
1539223860,200.11,200.69,200.44,200.68,247.10387261999995
1539223920,200.51,201.06,200.68,200.8,184.79615245999994
1539223980,200.25,200.98,200.8,200.25,536.4157928000001
1539224040,198.84,200.25,200.25,198.98,1092.4044807900002
1539224100,198.09,198.98,198.98,198.22,550.1210380699996
1539224160,197.79,198.37,198.22,198.08,408.0072298599998
1539224220,197.52,198.27,198.08,197.54,529.7056350899999
1539224280,197.51,198.22,197.52,198.0,336.5182745399998
1539224340,197.76,198.82,198.0,198.7,812.6663064499998
1539224400,198.7,199.9,198.7,199.43,702.5790605499997
1539224460,198.97,199.48,199.25,199.0,756.0724057699997
1539224520,199.0,199.5,199.0,199.45,604.47848186
1539224580,199.45,199.75,199.45,199.75,207.7940543
1539224640,199.47,200.14,199.74,200.1,578.74834332
1539224700,199.64,200.54,200.08,200.24,593.6312002899999
1539224760,200.01,200.24,200.24,200.01,147.72189373
1539224820,200.02,200.24,200.02,200.24,236.99676370000003
1539224880,200.23,201.97,200.23,201.94,1072.7074021699998
1539224940,201.66,202.5,201.86,201.69,1639.2865691500006
1539225000,201.05,201.91,201.83,201.91,813.8395236500004
1539225060,200.44,201.9,201.9,200.62,751.4419577700002
1539225120,200.2,200.99,200.78,200.35,540.3064134100002
1539225180,200.0,200.36,200.35,200.22,651.5474893400001
1539225240,200.02,200.35,200.32,200.35,326.79953067
1539225300,200.27,200.99,200.34,200.78,627.1989384799998
1539225360,200.29,200.78,200.77,200.54,509.10221578999995
1539225420,200.53,201.33,200.55,201.32,405.3798055699999
1539225480,200.9,201.55,201.32,201.32,227.2146892
1539225540,201.41,201.97,201.49,201.91,366.44555734000016
1539225600,201.63,201.98,201.74,201.97,429.88312808000006
1539225660,200.88,201.95,201.74,201.22,537.2637532800002
1539225720,200.97,201.22,201.22,201.21,233.50074194
1539225780,201.17,201.76,201.21,201.25,277.6405285999999
1539225840,201.12,201.52,201.25,201.12,197.34906380999996
1539225900,201.12,201.52,201.12,201.22,269.43222634
1539225960,200.89,201.5,201.13,200.96,358.72753565999994
1539226020,200.86,201.31,201.1,200.89,187.53303409999998
1539226080,200.86,201.16,200.89,200.86,186.01962327
