1543173420,0.13211,0.133746,0.132919,0.13211,5936.0
1543173480,0.131462,0.133046,0.131891,0.133046,41971.0
1543173540,0.1315,0.132742,0.131788,0.1315,35793.0
1543173600,0.131785,0.132065,0.132065,0.131785,1942.0
1543173660,0.130639,0.131785,0.131785,0.131553,9850.0
1543173720,0.130849,0.131536,0.130856,0.131528,2855.0
1543173780,0.131538,0.132584,0.131538,0.13258,7933.0
1543173840,0.132924,0.133951,0.132935,0.133951,13341.0
1543173900,0.132753,0.133956,0.132754,0.133102,13097.0
1543173960,0.132784,0.132892,0.132784,0.132887,3932.0
1543174020,0.132518,0.132998,0.13287,0.132998,1574.0
1543174080,0.132507,0.133,0.132994,0.133,9589.0
1543174140,0.133101,0.13396,0.133768,0.133101,24182.0
1543174200,0.133777,0.133945,0.133777,0.13389,9061.0
1543174260,0.13389,0.13389,0.13389,0.13389,2400.0
1543174320,0.13389,0.134998,0.13389,0.134998,13746.0
1543174380,0.134621,0.134996,0.134996,0.134839,4270.0
1543174440,0.133714,0.13483,0.13483,0.134,7596.0
1543174500,0.133999,0.13453,0.134,0.133999,1701.0
1543174560,0.13453,0.134993,0.13453,0.134953,3822.0
1543174620,0.134897,0.134976,0.134976,0.134897,7843.0
1543174680,0.134365,0.135,0.134875,0.134366,17918.0
1543174740,0.13363,0.134999,0.134901,0.134856,46522.0
1543174800,0.133912,0.134646,0.133912,0.134348,5678.0
1543174860,0.134301,0.134301,0.134301,0.134301,432.0
1543174920,0.1343,0.13479,0.134301,0.13479,9006.0
1543174980,0.134457,0.135,0.134457,0.135,2312.0
1543175040,0.134491,0.134999,0.134842,0.134999,3546.0
1543175100,0.13421,0.135,0.134999,0.134414,27427.0
1543175160,0.134458,0.134999,0.134458,0.134999,1398.0
1543175220,0.134388,0.134991,0.134991,0.134981,2368.0
1543175280,0.134846,0.134883,0.134883,0.134846,3881.0
1543175340,0.133988,0.134791,0.134548,0.134685,11581.0
1543175400,0.134437,0.134617,0.134617,0.134437,1352.0
1543175460,0.134339,0.134426,0.134426,0.134339,30.0
1543175520,0.133669,0.134497,0.134339,0.133669,3332.0
1543175580,0.13335,0.134339,0.134268,0.134339,31452.0
1543175640,0.133999,0.134298,0.134234,0.134,8180.0
1543175700,0.133883,0.134745,0.134,0.134745,8331.0
1543175760,0.133383,0.134661,0.133937,0.134661,5939.0
1543175820,0.134222,0.134349,0.134349,0.134222,278.0
1543175880,0.133498,0.134,0.133999,0.133952,2963.0
1543175940,0.133952,0.133952,0.133952,0.133952,109.0
1543176000,0.133944,0.13395,0.13395,0.133944,511.0
1543176060,0.1338,0.1338,0.1338,0.1338,720.0
1543176180,0.133704,0.133704,0.133704,0.133704,67.0
1543176240,0.133704,0.134,0.133704,0.134,7464.0
1543176300,0.134,0.134,0.134,0.134,1269.0
1543176360,0.133563,0.134,0.133899,0.134,1677.0
1543176420,0.133396,0.134,0.134,0.134,6315.0
1543176480,0.133679,0.134,0.134,0.133679,4115.0
1543176540,0.133894,0.133998,0.133998,0.133997,2133.0
1543176600,0.133997,0.135,0.133997,0.134952,40963.0
1543176660,0.134528,0.134785,0.134528,0.134785,9190.0
1543176720,0.133554,0.134803,0.134542,0.134633,28660.0
1543176780,0.134124,0.134617,0.134163,0.134374,2179.0
1543176840,0.134329,0.134367,0.134367,0.134329,101.0
1543176900,0.133922,0.134178,0.134177,0.134177,1285.0
1543176960,0.134177,0.134178,0.134177,0.134178,2174.0
1543177020,0.134175,0.134178,0.134175,0.134178,1239.0
1543177260,0.133638,0.134258,0.1341,0.134004,9214.0
1543177380,0.13407,0.134081,0.13407,0.13408,14412.0
1543177440,0.133752,0.134226,0.13412,0.134051,7773.0
1543177500,0.134085,0.134193,0.134085,0.134193,1190.0
1543177560,0.134149,0.134227,0.13415,0.134227,1031.0
1543177620,0.134179,0.134571,0.134179,0.134488,1918.0
1543177680,0.134805,0.134999,0.134805,0.134993,2708.0
1543177740,0.134858,0.134951,0.134951,0.134858,954.0
1543177800,0.134667,0.134957,0.134676,0.134893,4128.0
1543177860,0.134893,0.135,0.134893,0.13496,16413.0
1543177920,0.134984,0.13575,0.134984,0.13575,7043.0
1543177980,0.135571,0.135735,0.135571,0.135735,7347.0
1543178100,0.135278,0.13575,0.135736,0.135745,12668.0
1543178160,0.13532,0.135955,0.135772,0.13532,2722.0
1543178220,0.135325,0.135988,0.135907,0.1358,5627.0
1543178280,0.135541,0.135748,0.135748,0.135541,999.0
1543178340,0.135988,0.137,0.135988,0.137,23503.0
1543178400,0.137001,0.138718,0.137001,0.138718,6644.0
1543178460,0.137003,0.138518,0.138518,0.138044,11358.0
1543178520,0.136938,0.137547,0.137024,0.137547,3988.0
1543178580,0.137388,0.138106,0.137404,0.137865,7001.0
1543178640,0.137239,0.138125,0.138094,0.138123,2979.0
1543178700,0.137812,0.138124,0.138124,0.138124,3252.0
1543178760,0.138124,0.13928,0.138124,0.13928,9749.0
1543178820,0.138298,0.13917,0.13917,0.13871,3070.0
1543178880,0.138653,0.139399,0.138682,0.139278,1774.0
1543178940,0.138351,0.139399,0.138438,0.139399,8813.0
1543179000,0.138731,0.1395,0.139243,0.1395,2895.0
1543179060,0.139499,0.1395,0.139499,0.139499,1066.0
1543179120,0.139499,0.1399,0.139499,0.1399,33253.0
1543179180,0.1399,0.14,0.1399,0.13999,43056.0
1543179240,0.138848,0.14,0.14,0.138848,16086.0
1543179300,0.138415,0.139238,0.139238,0.138433,2678.0
1543179360,0.1381,0.138433,0.138421,0.138433,12929.0
1543179420,0.1381,0.139838,0.138369,0.139838,6720.0
1543179480,0.138101,0.13961,0.13961,0.138101,40683.0
1543179540,0.138,0.138899,0.138102,0.138899,18896.0
1543179600,0.138041,0.13854,0.138208,0.13854,1379.0
1543179660,0.138415,0.138999,0.138415,0.138816,5985.0
1543179720,0.137847,0.138808,0.138808,0.137847,4539.0
1543179780,0.138585,0.138999,0.138585,0.138984,2724.0
1543179840,0.138332,0.138994,0.138332,0.138991,3211.0
1543179900,0.138991,0.138992,0.138991,0.138992,8523.0
1543179960,0.1389,0.139908,0.1389,0.139103,14153.0
1543180020,0.13834,0.13999,0.138737,0.139807,25920.0
1543180080,0.138442,0.139459,0.138444,0.138839,1728.0
1543180140,0.13781,0.13883,0.1386,0.13781,45384.0
1543180200,0.138308,0.138471,0.138471,0.138308,2554.0
1543180260,0.137877,0.138881,0.13844,0.138606,4449.0
1543180320,0.138222,0.139284,0.13858,0.138222,7293.0
1543180380,0.137912,0.139405,0.138604,0.139356,11863.0
1543180440,0.137911,0.139165,0.139165,0.138765,12151.0
1543180500,0.13807,0.138726,0.138307,0.138726,1235.0
1543180560,0.138117,0.13887,0.138726,0.138298,6277.0
1543180620,0.138159,0.138725,0.1383,0.138669,7606.0
1543180680,0.138095,0.138933,0.138395,0.138684,16941.0
1543180740,0.1386,0.138958,0.1386,0.138958,435.0
1543180800,0.138581,0.139,0.138959,0.138936,2192.0
1543180860,0.138949,0.1394,0.138989,0.1394,14301.0
1543180920,0.1394,0.1397,0.1394,0.1397,9254.0
1543180980,0.13966,0.13999,0.1397,0.13999,11185.0
1543181040,0.139328,0.14,0.13999,0.14,39525.0
1543181100,0.139395,0.14,0.14,0.139999,56913.0
1543181160,0.139997,0.14,0.139999,0.139997,4009.0
1543181220,0.13985,0.14,0.14,0.14,3472.0
1543181280,0.14,0.14,0.14,0.14,2587.0
1543181340,0.139999,0.14,0.14,0.14,21355.0
1543181400,0.14,0.14,0.14,0.14,1304.0
1543181460,0.139999,0.14,0.14,0.14,27192.0
1543181520,0.139997,0.14,0.139999,0.139997,1100.0
1543181580,0.139972,0.13999,0.13999,0.139972,2032.0
1543181640,0.139754,0.139929,0.139929,0.139757,2358.0
1543181700,0.13975,0.139754,0.139754,0.13975,10110.0
1543181760,0.13975,0.139958,0.13975,0.139791,2456.0
1543181820,0.13975,0.14,0.14,0.139923,3303.0
1543181880,0.13975,0.139916,0.139751,0.139876,1353.0
1543181940,0.13975,0.139913,0.139913,0.139825,12596.0
1543182000,0.13975,0.14,0.139752,0.14,11397.0
1543182060,0.139997,0.14,0.139999,0.139997,1493.0
1543182120,0.139757,0.14,0.14,0.139757,4174.0
1543182180,0.139999,0.141199,0.139999,0.140016,13608.0
1543182240,0.140404,0.141057,0.140404,0.1407,4355.0
1543182300,0.140704,0.142,0.140911,0.141635,15767.0
1543182360,0.141374,0.14225,0.141391,0.141827,10803.0
1543182420,0.1425,0.146874,0.1425,0.146874,41091.0
1543182480,0.143867,0.14682,0.143867,0.145619,17817.0
1543182540,0.144297,0.145497,0.14542,0.145331,15361.0
1543182600,0.1451,0.147997,0.1451,0.145155,25792.0
1543182660,0.145931,0.147947,0.145931,0.146083,2819.0
1543182720,0.145175,0.147364,0.146975,0.146429,3738.0
1543182780,0.145899,0.147999,0.146367,0.1479,2851.0
1543182840,0.145001,0.14716,0.14716,0.146327,34801.0
1543182900,0.145705,0.145705,0.145705,0.145705,118.0
1543182960,0.145,0.145395,0.145395,0.145001,9414.0
1543183020,0.143624,0.14519,0.145001,0.144504,12775.0
1543183080,0.143624,0.144962,0.144504,0.144919,31341.0
1543183140,0.143573,0.144875,0.144875,0.144676,22933.0
1543183200,0.143935,0.144544,0.144541,0.144085,4089.0
1543183320,0.143,0.144074,0.143937,0.143,11889.0
1543183380,0.14276,0.14394,0.143939,0.143073,16877.0
1543183440,0.143374,0.143967,0.143882,0.143374,3015.0
1543183500,0.14276,0.143362,0.143164,0.14286,6278.0
1543183560,0.142302,0.1434,0.142761,0.143395,10107.0
1543183620,0.143305,0.143378,0.143378,0.143305,759.0
1543183680,0.143304,0.144766,0.143304,0.14332,3620.0
1543183740,0.144206,0.14497,0.144417,0.144698,18392.0
1543183800,0.143914,0.144912,0.143914,0.144162,18198.0
1543183860,0.144116,0.14485,0.14485,0.144749,5420.0
1543183920,0.144347,0.144747,0.144347,0.144746,889.0
1543183980,0.144903,0.144969,0.144903,0.144969,136.0
1543184040,0.1448,0.14497,0.144969,0.1448,2585.0
1543184100,0.144799,0.1448,0.1448,0.1448,2722.0
1543184160,0.14379,0.144799,0.144799,0.144197,1803.0
1543184220,0.143305,0.144485,0.143959,0.144485,7488.0
1543184280,0.144136,0.144376,0.144376,0.144136,771.0
1543184340,0.144136,0.144306,0.144136,0.144306,931.0
1543184400,0.144294,0.14467,0.144304,0.14467,4839.0
1543184460,0.144146,0.1448,0.144663,0.1448,32743.0
1543184520,0.144303,0.14497,0.144303,0.14497,11771.0
1543184580,0.14497,0.14497,0.14497,0.14497,515.0
1543184640,0.144969,0.145,0.144969,0.145,12944.0
1543184700,0.145,0.146956,0.145,0.146956,42122.0
1543184760,0.145645,0.147895,0.145645,0.146307,23720.0
1543184820,0.1463,0.147447,0.147447,0.1463,1755.0
1543184880,0.1461,0.147059,0.146848,0.1461,11007.0
1543184940,0.14599,0.146514,0.14636,0.14599,2581.0
1543185000,0.145368,0.146311,0.146311,0.146256,7346.0
1543185060,0.145367,0.146228,0.145814,0.145665,2725.0
1543185120,0.145718,0.1477,0.14615,0.145718,14868.0
1543185180,0.145643,0.147502,0.145747,0.147399,13910.0
1543185240,0.144946,0.147392,0.147025,0.144946,14203.0
1543185300,0.145027,0.146795,0.146644,0.146032,12679.0
1543185360,0.144606,0.145892,0.145892,0.14543,27205.0
1543185420,0.144,0.145322,0.145322,0.145077,26723.0
1543185480,0.14497,0.145735,0.145063,0.145662,3949.0
1543185540,0.1455,0.145502,0.145502,0.1455,1526.0
1543185600,0.1455,0.145586,0.145575,0.1455,1357.0
1543185660,0.145531,0.14841,0.145531,0.14621,42082.0
1543185720,0.1469,0.148749,0.147747,0.147782,38655.0
1543185780,0.1466,0.148748,0.147306,0.148357,6912.0
1543185840,0.146068,0.148021,0.148021,0.14609,24620.0
1543185900,0.146658,0.147095,0.146658,0.147095,3463.0
1543185960,0.146454,0.146996,0.146996,0.146454,5378.0
1543186020,0.145705,0.1479,0.146453,0.145718,15755.0
1543186080,0.145705,0.146921,0.145719,0.145814,8523.0
1543186140,0.145705,0.146044,0.145814,0.145705,12975.0
1543186200,0.144702,0.146,0.145699,0.144702,29622.0
1543186260,0.144101,0.145532,0.145532,0.144245,27195.0
1543186320,0.144101,0.144776,0.144776,0.144489,36362.0
1543186380,0.144,0.147399,0.144127,0.147002,62604.0
1543186440,0.144,0.147001,0.147001,0.144929,17447.0
1543186500,0.1443,0.144707,0.144707,0.1443,1444.0
1543186560,0.140994,0.144408,0.144313,0.140994,110440.0
1543186620,0.140002,0.144255,0.143977,0.143682,81044.0
1543186680,0.143472,0.143709,0.143678,0.143691,6569.0
1543186740,0.142882,0.143541,0.143541,0.142979,19620.0
1543186800,0.141895,0.142981,0.142981,0.141895,2927.0
1543186860,0.142081,0.14298,0.142088,0.142708,50156.0
1543186920,0.140772,0.142661,0.142661,0.142504,16160.0
1543186980,0.141804,0.142933,0.142425,0.142643,9009.0
1543187040,0.142544,0.142777,0.142773,0.142544,6975.0
