1545253860,0.138593,0.13869,0.138603,0.13869,726.0
1545253920,0.138617,0.138632,0.138632,0.138617,791.0
1545253980,0.138614,0.1387,0.138614,0.1387,170.0
1545254040,0.138596,0.138596,0.138596,0.138596,132.0
1545254100,0.1384,0.138419,0.138419,0.1384,6457.0
1545254160,0.137139,0.138052,0.138052,0.137139,16650.0
1545254220,0.137671,0.138,0.137671,0.138,4156.0
1545254340,0.137734,0.138,0.137826,0.137734,9043.0
1545254400,0.138,0.138,0.138,0.138,169.0
1545254460,0.137625,0.137961,0.137961,0.137625,4400.0
1545254520,0.137953,0.137953,0.137953,0.137953,150.0
1545254580,0.137809,0.137809,0.137809,0.137809,40.0
1545254640,0.1376,0.137695,0.137695,0.1376,597.0
1545254700,0.1376,0.137601,0.137601,0.1376,5176.0
1545254760,0.136613,0.137349,0.137235,0.136613,23780.0
1545254820,0.136799,0.1368,0.136799,0.1368,3238.0
1545254880,0.136769,0.136952,0.1368,0.136769,588.0
1545254940,0.136855,0.136856,0.136856,0.136855,901.0
1545255000,0.136856,0.136856,0.136856,0.136856,251.0
1545255060,0.1366,0.136724,0.136724,0.1366,252.0
1545255120,0.13571,0.136601,0.136601,0.136,24500.0
1545255180,0.135277,0.136404,0.136404,0.136181,64613.0
1545255240,0.135291,0.135828,0.135535,0.135828,7244.0
1545255360,0.13533,0.135793,0.135726,0.13533,2364.0
1545255420,0.13533,0.13533,0.13533,0.13533,2110.0
1545255480,0.135291,0.135329,0.135329,0.135291,104.0
1545255540,0.1351,0.135308,0.135308,0.135291,13943.0
1545255600,0.135116,0.135726,0.135116,0.135726,7262.0
1545255660,0.135269,0.135517,0.135269,0.135271,1289.0
1545255720,0.135141,0.135272,0.135272,0.135141,958.0
1545255780,0.135138,0.135384,0.135138,0.135384,475.0
1545255840,0.135333,0.13548,0.135333,0.13548,184.0
1545255900,0.135463,0.135797,0.135463,0.135772,1085.0
1545255960,0.135218,0.135611,0.135261,0.13553,5694.0
1545256020,0.135242,0.135242,0.135242,0.135242,801.0
1545256080,0.135367,0.135367,0.135367,0.135367,172.0
1545256140,0.135166,0.135414,0.135414,0.135166,1358.0
1545256200,0.1351,0.135108,0.135108,0.1351,6297.0
1545256260,0.1351,0.135977,0.135101,0.135341,8583.0
1545256320,0.135077,0.135111,0.135111,0.135077,15343.0
1545256380,0.134577,0.13508,0.135001,0.135001,2243.0
1545256440,0.134665,0.134981,0.134981,0.134878,2238.0
1545256500,0.134577,0.134738,0.134726,0.134586,1450.0
1545256560,0.134377,0.134589,0.134589,0.134377,9826.0
1545256620,0.134378,0.135009,0.134378,0.134446,18350.0
1545256680,0.1342,0.134417,0.134417,0.1342,11621.0
1545256800,0.134831,0.135073,0.134919,0.134831,722.0
1545256920,0.135081,0.135381,0.135081,0.135377,146.0
1545256980,0.134205,0.135332,0.135332,0.135286,15615.0
1545257040,0.134077,0.135072,0.135072,0.135024,30591.0
1545257100,0.134105,0.135,0.135,0.135,966.0
1545257160,0.134358,0.134718,0.134358,0.134718,516.0
1545257220,0.134413,0.135068,0.134551,0.135065,906.0
1545257280,0.134844,0.135341,0.134844,0.135341,926.0
1545257340,0.134978,0.135391,0.134978,0.135032,617.0
1545257400,0.135148,0.135896,0.135383,0.135896,1865.0
1545257460,0.135589,0.135749,0.135589,0.135707,15652.0
1545257520,0.13547,0.135663,0.135663,0.13547,853.0
1545257580,0.135979,0.135979,0.135979,0.135979,86.0
1545257640,0.1358,0.135967,0.135967,0.1358,2.0
1545257700,0.135791,0.135802,0.135802,0.135791,1887.0
1545257760,0.135763,0.135763,0.135763,0.135763,2.0
1545257820,0.135865,0.135979,0.1359,0.135865,1199.0
1545257880,0.135498,0.135976,0.135976,0.135542,4786.0
1545257940,0.135962,0.135964,0.135962,0.135964,3630.0
1545258000,0.135938,0.135971,0.135971,0.135938,1735.0
1545258060,0.135949,0.135949,0.135949,0.135949,10.0
1545258120,0.135641,0.13595,0.135641,0.135939,10242.0
1545258180,0.135874,0.135874,0.135874,0.135874,225.0
1545258240,0.135973,0.136001,0.135973,0.136001,2466.0
1545258300,0.136199,0.136199,0.136199,0.136199,804.0
1545258360,0.136199,0.136913,0.136199,0.13691,1851.0
1545258420,0.136428,0.136789,0.136789,0.136428,463.0
1545258480,0.136722,0.136959,0.136722,0.136769,387.0
1545258540,0.135933,0.136589,0.13643,0.136589,8623.0
1545258600,0.136437,0.136588,0.136587,0.136437,574.0
1545258660,0.136292,0.136372,0.136372,0.136292,3499.0
1545258720,0.136276,0.136276,0.136276,0.136276,1.0
1545258780,0.136026,0.13628,0.13628,0.136027,697.0
1545258840,0.136209,0.13621,0.136209,0.13621,2700.0
1545258900,0.136023,0.136281,0.136275,0.136023,440.0
1545258960,0.136022,0.136222,0.136022,0.136222,721.0
1545282960,0.136622,0.136629,0.136629,0.136622,4579.0
1545283020,0.136575,0.136575,0.136575,0.136575,4000.0
1545283080,0.136563,0.136564,0.136564,0.136563,35.0
1545283200,0.136577,0.136577,0.136577,0.136577,44.0
1545283260,0.13664,0.136657,0.13664,0.136657,4109.0
1545283320,0.136119,0.136656,0.136656,0.136119,12412.0
1545283380,0.136643,0.136645,0.136645,0.136645,1205.0
1545283500,0.136612,0.136713,0.136713,0.136612,702.0
1545283560,0.136578,0.136601,0.136601,0.136579,2578.0
1545283620,0.136521,0.136575,0.136575,0.136521,60.0
1545283680,0.136413,0.13642,0.13642,0.136413,78.0
1545283740,0.136496,0.136496,0.136496,0.136496,65.0
1545283800,0.136418,0.136418,0.136418,0.136418,78.0
1545283860,0.136404,0.136418,0.136418,0.136404,808.0
1545284040,0.136404,0.136404,0.136404,0.136404,33.0
1545284160,0.135707,0.136555,0.136555,0.135707,704.0
1545284220,0.13611,0.136532,0.136532,0.13611,3307.0
1545284280,0.135787,0.136003,0.136003,0.135787,2260.0
1545284340,0.135786,0.135786,0.135786,0.135786,3718.0
1545284460,0.135886,0.136164,0.135886,0.136164,204.0
1545284520,0.1343,0.135879,0.135879,0.1343,24963.0
1545284580,0.135996,0.13615,0.135996,0.136096,6488.0
1545284700,0.135509,0.135773,0.135773,0.135509,1241.0
1545284760,0.1337,0.135483,0.135203,0.135483,3335.0
1545284820,0.134959,0.135679,0.135478,0.134959,3890.0
1545284880,0.135136,0.135498,0.13514,0.1353,15791.0
1545284940,0.133402,0.134876,0.134876,0.133402,7734.0
1545285000,0.134823,0.134864,0.134864,0.134823,285.0
1545285120,0.134986,0.134986,0.134986,0.134986,1000.0
1545285180,0.1348,0.1348,0.1348,0.1348,552.0
1545285240,0.134895,0.13528,0.135267,0.13528,21022.0
1545285420,0.135287,0.135578,0.135287,0.135578,525.0
1545285480,0.135014,0.135103,0.135015,0.135014,1166.0
1545285600,0.135146,0.135156,0.135156,0.135147,3651.0
1545285660,0.135073,0.135139,0.135139,0.135073,3009.0
1545285840,0.135073,0.135242,0.135073,0.135242,273.0
1545285900,0.134781,0.135072,0.135072,0.134781,19163.0
1545286020,0.134625,0.134625,0.134625,0.134625,716.0
1545286080,0.1346,0.1346,0.1346,0.1346,246.0
1545286140,0.13465,0.13465,0.13465,0.13465,220.0
1545286200,0.13465,0.13465,0.13465,0.13465,270.0
1545286260,0.13465,0.13465,0.13465,0.13465,10649.0
1545286380,0.134749,0.13527,0.134788,0.13527,1940.0
1545286500,0.135168,0.135332,0.135168,0.135332,1353.0
1545286740,0.135008,0.135063,0.135063,0.135008,1656.0
1545286800,0.134959,0.134959,0.134959,0.134959,136.0
1545286860,0.134737,0.134958,0.134958,0.134737,613.0
1545286980,0.13531,0.1354,0.13531,0.1354,7.0
1545287100,0.135134,0.135352,0.135352,0.135134,175.0
1545287160,0.13513,0.13513,0.13513,0.13513,1.0
1545287220,0.134887,0.134887,0.134887,0.134887,381.0
1545287640,0.1354,0.135541,0.1354,0.135541,99.0
1545287760,0.135577,0.135577,0.135577,0.135577,1807.0
1545287820,0.13552,0.13552,0.13552,0.13552,10.0
1545287880,0.135636,0.135636,0.135636,0.135636,29.0
1545287940,0.135419,0.135783,0.135605,0.135783,5456.0
1545288000,0.135444,0.135444,0.135444,0.135444,126.0
1545288060,0.135625,0.135625,0.135625,0.135625,352.0
1545288120,0.135605,0.135605,0.135605,0.135605,135.0
1545288180,0.13544,0.135521,0.13544,0.135521,946.0
1545288300,0.135118,0.135156,0.135118,0.135156,923.0
1545288360,0.13495,0.135371,0.135101,0.135371,1010.0
1545288540,0.134948,0.13521,0.13521,0.134948,256.0
1545288600,0.135272,0.135272,0.135272,0.135272,7.0
1545288660,0.135248,0.135248,0.135248,0.135248,1.0
1545288720,0.135162,0.135162,0.135162,0.135162,197.0
1545288840,0.135256,0.135256,0.135256,0.135256,136.0
1545288900,0.134897,0.135004,0.135004,0.134897,612.0
1545289020,0.134459,0.13463,0.13463,0.134459,650.0
1545289080,0.134452,0.134452,0.134452,0.134452,25.0
1545289380,0.134299,0.134299,0.134299,0.134299,820.0
1545289440,0.134298,0.134299,0.134299,0.134298,9.0
1545289500,0.134,0.134001,0.134001,0.134,3698.0
1545289560,0.133512,0.133961,0.133961,0.133512,2431.0
1545289620,0.13392,0.13392,0.13392,0.13392,59.0
1545289680,0.133405,0.133637,0.133637,0.133405,197.0
1545289740,0.13378,0.133782,0.133782,0.13378,442.0
1545289800,0.133786,0.133786,0.133786,0.133786,301.0
1545289860,0.133764,0.134237,0.13388,0.133764,1964.0
1545290040,0.133987,0.133987,0.133987,0.133987,156.0
1545290100,0.133987,0.133987,0.133987,0.133987,66.0
1545290160,0.133987,0.134021,0.133987,0.134021,105.0
1545290220,0.133991,0.134003,0.134002,0.133991,156.0
1545290280,0.133989,0.13399,0.13399,0.133989,599.0
1545290340,0.133844,0.133849,0.133848,0.133844,1323.0
1545290460,0.133908,0.134007,0.134006,0.133908,9756.0
1545290520,0.133836,0.133908,0.133908,0.133836,10601.0
1545290580,0.134,0.134221,0.134,0.134221,9401.0
1545290640,0.134383,0.134598,0.134383,0.134495,2739.0
1545290700,0.134204,0.134601,0.134371,0.134601,732.0
1545290760,0.134541,0.134597,0.134597,0.134542,1493.0
1545290820,0.134643,0.134685,0.134685,0.134643,781.0
1545290940,0.13469,0.134803,0.13469,0.134802,6745.0
1545291000,0.134789,0.134789,0.134789,0.134789,175.0
1545291060,0.134521,0.134773,0.134773,0.134768,712.0
1545291240,0.134667,0.134667,0.134667,0.134667,9422.0
1545291300,0.134668,0.134668,0.134668,0.134668,2.0
1545291360,0.134523,0.134668,0.134668,0.134523,133.0
1545291420,0.134767,0.134866,0.134767,0.134866,810.0
1545291480,0.134806,0.134811,0.134811,0.134806,67.0
1545291540,0.134349,0.134522,0.134522,0.134349,58.0
1545291600,0.134727,0.134727,0.134727,0.134727,354.0
1545291720,0.134674,0.134674,0.134674,0.134674,1086.0
1545291780,0.134665,0.134666,0.134665,0.134666,563.0
1545291840,0.134641,0.134644,0.134641,0.134643,1100.0
1545291900,0.134641,0.134641,0.134641,0.134641,719.0
1545291960,0.134641,0.134641,0.134641,0.134641,99.0
1545292020,0.134727,0.134755,0.134727,0.134755,100.0
1545292080,0.134755,0.134755,0.134755,0.134755,8820.0
1545292200,0.134754,0.136644,0.134754,0.136635,78577.0
1545292260,0.135218,0.135968,0.135968,0.135371,1706.0
1545292320,0.134867,0.135363,0.135363,0.135227,1401.0
1545292380,0.134967,0.136751,0.13523,0.134967,2249.0
1545292440,0.135294,0.135294,0.135294,0.135294,25.0
1545292560,0.135195,0.135195,0.135195,0.135195,500.0
1545292620,0.135403,0.135652,0.135652,0.135403,746.0
1545292680,0.134722,0.135403,0.135403,0.134722,1000.0
1545292740,0.135035,0.137051,0.135346,0.135035,3508.0
1545292800,0.135698,0.135949,0.135949,0.135698,5307.0
1545292920,0.135669,0.135669,0.135669,0.135669,2143.0
1545292980,0.135914,0.135937,0.135937,0.135914,689.0
1545293040,0.136212,0.136385,0.136385,0.136212,938.0
1545293100,0.136406,0.136406,0.136406,0.136406,115.0
1545293160,0.137052,0.13731,0.137052,0.13731,111.0
1545293220,0.137056,0.13749,0.137156,0.13749,830.0
1545293280,0.137487,0.137695,0.13749,0.137487,4675.0
1545293340,0.137487,0.137651,0.137487,0.137651,65.0
1545293400,0.137296,0.137454,0.137454,0.137296,109.0
1545293460,0.137699,0.138,0.1377,0.138,6655.0
1545293520,0.138152,0.138783,0.138152,0.138783,7077.0
1545293700,0.138782,0.1397,0.138783,0.1397,62770.0
1545293760,0.139376,0.139681,0.139681,0.13964,1854.0
1545293820,0.139656,0.139656,0.139656,0.139656,96.0
1545293880,0.13956,0.13998,0.139652,0.13998,4798.0
1545293940,0.14,0.1414,0.14,0.1414,134324.0
1545294000,0.1414,0.1414,0.1414,0.1414,60006.0
1545294060,0.141399,0.1414,0.1414,0.141399,76648.0
1545294120,0.1414,0.1414,0.1414,0.1414,1074.0
1545294180,0.141024,0.1414,0.141399,0.141032,6004.0
1545294240,0.141023,0.1413,0.141032,0.141023,3543.0
1545294300,0.1411,0.141399,0.1411,0.141399,9769.0
1545294360,0.141349,0.1414,0.1414,0.1414,9969.0
1545294420,0.14135,0.1414,0.14135,0.1414,24725.0
1545294480,0.1414,0.1414,0.1414,0.1414,11891.0
1545294540,0.1414,0.141475,0.1414,0.141475,52223.0
1545294600,0.141406,0.141475,0.14143,0.141406,12460.0
1545294660,0.141475,0.141475,0.141475,0.141475,15046.0
1545294720,0.141354,0.1417,0.141475,0.141354,21436.0
1545294780,0.141699,0.1417,0.141699,0.1417,5846.0
1545294840,0.1417,0.142441,0.1417,0.142441,20936.0
1545294900,0.142289,0.1429,0.142441,0.142899,1803.0
1545294960,0.142899,0.14385,0.142899,0.143763,31312.0
1545295020,0.143228,0.143679,0.143679,0.143228,2077.0
1545295080,0.143003,0.143286,0.143225,0.143003,4493.0
1545295140,0.141863,0.143,0.143,0.142205,14931.0
1545295200,0.142939,0.14374,0.142939,0.14374,2139.0
1545295260,0.142999,0.142999,0.142999,0.142999,500.0
1545295320,0.143256,0.143301,0.143256,0.143301,315.0
1545295380,0.142621,0.143704,0.143704,0.142621,4744.0
1545295440,0.142294,0.142628,0.142628,0.142294,1283.0
1545295500,0.142215,0.142293,0.142293,0.142215,863.0
1545295560,0.14199,0.142437,0.142212,0.142429,1413.0
1545295620,0.142422,0.142499,0.142422,0.142499,5090.0
1545295680,0.142497,0.143841,0.142497,0.143841,17541.0
1545295740,0.142729,0.143607,0.14273,0.143568,4289.0
1545295800,0.143513,0.143513,0.143513,0.143513,47.0
1545295860,0.141896,0.142995,0.142872,0.14264,4505.0
1545295920,0.142433,0.1431,0.142433,0.143099,5075.0
1545295980,0.142643,0.14347,0.143092,0.143466,3532.0
1545296040,0.14312,0.143514,0.1435,0.143442,1601.0
1545296100,0.143334,0.143418,0.143418,0.143334,501.0
1545296160,0.143091,0.143142,0.143142,0.143092,2333.0
1545296220,0.142669,0.143006,0.143006,0.142669,1105.0
1545296280,0.143006,0.143006,0.143006,0.143006,55.0
1545296340,0.143006,0.143006,0.143006,0.143006,1.0
1545296400,0.142595,0.142898,0.142895,0.142595,7014.0
1545296460,0.143007,0.143514,0.143007,0.143514,848.0
1545296520,0.143514,0.1437,0.143514,0.1437,2927.0
1545296580,0.143434,0.143699,0.143478,0.143699,304.0
1545296640,0.143397,0.143699,0.143699,0.143699,14227.0
1545296700,0.143699,0.144643,0.143699,0.144643,45022.0
1545296760,0.144193,0.14558,0.144729,0.144193,11356.0
1545296820,0.14554,0.14558,0.145579,0.14554,234.0
1545296880,0.145283,0.145543,0.145543,0.145543,308.0
1545296940,0.145543,0.14558,0.145543,0.14558,12046.0
1545297000,0.145193,0.14558,0.14558,0.145193,16236.0
1545297060,0.143993,0.145166,0.145166,0.143993,6666.0
1545297120,0.143402,0.144293,0.143893,0.144063,27752.0
1545297180,0.1432,0.143686,0.143658,0.143686,1728.0
1545297240,0.143758,0.144967,0.143758,0.144967,1517.0
1545297300,0.144789,0.144789,0.144789,0.144789,621.0
1545297360,0.144015,0.144461,0.144461,0.144413,761.0
1545297420,0.144038,0.144039,0.144039,0.144038,68.0
1545297480,0.143945,0.145,0.143945,0.145,6443.0
1545297540,0.144574,0.144618,0.144618,0.144574,5314.0
1545297600,0.144775,0.144775,0.144775,0.144775,100.0
1545297660,0.144721,0.145434,0.144722,0.145434,3875.0
1545297780,0.144905,0.145254,0.145254,0.144905,2095.0
1545297840,0.144037,0.144397,0.144102,0.144397,1895.0
1545297960,0.144478,0.145014,0.144584,0.145014,1898.0
1545298020,0.144401,0.145463,0.144787,0.145148,12955.0
1545298080,0.144846,0.145,0.144957,0.145,6125.0
1545298140,0.144999,0.145532,0.145,0.145532,7321.0
1545298200,0.145517,0.145521,0.145521,0.145517,3771.0
1545298260,0.145192,0.145192,0.145192,0.145192,1168.0
1545298380,0.143893,0.144952,0.144434,0.144762,7376.0
1545298440,0.144116,0.144117,0.144117,0.144116,377.0
1545298560,0.144246,0.14425,0.14425,0.144247,176.0
1545298620,0.143553,0.144194,0.144194,0.144101,4091.0
1545298680,0.14383,0.143832,0.14383,0.143832,71.0
1545298740,0.143459,0.143805,0.143647,0.143805,3957.0
1545298800,0.143585,0.143806,0.143806,0.14375,2087.0
1545298860,0.14375,0.144554,0.14375,0.144498,1370.0
1545298980,0.14439,0.144395,0.144393,0.14439,3539.0
1545299040,0.143837,0.144288,0.143837,0.144288,4777.0
1545299100,0.143963,0.144538,0.144145,0.144529,14928.0
1545299160,0.144532,0.144532,0.144532,0.144532,1.0
1545299220,0.144597,0.1448,0.144597,0.144796,7275.0
1545299280,0.144053,0.144552,0.144552,0.144053,3349.0
1545299400,0.144286,0.144765,0.144286,0.144765,2523.0
1545299460,0.144363,0.144363,0.144363,0.144363,362.0
1545299520,0.144255,0.14495,0.1448,0.14495,737.0
1545299580,0.144729,0.145,0.144729,0.145,1079.0
1545299640,0.14472,0.145,0.145,0.145,5899.0
1545299700,0.144695,0.144958,0.144958,0.144695,5397.0
1545299760,0.145,0.145541,0.145,0.145298,6450.0
1545299820,0.145541,0.14558,0.145541,0.14558,11922.0
1545299880,0.14558,0.14558,0.14558,0.14558,90975.0
1545299940,0.145571,0.14558,0.14558,0.145571,4107.0
1545300000,0.145406,0.14558,0.145577,0.14558,14151.0
1545300060,0.145578,0.14558,0.14558,0.145579,17269.0
1545300120,0.145579,0.14558,0.14558,0.145579,825.0
1545300180,0.145287,0.14558,0.14558,0.145287,5337.0
1545300300,0.144855,0.14558,0.145166,0.144855,5528.0
1545300360,0.144834,0.144867,0.144867,0.144834,1077.0
1545300420,0.14441,0.14476,0.14476,0.144718,726.0
1545300480,0.144093,0.14469,0.14441,0.144652,872.0
1545300540,0.144651,0.144652,0.144652,0.144651,15079.0
1545300600,0.144181,0.144747,0.14465,0.144747,5037.0
1545300660,0.144747,0.14528,0.144747,0.145276,2120.0
1545300720,0.144708,0.145536,0.145276,0.144708,5939.0
1545300780,0.144904,0.144948,0.144948,0.144904,596.0
1545300840,0.14473,0.1449,0.1449,0.14473,1779.0
1545300900,0.144609,0.144627,0.144609,0.144627,332.0
1545300960,0.14422,0.14463,0.14422,0.14463,1031.0
1545301020,0.144398,0.144531,0.144531,0.144399,733.0
1545301080,0.144248,0.144399,0.144295,0.144399,1038.0
1545301140,0.144398,0.144399,0.144399,0.144398,806.0
1545301200,0.144292,0.144356,0.144292,0.144356,263.0
1545301260,0.144007,0.144255,0.144255,0.144007,718.0
1545301380,0.142535,0.144394,0.144245,0.142535,117001.0
1545301440,0.144392,0.144392,0.144392,0.144392,100.0
1545301500,0.144235,0.144393,0.144235,0.144393,27415.0
1545301560,0.144395,0.144395,0.144395,0.144395,381.0
1545301620,0.143093,0.144085,0.144085,0.143093,757.0
1545301680,0.144299,0.144399,0.144299,0.144399,562.0
1545301740,0.144399,0.1448,0.144399,0.1448,1014.0
1545301800,0.1448,0.14534,0.1448,0.14518,480.0
1545301860,0.145144,0.145144,0.145144,0.145144,61.0
1545301920,0.144786,0.144786,0.144786,0.144786,68.0
1545301980,0.144786,0.144786,0.144786,0.144786,2.0
1545302100,0.144786,0.144786,0.144786,0.144786,226.0
1545302160,0.1441,0.144785,0.144785,0.144785,903.0
1545302220,0.144377,0.144778,0.144518,0.144778,2389.0
1545302280,0.144753,0.144753,0.144753,0.144753,71.0
1545302340,0.144717,0.14472,0.144719,0.14472,1473.0
1545302400,0.14472,0.144785,0.14472,0.144785,1594.0
1545302580,0.144785,0.144785,0.144785,0.144785,288.0
1545302640,0.144785,0.144785,0.144785,0.144785,605.0
1545302700,0.144439,0.144785,0.144785,0.144767,4837.0
1545302760,0.144557,0.144783,0.144557,0.144783,449.0
1545302820,0.144241,0.144493,0.144493,0.144241,126.0
1545302880,0.144626,0.144768,0.144626,0.144757,678.0
1545302940,0.144443,0.144443,0.144443,0.144443,348.0
1545303000,0.144318,0.14473,0.14473,0.144318,3352.0
1545303060,0.144374,0.144374,0.144374,0.144374,10661.0
1545303120,0.144786,0.144885,0.144786,0.144885,1252.0
1545303180,0.145152,0.145152,0.145152,0.145152,1000.0
1545303240,0.145343,0.145537,0.145343,0.145537,1348.0
1545303300,0.14515,0.14542,0.145195,0.145396,2881.0
1545303360,0.145542,0.145542,0.145542,0.145542,63.0
1545303420,0.145542,0.145542,0.145542,0.145542,1055.0
1545303540,0.144917,0.144917,0.144917,0.144917,100.0
1545303600,0.14509,0.14532,0.14532,0.14509,4633.0
1545303660,0.145151,0.145166,0.145166,0.145151,425.0
1545303720,0.145247,0.145542,0.145539,0.145542,7326.0
1545303780,0.145543,0.14558,0.145543,0.14558,1422.0
1545303840,0.145579,0.14558,0.14558,0.145579,335.0
1545303900,0.144025,0.14558,0.145565,0.145578,15847.0
1545321480,0.14163,0.142221,0.14189,0.142221,43729.0
1545321540,0.141775,0.142897,0.141775,0.142355,5550.0
1545321600,0.141727,0.142228,0.141946,0.141727,8091.0
1545321660,0.1411,0.142583,0.142583,0.1411,17485.0
1545321720,0.141112,0.141638,0.141638,0.141416,7568.0
1545321780,0.141,0.141347,0.141347,0.141,20563.0
1545321840,0.141,0.141,0.141,0.141,4024.0
1545321900,0.140651,0.141108,0.1411,0.140651,9367.0
1545321960,0.14065,0.142354,0.140652,0.14065,15849.0
1545322020,0.14065,0.141866,0.1412,0.141866,4083.0
1545322080,0.14104,0.141504,0.141504,0.141092,1076.0
1545322140,0.138871,0.141182,0.141182,0.138871,158304.0
1545322200,0.14113,0.1412,0.1412,0.14113,279.0
1545322260,0.140911,0.140921,0.140921,0.140911,503.0
1545322320,0.14079,0.140904,0.140904,0.14079,265.0
1545322380,0.140356,0.14067,0.140494,0.1406,8661.0
1545322440,0.139666,0.140515,0.140515,0.139666,4273.0
1545322500,0.139528,0.140466,0.140466,0.139528,3492.0
1545322560,0.140153,0.140368,0.140315,0.140368,649.0
1545322620,0.1392,0.140309,0.140309,0.1392,6371.0
1545322680,0.1395,0.140097,0.139776,0.1395,2225.0
1545322740,0.139212,0.139784,0.1395,0.139784,1315.0
1545322800,0.139323,0.139722,0.139323,0.139722,4195.0
1545322860,0.139519,0.139977,0.139709,0.139947,7407.0
1545322920,0.139708,0.1399,0.139708,0.139845,1218.0
1545323040,0.1392,0.1401,0.140004,0.1401,9376.0
1545323100,0.139813,0.140149,0.139816,0.140076,19932.0
1545323160,0.13962,0.140148,0.140147,0.13962,6336.0
1545323220,0.13935,0.140004,0.13964,0.139614,4171.0
1545323280,0.139906,0.14015,0.139995,0.14015,42321.0
1545323340,0.14015,0.140799,0.14015,0.140799,6423.0
1545323400,0.140485,0.140998,0.140662,0.140998,33246.0
1545323460,0.141,0.141481,0.141,0.141076,10053.0
1545323520,0.141462,0.142087,0.141462,0.142087,9209.0
1545323580,0.142131,0.142842,0.142187,0.142153,17998.0
1545323640,0.141538,0.142389,0.142389,0.141538,3857.0
1545323700,0.142276,0.142716,0.142276,0.142716,2785.0
1545323760,0.142469,0.142843,0.142716,0.142469,464.0
1545323820,0.1419,0.142937,0.142937,0.1419,532.0
1545323880,0.142142,0.142933,0.14268,0.142155,4827.0
1545323940,0.141805,0.142414,0.142155,0.142414,6596.0
1545324000,0.141944,0.142343,0.142343,0.142158,4342.0
1545324060,0.141831,0.142784,0.142158,0.142529,8215.0
1545324120,0.141949,0.142999,0.142501,0.142999,17392.0
1545324180,0.142782,0.143243,0.142999,0.143243,2437.0
1545324240,0.143179,0.143299,0.143243,0.143299,1460.0
1545324300,0.142791,0.1433,0.143299,0.142791,1555.0
1545324360,0.142807,0.1433,0.142808,0.1433,5560.0
1545324420,0.142373,0.1433,0.1433,0.142529,3040.0
1545324480,0.142994,0.1433,0.142994,0.1433,7241.0
1545324540,0.143299,0.1436,0.1433,0.1436,15755.0
1545324600,0.1436,0.1442,0.1436,0.1442,23178.0
1545324660,0.1442,0.146,0.1442,0.145997,35223.0
1545324720,0.145109,0.146,0.145983,0.14542,16157.0
1545324780,0.14489,0.145349,0.145349,0.14489,1431.0
1545324840,0.144104,0.144694,0.144694,0.1445,2034.0
1545324900,0.144342,0.144747,0.144342,0.144741,3469.0
1545324960,0.144495,0.144693,0.144693,0.1446,904.0
1545325020,0.144498,0.14479,0.1446,0.14479,1215.0
1545325080,0.14453,0.145345,0.144591,0.144786,17662.0
1545325140,0.145144,0.145171,0.145144,0.145171,10133.0
1545325200,0.144742,0.145343,0.145118,0.14517,33073.0
1545325260,0.145337,0.146176,0.145343,0.146169,7449.0
1545325320,0.145435,0.146155,0.146155,0.145435,32750.0
1545325380,0.145116,0.145572,0.145572,0.145356,11891.0
1545325440,0.145116,0.145402,0.145357,0.145364,1093.0
1545325500,0.143945,0.145464,0.145116,0.145464,3622.0
1545325560,0.14475,0.145453,0.145066,0.145194,14219.0
1545325620,0.143526,0.145432,0.145432,0.143779,3002.0
1545325680,0.144897,0.144961,0.144961,0.144897,1011.0
1545325740,0.143165,0.144999,0.144877,0.144999,15081.0
1545325800,0.144036,0.144996,0.144444,0.144561,11542.0
1545325860,0.143304,0.145,0.144987,0.144999,14027.0
1545325920,0.144612,0.144999,0.144999,0.144994,8980.0
1545325980,0.144444,0.144943,0.144938,0.144444,10067.0
1545326040,0.143698,0.144889,0.144889,0.144811,3607.0
1545326100,0.144066,0.144664,0.144068,0.144465,4053.0
1545326160,0.143423,0.14414,0.143958,0.143423,477.0
1545326220,0.143458,0.143998,0.143952,0.143458,1994.0
1545326280,0.14336,0.143459,0.143459,0.143361,6792.0
1545326340,0.142096,0.143361,0.143361,0.14256,3042.0
1545326400,0.142906,0.142908,0.142908,0.142906,7882.0
1545326460,0.142584,0.143997,0.142906,0.143477,11282.0
1545326520,0.143051,0.143438,0.143438,0.143051,457.0
1545326580,0.142636,0.1434,0.143313,0.142703,15868.0
1545326640,0.142563,0.1436,0.142989,0.143477,1971.0
1545326700,0.143423,0.143999,0.143423,0.143727,33251.0
1545326760,0.14202,0.143834,0.143279,0.143808,33581.0
1545326820,0.143175,0.143846,0.143782,0.143846,1635.0
1545326880,0.143985,0.144355,0.143985,0.144071,2479.0
1545326940,0.144071,0.144355,0.144352,0.144355,869.0
1545327000,0.144355,0.144355,0.144355,0.144355,128.0
1545327060,0.144354,0.144354,0.144354,0.144354,55.0
1545327120,0.144071,0.144355,0.144071,0.144355,827.0
1545327180,0.144272,0.144355,0.144355,0.144355,775.0
1545327240,0.144337,0.144355,0.144355,0.144355,416.0
1545327300,0.144355,0.144943,0.144355,0.1448,4366.0
1545327360,0.14435,0.145404,0.14479,0.145,12758.0
1545327420,0.144406,0.144901,0.144901,0.144849,2335.0
1545327480,0.14435,0.14685,0.144846,0.14435,73793.0
1545327540,0.143352,0.144629,0.144629,0.143352,590.0
1545327600,0.143024,0.144338,0.144054,0.144177,8502.0
1545327660,0.144232,0.144667,0.144232,0.144648,108.0
1545327720,0.14439,0.14459,0.144392,0.14459,456.0
1545327780,0.144578,0.145125,0.144751,0.144934,485.0
1545327840,0.144763,0.144925,0.144925,0.144763,3913.0
1545327900,0.144171,0.144759,0.144171,0.144723,785.0
1545327960,0.144534,0.14458,0.14458,0.144534,2180.0
1545328020,0.142255,0.144428,0.144291,0.144266,61752.0
1545328080,0.142897,0.142897,0.142897,0.142897,1000.0
1545328140,0.143225,0.144264,0.143225,0.144162,29450.0
1545328200,0.143421,0.14443,0.144155,0.144292,53160.0
1545328260,0.143549,0.144558,0.144292,0.143866,108479.0
1545328320,0.143691,0.144452,0.144452,0.143691,5420.0
1545328440,0.143958,0.144399,0.143976,0.144375,17554.0
1545328500,0.143668,0.144335,0.14387,0.144004,8004.0
1545328560,0.143564,0.143776,0.143712,0.143564,27284.0
1545328620,0.14244,0.14364,0.143566,0.142813,17638.0
1545328680,0.14325,0.14325,0.14325,0.14325,198.0
1545328740,0.14325,0.144517,0.14325,0.144517,37462.0
1545328800,0.142498,0.144355,0.144355,0.14404,2072.0
1545328860,0.143399,0.144392,0.14399,0.144392,2476.0
1545328980,0.144019,0.144553,0.14402,0.144553,874.0
1545329040,0.144192,0.144192,0.144192,0.144192,1000.0
1545329100,0.143746,0.143746,0.143746,0.143746,15.0
1545329160,0.144373,0.144531,0.144531,0.144373,787.0
1545329220,0.144201,0.144249,0.144249,0.144201,334.0
1545329340,0.1438,0.14449,0.14449,0.143802,3126.0
1545329400,0.14395,0.14429,0.144128,0.14423,454.0
1545329460,0.144557,0.14456,0.144557,0.14456,711.0
1545329520,0.144109,0.144109,0.144109,0.144109,1340.0
1545329580,0.14455,0.144556,0.144556,0.14455,3839.0
1545329640,0.14453,0.144533,0.144533,0.14453,3867.0
1545329700,0.144373,0.144561,0.144521,0.144545,1416.0
1545329760,0.144541,0.144541,0.144541,0.144541,1179.0
1545329820,0.144052,0.144541,0.14454,0.144533,11669.0
1545329880,0.144534,0.144535,0.144535,0.144534,8523.0
1545329940,0.144433,0.144515,0.144515,0.144433,4378.0
1545330000,0.144003,0.144403,0.144403,0.144003,662.0
1545330060,0.144375,0.144518,0.144375,0.14439,1682.0
1545330120,0.144262,0.144354,0.144354,0.144262,2392.0
1545330180,0.14423,0.144254,0.144254,0.14423,149.0
1545330240,0.144126,0.14451,0.144182,0.144494,414.0
1545330300,0.144243,0.144494,0.144494,0.144494,2371.0
1545330360,0.144402,0.144561,0.144494,0.144454,13535.0
1545330420,0.143001,0.144533,0.144533,0.143001,36726.0
1545330480,0.144111,0.144533,0.144533,0.144111,644.0
1545330540,0.144538,0.145491,0.144538,0.145491,4741.0
1545330600,0.143603,0.144965,0.144537,0.143603,38354.0
1545330660,0.143824,0.144785,0.144785,0.143824,8041.0
1545330720,0.143995,0.143995,0.143995,0.143995,1000.0
1545330780,0.143957,0.144042,0.144042,0.143957,72.0
1545330840,0.14262,0.143899,0.143899,0.143852,19730.0
1545330900,0.142535,0.143662,0.143287,0.143662,6421.0
1545330960,0.143196,0.143597,0.143597,0.14357,3983.0
1545331020,0.143422,0.1435,0.1435,0.143423,4637.0
1545331080,0.142022,0.143857,0.142952,0.143857,18355.0
1545331140,0.143355,0.143594,0.143355,0.143594,888.0
1545331200,0.142948,0.143299,0.142948,0.143238,3320.0
1545331260,0.143293,0.143305,0.143305,0.143296,19748.0
1545331320,0.143209,0.143307,0.143296,0.143306,13225.0
1545331380,0.143283,0.143285,0.143285,0.143283,962.0
1545331440,0.142463,0.143264,0.143264,0.142463,417.0
1545331560,0.142175,0.143074,0.142484,0.142993,4268.0
1545331620,0.142994,0.143306,0.142994,0.143306,682.0
1545331680,0.142802,0.143259,0.142802,0.143235,5845.0
1545331740,0.143223,0.143236,0.143235,0.143223,407.0
1545331800,0.142921,0.143304,0.143221,0.142921,2872.0
1545331860,0.142601,0.143078,0.143078,0.142601,115.0
1545331920,0.142723,0.14306,0.14306,0.14302,383.0
1545331980,0.142975,0.143003,0.143003,0.142975,3099.0
1545332040,0.142878,0.143304,0.142979,0.143038,5379.0
1545332100,0.142914,0.143255,0.143255,0.142914,3286.0
1545332160,0.143282,0.143602,0.143282,0.143503,1110.0
1545332220,0.1435,0.1435,0.1435,0.1435,772.0
1545332280,0.143089,0.143495,0.143495,0.143385,2823.0
1545332340,0.143173,0.143173,0.143173,0.143173,436.0
1545332400,0.143429,0.143861,0.143434,0.143861,3898.0
1545332460,0.143573,0.143781,0.143713,0.143765,2389.0
1545332520,0.143573,0.143856,0.143573,0.143833,357.0
1545332580,0.143226,0.143712,0.143573,0.143352,1004.0
1545332640,0.143098,0.143603,0.143603,0.143099,2385.0
1545332700,0.143355,0.143825,0.143371,0.143405,8218.0
1545332760,0.143117,0.143405,0.143405,0.14316,12465.0
1545332820,0.143401,0.143401,0.143401,0.143401,391.0
1545332880,0.1434,0.1434,0.1434,0.1434,4878.0
1545332940,0.1434,0.143405,0.1434,0.143405,9748.0
1545333000,0.143401,0.143405,0.143401,0.143405,2184.0
1545333060,0.1434,0.143405,0.1434,0.143405,5348.0
1545333120,0.143291,0.1434,0.1434,0.143291,9934.0
1545333180,0.143105,0.143404,0.143404,0.143105,727.0
1545333240,0.142432,0.143226,0.143106,0.14268,1024.0
1545333300,0.14333,0.143398,0.14333,0.143398,951.0
1545333360,0.142626,0.143396,0.143396,0.143253,10001.0
1545333420,0.143316,0.143316,0.143316,0.143316,13.0
1545333480,0.14289,0.143399,0.143316,0.142948,12301.0
1545333540,0.143275,0.143403,0.143279,0.143281,4292.0
1545333600,0.143266,0.143266,0.143266,0.143266,350.0
1545333660,0.143397,0.1434,0.1434,0.143397,28.0
1545333720,0.143183,0.143402,0.143183,0.143401,990.0
1545333780,0.143399,0.143405,0.143399,0.143405,3930.0
1545333840,0.143405,0.145,0.143405,0.145,53674.0
1545333900,0.143506,0.144968,0.144968,0.144564,7530.0
1545333960,0.143732,0.144551,0.144551,0.143732,1000.0
1545334020,0.143844,0.144317,0.144317,0.144286,377.0
1545334080,0.143711,0.144282,0.144282,0.144187,824.0
1545334140,0.144168,0.144177,0.144177,0.144168,1255.0
1545334200,0.144151,0.144157,0.144157,0.144151,3402.0
1545334260,0.144149,0.144149,0.144149,0.144149,224.0
1545334320,0.143797,0.144775,0.143797,0.144469,5494.0
1545334380,0.144014,0.144403,0.144014,0.144372,452.0
1545334440,0.143696,0.144031,0.143697,0.144025,4812.0
1545334500,0.143532,0.1445,0.144003,0.143746,3666.0
1545334560,0.144394,0.144394,0.144394,0.144394,27.0
1545334620,0.143881,0.144354,0.143883,0.144224,15855.0
1545334680,0.144065,0.144065,0.144065,0.144065,331.0
1545334740,0.143471,0.143964,0.143964,0.143947,1105.0
1545334800,0.143584,0.143915,0.143584,0.143908,563.0
1545334860,0.143954,0.144238,0.143954,0.144214,3168.0
1545334920,0.143651,0.144125,0.143651,0.144125,96.0
1545334980,0.143725,0.144125,0.144125,0.144109,7482.0
1545335040,0.143711,0.144468,0.144006,0.144466,919.0
1545335100,0.143907,0.144382,0.144295,0.144382,4182.0
1545335220,0.144343,0.144343,0.144343,0.144343,62.0
1545335280,0.143777,0.144323,0.144063,0.143777,1939.0
1545335340,0.143724,0.144258,0.144258,0.143724,1125.0
1545335400,0.143691,0.144015,0.144015,0.143984,983.0
1545335460,0.143993,0.143994,0.143994,0.143994,461.0
1545335520,0.143708,0.144036,0.143994,0.143708,755.0
1545335580,0.143732,0.143732,0.143732,0.143732,83.0
1545335640,0.1438,0.144036,0.144032,0.1438,1140.0
1545335700,0.143047,0.144036,0.144036,0.143067,11042.0
1545335760,0.143001,0.143629,0.143628,0.143001,393.0
1545335820,0.143403,0.143403,0.143403,0.143403,62.0
1545335880,0.1432,0.143561,0.143403,0.143561,647.0
1545335940,0.143499,0.143534,0.143534,0.143499,225.0
1545336000,0.143004,0.143589,0.143504,0.143543,6840.0
1545336060,0.143538,0.143541,0.143541,0.143538,762.0
1545336120,0.143011,0.143538,0.143538,0.143011,1295.0
1545336180,0.143529,0.143533,0.143533,0.143529,816.0
1545336240,0.143009,0.14301,0.14301,0.143009,22071.0
1545336300,0.143012,0.143473,0.143116,0.143012,3050.0
1545336360,0.143007,0.143323,0.143017,0.143007,2767.0
1545336420,0.142,0.143008,0.143008,0.142,65209.0
1545336480,0.141,0.14188,0.14188,0.141,17854.0
1545336540,0.14,0.14089,0.14089,0.140463,5009.0
1545336600,0.140001,0.140217,0.140002,0.140001,410.0
1545336660,0.13989,0.140001,0.140001,0.139925,968.0
1545336720,0.13989,0.139978,0.139897,0.139976,3731.0
1545336780,0.13997,0.139976,0.139976,0.13997,2687.0
1545336840,0.139968,0.139968,0.139968,0.139968,2.0
1545336900,0.13932,0.139943,0.139943,0.13932,6226.0
1545336960,0.1393,0.139438,0.139438,0.1393,5093.0
1545337020,0.138793,0.1393,0.1393,0.139292,4904.0
1545337080,0.13916,0.139365,0.13916,0.139169,5798.0
1545337140,0.139243,0.139243,0.139243,0.139243,132.0
1545337200,0.1391,0.139594,0.139401,0.139502,6792.0
1545337260,0.139271,0.139639,0.139271,0.139639,1316.0
1545337320,0.139737,0.139905,0.139905,0.139737,1455.0
1545337380,0.139641,0.139885,0.139885,0.139641,542.0
1545337440,0.139456,0.139459,0.139457,0.139459,302.0
1545337500,0.139468,0.139704,0.139704,0.139468,7501.0
1545337560,0.139527,0.139652,0.139527,0.139652,1269.0
1545337620,0.139652,0.139866,0.139652,0.139866,684.0
1545337680,0.139793,0.140001,0.139908,0.140001,1864.0
1545337740,0.139793,0.140044,0.139793,0.139793,1796.0
1545337800,0.139812,0.140598,0.139812,0.140598,867.0
1545337860,0.140024,0.146,0.140221,0.141001,73490.0
1545337920,0.140208,0.145111,0.140889,0.145111,6627.0
1545337980,0.140238,0.141001,0.141001,0.140238,6267.0
1545338040,0.140237,0.1425,0.140238,0.140801,11963.0
1545338100,0.140277,0.140632,0.140632,0.140501,7143.0
1545338160,0.140501,0.142118,0.140582,0.140501,65475.0
1545338220,0.140648,0.140723,0.140649,0.140723,6158.0
1545338280,0.140722,0.140723,0.140723,0.140722,4569.0
1545338340,0.14,0.140712,0.140712,0.14,22882.0
1545338400,0.14,0.140602,0.140602,0.14,324.0
1545338520,0.140169,0.140171,0.140171,0.140169,916.0
1545338580,0.140167,0.140167,0.140167,0.140167,63.0
1545338640,0.1391,0.140001,0.140001,0.1391,25940.0
1545338700,0.139291,0.139868,0.139291,0.139868,1412.0
1545338760,0.138571,0.139264,0.139264,0.138571,7667.0
1545338820,0.13857,0.138613,0.1386,0.138595,3838.0
1545338880,0.138571,0.138571,0.138571,0.138571,33.0
1545338940,0.138576,0.139825,0.138672,0.13885,1045.0
1545339000,0.138572,0.13977,0.138572,0.138575,889.0
1545339060,0.138632,0.139339,0.138941,0.139339,748.0
1545339120,0.139706,0.139706,0.139706,0.139706,131.0
1545339180,0.139244,0.139829,0.139644,0.139829,521.0
1545339240,0.139691,0.14061,0.139748,0.139696,35350.0
1545339300,0.1396,0.139745,0.139696,0.139601,7140.0
1545339360,0.138931,0.139601,0.139601,0.138931,417.0
1545339420,0.139052,0.139477,0.139477,0.139052,72.0
1545339480,0.138829,0.139371,0.138832,0.139273,16863.0
1545339540,0.138859,0.139539,0.138859,0.138953,9581.0
1545339600,0.13943,0.139545,0.139545,0.13943,511.0
1545339660,0.139293,0.140035,0.139293,0.140035,200.0
1545339720,0.139944,0.140267,0.139944,0.140267,1264.0
1545339780,0.140181,0.140251,0.140251,0.140181,97.0
1545339840,0.140176,0.140176,0.140176,0.140176,166.0
1545339900,0.140116,0.140138,0.140138,0.140116,920.0
1545339960,0.140099,0.140259,0.1401,0.140259,857.0
1545340020,0.139925,0.140262,0.139926,0.139954,5829.0
1545340080,0.140137,0.140239,0.140137,0.140231,545.0
1545340140,0.140309,0.140604,0.140314,0.140309,1273.0
1545340200,0.140568,0.140568,0.140568,0.140568,1113.0
1545340260,0.140498,0.1405,0.140498,0.140498,3695.0
1545340320,0.14061,0.14061,0.14061,0.14061,21.0
1545340380,0.140474,0.140474,0.140474,0.140474,131.0
1545340440,0.140096,0.140443,0.140402,0.140422,1205.0
1545340620,0.140345,0.140345,0.140345,0.140345,154.0
1545340680,0.140395,0.140402,0.140395,0.140401,7083.0
1545340740,0.140008,0.140401,0.140401,0.140008,16618.0
1545340800,0.140402,0.141331,0.140402,0.141182,2596.0
1545340860,0.140401,0.140645,0.140645,0.140401,531.0
1545340980,0.140472,0.140472,0.140472,0.140472,120.0
1545341040,0.140441,0.14047,0.140467,0.140441,242.0
1545341100,0.14035,0.140364,0.140364,0.14035,118.0
1545341160,0.140423,0.140454,0.140454,0.140423,2560.0
1545341220,0.14045,0.14045,0.14045,0.14045,787.0
1545341280,0.140444,0.140445,0.140445,0.140445,572.0
1545341340,0.140444,0.140445,0.140445,0.140444,55.0
1545341400,0.140446,0.140963,0.140446,0.140963,1108.0
1545341460,0.140871,0.140921,0.140921,0.140872,4484.0
1545341520,0.14094,0.140943,0.140943,0.14094,5134.0
1545341580,0.14094,0.141455,0.14094,0.141455,7139.0
1545341640,0.141455,0.1415,0.141455,0.1415,8352.0
1545341700,0.14163,0.141885,0.14163,0.1418,282.0
1545341760,0.1415,0.141798,0.141797,0.1415,7143.0
1545341820,0.141499,0.1415,0.1415,0.141499,3242.0
1545341880,0.1415,0.1415,0.1415,0.1415,465.0
1545341940,0.141499,0.1415,0.1415,0.1415,4582.0
1545342000,0.141499,0.141499,0.141499,0.141499,72.0
1545342060,0.141499,0.1415,0.1415,0.141499,3250.0
1545342120,0.1415,0.14199,0.1415,0.141501,7445.0
1545342180,0.141983,0.141986,0.141986,0.141983,736.0
1545342240,0.141982,0.14199,0.141982,0.14199,2939.0
1545342300,0.14199,0.14199,0.14199,0.14199,5271.0
1545342360,0.14199,0.14199,0.14199,0.14199,170.0
1545342420,0.141991,0.142,0.141991,0.142,1108.0
1545367920,0.141558,0.141564,0.141564,0.141558,163.0
1545367980,0.141387,0.141408,0.141407,0.141387,2223.0
1545368040,0.141144,0.141417,0.141144,0.141268,3250.0
1545368100,0.140863,0.141269,0.141263,0.141245,13049.0
1545368160,0.140906,0.141246,0.141245,0.14093,3892.0
1545368220,0.140914,0.141246,0.140914,0.141246,568.0
1545368280,0.140976,0.141246,0.140976,0.141246,1306.0
1545368400,0.141202,0.141202,0.141202,0.141202,1355.0
1545368460,0.14102,0.141234,0.14102,0.141234,2084.0
1545368520,0.140738,0.1413,0.140919,0.1413,4078.0
1545368580,0.141297,0.141483,0.141297,0.141483,2837.0
1545368640,0.141462,0.141787,0.141462,0.141605,10769.0
1545368700,0.141231,0.14155,0.141231,0.141538,1522.0
1545368760,0.141534,0.141546,0.141546,0.141534,2622.0
1545368820,0.140857,0.141533,0.14124,0.141357,3848.0
1545368880,0.141158,0.141307,0.141307,0.141158,1630.0
1545368940,0.1407,0.141049,0.141049,0.1407,785.0
1545369060,0.140954,0.1415,0.140954,0.141037,135.0
1545369120,0.140289,0.140706,0.140706,0.140289,1546.0
1545369180,0.140649,0.14099,0.14099,0.140981,309.0
1545369240,0.140385,0.140916,0.140916,0.140904,291.0
1545369300,0.140904,0.140904,0.140904,0.140904,63.0
1545369360,0.14054,0.140541,0.140541,0.14054,165.0
1545369420,0.140877,0.140877,0.140877,0.140877,100.0
1545369480,0.140906,0.141309,0.140906,0.141298,4222.0
1545369540,0.140905,0.141236,0.140905,0.141236,4338.0
1545369600,0.141038,0.141236,0.141236,0.141045,545.0
1545369660,0.141397,0.141424,0.141397,0.141424,5349.0
1545369720,0.141472,0.141593,0.141472,0.141574,1963.0
1545369780,0.140756,0.14159,0.141537,0.140756,656.0
1545369840,0.14152,0.141526,0.141526,0.14152,186.0
1545369900,0.141494,0.141546,0.141498,0.141546,1214.0
1545369960,0.141546,0.141546,0.141546,0.141546,146.0
1545370080,0.138751,0.141327,0.141327,0.138751,216074.0
1545370140,0.140385,0.140385,0.140385,0.140385,200.0
1545370200,0.14047,0.140738,0.140738,0.14047,4796.0
1545370260,0.138846,0.140218,0.140218,0.138846,9566.0
1545370320,0.139867,0.140337,0.140337,0.139902,19908.0
1545370380,0.139862,0.140234,0.139867,0.140089,1158.0
1545370500,0.140046,0.140046,0.140046,0.140046,3579.0
1545370560,0.139119,0.140138,0.140138,0.139119,1648.0
1545370620,0.139683,0.140056,0.139683,0.139991,11249.0
1545370680,0.138874,0.139943,0.139685,0.139939,1322.0
1545370740,0.139868,0.139924,0.139924,0.139868,79.0
1545370800,0.138754,0.139592,0.139592,0.138754,1507.0
1545370860,0.139559,0.139663,0.139663,0.139559,548.0
1545370920,0.13857,0.139403,0.139403,0.13857,68072.0
1545370980,0.138852,0.139232,0.138852,0.138924,694.0
1545371040,0.13857,0.138907,0.138907,0.13857,21138.0
1545371100,0.13857,0.138571,0.13857,0.13857,29123.0
1545371160,0.13857,0.138571,0.13857,0.13857,77225.0
1545371220,0.13857,0.138571,0.13857,0.13857,87079.0
1545371280,0.13857,0.139135,0.13857,0.139135,53179.0
1545371340,0.1386,0.13906,0.13906,0.1386,3289.0
1545371400,0.138898,0.140608,0.138898,0.140608,3927.0
1545371460,0.139987,0.139987,0.139987,0.139987,1366.0
1545371520,0.139758,0.140169,0.140169,0.139758,8459.0
1545371580,0.139253,0.140188,0.139253,0.140188,269.0
1545371640,0.140196,0.140197,0.140196,0.140197,1737.0
1545371700,0.1402,0.14077,0.1402,0.14077,687.0
1545371760,0.140371,0.140518,0.140518,0.140371,517.0
1545371820,0.140193,0.140763,0.140193,0.140763,342.0
1545371880,0.138672,0.140192,0.140192,0.139064,6013.0
1545371940,0.139069,0.139887,0.139069,0.139874,1221.0
1545372000,0.138742,0.139826,0.139826,0.138742,685.0
1545372060,0.139297,0.139297,0.139297,0.139297,73.0
1545372120,0.139462,0.139955,0.139462,0.139943,441.0
1545372240,0.139956,0.139956,0.139956,0.139956,28.0
1545372300,0.139956,0.139956,0.139956,0.139956,50.0
1545372360,0.140016,0.14002,0.140016,0.14002,619.0
1545372420,0.140315,0.14077,0.14055,0.140707,6560.0
1545372480,0.140698,0.140709,0.140698,0.140709,1559.0
1545372600,0.14058,0.14058,0.14058,0.14058,29.0
1545372660,0.14078,0.14078,0.14078,0.14078,63.0
1545372720,0.1402,0.14078,0.14078,0.1402,1870.0
1545372780,0.14078,0.140957,0.14078,0.140957,100.0
1545372840,0.140956,0.140956,0.140956,0.140956,67.0
1545372900,0.140926,0.140926,0.140926,0.140926,100.0
1545372960,0.14041,0.140731,0.140731,0.14041,533.0
1545373020,0.140113,0.140324,0.140323,0.140113,66.0
1545373080,0.139994,0.140024,0.139995,0.14,406.0
1545373140,0.139751,0.140605,0.139751,0.140311,6240.0
1545373260,0.140477,0.140477,0.140477,0.140477,329.0
1545373320,0.141394,0.141394,0.141394,0.141394,197.0
1545373380,0.141357,0.141357,0.141357,0.141357,387.0
1545373440,0.141252,0.141307,0.141307,0.141252,263.0
1545373500,0.141142,0.141143,0.141142,0.141143,29.0
1545373560,0.141138,0.141141,0.141141,0.141138,563.0
1545373620,0.140538,0.140893,0.140893,0.140538,85.0
1545373680,0.141136,0.141389,0.141136,0.141389,1017.0
1545373740,0.140832,0.141239,0.140858,0.141236,10318.0
1545373800,0.141189,0.141234,0.141234,0.141189,295.0
1545373860,0.140123,0.141,0.140734,0.140978,486.0
1545373920,0.141144,0.141815,0.141144,0.141815,680.0
1545373980,0.141804,0.141804,0.141804,0.141804,1512.0
1545374040,0.141552,0.141804,0.141552,0.141804,4629.0
1545374100,0.141835,0.141932,0.141835,0.141932,1513.0
1545374220,0.141933,0.14251,0.141933,0.14251,301.0
1545374280,0.142507,0.142507,0.142507,0.142507,335.0
1545374340,0.142252,0.142252,0.142252,0.142252,1274.0
1545374400,0.142463,0.142467,0.142467,0.142465,14046.0
1545374460,0.142465,0.142466,0.142465,0.142466,9397.0
1545374580,0.142187,0.142466,0.142187,0.142466,430.0
1545374640,0.142372,0.142466,0.142466,0.142372,6348.0
1545374700,0.142466,0.142466,0.142466,0.142466,1748.0
1545374760,0.142465,0.142465,0.142465,0.142465,214.0
1545374820,0.142465,0.142465,0.142465,0.142465,388.0
1545374880,0.142466,0.142466,0.142466,0.142466,200.0
1545374940,0.141762,0.141762,0.141762,0.141762,865.0
1545375000,0.142462,0.142462,0.142462,0.142462,229.0
1545375060,0.14252,0.142522,0.14252,0.142522,4114.0
1545375120,0.142521,0.142561,0.142521,0.142561,27664.0
1545375180,0.142561,0.142561,0.142561,0.142561,11325.0
1545375240,0.141196,0.143416,0.14297,0.141196,3867.0
1545375300,0.143325,0.143333,0.143333,0.143325,805.0
1545375360,0.1432,0.143325,0.143325,0.1432,666.0
1545375420,0.143197,0.143197,0.143197,0.143197,1.0
1545375540,0.14305,0.14305,0.14305,0.14305,320.0
1545375600,0.14305,0.143051,0.14305,0.143051,382.0
1545375660,0.143051,0.143051,0.143051,0.143051,913.0
1545375720,0.142903,0.143419,0.143051,0.142903,9137.0
1545375780,0.143231,0.143231,0.143231,0.143231,128.0
1545375840,0.143027,0.143027,0.143027,0.143027,390.0
1545375900,0.142683,0.143185,0.142683,0.143185,849.0
1545375960,0.143185,0.143185,0.143185,0.143185,294.0
1545376020,0.142815,0.142815,0.142815,0.142815,71.0
1545376080,0.142816,0.143527,0.143116,0.142816,7601.0
1545376140,0.142816,0.143113,0.143106,0.143113,566.0
1545376200,0.143093,0.143093,0.143093,0.143093,2.0
1545376320,0.143072,0.143105,0.143105,0.143072,28.0
1545376380,0.142575,0.143053,0.143053,0.142575,88.0
1545376500,0.142855,0.142855,0.142855,0.142855,129.0
1545376680,0.143051,0.143253,0.143051,0.143253,100.0
1545376740,0.143382,0.143485,0.143485,0.143382,68.0
1545376800,0.143311,0.143321,0.143321,0.143313,6022.0
1545376920,0.143247,0.143638,0.143247,0.143638,464.0
1545377100,0.143476,0.14348,0.14348,0.143476,2037.0
1545377160,0.14308,0.143421,0.143421,0.14308,881.0
1545377220,0.143638,0.143646,0.143646,0.143638,834.0
1545377280,0.143351,0.143712,0.143638,0.143712,397.0
1545377340,0.143197,0.143712,0.143711,0.143712,1904.0
1545377400,0.143708,0.143712,0.143712,0.143708,258.0
1545377460,0.143598,0.143656,0.143656,0.143598,771.0
1545377520,0.143474,0.14349,0.14348,0.143474,193.0
1545377580,0.143052,0.143557,0.143454,0.143052,78.0
1545377700,0.143,0.143328,0.143324,0.143276,16734.0
1545377760,0.1428,0.143273,0.143273,0.143255,5741.0
1545377820,0.143241,0.143253,0.143253,0.143241,42.0
1545377880,0.143239,0.143239,0.143239,0.143239,62.0
1545377940,0.143186,0.143521,0.143186,0.143521,1937.0
1545378000,0.143472,0.143472,0.143472,0.143472,1000.0
1545378120,0.14303,0.14303,0.14303,0.14303,523.0
1545378180,0.14286,0.14303,0.14303,0.142865,1432.0
1545378240,0.1428,0.142858,0.142858,0.1428,136.0
1545378300,0.1428,0.143117,0.142831,0.143117,1724.0
1545378360,0.1428,0.143116,0.143116,0.143005,412.0
1545378420,0.1428,0.142976,0.1428,0.142858,1955.0
1545378480,0.142427,0.14312,0.142964,0.142427,1347.0
1545378540,0.143046,0.143049,0.143049,0.143046,4206.0
1545378600,0.143099,0.143574,0.143121,0.1431,1382.0
1545378720,0.143574,0.143712,0.143574,0.143712,17.0
1545378840,0.143712,0.143712,0.143712,0.143712,381.0
1545378900,0.143712,0.143712,0.143712,0.143712,3468.0
1545378960,0.143711,0.143713,0.143711,0.143713,14466.0
1545379020,0.143713,0.14398,0.143713,0.14398,6147.0
1545379080,0.14398,0.14398,0.14398,0.14398,3833.0
1545379140,0.143982,0.14449,0.143982,0.14449,1356.0
1545379200,0.144492,0.144988,0.144492,0.144935,7590.0
1545379260,0.143,0.144861,0.144861,0.143252,8072.0
1545379380,0.14453,0.1447,0.144691,0.14453,1741.0
1545379440,0.144988,0.144988,0.144988,0.144988,425.0
1545379500,0.1452,0.145343,0.1452,0.145342,147.0
1545379560,0.14504,0.145342,0.145342,0.14504,1281.0
1545379740,0.145135,0.145343,0.145135,0.145343,1041.0
1545379800,0.14453,0.145343,0.145105,0.145343,8275.0
1545379920,0.145248,0.145342,0.145342,0.145248,1247.0
1545379980,0.144726,0.145336,0.145336,0.144726,2472.0
1545380040,0.144865,0.145335,0.145335,0.144865,205.0
1545380100,0.145327,0.145327,0.145327,0.145327,61.0
1545380160,0.144192,0.145343,0.145343,0.144192,7657.0
1545380220,0.145282,0.145342,0.145342,0.145342,1387.0
1545380280,0.144858,0.145342,0.14504,0.14504,9284.0
1545380340,0.144453,0.145258,0.145258,0.144942,1117.0
1545380400,0.144849,0.145175,0.144942,0.144849,2017.0
1545380460,0.144632,0.144737,0.144632,0.144734,302.0
1545380520,0.14439,0.144602,0.144602,0.14439,609.0
1545380580,0.144698,0.144728,0.144728,0.144722,2054.0
1545380700,0.144605,0.144607,0.144605,0.144607,2094.0
1545380760,0.144557,0.145122,0.144557,0.145056,1279.0
1545380820,0.144904,0.144904,0.144904,0.144904,329.0
1545380880,0.143648,0.144895,0.144895,0.144847,3132.0
1545380940,0.144592,0.144711,0.144711,0.144592,1516.0
1545381000,0.144319,0.144592,0.144592,0.144319,2285.0
1545381060,0.144513,0.145291,0.144513,0.145264,199.0
1545381120,0.143793,0.144951,0.144951,0.143793,70.0
1545381180,0.14501,0.14538,0.14501,0.14538,7742.0
1545381240,0.144489,0.144935,0.144935,0.144489,404.0
1545381300,0.144502,0.144753,0.144753,0.144502,3585.0
1545381360,0.144212,0.144552,0.144212,0.144552,3.0
1545381420,0.14431,0.14431,0.14431,0.14431,7.0
1545381540,0.144121,0.144121,0.144121,0.144121,3000.0
1545381600,0.144265,0.144292,0.144265,0.144292,233.0
1545381660,0.143619,0.144291,0.14384,0.144274,1803.0
1545381780,0.143139,0.143921,0.143634,0.143921,565.0
1545381900,0.143,0.143918,0.143918,0.143,250.0
1545381960,0.14392,0.144582,0.14392,0.144582,1000.0
1545382020,0.144599,0.145332,0.144599,0.145332,7500.0
1545382080,0.145268,0.145268,0.145268,0.145268,184.0
1545382140,0.145264,0.145267,0.145264,0.145267,1055.0
1545382200,0.144834,0.145267,0.144834,0.144879,3561.0
1545382260,0.145239,0.145266,0.145266,0.145239,226.0
1545382320,0.144987,0.144991,0.144991,0.144987,245.0
1545382380,0.144566,0.144566,0.144566,0.144566,545.0
1545382500,0.144568,0.144585,0.144585,0.144568,828.0
1545382560,0.144541,0.144555,0.144555,0.144541,693.0
1545382620,0.144418,0.144418,0.144418,0.144418,126.0
1545382680,0.144541,0.144541,0.144541,0.144541,1553.0
1545382800,0.144014,0.144611,0.144611,0.144014,1147.0
1545382860,0.143488,0.144437,0.144437,0.144265,9080.0
1545382920,0.143565,0.143597,0.143565,0.143597,647.0
1545382980,0.144032,0.144032,0.144032,0.144032,31.0
1545383040,0.143407,0.14393,0.143895,0.143407,2309.0
1545383100,0.143715,0.14374,0.143715,0.14374,3632.0
1545383160,0.1434,0.143702,0.143526,0.143702,38981.0
1545383220,0.1434,0.143607,0.1434,0.143601,5969.0
1545383280,0.143495,0.143987,0.143712,0.143495,292.0
1545383400,0.143415,0.143866,0.143589,0.143866,4199.0
1545383460,0.143416,0.143683,0.143416,0.143683,6287.0
1545383520,0.1434,0.1434,0.1434,0.1434,789.0
1545383580,0.14357,0.143679,0.14357,0.143599,475.0
1545383640,0.1434,0.143432,0.143432,0.1434,437.0
1545383700,0.143768,0.143805,0.143805,0.143768,409.0
1545383760,0.143837,0.144231,0.14401,0.143837,432.0
1545383820,0.143887,0.143887,0.143887,0.143887,175.0
1545383880,0.143552,0.143552,0.143552,0.143552,32.0
1545384000,0.143462,0.143939,0.143939,0.143463,4606.0
1545384120,0.1434,0.143406,0.143406,0.1434,3499.0
1545384180,0.1434,0.143484,0.143484,0.1434,2326.0
1545384240,0.143063,0.1434,0.1434,0.143063,5132.0
1545384420,0.142338,0.142864,0.142864,0.142338,379.0
1545384480,0.142338,0.142949,0.142949,0.142338,125.0
1545384600,0.142948,0.143387,0.142948,0.143387,3912.0
1545384660,0.142395,0.142818,0.142395,0.142818,452.0
1545384780,0.142381,0.142623,0.142623,0.142381,1374.0
1545384840,0.14292,0.14292,0.14292,0.14292,46.0
1545384960,0.142338,0.142804,0.142571,0.142804,548.0
1545385080,0.142506,0.142506,0.142506,0.142506,216.0
1545385140,0.142351,0.142759,0.142551,0.142759,4185.0
1545385200,0.142759,0.142759,0.142759,0.142759,213.0
1545385260,0.142759,0.142759,0.142759,0.142759,187.0
1545385380,0.142196,0.142816,0.142816,0.142196,9570.0
1545385440,0.142152,0.142456,0.142456,0.142152,2.0
1545385560,0.142269,0.143269,0.142269,0.143269,1972.0
1545385620,0.142799,0.142799,0.142799,0.142799,884.0
1545385680,0.142799,0.142799,0.142799,0.142799,65.0
1545385860,0.141099,0.14232,0.14232,0.141727,23061.0
1545385980,0.141413,0.142196,0.142196,0.141413,1596.0
1545386040,0.141523,0.141531,0.141523,0.141531,3463.0
1545386100,0.140435,0.141461,0.141156,0.141461,9284.0
1545386160,0.141235,0.142308,0.141496,0.141924,2784.0
1545386220,0.141095,0.14182,0.141095,0.141813,1168.0
1545386280,0.141376,0.141376,0.141376,0.141376,128.0
1545386340,0.141704,0.142247,0.142247,0.141704,834.0
1545386460,0.140618,0.142042,0.141185,0.140618,1673.0
1545386580,0.141855,0.141855,0.141855,0.141855,3286.0
1545386700,0.141688,0.141688,0.141688,0.141688,39.0
1545386760,0.141858,0.142297,0.141858,0.142297,180.0
1545386880,0.14232,0.142593,0.14232,0.142593,767.0
1545387000,0.142689,0.142689,0.142689,0.142689,255.0
1545387060,0.142668,0.14267,0.142668,0.14267,5783.0
1545387120,0.14275,0.14275,0.14275,0.14275,201.0
1545387240,0.142527,0.142749,0.142527,0.142749,700.0
1545387300,0.142735,0.142735,0.142735,0.142735,911.0
1545387360,0.141756,0.142526,0.142526,0.141756,737.0
1545387420,0.142513,0.142513,0.142513,0.142513,700.0
1545387480,0.142473,0.142543,0.142517,0.142543,1324.0
1545387540,0.142407,0.142407,0.142407,0.142407,2085.0
1545387660,0.142047,0.14211,0.14211,0.142047,340.0
1545387720,0.141344,0.142001,0.142001,0.141344,600.0
1545387780,0.141491,0.14198,0.141498,0.141973,1932.0
1545387840,0.141941,0.141943,0.141943,0.141941,231.0
1545387960,0.141147,0.141691,0.141379,0.141691,2115.0
1545388020,0.140945,0.141143,0.141142,0.140957,1234.0
1545388080,0.140901,0.141188,0.140946,0.141188,2214.0
1545388140,0.140883,0.141641,0.140902,0.140913,923.0
1545388260,0.141149,0.141321,0.141321,0.141149,512.0
1545388320,0.141195,0.14136,0.14136,0.141195,29.0
1545388380,0.141191,0.141191,0.141191,0.141191,350.0
1545388440,0.141331,0.142004,0.141607,0.141715,23295.0
1545388500,0.141638,0.141638,0.141638,0.141638,1.0
1545388740,0.140971,0.142041,0.141614,0.141248,4279.0
1545388800,0.141371,0.141371,0.141371,0.141371,3079.0
