1546970880,0.13884,0.138841,0.13884,0.138841,344.0
1546970940,0.138718,0.138776,0.138718,0.138776,824.0
1546971000,0.138662,0.138914,0.138835,0.138662,10388.0
1546971060,0.138416,0.139051,0.13898,0.138416,984.0
1546971120,0.138417,0.13902,0.138417,0.138975,863.0
1546971180,0.138614,0.138614,0.138614,0.138614,167.0
1546971300,0.138921,0.138921,0.138921,0.138921,64.0
1546971360,0.1385,0.138882,0.138879,0.138556,2075.0
1546971420,0.13888,0.138882,0.13888,0.138882,81.0
1546971480,0.138566,0.138736,0.138735,0.138566,13789.0
1546971660,0.138706,0.138706,0.138706,0.138706,64.0
1546971720,0.138869,0.138869,0.138869,0.138869,64.0
1546972020,0.1388,0.13884,0.13884,0.1388,173.0
1546972260,0.139026,0.139026,0.139026,0.139026,311.0
1546972380,0.138861,0.139026,0.138861,0.139026,404.0
1546972500,0.139035,0.139308,0.139035,0.139308,229.0
1546972620,0.138778,0.139035,0.139035,0.138778,95.0
1546972680,0.139115,0.139115,0.139115,0.139115,8.0
1546972800,0.139135,0.13925,0.139135,0.13925,167.0
1546972860,0.139,0.139001,0.139001,0.139,167.0
1546973040,0.139,0.139051,0.139,0.139051,172.0
1546973160,0.139054,0.139231,0.139054,0.139229,65.0
1546973220,0.138826,0.139298,0.139062,0.139298,6013.0
1546973280,0.13925,0.13925,0.13925,0.13925,167.0
1546973340,0.139271,0.139317,0.139271,0.139317,1408.0
1546973520,0.139318,0.139318,0.139318,0.139318,1438.0
1546973700,0.139319,0.139394,0.139319,0.139394,18241.0
1546973760,0.139394,0.139809,0.139394,0.139809,691.0
1546973820,0.139809,0.139913,0.139809,0.139897,5036.0
1546973880,0.139786,0.139886,0.139786,0.139886,99.0
1546973940,0.139798,0.139798,0.139798,0.139798,1000.0
1546974060,0.139791,0.139791,0.139791,0.139791,1.0
1546974120,0.139705,0.139916,0.139891,0.139705,205.0
1546974180,0.13982,0.13991,0.13991,0.13982,100.0
1546974240,0.139613,0.139918,0.139917,0.139912,3422.0
1546974300,0.1398,0.1398,0.1398,0.1398,64.0
1546974360,0.1398,0.1398,0.1398,0.1398,659.0
1546974420,0.1398,0.1398,0.1398,0.1398,197.0
1546974480,0.139662,0.1398,0.139799,0.1398,1935.0
1546974540,0.139799,0.1398,0.1398,0.139799,2591.0
1546974660,0.139729,0.139916,0.1398,0.139916,8697.0
1546974720,0.139865,0.139917,0.139916,0.139917,7350.0
1546974780,0.139917,0.139917,0.139917,0.139917,700.0
1546974840,0.139916,0.139917,0.139916,0.139917,925.0
1546974900,0.139748,0.139917,0.139917,0.139917,920.0
1546974960,0.139819,0.139918,0.139819,0.139917,7822.0
1546975020,0.139918,0.139918,0.139918,0.139918,455.0
1546975080,0.139918,0.139918,0.139918,0.139918,491.0
1546975200,0.139819,0.139918,0.139917,0.139819,15435.0
1546975260,0.139918,0.139942,0.139918,0.139942,1028.0
1546975320,0.139941,0.139942,0.139942,0.139941,619.0
1546975380,0.139942,0.139954,0.139942,0.139954,856.0
1546975440,0.139954,0.14,0.139954,0.14,511.0
1546975500,0.14,0.14,0.14,0.14,1711.0
1546975560,0.140083,0.140083,0.140083,0.140083,8.0
1546975620,0.1401,0.1401,0.1401,0.1401,1100.0
1546975680,0.140092,0.1401,0.140092,0.1401,200.0
1546975740,0.14009,0.1401,0.14009,0.140099,3791.0
1546975860,0.140099,0.140099,0.140099,0.140099,567.0
1546975920,0.140083,0.140099,0.140099,0.140083,86.0
1546975980,0.1401,0.1401,0.1401,0.1401,7.0
1546976040,0.1401,0.1401,0.1401,0.1401,8.0
1546976100,0.140099,0.1401,0.1401,0.140099,6485.0
1546976160,0.140096,0.140096,0.140096,0.140096,751.0
1546976220,0.139997,0.140095,0.140095,0.139997,1210.0
1546976280,0.140022,0.1401,0.140085,0.140022,1327.0
1546976340,0.140051,0.140099,0.140099,0.140052,335.0
1546976400,0.140038,0.140038,0.140038,0.140038,64.0
1546976460,0.1401,0.1401,0.1401,0.1401,885.0
1546976520,0.1401,0.1401,0.1401,0.1401,152.0
1546976640,0.1401,0.1401,0.1401,0.1401,114.0
1546976820,0.1401,0.1401,0.1401,0.1401,195.0
1546976880,0.140099,0.1401,0.1401,0.1401,1241.0
1546976940,0.140099,0.140375,0.1401,0.140375,5259.0
1546977000,0.140092,0.140453,0.140219,0.140092,3157.0
1546977120,0.13994,0.140342,0.140341,0.13994,9398.0
1546977180,0.140338,0.14037,0.14037,0.140338,368.0
1546977240,0.140191,0.140372,0.140191,0.140372,1597.0
1546977300,0.140291,0.140297,0.140291,0.140294,1136.0
1546977360,0.140338,0.140368,0.140356,0.140368,482.0
1546977420,0.140069,0.140317,0.140317,0.140069,1950.0
1546977480,0.140185,0.140234,0.140234,0.140185,101.0
1546977540,0.14019,0.14019,0.14019,0.14019,63.0
1546977600,0.140169,0.140305,0.140169,0.140305,1037.0
1546977660,0.140335,0.14043,0.14039,0.140425,1801.0
1546977780,0.140446,0.140462,0.140446,0.140462,2133.0
1546977900,0.140462,0.1405,0.140462,0.1405,3248.0
1546977960,0.14032,0.140377,0.140377,0.14032,3116.0
1546978020,0.140478,0.141,0.140478,0.141,38284.0
1546978080,0.140024,0.140465,0.140465,0.140043,8691.0
1546978200,0.140391,0.140424,0.140391,0.140424,14.0
1546978260,0.140339,0.140418,0.14041,0.140339,6042.0
1546978380,0.140464,0.140583,0.140464,0.140583,131.0
1546978440,0.140433,0.140433,0.140433,0.140433,340.0
1546978500,0.140277,0.140277,0.140277,0.140277,46.0
1546978560,0.140379,0.14038,0.140379,0.14038,681.0
1546978620,0.140301,0.140301,0.140301,0.140301,1.0
1546978680,0.140402,0.140414,0.140402,0.140412,823.0
1546978740,0.140342,0.140342,0.140342,0.140342,533.0
1546978800,0.140348,0.140529,0.140376,0.140482,3134.0
1546978860,0.140334,0.140469,0.140455,0.140434,22617.0
1546978920,0.1404,0.140421,0.140421,0.1404,955.0
1546979100,0.14041,0.14041,0.14041,0.14041,15.0
1546979160,0.1404,0.1404,0.1404,0.1404,14.0
1546979220,0.14033,0.140439,0.1404,0.140439,5474.0
1546979280,0.140451,0.140454,0.140454,0.140451,17.0
1546979340,0.140332,0.140353,0.140353,0.140332,16.0
1546979400,0.140458,0.140463,0.140458,0.140463,5563.0
1546979460,0.140399,0.140463,0.1404,0.140463,6104.0
1546979520,0.140463,0.140463,0.140463,0.140463,1041.0
1546979580,0.140493,0.140516,0.140493,0.140516,516.0
1546979640,0.14042,0.140516,0.140421,0.140452,1548.0
1546979700,0.140516,0.140516,0.140516,0.140516,56.0
1546979760,0.140516,0.140516,0.140516,0.140516,20.0
1546979820,0.140516,0.140516,0.140516,0.140516,863.0
1546979880,0.140516,0.140786,0.140516,0.140786,3986.0
1546979940,0.14078,0.14078,0.14078,0.14078,2.0
1546980000,0.140778,0.140778,0.140778,0.140778,388.0
1546980120,0.140521,0.140708,0.140521,0.140708,1457.0
1546980180,0.140517,0.140698,0.140546,0.140519,11176.0
1546980240,0.140517,0.140517,0.140517,0.140517,705.0
1546980360,0.140518,0.140518,0.140518,0.140518,269.0
1546980420,0.140332,0.140411,0.140411,0.140332,3599.0
1546980480,0.140356,0.140702,0.140515,0.140356,3113.0
1546980540,0.140653,0.140653,0.140653,0.140653,131.0
1546980600,0.140627,0.14069,0.140627,0.14069,1535.0
1546980660,0.140633,0.140636,0.140636,0.140633,276.0
1546980780,0.140459,0.140568,0.140547,0.140459,2971.0
1546980840,0.140437,0.140437,0.140437,0.140437,446.0
1546980900,0.14033,0.140384,0.140384,0.14033,387.0
1546980960,0.14033,0.14061,0.140452,0.14033,562.0
1546981140,0.140372,0.140372,0.140372,0.140372,138.0
1546981260,0.140372,0.140372,0.140372,0.140372,500.0
1546981320,0.14033,0.140372,0.140372,0.14033,1558.0
1546981380,0.140332,0.140333,0.140333,0.140332,778.0
1546981440,0.140332,0.140368,0.140368,0.140332,2443.0
1546981500,0.140371,0.140371,0.140371,0.140371,1394.0
1546981560,0.140371,0.140371,0.140371,0.140371,39.0
1546981620,0.140371,0.140371,0.140371,0.140371,1.0
1546981680,0.140371,0.140371,0.140371,0.140371,300.0
1546981740,0.14018,0.140332,0.140332,0.14018,4831.0
1546981860,0.140238,0.140299,0.140242,0.140299,2558.0
1546981920,0.140297,0.140306,0.140306,0.140298,2037.0
1546981980,0.140295,0.140326,0.140295,0.140326,65.0
1546982040,0.140191,0.140328,0.140328,0.140191,262.0
1547015760,0.142245,0.142252,0.142245,0.142247,1399.0
1547015820,0.142247,0.142251,0.142247,0.142251,1572.0
1547015880,0.141929,0.142163,0.142163,0.141929,729.0
1547016000,0.142251,0.142251,0.142251,0.142251,685.0
1547016180,0.142251,0.142251,0.142251,0.142251,416.0
1547016240,0.142217,0.142251,0.142251,0.142217,101.0
1547016300,0.1422,0.14221,0.14221,0.1422,2403.0
1547016420,0.142249,0.142251,0.142251,0.142249,230.0
1547016480,0.1422,0.14224,0.14224,0.1422,13312.0
1547016540,0.142237,0.142238,0.142237,0.142238,678.0
1547016600,0.142238,0.142238,0.142238,0.142238,1.0
1547016660,0.142238,0.142238,0.142238,0.142238,1028.0
1547016720,0.142238,0.142238,0.142238,0.142238,28.0
1547016780,0.142238,0.142239,0.142238,0.142239,50.0
1547016840,0.142238,0.142238,0.142238,0.142238,1723.0
1547016900,0.142237,0.142239,0.142237,0.142239,45.0
1547016960,0.142239,0.142239,0.142239,0.142239,28.0
1547017020,0.142165,0.142189,0.142189,0.142165,174.0
1547017080,0.142109,0.142164,0.14211,0.142164,71.0
1547017260,0.142164,0.142164,0.142164,0.142164,196.0
1547017380,0.141863,0.141882,0.141882,0.141863,887.0
1547017440,0.141896,0.142168,0.141896,0.142168,3504.0
1547017500,0.142137,0.142252,0.142137,0.142252,2095.0
1547017800,0.142252,0.142252,0.142252,0.142252,17328.0
1547017860,0.142252,0.142252,0.142252,0.142252,2.0
1547018040,0.142252,0.142252,0.142252,0.142252,156.0
1547018100,0.142252,0.142252,0.142252,0.142252,1335.0
1547018160,0.142251,0.142251,0.142251,0.142251,335.0
1547018220,0.142252,0.142252,0.142252,0.142252,2500.0
1547018280,0.142252,0.142252,0.142252,0.142252,335.0
1547018340,0.142252,0.142252,0.142252,0.142252,1000.0
1547018400,0.142251,0.142252,0.142251,0.142252,198.0
1547018520,0.142252,0.142252,0.142252,0.142252,335.0
1547018580,0.142252,0.142252,0.142252,0.142252,2.0
1547018640,0.142252,0.142252,0.142252,0.142252,3891.0
1547018880,0.142252,0.142252,0.142252,0.142252,1178.0
1547019060,0.142252,0.142252,0.142252,0.142252,1853.0
1547019120,0.142252,0.142252,0.142252,0.142252,1079.0
1547019240,0.1422,0.142252,0.142251,0.1422,41428.0
1547019420,0.141768,0.142251,0.142251,0.141768,544.0
1547019480,0.14225,0.14225,0.14225,0.14225,1.0
1547019840,0.142252,0.142252,0.142252,0.142252,28.0
1547019960,0.142252,0.142252,0.142252,0.142252,32.0
1547020080,0.142251,0.142252,0.142251,0.142252,173.0
1547020140,0.142252,0.142252,0.142252,0.142252,464.0
1547020260,0.142252,0.142252,0.142252,0.142252,72.0
1547020320,0.142252,0.142252,0.142252,0.142252,200.0
1547020380,0.142252,0.142252,0.142252,0.142252,1.0
1547020440,0.142251,0.142251,0.142251,0.142251,300.0
1547020920,0.142251,0.142252,0.142251,0.142252,1378.0
1547021100,0.142251,0.142252,0.142251,0.142252,10106.0
1547021160,0.142251,0.142252,0.142251,0.142252,63.0
1547021220,0.142251,0.142252,0.142251,0.142252,39744.0
1547021340,0.142251,0.142251,0.142251,0.142251,58.0
1547021400,0.142252,0.142252,0.142252,0.142252,16.0
1547021520,0.142252,0.142656,0.142252,0.142274,250.0
1547021640,0.142522,0.142537,0.142534,0.142522,2833.0
1547021700,0.142522,0.142522,0.142522,0.142522,38.0
1547021820,0.142656,0.142656,0.142656,0.142656,3089.0
1547022000,0.142656,0.142656,0.142656,0.142656,200.0
1547022180,0.142656,0.142656,0.142656,0.142656,16.0
1547022240,0.142656,0.142656,0.142656,0.142656,129.0
1547022360,0.142656,0.142656,0.142656,0.142656,13976.0
1547022420,0.142656,0.142656,0.142656,0.142656,719.0
1547022720,0.142656,0.142656,0.142656,0.142656,72.0
1547022960,0.142656,0.142656,0.142656,0.142656,443.0
1547023080,0.142656,0.142656,0.142656,0.142656,3166.0
1547023260,0.142656,0.142656,0.142656,0.142656,2378.0
1547023320,0.142656,0.142656,0.142656,0.142656,1.0
1547023380,0.142656,0.142656,0.142656,0.142656,1015.0
1547023440,0.142656,0.142656,0.142656,0.142656,10.0
1547023500,0.142655,0.142655,0.142655,0.142655,10.0
1547023560,0.142656,0.142656,0.142656,0.142656,7.0
1547023620,0.142656,0.142755,0.142656,0.142755,562.0
1547023740,0.142821,0.143,0.142821,0.143,1217.0
1547023800,0.142998,0.143,0.142998,0.143,397.0
1547023980,0.143,0.143,0.143,0.143,1233.0
1547024040,0.143,0.143,0.143,0.143,149.0
1547024100,0.143,0.143,0.143,0.143,25364.0
1547024160,0.143,0.143052,0.143,0.143052,17833.0
1547024220,0.143079,0.143079,0.143079,0.143079,1.0
1547024340,0.143079,0.1434,0.143079,0.1434,382.0
1547024400,0.143087,0.14339,0.143087,0.14339,454.0
1547024460,0.143386,0.143386,0.143386,0.143386,1.0
1547024520,0.14337,0.14338,0.14338,0.14337,54.0
1547024700,0.143399,0.1434,0.143399,0.143399,1317.0
1547024820,0.14337,0.14337,0.14337,0.14337,253.0
1547024940,0.143038,0.143348,0.143348,0.143038,3892.0
1547025120,0.143325,0.14333,0.143325,0.143328,507.0
1547025300,0.1433,0.14333,0.14333,0.1433,247.0
1547025420,0.143331,0.1434,0.143331,0.143399,1209.0
1547025480,0.143399,0.143399,0.143399,0.143399,2.0
1547025540,0.143399,0.143399,0.143399,0.143399,4799.0
1547025600,0.143399,0.1434,0.143399,0.1434,10.0
1547025660,0.1434,0.1434,0.1434,0.1434,508.0
1547025780,0.143108,0.143338,0.143301,0.143338,8077.0
1547025840,0.142904,0.143109,0.143109,0.142904,3822.0
1547025900,0.143284,0.14338,0.143284,0.14338,748.0
1547026080,0.143379,0.143399,0.143399,0.143379,1711.0
1547026140,0.143397,0.143399,0.143397,0.143399,561.0
1547026200,0.143399,0.143399,0.143399,0.143399,224.0
1547026380,0.143399,0.1434,0.143399,0.1434,3418.0
1547026440,0.1434,0.1434,0.1434,0.1434,1.0
1547026500,0.1434,0.143913,0.1434,0.143913,9343.0
1547026560,0.14361,0.143881,0.14361,0.143881,1609.0
1547026740,0.143476,0.143531,0.143518,0.143476,1792.0
1547026980,0.143043,0.143469,0.143314,0.143469,2532.0
1547027040,0.143342,0.143346,0.143342,0.143346,1334.0
1547027100,0.143373,0.143373,0.143373,0.143373,2.0
1547027160,0.143315,0.143443,0.143315,0.143443,456.0
1547027280,0.143436,0.143436,0.143436,0.143436,453.0
1547027460,0.143146,0.143693,0.143146,0.143165,17483.0
1547027520,0.143317,0.143434,0.143434,0.143317,334.0
1547027640,0.143055,0.143295,0.143295,0.143055,2758.0
1547027760,0.14304,0.143062,0.143062,0.14304,4905.0
1547027820,0.14304,0.143041,0.143041,0.14304,4336.0
1547027880,0.14304,0.14304,0.14304,0.14304,22.0
1547028000,0.14304,0.14304,0.14304,0.14304,957.0
1547028060,0.143,0.143,0.143,0.143,927.0
1547028120,0.142801,0.143,0.143,0.142801,133.0
1547028180,0.142649,0.1428,0.1428,0.142649,23.0
1547028240,0.142699,0.1427,0.142699,0.1427,1020.0
1547028360,0.1427,0.1427,0.1427,0.1427,70.0
1547028420,0.1427,0.1427,0.1427,0.1427,711.0
1547028540,0.1427,0.1427,0.1427,0.1427,419.0
1547028600,0.1427,0.1427,0.1427,0.1427,2.0
1547028720,0.1427,0.1427,0.1427,0.1427,6980.0
1547028840,0.1428,0.1428,0.1428,0.1428,269.0
1547029080,0.142801,0.1429,0.142801,0.1429,3442.0
1547029140,0.142901,0.143586,0.142901,0.143586,403.0
1547029200,0.143291,0.143291,0.143291,0.143291,70.0
1547029260,0.143628,0.143628,0.143628,0.143628,23.0
1547029320,0.143572,0.143572,0.143572,0.143572,1.0
1547029380,0.143532,0.143532,0.143532,0.143532,262.0
1547029980,0.143287,0.143287,0.143287,0.143287,72.0
1547030160,0.143302,0.143357,0.143356,0.143302,1694.0
1547030340,0.1433,0.1435,0.1433,0.1435,130.0
1547030460,0.1435,0.1435,0.1435,0.1435,68.0
1547030520,0.143501,0.14363,0.143501,0.14363,332.0
1547030580,0.143573,0.143573,0.143573,0.143573,1.0
1547030700,0.143523,0.143523,0.143523,0.143523,222.0
1547030940,0.143501,0.143501,0.143501,0.143501,263.0
1547031060,0.143383,0.1435,0.1435,0.143383,2584.0
1547031120,0.143455,0.143455,0.143455,0.143455,282.0
1547031180,0.14314,0.143293,0.143293,0.14314,694.0
1547031300,0.14348,0.14348,0.14348,0.14348,770.0
1547031600,0.14321,0.14321,0.14321,0.14321,1.0
1547031660,0.14288,0.143191,0.143191,0.14288,486.0
1547031840,0.143207,0.143421,0.143207,0.143421,62.0
1547032080,0.143174,0.14344,0.14344,0.143174,866.0
1547032140,0.143468,0.14351,0.143468,0.14351,100.0
1547032200,0.143467,0.143467,0.143467,0.143467,263.0
1547032320,0.143411,0.143596,0.143505,0.143596,1427.0
1547032380,0.143527,0.143539,0.143539,0.143527,1001.0
1547032680,0.1436,0.143697,0.1436,0.143697,228.0
1547032740,0.143061,0.143402,0.143402,0.143061,2000.0
1547032860,0.143607,0.143607,0.143607,0.143607,297.0
1547032920,0.143628,0.143741,0.143628,0.143741,673.0
1547032980,0.14338,0.143711,0.14338,0.143711,5011.0
1547033100,0.143899,0.143954,0.143899,0.143951,1541.0
1547033160,0.143956,0.144,0.143956,0.144,26277.0
1547033280,0.144,0.144,0.144,0.144,63.0
1547033460,0.144,0.144,0.144,0.144,722.0
1547033520,0.144,0.144,0.144,0.144,452.0
1547033580,0.144,0.144,0.144,0.144,500.0
1547033640,0.144,0.14523,0.144,0.145121,67953.0
1547033700,0.144235,0.14452,0.144329,0.14452,536.0
1547033820,0.144331,0.144331,0.144331,0.144331,146.0
1547033880,0.14433,0.144331,0.144331,0.14433,2496.0
1547034000,0.144331,0.144331,0.144331,0.144331,450.0
1547034060,0.144331,0.144331,0.144331,0.144331,1062.0
1547034240,0.14433,0.144331,0.14433,0.14433,5492.0
1547034300,0.144331,0.144331,0.144331,0.144331,2.0
1547034360,0.144568,0.144569,0.144568,0.144569,2000.0
1547034420,0.144509,0.144509,0.144509,0.144509,15.0
1547034540,0.144509,0.144509,0.144509,0.144509,295.0
1547034600,0.144338,0.144488,0.144486,0.144338,8468.0
1547034660,0.144651,0.144671,0.144651,0.144671,7.0
1547034720,0.144507,0.144582,0.144582,0.144507,758.0
1547034780,0.143219,0.144401,0.144401,0.143219,10166.0
1547034840,0.144382,0.144396,0.144396,0.144382,481.0
1547034960,0.144298,0.144298,0.144298,0.144298,1.0
1547035080,0.144298,0.144298,0.144298,0.144298,71.0
1547035260,0.144298,0.144298,0.144298,0.144298,16.0
1547035320,0.144298,0.144298,0.144298,0.144298,379.0
1547035500,0.144298,0.144298,0.144298,0.144298,127.0
1547035560,0.144298,0.144298,0.144298,0.144298,915.0
1547035620,0.144298,0.144377,0.144298,0.144377,3400.0
1547035740,0.14398,0.144384,0.144384,0.14398,437.0
1547035800,0.14399,0.14399,0.14399,0.14399,162.0
1547036040,0.14399,0.145227,0.14399,0.144267,20903.0
1547036100,0.14483,0.14483,0.14483,0.14483,1200.0
1547036340,0.144,0.144,0.144,0.144,6.0
1547036400,0.144403,0.144403,0.144403,0.144403,101.0
1547036460,0.144,0.144,0.144,0.144,470.0
1547060820,0.141515,0.141515,0.141515,0.141515,74.0
1547060940,0.141585,0.141585,0.141585,0.141585,14.0
1547061000,0.141557,0.141586,0.141585,0.141586,408.0
1547061240,0.141582,0.141582,0.141582,0.141582,7617.0
1547061300,0.141583,0.141583,0.141583,0.141583,337.0
1547061360,0.141515,0.141585,0.141583,0.141515,3652.0
1547061420,0.141248,0.141584,0.141581,0.141566,1570.0
1547061540,0.141563,0.141563,0.141563,0.141563,64.0
1547061600,0.141563,0.141565,0.141563,0.141565,1178.0
1547061660,0.141564,0.141565,0.141564,0.141565,4993.0
1547061720,0.141001,0.141249,0.141249,0.141001,3856.0
1547061780,0.141488,0.141488,0.141488,0.141488,28.0
1547061840,0.141567,0.141568,0.141567,0.141568,165.0
1547061900,0.141568,0.141568,0.141568,0.141568,32.0
1547062020,0.141568,0.141568,0.141568,0.141568,21.0
1547062080,0.141014,0.141131,0.141131,0.141014,1878.0
1547062140,0.141567,0.141628,0.141567,0.141628,7424.0
1547062200,0.141628,0.141628,0.141628,0.141628,13.0
1547062260,0.141628,0.141628,0.141628,0.141628,173.0
1547062320,0.141353,0.141628,0.141626,0.141353,4337.0
1547062440,0.141616,0.141627,0.141616,0.141627,1384.0
1547062500,0.14162,0.141627,0.141627,0.14162,530.0
1547062560,0.141575,0.141575,0.141575,0.141575,676.0
1547062620,0.141348,0.141575,0.141348,0.141575,247.0
1547062680,0.141575,0.141627,0.141575,0.141627,635.0
1547062740,0.141627,0.141627,0.141627,0.141627,100.0
1547062800,0.141627,0.141629,0.141627,0.141629,1727.0
1547062860,0.141629,0.141629,0.141629,0.141629,682.0
1547062920,0.141629,0.141629,0.141629,0.141629,166.0
1547062980,0.141629,0.141629,0.141629,0.141629,2.0
1547063040,0.141629,0.14163,0.141629,0.14163,2095.0
1547063100,0.141012,0.142067,0.14163,0.141012,10314.0
1547063160,0.14189,0.141891,0.14189,0.141891,1571.0
1547063220,0.141891,0.141891,0.141891,0.141891,337.0
1547063280,0.14153,0.141711,0.141531,0.141711,5131.0
1547063340,0.141659,0.141659,0.141659,0.141659,63.0
1547063400,0.141649,0.141649,0.141649,0.141649,1.0
1547063460,0.141647,0.141648,0.141647,0.141648,852.0
1547063520,0.141926,0.141926,0.141926,0.141926,150.0
1547063580,0.141925,0.141926,0.141926,0.141925,518.0
1547063760,0.141738,0.141744,0.141744,0.141738,2881.0
1547063880,0.141919,0.141932,0.141919,0.141932,855.0
1547063940,0.141807,0.141807,0.141807,0.141807,10.0
1547064000,0.141932,0.141932,0.141932,0.141932,855.0
1547064060,0.141931,0.141932,0.141932,0.141932,5796.0
1547064120,0.141844,0.141933,0.141845,0.141933,9132.0
1547064180,0.141845,0.141845,0.141845,0.141845,86.0
1547064300,0.141514,0.141926,0.14185,0.141683,6249.0
1547064360,0.141574,0.141903,0.141726,0.141871,237.0
1547064420,0.141457,0.14187,0.14187,0.141817,629.0
1547064480,0.141526,0.141526,0.141526,0.141526,109.0
1547064540,0.141529,0.141873,0.141529,0.141873,1328.0
1547064600,0.141516,0.141516,0.141516,0.141516,72.0
1547064660,0.141698,0.141804,0.141744,0.141804,10379.0
1547064720,0.141928,0.141931,0.141928,0.141931,388.0
1547064780,0.141626,0.141922,0.141865,0.141626,883.0
1547064840,0.141731,0.141731,0.141731,0.141731,65.0
1547064900,0.141649,0.141649,0.141649,0.141649,100.0
1547064960,0.141649,0.141649,0.141649,0.141649,250.0
1547065020,0.141649,0.141649,0.141649,0.141649,125.0
1547065080,0.141649,0.14165,0.141649,0.14165,849.0
1547065140,0.14165,0.14165,0.14165,0.14165,337.0
1547065200,0.14165,0.14175,0.14165,0.14175,2850.0
1547065260,0.14163,0.141679,0.141649,0.14163,2727.0
1547065320,0.141358,0.141629,0.141629,0.141358,658.0
1547065440,0.141621,0.14163,0.141621,0.14163,158.0
1547065500,0.141629,0.14163,0.14163,0.14163,122.0
1547065560,0.14163,0.14175,0.14163,0.141749,3245.0
1547065680,0.141609,0.141609,0.141609,0.141609,117.0
1547065740,0.141345,0.141367,0.141356,0.141365,1063.0
1547065920,0.141335,0.14162,0.14162,0.141586,4429.0
1547065980,0.141621,0.141643,0.141643,0.141621,245.0
1547066160,0.141379,0.141642,0.141379,0.141642,122.0
1547066220,0.141089,0.141541,0.141379,0.141369,9391.0
1547066280,0.141337,0.141644,0.141337,0.141644,10038.0
1547066340,0.14125,0.141453,0.141453,0.141453,358.0
1547066400,0.141232,0.141452,0.141452,0.141232,85.0
1547066460,0.141145,0.141145,0.141145,0.141145,63.0
1547066520,0.141009,0.141058,0.141058,0.141014,15246.0
1547066700,0.141001,0.141482,0.141482,0.141001,255.0
1547066760,0.141001,0.141001,0.141001,0.141001,166.0
1547066820,0.141031,0.141031,0.141031,0.141031,7679.0
1547066880,0.141214,0.141214,0.141214,0.141214,183.0
1547066940,0.141225,0.141592,0.141225,0.141592,402.0
1547067000,0.141337,0.141347,0.141337,0.141338,782.0
1547067060,0.141077,0.141195,0.141077,0.141195,157.0
1547067120,0.14105,0.14127,0.141071,0.141085,1296.0
1547067180,0.141056,0.141202,0.141056,0.141202,39.0
1547067240,0.141065,0.141065,0.141065,0.141065,31.0
1547067360,0.141095,0.141261,0.141199,0.141095,1142.0
1547067540,0.141403,0.141555,0.14142,0.141555,744.0
1547067660,0.141279,0.141572,0.141279,0.141519,77.0
1547067720,0.14105,0.141369,0.141369,0.141117,13098.0
1547067780,0.141121,0.141279,0.141279,0.141121,268.0
1547067840,0.140939,0.14102,0.141001,0.14102,11141.0
1547067900,0.140939,0.141,0.140939,0.141,140.0
1547067960,0.141562,0.141562,0.141562,0.141562,1351.0
1547068200,0.141429,0.14143,0.141429,0.14143,84.0
1547068260,0.141565,0.141565,0.141565,0.141565,7038.0
1547068320,0.14157,0.14157,0.14157,0.14157,565.0
1547068380,0.141329,0.141557,0.141329,0.141534,729.0
1547068440,0.141516,0.141533,0.141516,0.141533,787.0
1547068500,0.141201,0.141567,0.141529,0.141544,248.0
1547068560,0.141568,0.141569,0.141568,0.141569,6115.0
1547068620,0.14157,0.142,0.14157,0.14171,22949.0
1547068680,0.142082,0.142084,0.142082,0.142084,2721.0
1547068740,0.141679,0.142084,0.141679,0.142084,1196.0
1547068860,0.141654,0.141654,0.141654,0.141654,1069.0
1547068980,0.141516,0.141557,0.141557,0.141516,872.0
1547069040,0.141567,0.141567,0.141567,0.141567,760.0
1547069160,0.141226,0.141236,0.141226,0.141236,13423.0
1547069280,0.141167,0.141167,0.141167,0.141167,400.0
1547069400,0.140097,0.141255,0.141166,0.140098,34426.0
1547069460,0.140027,0.140538,0.14034,0.140538,2152.0
1547069520,0.140205,0.140482,0.140205,0.140482,301.0
1547069580,0.140217,0.141055,0.140218,0.140946,5094.0
1547069640,0.140769,0.140769,0.140769,0.140769,2.0
1547069760,0.140761,0.140877,0.140877,0.140761,1884.0
1547069820,0.140711,0.140712,0.140712,0.140711,32.0
1547069880,0.140589,0.140628,0.140628,0.140589,1509.0
1547069940,0.140452,0.140727,0.140727,0.140701,2327.0
1547070000,0.140199,0.140699,0.140699,0.140199,171.0
1547070060,0.140661,0.140754,0.140753,0.140661,159.0
1547070300,0.14069,0.14069,0.14069,0.14069,735.0
1547070360,0.140792,0.1408,0.140792,0.1408,7.0
1547070420,0.1408,0.1408,0.1408,0.1408,16.0
1547070480,0.140793,0.140793,0.140793,0.140793,1129.0
1547070600,0.140795,0.140795,0.140795,0.140795,166.0
1547070660,0.140791,0.140792,0.140791,0.140792,600.0
1547070720,0.1408,0.1408,0.1408,0.1408,166.0
1547070840,0.140787,0.140787,0.140787,0.140787,14.0
1547070900,0.140436,0.140449,0.140449,0.140436,132.0
1547071080,0.140438,0.140438,0.140438,0.140438,42.0
1547071200,0.140665,0.140665,0.140665,0.140665,250.0
1547071260,0.140666,0.141255,0.140666,0.141255,1553.0
1547071320,0.141254,0.141254,0.141254,0.141254,338.0
1547071380,0.141252,0.141255,0.141255,0.141252,535.0
1547071440,0.141183,0.141184,0.141183,0.141184,1564.0
1547071560,0.141255,0.141255,0.141255,0.141255,323.0
1547071620,0.141157,0.141255,0.141157,0.141255,953.0
1547071740,0.141255,0.141255,0.141255,0.141255,7.0
1547071860,0.140929,0.141287,0.141254,0.141287,6115.0
1547071980,0.141288,0.141288,0.141288,0.141288,199.0
1547072100,0.141288,0.141288,0.141288,0.141288,8.0
1547072220,0.141174,0.141174,0.141174,0.141174,891.0
1547072280,0.141288,0.142083,0.141288,0.142083,55588.0
1547072340,0.141178,0.141501,0.141178,0.14124,3806.0
1547072460,0.141469,0.141469,0.141469,0.141469,96.0
1547072520,0.141168,0.141168,0.141168,0.141168,1401.0
1547072580,0.141156,0.14139,0.141201,0.141156,2841.0
1547072640,0.141,0.141008,0.141008,0.141,121.0
1547072700,0.141124,0.141124,0.141124,0.141124,73.0
1547072760,0.141001,0.141001,0.141001,0.141001,74.0
1547072820,0.14083,0.141,0.141,0.140851,14871.0
1547072880,0.140851,0.140851,0.140851,0.140851,2.0
1547072940,0.141138,0.141138,0.141138,0.141138,1388.0
1547073000,0.141158,0.141182,0.141182,0.141158,74.0
1547073060,0.141398,0.141398,0.141398,0.141398,102.0
1547073180,0.140832,0.140936,0.140936,0.140832,2314.0
1547073300,0.140832,0.140833,0.140832,0.140833,1092.0
1547073420,0.140832,0.140833,0.140833,0.140833,802.0
1547073480,0.140966,0.141222,0.141222,0.140966,415.0
1547073540,0.140841,0.141081,0.141081,0.140841,1230.0
1547073600,0.140832,0.140916,0.140832,0.140907,3423.0
1547073660,0.140869,0.140869,0.140869,0.140869,782.0
1547073720,0.140842,0.141226,0.141226,0.1411,4237.0
1547073900,0.141134,0.141134,0.141134,0.141134,244.0
1547074020,0.141315,0.141315,0.141315,0.141315,1001.0
1547074080,0.141227,0.141227,0.141227,0.141227,1000.0
1547074260,0.141333,0.141333,0.141333,0.141333,130.0
1547074320,0.141092,0.141355,0.141355,0.141344,2622.0
1547074380,0.141345,0.141345,0.141345,0.141345,21.0
1547074440,0.141345,0.141345,0.141345,0.141345,1353.0
1547074500,0.141341,0.141341,0.141341,0.141341,1.0
1547074560,0.141341,0.14191,0.141341,0.14191,5286.0
1547074620,0.141012,0.141814,0.14134,0.141784,5587.0
1547074800,0.141788,0.141798,0.141798,0.141788,1348.0
1547074860,0.141039,0.141193,0.141193,0.141039,3141.0
1547074920,0.141589,0.141592,0.141592,0.141589,1680.0
1547074980,0.141365,0.141589,0.141589,0.141589,823.0
1547075100,0.14139,0.141564,0.14139,0.141564,2097.0
1547075160,0.14137,0.14139,0.14139,0.14137,56.0
1547075280,0.141351,0.14139,0.14139,0.141351,146.0
1547075340,0.14139,0.14139,0.14139,0.14139,123.0
1547075400,0.141389,0.141389,0.141389,0.141389,57.0
1547075460,0.141362,0.141364,0.141364,0.141362,924.0
1547075520,0.141351,0.141359,0.141359,0.141351,2266.0
1547075580,0.141313,0.141358,0.141358,0.141313,2549.0
1547075640,0.141252,0.141252,0.141252,0.141252,56.0
1547075700,0.141236,0.141252,0.141252,0.141236,295.0
1547075820,0.141283,0.141492,0.141352,0.141471,2068.0
1547075880,0.141237,0.141238,0.141238,0.141237,6130.0
1547075940,0.141235,0.141236,0.141236,0.141235,3876.0
1547076000,0.141015,0.141236,0.141236,0.141188,6820.0
1547076180,0.141298,0.141341,0.141341,0.141298,813.0
1547076240,0.141179,0.14128,0.14128,0.141179,1116.0
1547076300,0.141122,0.141246,0.141246,0.141122,618.0
1547076360,0.141102,0.141407,0.141102,0.141407,784.0
1547076420,0.141046,0.141258,0.141046,0.141258,2011.0
1547076540,0.141012,0.141014,0.141014,0.141012,2694.0
1547076600,0.141012,0.141012,0.141012,0.141012,3890.0
1547076660,0.141001,0.141015,0.141015,0.141001,158.0
1547076720,0.141,0.141,0.141,0.141,50.0
1547076780,0.141063,0.141086,0.141063,0.141086,716.0
1547076840,0.141086,0.141086,0.141086,0.141086,10.0
1547076960,0.140852,0.141106,0.14089,0.141106,3485.0
1547077020,0.141106,0.141106,0.141106,0.141106,168.0
1547077080,0.140975,0.140975,0.140975,0.140975,5683.0
1547077140,0.140975,0.140975,0.140975,0.140975,1.0
1547077200,0.140975,0.140975,0.140975,0.140975,684.0
1547077320,0.140975,0.141299,0.140975,0.141299,6945.0
1547077380,0.141299,0.141299,0.141299,0.141299,165.0
1547077500,0.141121,0.141289,0.141289,0.141121,2743.0
1547077560,0.141233,0.141282,0.141282,0.141233,70.0
1547077620,0.141212,0.141284,0.141213,0.141284,4250.0
1547077680,0.14101,0.14129,0.14129,0.14101,302.0
1547077740,0.141286,0.141286,0.141286,0.141286,1387.0
1547077860,0.141223,0.141224,0.141223,0.141224,6942.0
1547077980,0.141217,0.141218,0.141217,0.141218,1095.0
1547078040,0.141125,0.1416,0.141125,0.141513,52705.0
1547078160,0.141423,0.141423,0.141423,0.141423,1948.0
1547078220,0.141423,0.141423,0.141423,0.141423,32.0
1547078280,0.141423,0.141423,0.141423,0.141423,293.0
1547078340,0.140902,0.140902,0.140902,0.140902,32.0
1547078460,0.141422,0.141422,0.141422,0.141422,165.0
1547078640,0.141418,0.141419,0.141418,0.141419,337.0
1547078700,0.141419,0.141419,0.141419,0.141419,1.0
1547078820,0.141127,0.141419,0.141419,0.141397,3602.0
1547078880,0.141373,0.141396,0.141396,0.141373,64.0
1547079000,0.141412,0.14142,0.141412,0.14142,3510.0
1547079060,0.141148,0.14142,0.141151,0.141148,6025.0
1547079180,0.141255,0.141255,0.141255,0.141255,33.0
1547079240,0.141419,0.141419,0.141419,0.141419,781.0
1547079360,0.141419,0.141419,0.141419,0.141419,394.0
1547079420,0.141419,0.141419,0.141419,0.141419,151.0
1547079540,0.141419,0.141419,0.141419,0.141419,337.0
1547079600,0.141305,0.141419,0.141419,0.141305,259.0
1547079660,0.141419,0.141419,0.141419,0.141419,130.0
1547079720,0.141419,0.141419,0.141419,0.141419,1286.0
1547079780,0.141419,0.141419,0.141419,0.141419,2.0
1547079840,0.141419,0.14142,0.141419,0.14142,676.0
1547079900,0.141419,0.14142,0.141419,0.141419,5295.0
1547079960,0.141419,0.14142,0.141419,0.14142,227.0
1547080020,0.140896,0.14125,0.14125,0.140896,355.0
1547080080,0.141419,0.14142,0.141419,0.14142,56.0
1547080200,0.141418,0.141419,0.141418,0.141419,165.0
1547080320,0.141418,0.141419,0.141418,0.141419,682.0
1547080380,0.141419,0.141419,0.141419,0.141419,1.0
1547080440,0.141291,0.141419,0.141291,0.141418,1284.0
1547080500,0.141418,0.141418,0.141418,0.141418,7.0
1547080620,0.14103,0.141419,0.141419,0.141034,9664.0
1547080680,0.141089,0.141415,0.141415,0.141089,1032.0
1547080740,0.141063,0.141063,0.141063,0.141063,2029.0
1547080800,0.141393,0.141398,0.141398,0.141393,365.0
1547080860,0.141387,0.141392,0.141387,0.141392,2002.0
1547080920,0.141417,0.141419,0.141417,0.141419,3466.0
1547081040,0.141346,0.141346,0.141346,0.141346,200.0
1547081220,0.141419,0.141419,0.141419,0.141419,6267.0
1547081340,0.141418,0.141419,0.141418,0.141419,3466.0
1547081400,0.141419,0.141419,0.141419,0.141419,1.0
1547081460,0.141419,0.141419,0.141419,0.141419,338.0
1547081520,0.141341,0.141342,0.141341,0.141342,327.0
1547081580,0.141342,0.141342,0.141342,0.141342,267.0
1547081640,0.141341,0.141342,0.141341,0.141342,368.0
1547081700,0.141342,0.141342,0.141342,0.141342,1016.0
1547115360,0.126799,0.1268,0.126799,0.1268,376.0
1547115420,0.126735,0.127108,0.127001,0.126735,1785.0
1547115480,0.126854,0.126854,0.126854,0.126854,1000.0
1547115600,0.126821,0.127001,0.126821,0.12693,8752.0
1547115660,0.126577,0.126969,0.126894,0.126969,3854.0
1547115720,0.126899,0.126984,0.126984,0.126899,482.0
1547115780,0.126985,0.127364,0.126985,0.12714,854.0
1547115840,0.127336,0.127337,0.127337,0.127336,236.0
1547115900,0.126255,0.12715,0.12715,0.126255,27840.0
1547115960,0.126926,0.126926,0.126926,0.126926,1319.0
1547116020,0.126902,0.126926,0.126926,0.126902,1739.0
1547116080,0.126873,0.126873,0.126873,0.126873,773.0
1547116140,0.126892,0.126912,0.126912,0.126892,4357.0
1547116200,0.12679,0.126969,0.126891,0.126968,2440.0
1547116380,0.126991,0.126991,0.126991,0.126991,212.0
1547116440,0.126991,0.127143,0.126991,0.127143,759.0
1547116500,0.127252,0.127303,0.127303,0.127252,864.0
1547116560,0.127294,0.127294,0.127294,0.127294,1.0
1547116620,0.127171,0.127193,0.127193,0.127171,266.0
1547116800,0.127345,0.127655,0.127345,0.127655,864.0
1547116860,0.127353,0.127605,0.12746,0.127502,1811.0
1547116920,0.127475,0.127475,0.127475,0.127475,2146.0
1547116980,0.127642,0.127757,0.127642,0.127757,3100.0
1547117100,0.127734,0.128176,0.1278,0.127734,3347.0
1547117160,0.128116,0.128123,0.128117,0.128116,2376.0
1547117220,0.12804,0.12804,0.12804,0.12804,182.0
1547117280,0.127833,0.127882,0.127882,0.127834,2823.0
1547117460,0.127836,0.127836,0.127836,0.127836,31.0
1547117520,0.127853,0.127869,0.127864,0.127869,1254.0
1547117580,0.127843,0.127921,0.127921,0.127843,239.0
1547117640,0.127581,0.127835,0.127835,0.127581,1020.0
1547117700,0.127814,0.127838,0.127838,0.127814,517.0
1547117760,0.127935,0.128143,0.127935,0.128046,70.0
1547117820,0.1275,0.128154,0.127854,0.1275,21689.0
1547118000,0.127627,0.127627,0.127627,0.127627,105.0
1547118060,0.12754,0.127627,0.127627,0.12754,395.0
1547118120,0.127501,0.127501,0.127501,0.127501,375.0
1547118180,0.127501,0.127501,0.127501,0.127501,756.0
1547118240,0.127501,0.127501,0.127501,0.127501,831.0
1547118300,0.127501,0.127501,0.127501,0.127501,757.0
1547118360,0.127503,0.127503,0.127503,0.127503,55.0
1547118420,0.127503,0.127503,0.127503,0.127503,1.0
1547118480,0.127503,0.127657,0.127503,0.127657,4210.0
1547118540,0.127635,0.127894,0.127646,0.127844,1298.0
1547118720,0.127853,0.127854,0.127853,0.127854,5219.0
1547118780,0.127846,0.127859,0.127846,0.127859,756.0
1547118840,0.127578,0.12789,0.127847,0.127614,993.0
1547118900,0.127875,0.127876,0.127875,0.127876,1916.0
1547118960,0.127833,0.128366,0.127836,0.127835,13973.0
1547119020,0.127936,0.127936,0.127936,0.127936,340.0
1547119080,0.127926,0.128272,0.127926,0.128261,1879.0
1547119140,0.127955,0.127975,0.127974,0.127955,4853.0
1547119200,0.1275,0.127579,0.127579,0.1275,746.0
1547119380,0.12784,0.12791,0.12784,0.127881,1906.0
1547119440,0.127877,0.127877,0.127877,0.127877,601.0
1547119560,0.127638,0.127974,0.127816,0.127638,20024.0
1547119620,0.127669,0.127936,0.127669,0.127911,1175.0
1547119680,0.127908,0.127936,0.127908,0.127915,2674.0
1547119740,0.127926,0.127959,0.127926,0.127959,168.0
1547119800,0.127941,0.127941,0.127941,0.127941,1143.0
1547119860,0.1275,0.127923,0.127923,0.1275,22715.0
1547119920,0.1268,0.1275,0.1275,0.1268,3990.0
1547119980,0.125549,0.126753,0.126753,0.125549,4161.0
1547120040,0.1252,0.125605,0.12559,0.1252,1634.0
1547120100,0.125,0.125489,0.125489,0.125,29328.0
1547120160,0.1248,0.12499,0.124953,0.12499,1677.0
1547120220,0.124997,0.124998,0.124998,0.124997,83.0
1547120280,0.124888,0.124998,0.124888,0.124998,1276.0
1547120340,0.124993,0.125,0.124993,0.125,6418.0
1547120400,0.124153,0.125,0.124999,0.124999,14062.0
1547120520,0.124987,0.125,0.124993,0.125,21374.0
1547120760,0.125,0.125053,0.125,0.125053,1947.0
1547120820,0.125117,0.125901,0.125117,0.125579,3807.0
1547120880,0.125579,0.125856,0.125579,0.125657,522.0
1547120940,0.124946,0.125755,0.125475,0.125755,18315.0
1547121000,0.12528,0.125552,0.12528,0.125552,47.0
1547121120,0.125514,0.125596,0.125596,0.125514,619.0
1547121180,0.125288,0.125419,0.125419,0.125288,82.0
1547121240,0.125391,0.125391,0.125391,0.125391,100.0
1547121300,0.125412,0.125518,0.125412,0.125518,83.0
1547121360,0.125519,0.125731,0.125519,0.125731,291.0
1547121420,0.125712,0.125717,0.125712,0.125717,7263.0
1547121480,0.125747,0.126201,0.125747,0.12578,8592.0
1547121540,0.125466,0.125906,0.125906,0.125466,100.0
1547121600,0.125652,0.125684,0.125684,0.125654,7135.0
1547121660,0.125282,0.126154,0.126006,0.126154,12486.0
1547121720,0.126046,0.126191,0.126084,0.126191,16317.0
1547121780,0.125682,0.126037,0.126016,0.125682,6411.0
1547121840,0.125848,0.126088,0.126088,0.125848,497.0
1547121900,0.125587,0.126033,0.125957,0.12593,5589.0
1547121960,0.125849,0.12593,0.12593,0.125849,1337.0
1547122020,0.126149,0.126149,0.126149,0.126149,1.0
1547122080,0.125846,0.126129,0.125846,0.126129,912.0
1547122140,0.125944,0.125993,0.125993,0.125944,1820.0
1547122200,0.125625,0.12588,0.125801,0.12588,727.0
1547122260,0.1258,0.125841,0.125841,0.1258,579.0
1547122320,0.125728,0.126338,0.125883,0.125728,2198.0
1547122380,0.125936,0.126017,0.126017,0.125937,390.0
1547122500,0.125475,0.125758,0.125758,0.125475,398.0
1547122560,0.125827,0.125924,0.125827,0.125924,453.0
1547122620,0.125909,0.125909,0.125909,0.125909,768.0
1547122680,0.125351,0.125924,0.125867,0.125924,16532.0
1547122740,0.125651,0.125911,0.125911,0.125652,6485.0
1547122800,0.125675,0.125826,0.125826,0.125687,298.0
1547122860,0.125666,0.125697,0.125686,0.125666,1223.0
1547122980,0.125654,0.125665,0.125654,0.125665,7901.0
1547123040,0.125665,0.125698,0.125665,0.125698,3806.0
1547123160,0.125369,0.125859,0.125668,0.125859,1188.0
1547123220,0.125755,0.125808,0.125808,0.125755,759.0
1547123280,0.125725,0.125725,0.125725,0.125725,1.0
1547123340,0.125781,0.125785,0.125784,0.125781,5328.0
1547123400,0.125666,0.125725,0.125725,0.125666,859.0
1547123460,0.125666,0.125666,0.125666,0.125666,768.0
1547123580,0.125918,0.126064,0.125918,0.126055,468.0
1547123640,0.125782,0.126023,0.126022,0.125782,10909.0
1547123700,0.125843,0.126021,0.126021,0.125843,196.0
1547123760,0.125928,0.125959,0.125928,0.125959,947.0
1547123820,0.125826,0.125959,0.125959,0.125826,2546.0
1547123880,0.125992,0.126121,0.125992,0.126121,7780.0
1547123940,0.125812,0.125827,0.125827,0.125812,5500.0
1547124000,0.126077,0.126121,0.126077,0.126121,264.0
1547124060,0.126326,0.126493,0.126326,0.126493,536.0
1547124120,0.126359,0.12636,0.126359,0.12636,2000.0
1547124180,0.126452,0.126452,0.126452,0.126452,1170.0
1547124240,0.126452,0.126452,0.126452,0.126452,1.0
1547124360,0.126501,0.126501,0.126501,0.126501,15.0
1547124420,0.126389,0.126593,0.126389,0.126538,735.0
1547124480,0.125949,0.1266,0.126479,0.125949,754.0
1547124540,0.126013,0.126595,0.126013,0.126595,496.0
1547124600,0.126599,0.128555,0.126599,0.127,77523.0
1547124660,0.126752,0.126801,0.126801,0.126752,273.0
1547124720,0.12663,0.126675,0.12663,0.126674,1105.0
1547124780,0.126622,0.126684,0.126677,0.126624,11077.0
1547124840,0.1266,0.126623,0.126623,0.126601,121.0
1547124900,0.126602,0.126705,0.126705,0.126602,527.0
1547124960,0.126452,0.129,0.126601,0.129,17571.0
1547125020,0.1266,0.131742,0.126601,0.126845,84620.0
1547125080,0.12533,0.126778,0.126778,0.12533,19500.0
1547125140,0.126739,0.126802,0.126739,0.126802,57.0
1547125200,0.126802,0.126845,0.126802,0.126845,167.0
1547125260,0.126737,0.126737,0.126737,0.126737,154.0
1547125320,0.126277,0.126737,0.126737,0.126277,22490.0
1547125380,0.126166,0.126424,0.126365,0.126166,8908.0
1547125440,0.126344,0.126344,0.126344,0.126344,1000.0
1547125560,0.126289,0.126302,0.126302,0.126289,71.0
1547125680,0.126268,0.131077,0.1263,0.127449,28820.0
1547125740,0.126602,0.130255,0.12745,0.126769,24261.0
1547125800,0.125335,0.127241,0.127241,0.125335,26071.0
1547125860,0.126484,0.126484,0.126484,0.126484,229.0
1547125920,0.126484,0.126607,0.126484,0.126484,248.0
1547125980,0.126484,0.126484,0.126484,0.126484,531.0
1547126100,0.125246,0.126483,0.126483,0.125832,13149.0
1547126160,0.126026,0.126026,0.126026,0.126026,9.0
1547126220,0.126314,0.126316,0.126316,0.126314,150.0
1547126280,0.126201,0.126482,0.126201,0.126215,1429.0
1547126340,0.126269,0.126421,0.126421,0.12639,3278.0
1547126400,0.126336,0.126435,0.126336,0.126435,2384.0
1547126460,0.125258,0.126548,0.126331,0.125258,35442.0
1547126520,0.1264,0.1264,0.1264,0.1264,130.0
1547126580,0.126399,0.126582,0.126399,0.126516,1854.0
1547126640,0.126167,0.126167,0.126167,0.126167,1999.0
1547126700,0.126515,0.126561,0.126561,0.126526,1309.0
1547126760,0.12647,0.12647,0.12647,0.12647,969.0
1547126820,0.126418,0.1275,0.126583,0.126418,9369.0
1547126880,0.1259,0.12674,0.126557,0.126583,21006.0
1547126940,0.125853,0.126546,0.126546,0.126341,5197.0
1547127000,0.126031,0.126285,0.126285,0.126031,105.0
1547127060,0.126148,0.131477,0.126148,0.131477,46716.0
1547127120,0.128324,0.128354,0.128354,0.128324,2729.0
1547127180,0.126677,0.128154,0.128154,0.12717,4666.0
1547127240,0.127002,0.127124,0.127124,0.127002,115.0
1547127300,0.126286,0.127002,0.127002,0.126957,3691.0
1547127360,0.126563,0.126776,0.126563,0.126715,3642.0
1547127420,0.126515,0.12663,0.12663,0.12657,8863.0
1547127480,0.126571,0.126573,0.126571,0.126573,915.0
1547127540,0.12657,0.127294,0.126572,0.12657,4613.0
1547127600,0.126538,0.126538,0.126538,0.126538,81.0
1547127840,0.126401,0.126588,0.126401,0.126588,1286.0
1547127900,0.126501,0.131725,0.126501,0.126543,82339.0
1547127960,0.126909,0.12697,0.12697,0.126909,1614.0
1547128020,0.126821,0.126824,0.126824,0.126821,3288.0
1547128080,0.126969,0.127,0.126969,0.127,314.0
1547128140,0.12698,0.127012,0.127012,0.12698,51.0
1547128200,0.1269,0.126947,0.126931,0.1269,562.0
1547128260,0.1269,0.126907,0.126907,0.1269,2201.0
1547128320,0.126801,0.126818,0.126818,0.126801,2062.0
1547128380,0.126802,0.126824,0.126824,0.126802,685.0
1547128440,0.126807,0.127,0.126879,0.127,11741.0
1547128500,0.126877,0.127136,0.127,0.127117,8020.0
1547128560,0.127077,0.127117,0.127117,0.127077,2681.0
1547128620,0.127027,0.127266,0.127027,0.12725,15598.0
1547128680,0.126877,0.127,0.127,0.126877,500.0
1547128800,0.126768,0.127024,0.127024,0.126768,2427.0
1547128860,0.12707,0.127072,0.127072,0.12707,101.0
1547128920,0.127001,0.127065,0.127065,0.127002,384.0
1547128980,0.12699,0.127061,0.126991,0.127061,291.0
1547129040,0.126651,0.1268,0.1268,0.126651,6510.0
1547129220,0.126594,0.126887,0.126877,0.126649,3363.0
1547129280,0.126542,0.126648,0.126647,0.126542,384.0
1547129340,0.126826,0.126826,0.126826,0.126826,1.0
1547129400,0.126701,0.126701,0.126701,0.126701,12.0
1547129460,0.126598,0.126602,0.126599,0.126601,8209.0
1547129520,0.126598,0.126701,0.126682,0.126701,4738.0
1547129640,0.126598,0.126701,0.126623,0.126701,3018.0
1547129700,0.126698,0.126701,0.126699,0.126701,10942.0
1547129760,0.12657,0.130503,0.126638,0.12657,25753.0
1547129820,0.1269,0.127,0.126991,0.1269,4215.0
1547129880,0.1269,0.129525,0.126999,0.129525,390.0
1547129940,0.127278,0.127378,0.127278,0.1273,775.0
1547130000,0.1273,0.127303,0.127303,0.1273,305.0
1547130060,0.127389,0.128009,0.127403,0.127526,1029.0
1547130120,0.127684,0.127992,0.127841,0.127849,8752.0
1547130180,0.127816,0.127996,0.127895,0.127816,1036.0
1547130240,0.128019,0.128507,0.128019,0.128135,8360.0
1547130300,0.127741,0.128587,0.128259,0.127937,30238.0
1547130360,0.128279,0.128587,0.128425,0.128581,752.0
1547130420,0.12846,0.12879,0.128626,0.12846,1823.0
1547130480,0.128342,0.128368,0.128368,0.128342,242.0
1547130540,0.1283,0.1283,0.1283,0.1283,1104.0
1547130600,0.128005,0.1283,0.1283,0.128047,8071.0
1547130780,0.128193,0.128193,0.128193,0.128193,192.0
1547130840,0.128044,0.128044,0.128044,0.128044,904.0
1547130900,0.128044,0.128125,0.128044,0.128125,185.0
1547131020,0.128106,0.128111,0.128106,0.128111,4872.0
1547131080,0.128164,0.129096,0.128211,0.128164,4773.0
1547131140,0.12825,0.128251,0.128251,0.12825,409.0
1547131200,0.128,0.128345,0.12816,0.12806,36936.0
1547131260,0.127513,0.128002,0.128002,0.127518,19983.0
1547131320,0.12731,0.127597,0.127526,0.127456,4196.0
1547131380,0.1273,0.12747,0.127314,0.12747,39080.0
1547131440,0.1273,0.127309,0.127309,0.1273,3073.0
1547131500,0.127321,0.127453,0.127321,0.127453,1571.0
1547131560,0.127584,0.127584,0.127584,0.127584,70.0
1547131620,0.127475,0.127494,0.127494,0.127475,283.0
1547131680,0.127314,0.127396,0.127396,0.127314,2802.0
1547131740,0.127313,0.127313,0.127313,0.127313,1299.0
1547131800,0.126552,0.127313,0.127313,0.126552,24101.0
1547131860,0.127044,0.127044,0.127044,0.127044,2315.0
1547131920,0.126991,0.127989,0.127412,0.126991,6928.0
1547131980,0.126984,0.127842,0.127146,0.127842,5680.0
1547132040,0.126987,0.127098,0.127098,0.127016,6869.0
1547132160,0.127142,0.127143,0.127143,0.127143,1687.0
1547132220,0.127143,0.127214,0.127143,0.127143,153.0
1547132280,0.12713,0.127143,0.127143,0.127135,4663.0
1547132340,0.127131,0.127131,0.127131,0.127131,2.0
1547132400,0.127131,0.127131,0.127131,0.127131,475.0
1547132460,0.12713,0.12713,0.12713,0.12713,100.0
1547132520,0.127131,0.127131,0.127131,0.127131,387.0
1547132580,0.127131,0.127131,0.127131,0.127131,27.0
1547132640,0.127131,0.127131,0.127131,0.127131,759.0
1547132700,0.12713,0.127131,0.127131,0.12713,140.0
1547132760,0.127131,0.127131,0.127131,0.127131,759.0
1547132880,0.12723,0.12728,0.12723,0.12728,1894.0
1547132940,0.12728,0.12728,0.12728,0.12728,85.0
1547133060,0.127279,0.12728,0.12728,0.12728,6559.0
1547133120,0.127279,0.127279,0.127279,0.127279,1923.0
1547133180,0.12728,0.12728,0.12728,0.12728,984.0
1547133240,0.12728,0.12728,0.12728,0.12728,4530.0
1547133300,0.127279,0.12728,0.12728,0.12728,3682.0
1547133360,0.12728,0.12728,0.12728,0.12728,955.0
1547133420,0.12728,0.12728,0.12728,0.12728,372.0
1547133480,0.12728,0.12728,0.12728,0.12728,7.0
1547133540,0.12728,0.12728,0.12728,0.12728,1406.0
1547133600,0.12728,0.12728,0.12728,0.12728,1.0
1547133660,0.127279,0.127279,0.127279,0.127279,144.0
1547133720,0.12728,0.12728,0.12728,0.12728,142.0
1547133780,0.127244,0.127279,0.127279,0.127244,176.0
1547133840,0.127247,0.127247,0.127247,0.127247,100.0
1547133900,0.127266,0.12728,0.127266,0.12728,15653.0
1547133960,0.127279,0.12728,0.127279,0.12728,323.0
1547134020,0.12728,0.12728,0.12728,0.12728,990.0
1547134080,0.127161,0.127201,0.127201,0.127161,1057.0
1547134200,0.127108,0.127109,0.127109,0.127108,3503.0
1547134260,0.12707,0.127072,0.127072,0.12707,8657.0
1547134380,0.127071,0.127071,0.127071,0.127071,255.0
1547134500,0.127071,0.127071,0.127071,0.127071,11425.0
1547134560,0.12707,0.127071,0.12707,0.12707,2161.0
1547134620,0.12707,0.127071,0.127071,0.127071,1777.0
1547134680,0.126552,0.12707,0.12707,0.126867,30923.0
1547134800,0.126579,0.126875,0.126809,0.126875,1502.0
1547134920,0.126571,0.129342,0.126688,0.127501,23833.0
1547134980,0.127,0.127501,0.127501,0.127,406.0
1547135040,0.126717,0.127038,0.1268,0.126717,1092.0
1547135100,0.126605,0.126958,0.126727,0.126958,674.0
1547135160,0.1265,0.126842,0.126841,0.1265,32685.0
1547135220,0.1264,0.126501,0.126501,0.126471,975.0
1547135280,0.126302,0.126818,0.126471,0.126573,2982.0
1547135340,0.126572,0.127337,0.126572,0.126637,511.0
1547135400,0.126304,0.126883,0.126353,0.126883,892.0
1547135520,0.126305,0.126501,0.126501,0.126305,6.0
1547135580,0.126687,0.126687,0.126687,0.126687,70.0
1547135640,0.125565,0.126665,0.126665,0.125565,13912.0
1547135700,0.125979,0.126704,0.126512,0.126163,769.0
1547135760,0.126399,0.126601,0.126601,0.126399,150.0
1547135880,0.1264,0.126616,0.126606,0.1264,12779.0
1547135940,0.126572,0.126734,0.126572,0.126734,1000.0
1547136000,0.126748,0.1269,0.126748,0.126899,6108.0
1547136060,0.126433,0.126798,0.126699,0.126798,1897.0
1547136120,0.126748,0.1269,0.126748,0.1269,831.0
1547136180,0.126648,0.126695,0.126695,0.126648,108.0
1547136240,0.126716,0.126716,0.126716,0.126716,116.0
1547136300,0.126715,0.126715,0.126715,0.126715,791.0
