1541706300,0.365,0.365,0.365,0.365,1534.0
1541706360,0.36462,0.364999,0.364999,0.36462,8674.0
1541706480,0.364999,0.365,0.364999,0.365,16840.0
1541706780,0.365001,0.366,0.365001,0.366,5448.0
1541706900,0.366,0.377595,0.366,0.377595,121516.0
1541707020,0.36462,0.373825,0.373825,0.36462,1920.0
1541707140,0.366,0.370864,0.36829,0.366,12956.0
1541707200,0.36879,0.378,0.36879,0.378,102923.0
1541707260,0.378595,0.389,0.378595,0.384978,135079.0
1541707320,0.381877,0.389,0.381877,0.386189,87513.0
1541707380,0.378,0.399,0.381889,0.37863,143714.0
1541707440,0.37,0.398,0.378633,0.371104,99210.0
1541707500,0.372008,0.395949,0.372548,0.376,20225.0
1541707560,0.372,0.38324,0.377612,0.372129,91821.0
1541707620,0.371,0.389,0.372129,0.375592,88321.0
1541707680,0.371003,0.3836,0.378997,0.381,24888.0
1541707740,0.372252,0.381,0.381,0.38,32658.0
1541707800,0.3739,0.38,0.38,0.373916,10426.0
1541707860,0.373901,0.394,0.373901,0.394,129339.0
1541707920,0.3839,0.393,0.393,0.389,6817.0
1541707980,0.388,0.392,0.389,0.391,99989.0
1541708040,0.3845,0.391,0.391,0.38979,29269.0
1541708100,0.3879,0.39,0.38979,0.3899,82846.0
1541708160,0.386,0.38989,0.38989,0.3895,42652.0
1541708220,0.3879,0.3896,0.3895,0.3879,16636.0
1541708280,0.3799,0.38789,0.38789,0.3818,56505.0
1541708340,0.37045,0.3818,0.3818,0.3739,69809.0
1541708400,0.37,0.3778,0.375897,0.37,34107.0
1541708460,0.354915,0.37,0.3699,0.369953,373497.0
1541708520,0.360023,0.369937,0.369751,0.36552,35127.0
1541708580,0.36211,0.3698,0.36552,0.365903,81443.0
1541708640,0.362411,0.366911,0.366911,0.365831,9170.0
1541708700,0.36141,0.365914,0.365827,0.364591,54260.0
1541708760,0.3639,0.364591,0.364591,0.364,6510.0
1541708820,0.361,0.3644,0.364,0.361,103161.0
1541708880,0.352709,0.363,0.363,0.352709,448075.0
1541708940,0.342953,0.354,0.352709,0.3475,78539.0
1541709000,0.34611,0.349899,0.347499,0.348996,35339.0
1541709060,0.342005,0.349999,0.348996,0.342567,53898.0
1541709120,0.342583,0.35,0.349,0.349888,42978.0
1541709180,0.343052,0.35,0.345,0.343052,14024.0
1541709240,0.339991,0.344965,0.343052,0.339991,31717.0
1541709300,0.33611,0.34,0.339991,0.33611,43439.0
1541709360,0.33311,0.336948,0.336109,0.333977,108170.0
1541709420,0.33111,0.334,0.334,0.331113,24553.0
1541709480,0.33011,0.3316,0.33111,0.33013,48305.0
1541709540,0.33,0.3302,0.33013,0.3302,35868.0
1541709600,0.3302,0.3326,0.3302,0.332206,37040.0
1541709660,0.332,0.3356,0.3324,0.3356,148377.0
1541709720,0.335,0.335097,0.335097,0.33505,8553.0
1541709780,0.335025,0.343,0.33505,0.342901,64758.0
1541709840,0.3376,0.342858,0.342858,0.337631,15015.0
1541709900,0.334767,0.3376,0.3376,0.334999,8419.0
1541709960,0.334003,0.335006,0.334003,0.335006,8681.0
1541710020,0.335006,0.34899,0.335006,0.3357,78487.0
1541710080,0.335698,0.340539,0.3357,0.340291,2947.0
1541710140,0.335884,0.347,0.340248,0.344999,26138.0
1541710200,0.3356,0.344,0.343999,0.335802,17083.0
1541710260,0.335618,0.344,0.335802,0.344,26005.0
1541710320,0.34,0.344,0.344,0.34,39550.0
1541710380,0.3329,0.34,0.34,0.335997,62478.0
1541710440,0.334364,0.335997,0.335997,0.334426,13889.0
1541710500,0.334302,0.33431,0.33431,0.334302,16285.0
1541710560,0.332608,0.334302,0.334302,0.334302,7875.0
1541710620,0.333978,0.334309,0.334302,0.334306,15629.0
1541710680,0.333495,0.334,0.334,0.333498,56628.0
1541710740,0.333495,0.333496,0.333496,0.333496,48149.0
1541710800,0.333495,0.333496,0.333496,0.333496,26926.0
1541710860,0.333496,0.333496,0.333496,0.333496,2208.0
1541710920,0.333496,0.333496,0.333496,0.333496,3941.0
1541710980,0.333496,0.333496,0.333496,0.333496,2257.0
1541711040,0.333495,0.333496,0.333496,0.333495,72569.0
1541711100,0.332,0.334493,0.333495,0.332003,45758.0
1541711160,0.332,0.34,0.332003,0.335046,46653.0
1541711220,0.332007,0.34,0.335042,0.336,21128.0
1541711280,0.332,0.338,0.336,0.333003,29520.0
1541711340,0.332,0.335498,0.335498,0.332002,5133.0
1541711400,0.332,0.334,0.332002,0.334,44557.0
1541711460,0.3279,0.336,0.334,0.331995,62815.0
1541711520,0.3279,0.331995,0.331049,0.327999,34921.0
1541711580,0.313352,0.327901,0.3279,0.319986,290648.0
1541711640,0.313879,0.319989,0.313879,0.319686,4665.0
1541711700,0.316577,0.319722,0.319546,0.318,21157.0
1541711760,0.313002,0.317,0.317,0.317,18086.0
1541711820,0.312501,0.317,0.314433,0.316892,24066.0
1541711880,0.3125,0.314484,0.314484,0.312663,7026.0
1541711940,0.312503,0.314,0.313252,0.314,27436.0
1541712000,0.313111,0.319,0.314,0.313111,104225.0
1541712060,0.315433,0.3188,0.318691,0.3188,16602.0
1541712120,0.318,0.329,0.318797,0.323997,45509.0
1541712180,0.318423,0.323998,0.323997,0.318423,10839.0
1541712240,0.319999,0.320717,0.319999,0.320001,35104.0
1541712300,0.32,0.324,0.32071,0.323993,47003.0
1541712360,0.31922,0.324,0.323993,0.322714,12285.0
1541712420,0.319523,0.325,0.322714,0.325,17956.0
1541712480,0.32022,0.33,0.320224,0.33,121981.0
1541712540,0.321609,0.322997,0.322997,0.322997,1250.0
1541712600,0.32,0.323,0.322997,0.323,15017.0
1541712660,0.32,0.328,0.323,0.328,34372.0
1541712720,0.318217,0.328,0.32,0.322,36405.0
1541712780,0.321263,0.321997,0.321264,0.321996,11591.0
1541712840,0.321,0.321996,0.321996,0.321303,3000.0
1541712900,0.3219,0.3219,0.3219,0.3219,2332.0
1541712960,0.321,0.322,0.321303,0.322,9829.0
1541713020,0.321,0.323,0.322,0.321,9441.0
1541713080,0.320557,0.323,0.321,0.320606,10755.0
1541713140,0.32,0.323,0.320606,0.322997,10478.0
1541713200,0.320316,0.323,0.322997,0.320486,8582.0
1541713260,0.320486,0.325,0.320486,0.325,15766.0
1541713320,0.323164,0.328,0.325,0.327,6916.0
1541713380,0.322754,0.327,0.326252,0.322768,20217.0
1541713440,0.32253,0.322768,0.322768,0.322768,3487.0
1541713500,0.322857,0.326027,0.322857,0.326027,3714.0
1541713560,0.323,0.327,0.326027,0.323533,15052.0
1541713620,0.323803,0.329,0.326997,0.326549,102295.0
1541713680,0.32253,0.329,0.326549,0.326997,23202.0
1541713740,0.320268,0.326993,0.321658,0.323262,12384.0
1541713800,0.320368,0.3255,0.323262,0.325,8460.0
1541713860,0.320203,0.325,0.325,0.322997,11127.0
1541713920,0.318217,0.323,0.320203,0.319997,40381.0
1541713980,0.318217,0.319,0.3187,0.319,27958.0
1541714040,0.317001,0.3199,0.318217,0.319897,15964.0
1541714100,0.317152,0.319897,0.319447,0.319894,6826.0
1541714160,0.317527,0.319897,0.319894,0.319,18009.0
1541714220,0.319,0.320894,0.319,0.320447,11071.0
1541714280,0.319,0.320891,0.319003,0.320891,50726.0
1541714340,0.319167,0.320003,0.320003,0.32,13374.0
1541714400,0.319386,0.320894,0.32,0.320891,7172.0
1541714460,0.320891,0.324,0.320891,0.321,43352.0
1541714520,0.321,0.33,0.323262,0.321,88173.0
1541714580,0.321,0.324251,0.324251,0.324251,9831.0
1541714640,0.321348,0.323997,0.323997,0.321351,12800.0
1541714700,0.3218,0.32399,0.3218,0.323987,12832.0
1541714760,0.315113,0.323987,0.32285,0.322,192565.0
1541714820,0.315114,0.323999,0.320157,0.322103,45680.0
1541714880,0.320582,0.323892,0.320582,0.3235,6518.0
1541714940,0.320607,0.3235,0.3235,0.323,6167.0
1541715000,0.32061,0.323,0.323,0.321,9411.0
1541715060,0.318268,0.32099,0.32099,0.32,10493.0
1541715120,0.319049,0.326,0.32,0.321997,23583.0
1541715180,0.321022,0.322,0.321997,0.321997,12513.0
1541715240,0.321029,0.322,0.321999,0.322,14994.0
1541715300,0.321278,0.323,0.322,0.322897,10557.0
1541715360,0.321404,0.325,0.322897,0.324396,7543.0
1541715420,0.3225,0.325,0.324348,0.323005,24504.0
1541715480,0.3183,0.324422,0.324,0.3183,42443.0
1541715540,0.318266,0.322,0.318303,0.319964,31100.0
1541715600,0.319999,0.321,0.319999,0.321,7097.0
1541715660,0.3183,0.321,0.321,0.3201,8216.0
1541715720,0.3201,0.321,0.3201,0.321,3120.0
1541715780,0.319047,0.321,0.321,0.321,2242.0
1541715840,0.320007,0.325,0.321,0.324997,34686.0
1541715900,0.319887,0.325,0.324997,0.319887,10246.0
1541715960,0.318266,0.324996,0.319,0.324996,6085.0
1541716020,0.318266,0.324996,0.32238,0.318266,64960.0
1541716080,0.318266,0.321384,0.318266,0.321268,14086.0
1541716140,0.32094,0.321188,0.321188,0.32094,1800.0
1541716200,0.318266,0.322379,0.320824,0.321999,5658.0
1541716260,0.318266,0.322,0.321999,0.322,8075.0
1541716320,0.318266,0.322387,0.321999,0.321387,9789.0
1541716380,0.31989,0.324499,0.321387,0.324499,35529.0
1541716440,0.319887,0.324999,0.324499,0.319887,8492.0
1541716500,0.318266,0.324999,0.324998,0.321261,23856.0
1541716560,0.318,0.321242,0.318289,0.320812,26641.0
1541716620,0.317903,0.322098,0.320795,0.32208,7302.0
1541716680,0.317,0.322057,0.317907,0.317,19437.0
1541716740,0.317107,0.322083,0.320105,0.321335,7546.0
1541716800,0.3179,0.322083,0.321335,0.317903,6807.0
1541716860,0.31688,0.322,0.321222,0.319494,22316.0
1541716920,0.319193,0.321999,0.319394,0.321997,9049.0
1541716980,0.321993,0.321999,0.321997,0.321995,6313.0
1541717040,0.317,0.321999,0.31889,0.321999,8020.0
1541717100,0.31688,0.321999,0.321999,0.31688,18504.0
1541717160,0.3169,0.320012,0.320012,0.317,3900.0
1541717220,0.315,0.319847,0.319844,0.31836,36118.0
1541717280,0.315003,0.319847,0.315003,0.319844,16895.0
1541717340,0.3152,0.319856,0.315204,0.317915,2615.0
1541717400,0.315,0.319856,0.317911,0.317923,10860.0
1541717460,0.315757,0.319852,0.317923,0.317919,6285.0
1541717520,0.315,0.317919,0.317919,0.317916,7719.0
1541717580,0.313907,0.317916,0.317916,0.31391,49742.0
1541717640,0.314433,0.316997,0.316997,0.315997,4520.0
1541717700,0.313907,0.316,0.315997,0.316,11942.0
1541717760,0.313923,0.316,0.316,0.316,7287.0
1541717820,0.305198,0.315999,0.315996,0.305207,83383.0
1541717880,0.30257,0.312,0.307,0.307,36754.0
1541717940,0.307,0.311999,0.307,0.311497,30625.0
1541718000,0.309122,0.314,0.309122,0.311488,96864.0
1541718060,0.312972,0.313777,0.313777,0.312972,4544.0
1541718120,0.311645,0.312964,0.312964,0.312797,7984.0
1541718180,0.312123,0.313999,0.312797,0.313984,12947.0
1541718240,0.313948,0.314251,0.313984,0.31425,1659.0
1541718300,0.313483,0.31425,0.31425,0.314249,2513.0
1541718360,0.314249,0.317921,0.314249,0.31767,3933.0
1541718420,0.317669,0.31826,0.317681,0.31826,15697.0
1541718480,0.318259,0.31826,0.31826,0.31826,4590.0
1541718540,0.318225,0.31826,0.31826,0.318225,13218.0
1541718600,0.317838,0.318164,0.318164,0.317881,8593.0
1541718660,0.315769,0.317878,0.317876,0.317876,1436.0
1541718720,0.311753,0.31787,0.31787,0.317802,17616.0
1541718780,0.315327,0.31926,0.317802,0.315327,16304.0
1541718840,0.315474,0.318913,0.318913,0.31865,3499.0
1541718900,0.317521,0.318514,0.318514,0.31847,5913.0
1541718960,0.312101,0.318217,0.318217,0.318019,1909.0
1541719020,0.317521,0.318019,0.318019,0.317932,4285.0
1541719080,0.316663,0.318,0.317932,0.317999,4059.0
1541719140,0.317773,0.317932,0.317932,0.317773,664.0
1541719200,0.316004,0.317701,0.317701,0.316758,10324.0
1541719260,0.316967,0.317,0.316999,0.316967,1597.0
1541719320,0.315,0.317998,0.316967,0.317997,27837.0
1541719380,0.317663,0.317997,0.317997,0.317997,4018.0
1541719440,0.316751,0.317998,0.317997,0.317998,3268.0
1541719500,0.317779,0.317998,0.317998,0.317998,7528.0
1541719560,0.317998,0.317998,0.317998,0.317998,1258.0
1541719620,0.317997,0.317998,0.317998,0.317998,2390.0
1541719680,0.313165,0.317998,0.317998,0.317998,8394.0
1541719740,0.315443,0.319836,0.317997,0.319828,8755.0
1541719800,0.316903,0.319712,0.319712,0.319452,2279.0
1541719860,0.316328,0.319436,0.319436,0.319375,9374.0
1541719920,0.319375,0.319375,0.319375,0.319375,1667.0
1541719980,0.319367,0.319375,0.319375,0.319367,1982.0
1541720040,0.3145,0.319367,0.319367,0.31918,14102.0
1541720100,0.316506,0.318142,0.316506,0.318142,5394.0
1541720160,0.314509,0.319183,0.31751,0.318916,15610.0
1541720220,0.316761,0.31986,0.318187,0.31976,13572.0
1541720280,0.3149,0.31972,0.31972,0.319195,2925.0
1541720340,0.31658,0.319172,0.319172,0.31658,3314.0
1541720400,0.317015,0.31986,0.318791,0.317018,27148.0
1541720460,0.317018,0.318403,0.318403,0.318218,2966.0
1541720520,0.31658,0.319,0.318218,0.318118,3270.0
1541720580,0.317003,0.318109,0.318109,0.317822,2835.0
1541720640,0.316986,0.317823,0.317822,0.317751,3975.0
1541720700,0.315834,0.317973,0.316783,0.317965,5988.0
1541720760,0.315834,0.317865,0.317865,0.317579,4873.0
1541720820,0.315015,0.317543,0.317543,0.315015,4813.0
1541720880,0.315594,0.317282,0.316,0.31721,9078.0
1541720940,0.315003,0.317174,0.317174,0.316528,15001.0
1541721000,0.314571,0.319,0.316198,0.314575,17693.0
1541721060,0.314568,0.316089,0.316089,0.315937,7457.0
1541721120,0.310005,0.315913,0.315913,0.310005,167279.0
1541721180,0.309,0.313501,0.313501,0.309,40835.0
1541721240,0.308999,0.309,0.309,0.309,1727.0
1541721300,0.309,0.309,0.309,0.309,4017.0
1541721360,0.3045,0.309,0.309,0.306781,42279.0
1541721420,0.300011,0.306737,0.306737,0.306492,19688.0
1541721480,0.305899,0.306328,0.306328,0.305899,2011.0
1541721540,0.300002,0.305851,0.305851,0.304706,36450.0
1541721600,0.304706,0.306996,0.304706,0.306941,4404.0
1541721660,0.3023,0.322,0.306921,0.307661,128349.0
1541721720,0.302484,0.310896,0.307658,0.310623,36672.0
1541721780,0.31,0.31059,0.310473,0.310588,6013.0
1541721840,0.3045,0.309604,0.307604,0.309217,6993.0
1541721900,0.3045,0.309189,0.309189,0.307686,20822.0
1541721960,0.305113,0.311157,0.307686,0.305113,21836.0
1541722020,0.307558,0.310942,0.310942,0.307558,1347.0
1541722080,0.304597,0.311131,0.304597,0.310759,5836.0
1541722140,0.307244,0.310718,0.307741,0.310104,11304.0
1541722200,0.306,0.308669,0.307241,0.306759,2948.0
1541722260,0.306,0.308365,0.308365,0.308189,20601.0
1541722320,0.306003,0.308116,0.308116,0.307857,8130.0
1541722380,0.307449,0.307809,0.307809,0.307449,1784.0
1541722440,0.305,0.311068,0.307365,0.307163,3529.0
1541722500,0.309806,0.310109,0.310109,0.309806,1556.0
1541722560,0.305,0.311144,0.309722,0.308544,9876.0
1541722620,0.305,0.313999,0.308505,0.313963,11037.0
1541722680,0.307,0.314,0.313963,0.313972,7173.0
1541722740,0.305006,0.310138,0.307206,0.309936,7328.0
1541722800,0.306,0.3145,0.308724,0.306003,13931.0
1541722860,0.305,0.31,0.306003,0.307999,14391.0
1541722920,0.307999,0.307999,0.307999,0.307999,727.0
1541722980,0.306732,0.307999,0.306732,0.307999,4430.0
1541723040,0.307999,0.307999,0.307999,0.307999,135.0
1541723100,0.307999,0.307999,0.307999,0.307999,999.0
1541723160,0.307981,0.312288,0.307999,0.312087,1318.0
1541723220,0.307982,0.312299,0.312087,0.31212,6688.0
1541723280,0.3075,0.313999,0.31212,0.31223,39539.0
1541723340,0.308962,0.315,0.31223,0.308965,17976.0
1541723400,0.309105,0.313999,0.312227,0.313999,7043.0
1541723460,0.3099,0.313999,0.313897,0.309903,16101.0
1541723520,0.309918,0.313992,0.313992,0.313227,3004.0
1541723580,0.309401,0.313995,0.309921,0.313223,20231.0
1541723640,0.3094,0.3133,0.313223,0.313223,17184.0
1541723700,0.309,0.313223,0.313223,0.312227,5214.0
1541723760,0.3085,0.312227,0.308831,0.312227,1265.0
1541723820,0.312224,0.31223,0.312227,0.312224,1518.0
1541723880,0.309833,0.312224,0.312224,0.312221,2727.0
1541723940,0.3082,0.310433,0.310433,0.308383,2137.0
1541724000,0.308383,0.312221,0.311197,0.312221,4971.0
1541724060,0.308783,0.313,0.311194,0.312897,6803.0
1541724120,0.310123,0.31323,0.312897,0.31323,1491.0
1541724180,0.310403,0.31323,0.31323,0.313227,4207.0
1541724240,0.310503,0.313227,0.313227,0.312273,11360.0
1541724300,0.31,0.313227,0.312273,0.3101,27277.0
1541724360,0.31,0.313223,0.3101,0.310206,12587.0
1541724420,0.309,0.31322,0.310203,0.312277,12789.0
1541724480,0.309503,0.3129,0.312277,0.309503,5674.0
1541724540,0.3091,0.3129,0.309504,0.309503,17162.0
1541724600,0.308781,0.311997,0.311994,0.311997,1799.0
1541724660,0.308203,0.311997,0.311997,0.308203,13381.0
1541724720,0.310997,0.311277,0.311277,0.310997,2382.0
1541724780,0.308108,0.31128,0.308603,0.31128,16685.0
1541724840,0.308002,0.31128,0.309126,0.308002,48643.0
1541724900,0.308,0.311197,0.308002,0.311197,11402.0
1541724960,0.311187,0.311197,0.311197,0.311187,544.0
1541725020,0.311109,0.31111,0.31111,0.31111,3423.0
1541725080,0.308,0.31111,0.31111,0.31111,10980.0
1541725140,0.310999,0.31111,0.31111,0.310999,21916.0
1541725200,0.3096,0.3111,0.310999,0.3096,6896.0
1541725260,0.30851,0.3112,0.311098,0.30851,13674.0
1541725320,0.3065,0.3111,0.311098,0.306503,44715.0
1541725380,0.3065,0.311065,0.311065,0.3065,27929.0
1541725440,0.3065,0.308994,0.308869,0.308746,14161.0
1541725500,0.307,0.308746,0.308746,0.308718,586.0
1541725560,0.307008,0.310999,0.308715,0.310999,18887.0
1541725620,0.3076,0.310998,0.310998,0.310996,4056.0
1541725680,0.307633,0.310998,0.310996,0.307736,2761.0
1541725740,0.3105,0.3105,0.3105,0.3105,395.0
1541725800,0.3105,0.310999,0.3105,0.310998,15471.0
1541725860,0.310998,0.3112,0.310998,0.311198,23585.0
1541725920,0.311196,0.3112,0.311197,0.3112,2084.0
1541725980,0.3112,0.312,0.3112,0.311999,2384.0
1541726040,0.310998,0.311999,0.311998,0.311999,1237.0
1541726100,0.309,0.312,0.311999,0.312,5288.0
1541726160,0.307643,0.312,0.309303,0.31199,20132.0
1541726220,0.30766,0.311987,0.311987,0.310997,8024.0
1541726280,0.308973,0.310997,0.310997,0.310994,1773.0
1541726340,0.309027,0.310994,0.310994,0.310991,13831.0
1541726400,0.308031,0.310991,0.310991,0.309911,3314.0
1541726460,0.308618,0.310988,0.310899,0.310988,10062.0
1541726520,0.308,0.310985,0.308841,0.31,4998.0
1541726580,0.31,0.310988,0.31,0.310988,3747.0
1541726640,0.310512,0.310988,0.310988,0.310512,5614.0
1541726700,0.310513,0.3109,0.310513,0.3109,1767.0
1541726760,0.310663,0.3109,0.3109,0.310663,2973.0
1541726820,0.310685,0.3109,0.310685,0.3109,5384.0
1541726880,0.3109,0.310988,0.3109,0.310988,3991.0
1541726940,0.309384,0.310988,0.310988,0.310988,1392.0
1541727000,0.3081,0.310985,0.310985,0.30936,5496.0
1541727060,0.30936,0.310988,0.309361,0.310984,9030.0
1541727120,0.308115,0.311,0.309363,0.311,11353.0
1541727180,0.308957,0.313249,0.311,0.313218,2282.0
