1544461200,0.056,0.057,0.057,0.056101,52192.0
1544464800,0.055517,0.0564,0.0564,0.055599,5161.0
1544468400,0.0547,0.0555,0.0555,0.0547,3529.0
1544472000,0.055,0.055599,0.055596,0.0551,6026.0
1544475600,0.0551,0.056,0.0551,0.05537,43304.0
1544479200,0.05462,0.055282,0.055241,0.055195,38534.0
1544482800,0.054943,0.05525,0.054943,0.05525,6018.0
1544486400,0.055,0.05529,0.05528,0.055,1677.0
1544490000,0.05462,0.054621,0.054621,0.05462,2109.0
1544493600,0.054,0.054542,0.054542,0.054,1198.0
1544497200,0.054441,0.054441,0.054441,0.054441,2326.0
1544508000,0.054251,0.055291,0.054946,0.054251,5350.0
1544511600,0.053959,0.0543,0.054252,0.053959,3463.0
1544518800,0.05395,0.053959,0.053959,0.05395,22.0
1544522400,0.052979,0.053643,0.053643,0.052979,14911.0
1544526000,0.052979,0.052979,0.052979,0.052979,189.0
