1550541240,3869.51,3869.77,3869.77,3869.51,0.013
1550541480,3870.87,3870.87,3870.87,3870.87,0.0258
1550541600,3869.0,3869.5,3869.5,3869.0,0.097
1550541720,3868.81,3870.17,3868.81,3870.17,0.621
1550541780,3870.16,3876.78,3870.16,3876.78,0.339
1550541840,3876.79,3876.79,3876.79,3876.79,0.0267
1550542020,3869.75,3869.78,3869.75,3869.78,0.389
1550542320,3868.79,3868.8,3868.8,3868.79,0.0266
1550542500,3869.25,3869.25,3869.25,3869.25,0.0463
1550542560,3869.25,3869.25,3869.25,3869.25,0.0228
1550543220,3866.0,3868.78,3868.78,3866.0,0.446
1550543520,3861.11,3861.11,3861.11,3861.11,0.0279
1550543700,3866.26,3870.23,3866.26,3870.23,0.32
1550543820,3868.73,3868.74,3868.74,3868.73,0.0828
1550544060,3866.26,3867.5,3867.5,3866.26,0.0222
1550544120,3870.17,3870.17,3870.17,3870.17,0.00277
1550544480,3866.24,3866.25,3866.25,3866.24,0.013
1550544540,3863.37,3863.38,3863.38,3863.37,0.011
1550544660,3863.37,3863.37,3863.37,3863.37,0.00108
1550545320,3858.44,3859.16,3858.44,3859.16,0.0181
1550545440,3859.98,3860.0,3859.98,3860.0,0.543
1550545500,3864.03,3865.11,3864.03,3865.11,2.04
1550546280,3865.35,3865.35,3865.35,3865.35,0.9
1550546400,3869.37,3869.5,3869.37,3869.5,0.855
1550547120,3863.0,3864.57,3863.01,3864.57,0.0304
1550547960,3864.48,3866.88,3864.48,3866.88,0.00771
1550548020,3863.21,3863.21,3863.21,3863.21,0.0903
1550548140,3866.52,3867.0,3866.52,3867.0,0.00644
1550548440,3867.0,3867.86,3867.0,3867.86,0.833
1550548680,3867.82,3867.82,3867.82,3867.82,0.209
1550548920,3867.85,3867.85,3867.85,3867.85,0.17
1550548980,3867.86,3871.59,3867.86,3871.59,1.84
1550549040,3876.25,3879.89,3876.25,3879.89,0.0722
1550549100,3879.98,3879.98,3879.98,3879.98,0.42
1550549280,3875.3,3875.31,3875.31,3875.3,0.212
1550549520,3879.11,3879.12,3879.12,3879.11,0.0421
1550549580,3879.96,3880.51,3879.96,3880.51,0.116
1550549700,3882.95,3882.95,3882.95,3882.95,0.00101
1550549760,3883.55,3887.08,3883.55,3887.08,0.0426
1550550000,3882.89,3882.89,3882.89,3882.89,0.00101
1550550300,3878.88,3879.02,3879.02,3878.88,0.134
1550550480,3875.96,3875.98,3875.96,3875.98,0.023
1550550600,3875.18,3875.18,3875.18,3875.18,0.02
1550550660,3873.1,3873.1,3873.1,3873.1,0.00203
1550550720,3867.81,3867.82,3867.82,3867.81,0.013
1550551320,3870.48,3870.48,3870.48,3870.48,0.00278
1550551380,3870.5,3870.64,3870.5,3870.64,0.926
1550551440,3870.51,3870.51,3870.51,3870.51,0.0126
1550551500,3871.81,3871.81,3871.81,3871.81,0.258
1550551620,3870.45,3870.72,3870.72,3870.45,0.0694
1550551680,3869.57,3869.57,3869.57,3869.57,0.00203
1550552460,3869.61,3869.61,3869.61,3869.61,0.0026
1550552520,3869.62,3870.0,3869.62,3870.0,0.00942
1550552580,3872.22,3872.22,3872.22,3872.22,0.59
1550552640,3872.22,3873.15,3872.22,3873.15,0.128
1550552760,3879.02,3879.03,3879.02,3879.03,0.0634
1550552820,3879.08,3880.79,3879.08,3880.79,1.03
1550554320,3870.0,3870.0,3870.0,3870.0,0.0138
1550554620,3864.88,3864.88,3864.88,3864.88,0.01
1550555100,3864.69,3864.91,3864.91,3864.69,0.105
1550555160,3860.0,3861.92,3861.92,3860.0,0.00302
1550555220,3858.39,3858.39,3858.39,3858.39,0.01
1550555820,3860.59,3865.33,3860.59,3865.33,0.125
1550556300,3866.87,3875.0,3866.87,3875.0,0.24
1550557560,3871.06,3871.06,3871.06,3871.06,0.0142
1550557740,3874.5,3874.5,3874.5,3874.5,0.0312
1550557800,3874.5,3874.5,3874.5,3874.5,0.1
1550558400,3871.67,3871.68,3871.68,3871.67,0.0343
1550559180,3872.66,3872.66,3872.66,3872.66,0.0171
1550559480,3872.67,3875.0,3872.67,3875.0,0.02
1550604000,3936.16,3938.8,3936.16,3938.8,0.0127
1550604120,3938.79,3940.57,3938.79,3940.57,0.00401
1550604480,3942.0,3942.0,3942.0,3942.0,1.11
1550604540,3942.0,3942.0,3942.0,3942.0,0.0436
1550604660,3942.0,3943.0,3942.0,3943.0,1.01
1550605020,3942.0,3942.0,3942.0,3942.0,0.0228
1550605680,3940.03,3942.0,3942.0,3940.03,0.02
1550605800,3940.03,3940.03,3940.03,3940.03,0.247
1550606160,3940.03,3940.03,3940.03,3940.03,0.0494
1550606220,3940.03,3940.03,3940.03,3940.03,0.0071
1550606280,3940.03,3940.03,3940.03,3940.03,0.0121
1550606340,3940.03,3940.03,3940.03,3940.03,0.0414
1550606400,3940.02,3940.03,3940.02,3940.03,1.41
1550606460,3940.03,3940.03,3940.03,3940.03,0.0062
1550606880,3940.03,3940.03,3940.03,3940.03,0.0154
1550607180,3940.0,3940.01,3940.01,3940.0,0.0609
1550607240,3940.0,3940.0,3940.0,3940.0,0.0132
1550607840,3940.0,3940.0,3940.0,3940.0,0.00952
1550608140,3940.01,3940.01,3940.01,3940.01,0.00274
1550608200,3940.0,3940.0,3940.0,3940.0,4.0
1550608260,3940.0,3940.0,3940.0,3940.0,16.0
1550608320,3939.0,3940.0,3940.0,3939.0,5.61
1550608440,3927.26,3934.26,3934.26,3927.26,2.9
1550608560,3927.27,3927.27,3927.27,3927.27,0.0211
1550609040,3933.82,3933.82,3933.82,3933.82,0.0019
1550609640,3930.03,3930.03,3930.03,3930.03,0.23
1550610420,3930.05,3931.0,3930.05,3931.0,0.09
1550610660,3937.0,3938.0,3937.0,3938.0,0.439
1550610840,3937.14,3937.16,3937.15,3937.16,4.14
1550610960,3937.17,3937.17,3937.17,3937.17,0.92
1550611140,3930.63,3935.42,3935.42,3930.63,0.469
1550611200,3930.0,3930.02,3930.02,3930.0,1.9
1550611440,3927.47,3927.47,3927.47,3927.47,2.0
1550611920,3926.56,3926.56,3926.56,3926.56,0.355
1550611980,3925.0,3925.0,3925.0,3925.0,0.102
1550612040,3926.32,3926.32,3926.32,3926.32,0.0254
1550612580,3920.0,3921.86,3921.86,3920.0,0.375
1550612640,3909.27,3909.27,3909.27,3909.27,0.0626
1550613060,3905.95,3905.95,3905.95,3905.95,0.4
1550613180,3900.0,3900.78,3900.78,3900.0,0.0169
1550613240,3888.25,3900.0,3900.0,3888.25,3.88
1550613300,3868.84,3885.0,3885.0,3868.84,6.88
1550613480,3883.0,3883.0,3883.0,3883.0,0.193
1550613540,3883.77,3883.77,3883.77,3883.77,0.256
1550613660,3888.0,3897.57,3888.0,3897.57,2.05
1550614680,3899.99,3902.14,3899.99,3902.14,0.0168
1550614980,3905.96,3905.96,3905.96,3905.96,0.0171
1550615160,3905.96,3905.96,3905.96,3905.96,0.0129
1550616840,3910.0,3910.0,3910.0,3910.0,0.00649
1550617440,3908.04,3908.04,3908.04,3908.04,0.115
1550617560,3908.03,3908.03,3908.03,3908.03,1.0
1550617620,3908.03,3908.03,3908.03,3908.03,1.03
1550617680,3908.03,3908.03,3908.03,3908.03,0.764
1550617740,3908.03,3908.03,3908.03,3908.03,0.985
1550617800,3908.03,3908.03,3908.03,3908.03,0.566
1550617860,3908.03,3908.03,3908.03,3908.03,0.0453
1550617920,3908.03,3908.03,3908.03,3908.03,0.0383
1550617980,3908.03,3908.04,3908.04,3908.03,1.38
1550618100,3908.03,3908.03,3908.03,3908.03,0.001
1550618160,3908.03,3908.03,3908.03,3908.03,0.0193
1550618340,3908.03,3908.03,3908.03,3908.03,0.0139
1550618640,3905.95,3908.03,3908.03,3905.95,1.71
1550618940,3900.0,3900.0,3900.0,3900.0,0.064
1550619360,3893.84,3893.84,3893.84,3893.84,0.06
1550619660,3892.52,3893.84,3893.84,3892.52,0.192
1550619720,3889.02,3891.0,3891.0,3889.02,0.0574
1550619780,3887.86,3887.86,3887.86,3887.86,0.0289
1550619900,3890.71,3890.71,3890.71,3890.71,0.106
1550620020,3895.41,3895.41,3895.41,3895.41,0.023
1550620320,3889.74,3889.74,3889.74,3889.74,0.42
1550620740,3893.0,3893.0,3893.0,3893.0,0.0213
1550621040,3888.06,3888.07,3888.06,3888.07,0.481
1550621100,3894.64,3894.64,3894.64,3894.64,0.462
1550621160,3894.64,3894.64,3894.64,3894.64,1.11
1550621760,3891.29,3891.29,3891.29,3891.29,0.0207
1550622000,3887.86,3887.86,3887.86,3887.86,0.0711
1550622060,3882.13,3884.0,3884.0,3882.13,0.024
1550622120,3882.92,3882.92,3882.92,3882.92,0.00475
1550622240,3879.22,3880.0,3880.0,3879.22,0.012
1550622300,3875.43,3875.82,3875.43,3875.82,2.11
1550622360,3875.83,3875.83,3875.83,3875.83,0.207
1550622420,3875.83,3876.0,3875.83,3875.99,0.0798
1550622480,3876.0,3876.0,3876.0,3876.0,0.0683
1550622720,3873.48,3875.0,3875.0,3873.48,0.00649
1550622960,3871.01,3871.01,3871.01,3871.01,0.0129
1550623140,3870.44,3871.02,3870.44,3871.02,0.285
1550623200,3871.02,3871.02,3871.02,3871.02,0.217
1550623260,3871.02,3876.03,3871.02,3876.03,0.86
1550623320,3876.03,3876.03,3876.03,3876.03,0.0459
1550623740,3874.0,3874.0,3874.0,3874.0,0.18
1550623800,3873.84,3873.84,3873.84,3873.84,1.09
1550623860,3873.83,3873.84,3873.84,3873.83,1.34
1550623980,3874.0,3874.0,3874.0,3874.0,3.97
1550624100,3876.02,3876.02,3876.02,3876.02,0.182
1550624160,3876.02,3876.02,3876.02,3876.02,0.119
1550624220,3875.45,3876.03,3876.03,3875.45,0.209
1550624700,3876.03,3876.03,3876.03,3876.03,0.0061
1550624820,3876.03,3876.03,3876.03,3876.03,0.386
