1541707140,6414.38,6414.39,6414.38,6414.39,0.156
1541707200,6414.39,6424.1,6414.39,6423.37,0.142
1541707320,6423.37,6425.21,6423.37,6425.2,0.0655
1541707380,6426.21,6426.22,6426.22,6426.22,0.712
1541707440,6426.22,6427.59,6426.22,6427.0,1.66
1541707500,6424.59,6425.78,6424.59,6425.78,0.157
1541707560,6425.78,6428.1,6425.78,6428.1,1.74
1541707620,6424.29,6428.28,6428.1,6428.28,1.26
1541707680,6428.12,6428.12,6428.12,6428.12,0.0268
1541707740,6424.89,6426.0,6426.0,6424.89,0.281
1541707860,6425.28,6425.28,6425.28,6425.28,0.0634
1541707920,6425.29,6425.29,6425.29,6425.29,0.0663
1541708040,6425.28,6425.28,6425.28,6425.28,0.0352
1541708100,6425.29,6436.55,6425.29,6436.55,0.802
1541708160,6429.83,6432.58,6432.58,6430.0,0.163
1541708280,6430.0,6431.0,6430.0,6430.99,0.21
1541708340,6429.52,6435.18,6429.52,6435.18,0.0556
1541708460,6435.17,6435.17,6435.17,6435.17,0.21
1541708520,6435.17,6439.52,6435.17,6439.52,0.848
1541708580,6437.3,6437.95,6437.95,6437.3,0.21
1541708700,6437.29,6439.52,6437.29,6439.52,1.26
1541708820,6437.42,6437.43,6437.42,6437.43,0.0943
1541708880,6436.27,6437.43,6437.43,6436.27,0.944
1541708940,6436.27,6437.43,6436.27,6437.43,1.94
1541709000,6435.01,6437.43,6437.43,6435.01,1.48
1541709060,6435.01,6435.01,6435.01,6435.01,0.0339
1541709120,6435.46,6435.46,6435.46,6435.46,0.132
1541709180,6435.01,6435.46,6435.01,6435.46,0.0477
1541709240,6435.45,6435.46,6435.46,6435.46,0.215
1541709300,6435.46,6435.46,6435.46,6435.46,0.127
1541709420,6420.0,6435.23,6435.23,6420.0,3.0
1541709540,6423.15,6423.15,6423.15,6423.15,0.0107
1541709600,6427.9,6427.9,6427.9,6427.9,0.106
1541709840,6420.0,6422.0,6421.77,6422.0,0.348
1541709900,6415.28,6432.27,6422.0,6415.29,2.42
1541710020,6430.32,6430.32,6430.32,6430.32,0.0397
1541710140,6430.32,6435.46,6430.32,6435.46,0.0775
1541710200,6432.34,6437.58,6432.46,6432.34,0.298
1541710260,6421.09,6432.34,6421.09,6432.34,0.147
1541710320,6430.0,6430.0,6430.0,6430.0,0.217
1541710380,6430.0,6435.61,6430.0,6435.61,1.55
1541710440,6431.63,6435.61,6435.61,6435.61,0.183
1541710500,6435.61,6435.61,6435.61,6435.61,0.147
1541710560,6435.6,6435.61,6435.6,6435.61,0.248
1541710620,6435.6,6435.6,6435.6,6435.6,0.0435
1541710680,6434.71,6435.61,6435.6,6434.71,1.44
1541710740,6427.62,6434.71,6434.71,6427.62,1.84
1541710800,6421.09,6423.19,6423.19,6421.09,0.207
1541710860,6424.27,6424.27,6424.27,6424.27,0.639
1541711100,6427.0,6434.7,6427.0,6433.08,0.768
1541711160,6429.83,6433.08,6433.08,6429.83,0.537
1541711280,6430.29,6431.88,6431.05,6431.88,0.496
1541711340,6425.6,6427.91,6427.91,6425.6,1.01
1541711460,6434.71,6434.71,6434.71,6434.71,0.109
1541711580,6434.71,6435.71,6434.71,6435.71,1.06
1541711640,6433.91,6434.88,6434.88,6433.91,0.471
1541711700,6435.54,6435.54,6435.54,6435.54,0.0106
1541711760,6435.54,6435.54,6435.54,6435.54,0.111
1541711820,6429.62,6435.57,6435.57,6434.15,0.245
1541711880,6434.15,6434.15,6434.15,6434.15,0.0472
1541711940,6429.13,6429.13,6429.13,6429.13,0.1
1541712000,6434.63,6434.64,6434.63,6434.64,0.0878
1541712060,6427.16,6433.36,6429.67,6433.31,0.279
1541712120,6433.31,6433.64,6433.31,6433.64,0.405
1541712240,6427.0,6432.9,6431.28,6432.9,0.725
1541712300,6426.25,6436.0,6432.51,6432.13,1.41
1541712360,6425.31,6432.13,6432.13,6431.6,0.641
1541712420,6432.4,6435.97,6432.42,6432.4,0.107
1541712480,6431.39,6432.4,6432.4,6431.39,0.392
1541712660,6427.02,6430.72,6427.02,6430.72,0.665
1541712720,6427.02,6435.0,6430.72,6432.94,1.9
1541712960,6423.98,6423.98,6423.98,6423.98,0.00201
1541713020,6429.76,6429.77,6429.76,6429.77,0.0209
1541713140,6422.93,6422.93,6422.93,6422.93,0.00902
1541713200,6421.08,6428.21,6428.21,6421.08,0.116
1541713260,6428.37,6428.37,6428.37,6428.37,0.101
1541713380,6426.91,6428.17,6428.17,6426.91,0.386
1541713560,6421.64,6423.0,6421.64,6423.0,0.0817
1541713620,6423.0,6423.0,6423.0,6423.0,0.123
1541713680,6421.68,6423.0,6421.68,6423.0,0.758
1541713740,6423.0,6423.0,6423.0,6423.0,0.488
1541713800,6423.0,6423.0,6423.0,6423.0,0.165
1541713860,6423.0,6423.0,6423.0,6423.0,0.285
1541713920,6423.0,6423.0,6423.0,6423.0,0.442
1541713980,6423.0,6423.0,6423.0,6423.0,0.143
1541714040,6422.99,6423.0,6423.0,6422.99,0.325
1541714100,6422.99,6422.99,6422.99,6422.99,0.251
1541714160,6422.99,6422.99,6422.99,6422.99,0.353
1541714220,6422.99,6422.99,6422.99,6422.99,0.0234
1541714280,6422.99,6422.99,6422.99,6422.99,0.0582
1541714460,6422.99,6422.99,6422.99,6422.99,0.0495
1541714520,6420.36,6422.99,6422.99,6422.99,1.11
1541714580,6419.76,6422.99,6422.99,6422.99,0.419
1541714640,6420.16,6422.99,6421.83,6422.99,1.31
1541714700,6419.42,6422.99,6422.99,6422.99,0.197
1541714760,6422.99,6422.99,6422.99,6422.99,0.117
1541714820,6422.86,6422.86,6422.86,6422.86,0.0564
1541714880,6419.01,6419.01,6419.01,6419.01,0.0134
1541715000,6422.99,6423.0,6422.99,6423.0,3.02
1541715180,6423.0,6423.17,6423.0,6423.17,0.171
1541715240,6423.17,6423.17,6423.17,6423.17,0.0439
1541715300,6423.17,6423.17,6423.17,6423.17,0.0106
1541715420,6423.17,6423.17,6423.17,6423.17,0.0686
1541715480,6423.17,6425.24,6423.17,6425.23,0.949
1541715540,6426.34,6433.37,6426.34,6428.16,1.8
1541715900,6430.16,6432.04,6430.16,6432.04,0.231
1541715960,6432.04,6432.04,6432.04,6432.04,0.0645
1541716020,6432.04,6437.6,6432.04,6432.95,2.19
1541716080,6432.95,6432.95,6432.95,6432.95,0.505
1541716260,6427.97,6429.87,6427.97,6429.87,0.103
1541716440,6429.83,6429.83,6429.83,6429.83,0.0849
1541716500,6429.83,6429.99,6429.83,6429.99,0.25
1541716560,6429.99,6432.99,6429.99,6432.49,0.613
1541716680,6432.49,6432.49,6432.49,6432.49,0.712
1541716740,6432.49,6432.49,6432.49,6432.49,0.0953
1541716800,6432.49,6432.49,6432.49,6432.49,0.238
1541716860,6432.49,6432.49,6432.49,6432.49,0.123
1541716920,6432.48,6432.49,6432.49,6432.48,0.0784
1541716980,6432.48,6432.48,6432.48,6432.48,0.01
1541717040,6432.48,6432.49,6432.48,6432.49,0.662
1541717100,6424.89,6432.49,6432.49,6424.89,0.457
1541717160,6424.89,6424.89,6424.89,6424.89,0.0339
1541717220,6424.89,6424.89,6424.89,6424.89,0.378
1541717280,6424.89,6424.89,6424.89,6424.89,0.355
1541717400,6424.89,6424.89,6424.89,6424.89,0.247
1541717460,6424.89,6424.89,6424.89,6424.89,0.0945
1541717520,6424.89,6424.89,6424.89,6424.89,0.349
1541717580,6424.89,6424.89,6424.89,6424.89,0.0189
1541717640,6421.19,6424.88,6424.88,6421.19,1.07
1541717700,6421.18,6421.18,6421.18,6421.18,0.00483
1541717760,6421.18,6421.19,6421.19,6421.18,0.208
1541717820,6414.07,6415.37,6415.37,6414.07,0.0521
1541718540,6413.63,6413.63,6413.63,6413.63,0.00468
1541718900,6407.2,6413.63,6413.63,6407.2,0.17
1541719020,6405.13,6410.0,6410.0,6406.64,0.181
1541719200,6405.11,6405.11,6405.11,6405.11,0.111
1541719320,6405.11,6405.11,6405.11,6405.11,0.0804
1541719440,6405.6,6407.19,6405.6,6406.29,1.1
1541719500,6406.94,6406.94,6406.94,6406.94,0.178
1541719560,6404.02,6405.1,6405.1,6404.02,0.03
1541719680,6401.48,6406.94,6403.16,6406.94,0.162
1541719740,6407.67,6407.68,6407.67,6407.68,0.0298
1541719800,6411.35,6411.35,6411.35,6411.35,0.0659
1541719860,6406.97,6406.97,6406.97,6406.97,0.0854
1541720040,6414.0,6414.0,6414.0,6414.0,0.096
1541720100,6414.0,6416.78,6414.0,6416.78,0.0966
1541720160,6415.27,6415.27,6415.27,6415.27,0.426
1541720220,6414.64,6414.64,6414.64,6414.64,0.155
1541720280,6414.64,6414.64,6414.64,6414.64,0.0775
1541720340,6414.69,6414.69,6414.69,6414.69,0.229
1541720400,6411.39,6414.71,6414.71,6411.39,0.144
1541720460,6411.39,6411.39,6411.39,6411.39,0.0353
1541720520,6411.39,6411.39,6411.39,6411.39,0.0299
1541720580,6411.39,6411.39,6411.39,6411.39,0.102
1541720640,6411.86,6411.86,6411.86,6411.86,0.0554
1541720700,6411.86,6411.86,6411.86,6411.86,0.175
1541720760,6411.86,6411.86,6411.86,6411.86,0.105
1541720820,6411.86,6411.86,6411.86,6411.86,0.127
1541720880,6411.86,6411.86,6411.86,6411.86,0.15
1541720940,6411.86,6411.86,6411.86,6411.86,0.307
1541721000,6406.73,6411.86,6411.86,6408.76,0.716
1541721060,6408.92,6411.73,6408.92,6411.73,0.218
1541721120,6409.91,6409.91,6409.91,6409.91,0.0931
1541721360,6411.2,6411.21,6411.2,6411.2,0.365
1541721420,6411.19,6411.19,6411.19,6411.19,0.024
1541721480,6407.81,6411.84,6407.81,6411.84,0.0637
1541721660,6409.62,6410.27,6410.27,6409.62,0.0647
1541721840,6410.27,6410.27,6410.27,6410.27,0.247
1541721900,6410.27,6411.48,6410.27,6411.48,0.822
1541721960,6412.81,6412.81,6412.81,6412.81,0.137
1541722080,6411.81,6411.81,6411.81,6411.81,0.144
1541722140,6409.0,6413.28,6409.28,6413.28,0.639
1541722200,6413.28,6413.28,6413.28,6413.28,0.0999
1541722260,6413.28,6413.28,6413.28,6413.28,0.0368
1541722320,6413.27,6413.28,6413.28,6413.27,0.172
1541722440,6413.47,6413.47,6413.47,6413.47,0.0521
1541722560,6410.27,6414.55,6414.55,6410.54,4.47
1541722680,6413.77,6413.77,6413.77,6413.77,0.085
1541722740,6411.34,6413.77,6413.77,6411.34,0.388
1541722800,6414.74,6415.0,6414.74,6415.0,0.132
1541722860,6414.41,6415.0,6415.0,6414.41,0.449
1541722920,6413.55,6413.55,6413.55,6413.55,0.0451
1541723280,6414.11,6414.11,6414.11,6414.11,0.139
1541723460,6414.11,6415.0,6414.11,6414.64,0.399
1541723520,6415.0,6415.0,6415.0,6415.0,0.0382
1541723580,6414.67,6415.0,6415.0,6414.67,0.608
1541723640,6412.78,6415.0,6414.67,6415.0,0.29
1541723700,6413.14,6413.14,6413.14,6413.14,0.12
1541723760,6413.99,6413.99,6413.99,6413.99,0.0253
1541723820,6413.04,6413.04,6413.04,6413.04,0.144
1541723940,6412.86,6415.0,6414.0,6412.86,0.121
1541724000,6414.28,6414.28,6414.28,6414.28,0.00784
1541724060,6412.86,6412.86,6412.86,6412.86,0.01
1541724120,6414.02,6414.02,6414.02,6414.02,0.0113
1541724240,6413.88,6413.88,6413.88,6413.88,0.194
1541724300,6412.86,6413.88,6413.88,6412.86,0.734
1541724360,6412.86,6414.54,6412.86,6414.54,0.616
1541724420,6414.54,6414.54,6414.54,6414.54,0.265
1541724480,6415.0,6415.0,6415.0,6415.0,0.0381
1541724540,6414.57,6415.0,6415.0,6414.57,0.472
1541724660,6414.89,6414.98,6414.98,6414.89,0.472
1541724780,6413.87,6415.0,6414.54,6415.0,0.368
1541724840,6414.13,6415.0,6414.13,6414.47,1.42
1541724900,6414.47,6414.47,6414.47,6414.47,0.35
1541725020,6415.0,6415.0,6415.0,6415.0,0.133
1541725320,6413.29,6413.29,6413.29,6413.29,0.571
1541725380,6413.29,6414.5,6413.29,6413.29,1.06
1541725500,6413.29,6413.29,6413.29,6413.29,0.0137
1541725560,6413.29,6413.29,6413.29,6413.29,0.00875
1541725800,6413.6,6413.6,6413.6,6413.6,0.128
1541726160,6413.85,6413.85,6413.85,6413.85,0.414
1541726220,6408.39,6412.85,6412.85,6408.39,2.54
1541726280,6410.31,6410.31,6410.31,6410.31,0.0456
1541726340,6408.41,6411.1,6409.12,6411.1,0.307
1541726400,6409.79,6409.79,6409.79,6409.79,0.0816
1541726460,6409.79,6409.79,6409.79,6409.79,0.195
1541726520,6409.79,6409.79,6409.79,6409.79,0.199
1541726580,6409.79,6409.79,6409.79,6409.79,0.00759
1541726640,6409.44,6411.11,6409.44,6409.55,0.245
1541726700,6409.48,6409.55,6409.55,6409.48,0.146
1541726760,6409.5,6409.5,6409.5,6409.5,0.0663
1541726820,6409.5,6411.03,6409.5,6411.02,0.242
