1544492220,3380.26,3380.26,3380.26,3380.26,0.455
1544492280,3382.45,3382.45,3382.45,3382.45,0.236
1544492520,3384.42,3385.16,3384.42,3385.16,0.0208
1544492700,3380.53,3385.33,3385.33,3380.56,0.0248
1544492760,3381.49,3381.49,3381.49,3381.49,0.148
1544493120,3389.22,3389.22,3389.22,3389.22,0.529
1544493300,3386.34,3386.46,3386.34,3386.46,0.114
1544493360,3386.82,3386.82,3386.82,3386.82,0.0103
1544493420,3391.67,3391.68,3391.68,3391.67,0.002
1544493540,3385.29,3385.29,3385.29,3385.29,0.147
1544493600,3382.08,3382.08,3382.08,3382.08,0.5
1544493840,3374.0,3381.01,3380.9,3381.01,5.11
1544493900,3377.07,3377.07,3377.07,3377.07,0.476
1544493960,3376.22,3376.22,3376.22,3376.22,1.0
1544494320,3381.26,3381.26,3381.26,3381.26,1.03
1544494440,3381.84,3381.84,3381.84,3381.84,0.236
1544494680,3376.23,3376.25,3376.25,3376.23,1.0
1544494860,3375.44,3375.45,3375.44,3375.45,0.002
1544495820,3385.0,3385.0,3385.0,3385.0,0.2
1544495880,3387.67,3387.67,3387.67,3387.67,1.02
1544496120,3387.73,3387.73,3387.73,3387.73,0.105
1544496240,3393.31,3393.31,3393.31,3393.31,0.002
1544496480,3388.01,3388.01,3388.01,3388.01,0.0221
1544496660,3377.77,3385.11,3385.11,3377.77,10.0
1544497260,3384.44,3384.44,3384.44,3384.44,0.704
1544497440,3378.3,3378.31,3378.3,3378.31,0.002
1544497560,3383.9,3383.91,3383.9,3383.91,0.964
1544497680,3383.75,3383.75,3383.75,3383.75,0.002
1544497920,3380.8,3380.81,3380.8,3380.81,0.002
1544498280,3385.88,3385.89,3385.89,3385.88,0.002
1544498400,3377.11,3377.11,3377.11,3377.11,0.106
1544498880,3377.01,3377.02,3377.01,3377.02,0.002
1544499660,3388.59,3388.59,3388.59,3388.59,0.0446
1544499720,3388.58,3388.58,3388.58,3388.58,0.002
1544499840,3384.56,3384.56,3384.56,3384.56,0.002
1544499960,3384.58,3384.58,3384.58,3384.58,0.00694
1544500020,3384.59,3384.6,3384.59,3384.6,0.002
1544500260,3387.75,3387.75,3387.75,3387.75,0.002
1544500440,3382.26,3382.26,3382.26,3382.26,0.0832
1544500680,3380.73,3380.73,3380.73,3380.73,0.001
1544500740,3384.57,3384.57,3384.57,3384.57,0.00166
1544500980,3385.43,3385.43,3385.43,3385.43,0.00473
1544501040,3395.35,3400.0,3395.35,3400.0,0.332
1544501100,3401.09,3406.9,3401.09,3406.89,0.673
1544501580,3400.0,3400.0,3400.0,3400.0,0.5
1544501940,3397.2,3397.2,3397.2,3397.2,0.0824
1544502240,3392.46,3392.47,3392.46,3392.47,0.002
1544502540,3402.35,3402.35,3402.35,3402.35,0.001
1544503260,3406.91,3413.5,3406.91,3413.5,0.143
1544503680,3400.0,3400.0,3400.0,3400.0,0.015
1544504760,3394.48,3394.48,3394.48,3394.48,0.001
1544504940,3403.35,3403.35,3403.35,3403.35,0.001
1544505000,3403.37,3403.38,3403.37,3403.38,0.0804
1544505240,3395.36,3401.87,3395.36,3401.84,0.164
1544505420,3401.54,3401.54,3401.54,3401.54,0.001
1544505480,3369.59,3398.14,3398.14,3369.59,14.36
1544505540,3396.64,3396.64,3396.64,3396.64,0.382
1544505600,3396.48,3402.73,3402.73,3402.08,0.319
1544505720,3396.47,3396.47,3396.47,3396.47,0.147
1544505840,3396.47,3396.47,3396.47,3396.47,0.153
1544505900,3396.45,3396.45,3396.45,3396.45,0.00664
1544505960,3398.93,3398.93,3398.93,3398.93,0.0826
1544506080,3402.18,3402.18,3402.18,3402.18,0.0449
1544506260,3404.37,3404.37,3404.37,3404.37,0.138
1544506500,3402.42,3409.23,3407.27,3408.87,1.04
1544506920,3402.44,3402.44,3402.44,3402.44,0.001
1544507040,3413.49,3416.78,3413.5,3413.49,0.195
1544524620,3376.37,3376.46,3376.37,3376.46,0.322
1544524800,3370.62,3370.62,3370.62,3370.62,0.001
1544524860,3362.96,3366.0,3366.0,3362.96,0.165
1544524920,3362.96,3362.97,3362.97,3362.96,0.0513
1544524980,3362.96,3362.96,3362.96,3362.96,0.00514
1544525040,3352.98,3353.21,3353.21,3352.98,1.01
1544525100,3343.85,3343.85,3343.85,3343.85,0.2
1544525160,3336.42,3336.43,3336.43,3336.42,0.101
1544525280,3330.85,3330.85,3330.85,3330.85,0.001
1544525340,3330.0,3330.0,3330.0,3330.0,0.1
1544525460,3337.75,3337.75,3337.75,3337.75,0.11
1544525820,3340.0,3340.0,3340.0,3340.0,0.1
1544526180,3333.05,3337.94,3333.05,3337.94,0.254
1544526720,3337.98,3337.98,3337.98,3337.98,0.00149
1544526960,3345.28,3345.28,3345.28,3345.28,0.0886
1544527020,3344.69,3344.69,3344.69,3344.69,0.239
1544527140,3345.37,3345.37,3345.37,3345.37,0.001
1544527320,3336.29,3336.29,3336.29,3336.29,0.0274
1544527560,3336.31,3336.31,3336.31,3336.31,0.239
1544527920,3334.63,3334.63,3334.63,3334.63,0.01
1544528100,3333.81,3333.81,3333.81,3333.81,0.01
1544528280,3334.06,3334.38,3334.38,3334.06,0.118
1544528340,3341.46,3342.26,3341.46,3342.26,0.011
1544528820,3343.76,3343.76,3343.76,3343.76,0.22
1544529000,3350.0,3350.0,3350.0,3350.0,0.1
1544529300,3344.23,3344.24,3344.24,3344.23,0.002
1544529540,3344.2,3345.58,3345.58,3344.2,0.244
1544529600,3340.62,3345.02,3345.02,3340.62,0.275
1544529960,3343.77,3343.77,3343.77,3343.77,0.0836
1544530200,3332.24,3332.24,3332.24,3332.24,0.001
1544530620,3336.94,3336.94,3336.94,3336.94,0.001
1544530800,3341.24,3341.24,3341.24,3341.24,0.001
1544531100,3337.05,3337.06,3337.06,3337.05,0.155
1544531460,3344.31,3344.31,3344.31,3344.31,0.3
1544531700,3339.26,3339.26,3339.26,3339.26,0.05
1544531880,3341.7,3341.7,3341.7,3341.7,0.001
1544531940,3331.1,3336.68,3336.68,3331.1,1.24
1544532120,3336.31,3336.31,3336.31,3336.31,0.002
1544532480,3328.55,3328.56,3328.55,3328.56,0.002
1544533260,3335.8,3335.8,3335.8,3335.8,0.239
1544533740,3333.0,3333.38,3333.38,3333.0,7.27
1544533800,3340.73,3340.74,3340.74,3340.73,0.002
1544534040,3341.57,3341.62,3341.57,3341.62,0.27
1544534520,3339.95,3339.97,3339.96,3339.95,0.17
1544534940,3345.17,3345.18,3345.18,3345.17,0.002
1544535000,3345.13,3345.14,3345.14,3345.13,0.002
1544535120,3342.72,3342.72,3342.72,3342.72,0.01
1544535360,3339.28,3339.28,3339.28,3339.28,0.011
1544535420,3338.02,3339.28,3339.28,3338.02,0.157
1544535660,3334.75,3334.75,3334.75,3334.75,0.239
1544536440,3338.03,3338.05,3338.03,3338.05,0.003
1544536500,3340.0,3340.0,3340.0,3340.0,0.05
1544536740,3345.3,3345.3,3345.3,3345.3,0.4
1544536860,3345.27,3345.27,3345.27,3345.27,0.002
1544537040,3338.02,3338.02,3338.02,3338.02,0.0298
1544537220,3336.05,3336.06,3336.05,3336.06,0.002
1544537280,3334.94,3338.51,3334.94,3338.51,0.0602
1544537400,3332.73,3333.14,3333.14,3332.73,2.04
1544537640,3335.24,3335.25,3335.25,3335.24,0.002
1544537820,3317.05,3330.86,3330.86,3317.05,0.46
1544537880,3313.79,3316.35,3313.79,3316.35,0.066
1544537940,3313.0,3322.8,3322.8,3313.0,4.36
1544538120,3309.03,3309.03,3309.03,3309.03,0.001
1544538240,3324.27,3326.87,3324.27,3326.87,0.289
1544538600,3327.01,3327.02,3327.02,3327.01,0.002
1544538660,3314.0,3315.81,3315.81,3314.0,4.83
1544538840,3313.5,3313.76,3313.76,3313.5,0.774
1544538960,3316.49,3319.06,3316.49,3319.06,0.264
1544539080,3319.07,3319.07,3319.07,3319.07,0.00114
1544539320,3317.17,3317.18,3317.17,3317.18,0.002
1544539440,3330.0,3330.0,3330.0,3330.0,0.1
1544539500,3335.63,3344.96,3335.63,3344.96,0.612
1544539980,3338.77,3338.77,3338.77,3338.77,0.002
1544541180,3342.46,3347.69,3342.46,3347.69,4.06
1544541300,3334.2,3334.2,3334.2,3334.2,1.12
1544541360,3336.03,3344.44,3336.03,3344.44,0.322
1544541660,3334.77,3334.77,3334.77,3334.77,0.0914
1544542020,3336.34,3336.34,3336.34,3336.34,0.00383
1544542560,3336.45,3336.45,3336.45,3336.45,0.0598
1544542620,3335.77,3335.77,3335.77,3335.77,0.002
1544542860,3332.0,3332.12,3332.12,3332.0,0.3
1544542920,3334.33,3334.49,3334.33,3334.49,0.104
1544543100,3330.02,3330.02,3330.02,3330.02,0.142
1544543280,3330.0,3330.0,3330.0,3330.0,0.601
1544543340,3325.0,3325.0,3325.0,3325.0,0.00272
1544543640,3325.01,3325.01,3325.01,3325.01,0.001
1544543820,3326.63,3326.64,3326.64,3326.63,0.002
1544543880,3325.0,3325.0,3325.0,3325.0,0.00728
1544544240,3320.74,3320.74,3320.74,3320.74,0.067
1544544360,3318.3,3319.05,3318.3,3319.05,0.0603
1544544540,3301.0,3313.77,3313.77,3301.0,11.31
1544544660,3312.01,3312.02,3312.01,3312.02,0.002
1544544720,3320.71,3320.71,3320.71,3320.71,0.242
1544545020,3328.41,3328.41,3328.41,3328.41,0.144
1544545380,3323.0,3325.5,3323.0,3325.5,0.0798
1544570280,3372.23,3372.23,3372.23,3372.23,0.094
1544570460,3369.11,3369.11,3369.11,3369.11,0.0809
1544570580,3369.11,3369.11,3369.11,3369.11,0.0918
1544571000,3362.25,3362.25,3362.25,3362.25,0.237
1544571120,3360.22,3360.22,3360.22,3360.22,0.00309
1544571660,3345.71,3350.74,3350.74,3345.71,0.84
1544571720,3345.3,3345.3,3345.3,3345.3,0.1
1544571840,3344.71,3344.73,3344.71,3344.73,0.172
1544572080,3340.0,3340.0,3340.0,3340.0,0.15
1544572380,3345.0,3346.5,3345.0,3346.5,1.03
1544572680,3351.32,3351.33,3351.33,3351.32,0.002
1544572800,3345.77,3345.77,3345.77,3345.77,0.149
1544572920,3336.31,3337.86,3337.86,3336.55,0.365
1544572980,3334.0,3335.0,3335.0,3334.0,0.577
1544573100,3333.1,3333.1,3333.1,3333.1,0.268
1544573400,3337.4,3337.4,3337.4,3337.4,0.223
1544573760,3333.11,3333.12,3333.11,3333.12,0.002
1544574060,3330.0,3331.46,3331.46,3330.0,0.202
1544574480,3337.54,3337.54,3337.54,3337.54,0.05
1544574660,3344.71,3344.72,3344.72,3344.71,0.002
1544574720,3337.73,3337.73,3337.73,3337.73,0.239
1544574840,3341.84,3341.84,3341.84,3341.84,0.0492
1544575200,3336.88,3336.89,3336.88,3336.89,0.002
1544575260,3342.88,3342.88,3342.88,3342.88,0.00467
1544575860,3342.7,3342.7,3342.7,3342.7,0.002
1544575920,3342.0,3342.0,3342.0,3342.0,0.657
1544576040,3340.0,3340.0,3340.0,3340.0,0.148
1544576160,3339.95,3339.95,3339.95,3339.95,0.148
1544576220,3338.24,3338.24,3338.24,3338.24,0.0887
1544576340,3332.33,3332.33,3332.33,3332.33,0.29
1544576520,3334.6,3334.6,3334.6,3334.6,0.288
1544577300,3332.22,3332.23,3332.22,3332.23,0.002
1544577480,3327.46,3327.75,3327.75,3327.46,0.269
1544577840,3336.8,3336.81,3336.81,3336.8,0.002
1544578320,3335.94,3337.19,3335.94,3337.19,0.046
1544578500,3336.6,3341.56,3341.56,3336.6,0.0286
1544578980,3335.59,3336.31,3335.59,3336.31,0.627
1544579340,3338.56,3338.56,3338.56,3338.56,0.005
1544579640,3340.64,3340.64,3340.64,3340.64,0.002
1544580840,3336.93,3336.94,3336.93,3336.94,0.002
1544581140,3341.95,3344.63,3344.63,3341.95,0.296
1544581920,3347.6,3347.6,3347.6,3347.6,0.0303
1544582100,3350.08,3350.08,3350.08,3350.08,0.239
1544583420,3339.05,3339.05,3339.05,3339.05,0.00299
1544583540,3340.86,3340.86,3340.86,3340.86,0.00895
1544583660,3346.59,3346.59,3346.59,3346.59,0.239
1544583720,3349.51,3349.51,3349.51,3349.51,0.00887
1544584380,3344.72,3346.2,3346.2,3344.72,0.0405
1544584800,3342.05,3346.24,3342.05,3346.24,0.72
1544586720,3338.64,3338.64,3338.64,3338.64,0.03
1544587200,3339.08,3339.08,3339.08,3339.08,0.00794
1544587500,3336.25,3336.25,3336.25,3336.25,0.15
1544587620,3333.0,3333.0,3333.0,3333.0,0.814
1544590680,3341.83,3341.83,3341.83,3341.83,0.143
1544590740,3341.82,3341.82,3341.82,3341.82,0.0304
1544591100,3341.83,3341.83,3341.83,3341.83,0.671
1544608920,3383.7,3383.7,3383.7,3383.7,0.0206
1544609160,3374.08,3380.19,3380.18,3380.19,3.0
1544609280,3388.63,3395.76,3388.63,3395.76,0.883
1544609400,3395.29,3395.32,3395.32,3395.29,0.344
1544609700,3397.14,3414.38,3397.14,3403.3,0.889
1544609760,3395.82,3403.3,3403.3,3402.42,0.018
1544609820,3402.42,3402.42,3402.42,3402.42,0.00121
1544609880,3402.41,3404.0,3402.41,3404.0,0.102
1544609940,3402.39,3402.39,3402.39,3402.39,0.00826
1544610000,3402.42,3402.42,3402.42,3402.42,0.00125
1544610120,3407.76,3407.76,3407.76,3407.76,0.001
1544610240,3407.74,3407.74,3407.74,3407.74,0.0836
1544610600,3409.94,3409.94,3409.94,3409.94,0.00565
1544610840,3418.53,3418.53,3418.53,3418.53,0.0293
1544611320,3411.53,3411.53,3411.53,3411.53,0.151
1544612040,3411.89,3411.89,3411.89,3411.89,0.0294
1544612220,3414.2,3423.87,3414.2,3423.87,2.97
1544612520,3416.77,3427.78,3416.77,3427.78,0.112
1544612880,3431.03,3434.2,3431.03,3434.2,0.131
1544612940,3434.6,3443.78,3434.6,3443.78,0.43
1544613000,3434.67,3447.31,3444.1,3434.67,0.888
1544613420,3430.64,3430.64,3430.64,3430.64,0.0826
1544613900,3430.0,3430.0,3430.0,3430.0,4.0
1544614020,3430.0,3430.0,3430.0,3430.0,1.47
1544614560,3429.42,3429.42,3429.42,3429.42,1.36
1544615040,3429.43,3429.43,3429.43,3429.43,0.0444
1544615160,3425.55,3429.41,3429.41,3425.55,0.234
1544615640,3418.68,3418.68,3418.68,3418.68,0.079
1544615700,3422.4,3423.17,3422.4,3423.17,0.0823
1544615940,3416.82,3417.21,3417.21,3416.82,0.0583
1544616000,3416.85,3416.85,3416.85,3416.85,0.0781
1544616300,3411.17,3414.38,3414.38,3411.17,0.0887
1544616420,3408.4,3408.53,3408.53,3408.4,0.091
1544616480,3408.4,3408.4,3408.4,3408.4,0.00729
1544616540,3408.0,3408.0,3408.0,3408.0,0.001
1544617080,3406.01,3406.02,3406.01,3406.02,0.0793
1544617440,3409.64,3409.64,3409.64,3409.64,0.0783
1544617500,3409.63,3409.63,3409.63,3409.63,0.002
1544617560,3406.64,3414.05,3409.63,3406.89,0.042
1544617620,3406.0,3406.89,3406.89,3406.01,0.013
1544617680,3406.01,3406.03,3406.01,3406.03,0.014
1544617740,3406.01,3406.76,3406.05,3406.01,0.013
1544617800,3406.0,3406.08,3406.01,3406.02,0.01
1544617920,3406.0,3406.0,3406.0,3406.0,9.33E-4
1544618700,3408.56,3408.56,3408.56,3408.56,0.00131
1544618880,3410.57,3410.57,3410.57,3410.57,0.0343
1544618940,3415.0,3415.0,3415.0,3415.0,0.1
1544619000,3408.22,3411.41,3411.41,3408.22,0.0735
1544619060,3413.48,3413.48,3413.48,3413.48,0.0511
1544619240,3404.22,3404.88,3404.22,3404.88,0.009
1544619300,3405.04,3405.65,3405.04,3405.65,0.0477
1544619480,3385.02,3403.0,3403.0,3385.02,0.527
1544619780,3396.31,3396.31,3396.31,3396.31,0.954
1544619960,3398.27,3398.27,3398.27,3398.27,0.001
1544620080,3393.31,3398.22,3398.22,3393.31,1.04
1544620260,3393.33,3393.34,3393.33,3393.34,0.316
1544620800,3397.03,3397.03,3397.03,3397.03,0.00605
1544620860,3397.03,3397.03,3397.03,3397.03,0.0752
1544620980,3397.08,3397.08,3397.08,3397.08,2.0
1544621400,3397.07,3397.07,3397.07,3397.07,0.0185
1544621580,3397.08,3399.58,3397.08,3399.58,0.00394
1544621700,3406.0,3407.01,3406.0,3407.01,0.0906
1544621760,3402.18,3405.99,3405.99,3402.18,0.00602
1544622060,3407.01,3407.01,3407.01,3407.01,0.0168
1544622120,3407.01,3407.01,3407.01,3407.01,0.0426
1544622180,3407.01,3407.01,3407.01,3407.01,0.0383
1544622360,3407.01,3407.01,3407.01,3407.01,0.0107
1544622480,3407.01,3408.72,3407.01,3408.72,0.405
1544622540,3407.0,3407.0,3407.0,3407.0,1.0
1544622600,3406.24,3406.27,3406.27,3406.24,0.0585
1544622660,3407.9,3407.91,3407.91,3407.9,0.002
1544622720,3405.45,3405.45,3405.45,3405.45,0.0737
1544622780,3408.22,3408.22,3408.22,3408.22,0.0106
1544622960,3405.85,3405.85,3405.85,3405.85,0.0737
1544623020,3404.08,3404.08,3404.08,3404.08,0.0293
1544623140,3400.31,3400.31,3400.31,3400.31,0.0772
1544623320,3401.79,3401.79,3401.79,3401.79,0.235
1544623440,3401.91,3401.91,3401.91,3401.91,0.0254
1544623500,3401.91,3402.0,3401.91,3401.93,0.241
1544623620,3401.94,3402.0,3401.94,3402.0,0.27
1544623680,3405.66,3409.39,3405.66,3409.39,0.263
1544623860,3409.36,3414.38,3409.36,3414.38,0.289
1544623920,3415.19,3415.19,3415.19,3415.19,0.234
1544624520,3416.2,3417.65,3417.2,3416.2,0.0637
1544624580,3414.95,3418.8,3416.36,3415.11,0.904
1544624640,3414.08,3415.12,3415.12,3414.6,0.01
1544624700,3413.01,3414.8,3414.8,3413.29,0.004
1544624760,3413.04,3413.04,3413.04,3413.04,0.003
1544624820,3412.18,3412.2,3412.2,3412.18,0.011
1544624880,3412.18,3412.18,3412.18,3412.18,0.002
1544625060,3415.56,3415.56,3415.56,3415.56,0.248
1544625300,3410.44,3410.44,3410.44,3410.44,0.001
1544625360,3411.35,3420.98,3411.35,3420.98,3.18
1544625840,3409.47,3409.47,3409.47,3409.47,0.0818
1544625900,3412.57,3412.57,3412.57,3412.57,0.0813
1544626200,3410.56,3410.56,3410.56,3410.56,0.001
1544626440,3402.94,3402.94,3402.94,3402.94,0.001
1544626680,3399.87,3399.88,3399.88,3399.87,0.431
1544626860,3390.11,3393.31,3393.31,3390.11,0.839
1544626920,3393.31,3393.31,3393.31,3393.31,0.00713
1544626980,3393.31,3393.31,3393.31,3393.31,0.594
1544627160,3398.26,3400.75,3400.75,3398.26,0.107
1544627220,3393.31,3393.31,3393.31,3393.31,0.087
1544627460,3390.01,3390.01,3390.01,3390.01,0.546
1544627700,3396.08,3396.08,3396.08,3396.08,0.001
1544628300,3390.0,3414.38,3390.0,3414.38,3.35
1544628360,3418.09,3418.8,3418.09,3418.8,1.57
1544628600,3418.49,3455.24,3418.49,3455.24,25.68
1544628660,3455.24,3480.36,3455.24,3480.36,1.16
1544628720,3447.93,3447.93,3447.93,3447.93,0.42
1544628840,3449.76,3449.76,3449.76,3449.76,0.0578
1544628900,3449.76,3451.93,3449.76,3451.93,0.506
1544629020,3440.72,3440.74,3440.74,3440.72,0.0879
1544629080,3443.64,3443.64,3443.64,3443.64,0.001
1544629140,3440.72,3440.72,3440.72,3440.72,6.96E-5
1544653620,3430.0,3430.0,3430.0,3430.0,0.0821
1544654280,3434.97,3441.58,3434.97,3441.58,0.725
1544654400,3431.45,3431.45,3431.45,3431.45,0.331
1544654460,3431.45,3431.45,3431.45,3431.45,0.161
1544654520,3430.0,3431.45,3431.45,3430.0,0.0558
1544654580,3425.78,3425.78,3425.78,3425.78,0.00836
1544654700,3413.0,3425.78,3425.78,3417.26,0.708
1544654760,3417.26,3417.26,3417.26,3417.26,0.043
1544654820,3417.26,3417.26,3417.26,3417.26,0.014
1544654880,3411.17,3411.17,3411.17,3411.17,0.059
1544655180,3409.45,3409.45,3409.45,3409.45,0.234
1544655660,3414.78,3414.78,3414.78,3414.78,0.0219
1544655840,3408.35,3408.37,3408.37,3408.35,0.249
1544656500,3419.19,3423.54,3419.19,3423.54,4.0
1544656620,3416.03,3416.03,3416.03,3416.03,0.00591
1544656800,3421.62,3421.62,3421.62,3421.62,0.0291
1544657160,3422.28,3422.28,3422.28,3422.28,0.0583
1544657460,3420.92,3421.16,3420.92,3421.16,0.561
1544657580,3420.68,3425.1,3420.68,3425.1,3.85
1544657700,3411.92,3411.92,3411.92,3411.92,0.00407
1544657760,3415.03,3415.03,3415.03,3415.03,0.00368
1544658300,3416.34,3416.34,3416.34,3416.34,0.928
1544658360,3416.34,3416.34,3416.34,3416.34,0.0347
1544658780,3416.34,3416.34,3416.34,3416.34,0.0476
1544659320,3432.48,3432.48,3432.48,3432.48,0.244
1544659380,3432.48,3432.48,3432.48,3432.48,0.305
1544659500,3432.49,3432.49,3432.49,3432.49,0.0029
1544659680,3432.48,3432.48,3432.48,3432.48,0.007
1544659740,3432.48,3432.48,3432.48,3432.48,0.0261
1544660580,3428.14,3428.14,3428.14,3428.14,0.00436
1544661480,3421.09,3421.09,3421.09,3421.09,0.0583
1544661720,3422.81,3422.81,3422.81,3422.81,0.106
1544661900,3421.55,3421.55,3421.55,3421.55,0.118
1544662080,3420.0,3420.0,3420.0,3420.0,0.00731
1544662260,3415.31,3415.31,3415.31,3415.31,0.05
1544663700,3409.29,3414.81,3414.81,3409.29,5.1
1544663760,3407.0,3407.0,3407.0,3407.0,0.417
1544664000,3397.25,3397.25,3397.25,3397.25,0.0555
1544664180,3397.01,3397.01,3397.01,3397.01,4.07
1544664240,3384.21,3397.01,3397.01,3384.21,2.28
1544664660,3387.36,3387.36,3387.36,3387.36,0.141
1544665080,3390.16,3390.16,3390.16,3390.16,0.715
1544665140,3390.16,3390.16,3390.16,3390.16,0.308
1544665200,3390.16,3390.16,3390.16,3390.16,0.686
1544665260,3390.16,3390.16,3390.16,3390.16,0.291
1544665920,3390.0,3390.0,3390.0,3390.0,0.125
1544666100,3384.18,3384.18,3384.18,3384.18,0.107
1544666160,3384.18,3384.18,3384.18,3384.18,0.848
1544666220,3384.18,3384.18,3384.18,3384.18,0.0446
1544666280,3384.18,3384.18,3384.18,3384.18,0.745
1544666340,3384.18,3384.18,3384.18,3384.18,0.625
1544666400,3383.94,3384.18,3384.18,3383.94,3.03
1544666640,3380.18,3380.18,3380.18,3380.18,0.0559
1544666820,3381.56,3381.56,3381.56,3381.56,0.0128
1544667180,3384.19,3384.93,3384.19,3384.93,0.07
1544667420,3382.03,3382.03,3382.03,3382.03,0.00681
1544667660,3386.31,3386.31,3386.31,3386.31,0.0363
1544667720,3386.31,3386.31,3386.31,3386.31,0.0754
1544667900,3391.11,3391.11,3391.11,3391.11,0.00559
1544668020,3380.92,3386.31,3386.31,3380.92,1.0
1544668080,3360.34,3380.93,3380.93,3360.34,4.8
1544668320,3380.8,3380.8,3380.8,3380.8,0.131
1544668440,3380.8,3380.8,3380.8,3380.8,0.00542
1544668560,3380.8,3380.8,3380.8,3380.8,0.135
1544669580,3380.8,3380.8,3380.8,3380.8,0.0241
1544669640,3380.8,3380.8,3380.8,3380.8,0.185
1544670840,3373.94,3380.82,3380.82,3373.94,0.031
1544672220,3381.47,3381.47,3381.47,3381.47,0.00964
1544672520,3380.0,3380.0,3380.0,3380.0,0.101
1544672640,3376.44,3376.44,3376.44,3376.44,0.00277
1544673240,3379.0,3379.0,3379.0,3379.0,0.0282
1544673360,3379.0,3379.0,3379.0,3379.0,0.00803
1544673480,3379.0,3379.0,3379.0,3379.0,0.0582
1544673600,3379.0,3379.0,3379.0,3379.0,0.291
1544673720,3379.0,3379.0,3379.0,3379.0,0.053
1544673780,3376.98,3376.98,3376.98,3376.98,0.236
1544674260,3370.88,3370.88,3370.88,3370.88,0.00324
1544692380,3389.56,3396.63,3389.56,3396.63,7.34
1544692560,3380.77,3387.58,3387.58,3380.77,0.0643
1544692860,3385.12,3385.12,3385.12,3385.12,0.124
1544692920,3385.2,3385.2,3385.2,3385.2,0.1
1544693400,3389.88,3393.98,3389.88,3393.98,0.047
1544693580,3389.52,3389.99,3389.52,3389.99,0.021
1544694300,3397.01,3397.02,3397.02,3397.01,0.002
1544694360,3379.4,3389.99,3389.99,3379.4,5.62
1544695380,3375.82,3379.8,3375.82,3379.8,0.164
1544696400,3384.87,3384.87,3384.87,3384.87,4.0
1544697060,3384.85,3384.88,3384.85,3384.88,0.0958
1544697840,3384.85,3384.85,3384.85,3384.85,0.0297
1544700000,3380.0,3380.48,3380.48,3380.0,1.18
1544700060,3367.86,3367.87,3367.87,3367.86,0.278
1544700420,3363.85,3363.88,3363.88,3363.88,0.0326
1544700480,3358.45,3362.02,3362.02,3358.45,0.501
1544700540,3362.44,3362.44,3362.44,3362.44,0.0349
1544700660,3367.09,3367.09,3367.09,3367.09,0.0148
1544700900,3366.31,3366.31,3366.31,3366.31,0.008
1544701680,3361.03,3361.03,3361.03,3361.03,0.237
1544701980,3365.52,3365.52,3365.52,3365.52,0.0148
1544702400,3359.38,3359.39,3359.38,3359.39,0.002
1544702760,3370.0,3370.0,3370.0,3370.0,0.0148
1544703240,3367.87,3367.87,3367.87,3367.87,0.002
1544703420,3367.31,3367.31,3367.31,3367.31,0.205
1544703540,3363.31,3363.37,3363.37,3363.31,0.0596
1544703660,3370.0,3370.0,3370.0,3370.0,0.029
1544703720,3378.34,3402.23,3378.34,3402.23,0.789
1544703780,3397.32,3401.83,3397.32,3401.83,0.345
1544703960,3400.0,3400.0,3400.0,3400.0,0.251
1544704080,3394.29,3394.31,3394.29,3394.31,0.329
1544704380,3402.89,3402.89,3402.89,3402.89,0.002
1544704560,3394.89,3396.41,3396.41,3394.89,1.0
1544705040,3397.01,3397.02,3397.01,3397.02,0.002
1544705340,3397.73,3397.73,3397.73,3397.73,0.00123
1544706060,3410.93,3411.17,3410.93,3411.17,0.089
1544706120,3412.0,3412.0,3412.0,3412.0,2.24
1544706360,3394.63,3399.03,3399.03,3394.63,2.83
1544706780,3398.57,3410.17,3398.57,3408.38,2.55
1544707140,3407.11,3407.12,3407.12,3407.11,0.002
1544707320,3406.23,3406.23,3406.23,3406.23,0.028
1544707440,3402.31,3402.34,3402.34,3402.31,0.455
1544707560,3402.29,3402.29,3402.29,3402.29,0.0367
1544707740,3395.49,3396.71,3396.71,3395.49,1.0
1544708040,3393.0,3393.0,3393.0,3393.0,0.00423
1544708640,3387.0,3391.0,3391.0,3387.0,1.0
1544709960,3387.02,3387.02,3387.02,3387.02,0.001
1544710320,3391.9,3393.86,3391.9,3393.86,0.288
1544710620,3395.1,3396.01,3396.01,3395.1,1.0
1544710860,3394.02,3394.02,3394.02,3394.02,0.0351
1544710920,3398.16,3398.16,3398.16,3398.16,0.001
1544711700,3391.37,3392.02,3392.02,3391.37,1.0
1544712000,3390.03,3390.03,3390.03,3390.03,0.001
1544712300,3393.26,3393.26,3393.26,3393.26,0.00983
1544712600,3389.68,3395.56,3395.56,3389.68,0.53
1544712720,3383.94,3383.96,3383.94,3383.95,0.359
1544732400,3315.74,3315.75,3315.75,3315.74,0.0709
1544732460,3311.33,3311.35,3311.35,3311.33,22.43
1544732520,3274.11,3300.04,3300.04,3275.0,22.29
1544732580,3270.17,3276.21,3270.65,3276.21,0.659
1544732640,3279.94,3279.94,3279.94,3279.94,0.175
1544732700,3279.93,3279.93,3279.93,3279.93,0.0152
1544732820,3276.25,3279.0,3279.0,3276.25,1.26
1544732880,3263.09,3265.15,3265.15,3263.09,1.44
1544732940,3259.14,3264.46,3264.46,3259.14,1.47
1544733000,3250.0,3261.97,3261.97,3250.0,1.5
1544733060,3250.0,3252.72,3250.0,3252.72,0.316
1544733120,3256.89,3256.9,3256.89,3256.9,1.89
1544733180,3259.72,3259.72,3259.72,3259.72,0.00766
1544733240,3269.4,3272.91,3269.4,3272.91,0.0594
1544733360,3273.26,3273.26,3273.26,3273.26,0.0136
1544733420,3263.3,3263.3,3263.3,3263.3,0.471
1544733540,3251.13,3259.33,3259.33,3251.13,0.26
1544733600,3240.0,3245.08,3245.08,3240.0,0.879
1544733660,3225.01,3245.1,3235.04,3242.38,6.68
1544733720,3242.27,3243.61,3243.12,3243.58,0.348
1544733900,3238.19,3240.0,3238.19,3240.0,0.112
1544734080,3250.5,3250.5,3250.5,3250.5,0.092
1544734140,3251.84,3251.87,3251.85,3251.84,0.0458
1544734200,3249.51,3251.0,3251.0,3251.0,0.408
1544734260,3255.96,3256.85,3255.96,3256.84,0.265
1544734320,3251.77,3257.0,3257.0,3251.77,0.365
1544734440,3261.87,3263.09,3263.09,3261.96,0.908
1544734680,3255.39,3255.4,3255.39,3255.4,0.331
1544734800,3246.11,3246.11,3246.11,3246.11,0.177
1544734860,3245.6,3245.6,3245.6,3245.6,0.0691
1544734920,3242.02,3242.02,3242.02,3242.02,0.0518
1544734980,3242.94,3242.95,3242.94,3242.95,0.002
1544735280,3255.45,3255.45,3255.45,3255.45,0.002
1544735460,3266.41,3268.97,3266.41,3268.97,0.496
1544735580,3267.1,3267.1,3267.1,3267.1,0.0634
1544735700,3266.99,3266.99,3266.99,3266.99,0.118
1544735820,3263.1,3263.1,3263.1,3263.1,0.153
1544735880,3259.25,3266.94,3263.67,3266.94,0.766
1544735940,3269.3,3269.3,3269.3,3269.3,0.0259
1544736120,3265.3,3265.31,3265.3,3265.31,0.002
1544736420,3265.72,3268.37,3265.72,3268.36,0.0538
1544736660,3263.7,3263.72,3263.71,3263.72,0.155
1544736720,3262.16,3262.16,3262.16,3262.16,0.0139
1544736900,3257.53,3257.53,3257.53,3257.53,0.001
1544736960,3260.13,3260.13,3260.13,3260.13,0.0658
1544737020,3255.0,3255.0,3255.0,3255.0,0.0154
1544737080,3253.47,3253.47,3253.47,3253.47,0.245
1544737140,3253.13,3258.06,3258.06,3253.13,0.329
1544737320,3250.33,3250.33,3250.33,3250.33,1.0
1544737740,3256.28,3256.28,3256.28,3256.28,0.0459
1544738100,3255.71,3255.71,3255.71,3255.71,0.0708
1544738160,3255.18,3258.09,3255.72,3258.09,2.06
1544738220,3259.99,3260.0,3259.99,3260.0,1.31
1544738460,3262.22,3262.22,3262.22,3262.22,0.0612
1544738520,3261.79,3266.95,3261.8,3266.95,2.31
1544738760,3259.59,3259.59,3259.59,3259.59,0.352
1544738940,3260.3,3260.3,3260.3,3260.3,0.01
1544739180,3260.62,3260.62,3260.62,3260.62,0.00612
1544739300,3260.0,3260.0,3260.0,3260.0,0.00306
1544739420,3258.0,3258.0,3258.0,3258.0,0.0172
1544739780,3261.67,3261.67,3261.67,3261.67,0.0917
1544739900,3261.6,3261.6,3261.6,3261.6,0.001
1544740560,3248.0,3248.0,3248.0,3248.0,0.0301
1544740620,3248.0,3248.0,3248.0,3248.0,0.127
1544740680,3240.34,3248.0,3248.0,3240.34,0.0919
1544740920,3253.14,3260.75,3253.14,3260.75,0.00763
1544741040,3261.96,3280.6,3261.96,3280.6,1.05
1544741460,3255.73,3255.73,3255.73,3255.73,0.001
1544741520,3247.33,3250.08,3250.08,3247.33,0.776
1544741580,3247.32,3248.27,3248.27,3247.4,0.545
1544741640,3247.4,3247.4,3247.4,3247.4,0.791
1544741700,3251.75,3251.75,3251.75,3251.75,0.0303
1544741760,3253.61,3266.24,3253.61,3266.24,0.221
1544741820,3265.91,3265.91,3265.91,3265.91,0.0302
1544742000,3266.26,3266.26,3266.26,3266.26,0.0302
1544742420,3265.97,3266.0,3265.97,3266.0,0.069
1544742540,3258.83,3258.83,3258.83,3258.83,0.11
1544742900,3264.35,3265.76,3264.35,3265.76,0.168
1544743260,3270.0,3270.0,3270.0,3270.0,0.01
1544743320,3273.0,3273.0,3273.0,3273.0,0.01
1544743380,3269.81,3269.81,3269.81,3269.81,0.001
1544743500,3269.0,3269.0,3269.0,3269.0,0.001
1544743560,3265.08,3266.0,3266.0,3265.08,0.268
1544743800,3260.79,3260.79,3260.79,3260.79,0.02
1544743860,3261.7,3261.78,3261.78,3261.7,1.3
1544744040,3256.26,3256.26,3256.26,3256.26,0.0859
1544744160,3257.62,3257.62,3257.62,3257.62,0.0614
1544744220,3256.95,3257.2,3257.2,3256.95,0.0665
1544744580,3260.93,3260.93,3260.93,3260.93,0.001
1544744700,3251.2,3257.17,3257.17,3251.2,1.0
1544744760,3254.52,3266.62,3254.52,3256.37,4.81
1544744880,3262.97,3269.12,3262.97,3269.12,1.02
1544744940,3257.45,3257.46,3257.46,3257.45,1.52
1544745060,3256.93,3256.93,3256.93,3256.93,0.00506
1544745120,3262.19,3262.19,3262.19,3262.19,0.153
1544745180,3256.94,3256.94,3256.94,3256.94,0.0022
1544745600,3261.41,3266.0,3261.41,3266.0,0.273
1544745780,3259.0,3261.38,3259.0,3261.38,0.0302
1544745900,3263.04,3263.04,3263.04,3263.04,0.144
1544745960,3256.36,3256.37,3256.37,3256.36,0.00529
1544746020,3250.0,3250.0,3250.0,3250.0,0.503
1544746260,3242.66,3242.66,3242.66,3242.66,0.126
1544746440,3242.8,3247.9,3247.9,3242.8,0.152
1544746500,3243.32,3244.0,3244.0,3243.32,0.149
1544746620,3230.29,3240.59,3240.59,3230.29,2.47
1544746680,3225.0,3226.01,3225.0,3225.0,2.24
1544746740,3225.02,3230.9,3230.9,3225.02,0.00686
1544746800,3230.32,3231.09,3230.32,3231.09,0.117
1544746920,3232.68,3232.68,3232.68,3232.68,0.001
1544746980,3229.15,3237.04,3237.04,3229.15,0.0022
1544747040,3225.0,3226.77,3226.77,3225.0,0.244
1544747100,3213.0,3225.0,3225.0,3213.0,1.22
1544747160,3200.0,3219.11,3211.01,3219.11,4.05
1544747220,3216.16,3223.56,3216.16,3223.56,0.0253
1544747280,3225.31,3264.1,3225.31,3264.1,2.53
1544747340,3262.65,3289.35,3262.65,3289.35,3.19
1544747400,3284.98,3299.66,3299.66,3284.98,0.113
1544747460,3270.79,3276.39,3270.79,3276.39,0.032
1544747520,3283.41,3283.41,3283.41,3283.41,0.152
1544747640,3278.52,3278.52,3278.52,3278.52,0.0303
1544747700,3272.74,3272.74,3272.74,3272.74,0.11
1544747880,3265.72,3267.74,3265.72,3267.74,0.0396
1544747940,3271.0,3271.0,3271.0,3271.0,0.12
1544748180,3274.23,3278.2,3274.23,3277.8,0.777
1544748240,3277.3,3277.3,3277.3,3277.3,0.02
1544748360,3271.54,3271.62,3271.62,3271.54,0.312
1544748420,3274.36,3274.64,3274.36,3274.64,0.109
1544748540,3273.79,3277.72,3274.89,3277.72,0.121
1544748600,3279.74,3280.97,3279.74,3280.97,0.0611
1544748660,3280.97,3281.03,3280.97,3281.03,4.12
1544748780,3282.85,3282.85,3282.85,3282.85,0.06
1544748840,3283.44,3284.36,3283.44,3284.36,5.46
1544748900,3280.02,3280.02,3280.02,3280.02,0.22
1544748960,3280.0,3280.0,3280.0,3280.0,1.0
1544749020,3279.9,3281.13,3281.13,3279.9,0.0496
1544749200,3278.55,3280.38,3278.55,3280.38,0.0973
1544749380,3277.4,3277.41,3277.4,3277.41,0.002
1544749500,3281.0,3281.77,3281.0,3281.77,0.411
1544749560,3278.46,3278.46,3278.46,3278.46,0.025
1544749680,3279.26,3279.28,3279.26,3279.28,0.488
1544749800,3275.0,3275.71,3275.7,3275.0,0.268
1544749860,3272.91,3272.91,3272.91,3272.91,0.0691
1544749920,3273.36,3273.36,3273.36,3273.36,0.24
1544750280,3273.89,3273.91,3273.91,3273.89,1.08
1544750340,3278.14,3278.14,3278.14,3278.14,0.002
1544750580,3271.0,3273.31,3271.02,3273.31,0.0178
1544750640,3271.0,3271.0,3271.0,3271.0,0.00988
1544750760,3275.0,3275.0,3275.0,3275.0,0.001
1544750940,3275.01,3275.01,3275.01,3275.01,0.0438
1544751180,3275.0,3275.0,3275.0,3275.0,0.0044
1544751420,3271.44,3271.44,3271.44,3271.44,0.268
1544751600,3271.33,3271.33,3271.33,3271.33,0.00322
1544751840,3272.99,3273.54,3273.54,3273.0,0.492
1544751900,3272.96,3273.0,3272.96,3273.0,0.241
1544751960,3272.97,3273.0,3273.0,3273.0,0.576
1544752380,3276.0,3276.47,3276.47,3276.0,0.124
1544752560,3275.9,3275.9,3275.9,3275.9,0.119
1544752920,3271.0,3271.33,3271.33,3271.0,6.14
1544753220,3258.19,3263.09,3263.09,3258.19,0.0711
1544753280,3257.0,3261.99,3261.99,3257.0,0.0375
