1545177600,1.0,1.01,1.0,1.01,10.0
1545264000,0.995,1.006,0.998,1.000005,2964.43
1545350400,0.99777,1.000005,1.000005,1.000005,11854.76
1545436800,1.0,1.000005,1.000004,1.000005,11122.83
1545523200,0.998,1.000005,1.000004,0.998,131548.6
1545609600,0.995,0.998,0.997999,0.996488,52081.58
1545696000,0.9979,0.998001,0.998,0.9979,17657.92
1545782400,0.995,0.99801,0.998001,0.996,23725.0
1545868800,0.995,0.9961,0.996001,0.996,54397.21
1545955200,0.9961,0.999899,0.9961,0.998999,109725.66
1546041600,0.998999,0.999,0.998999,0.998999,65474.88
1546128000,0.998999,0.999,0.998999,0.998999,121626.5
1546214400,0.998999,0.999,0.998999,0.998999,116275.24
1546300800,0.998999,0.999,0.998999,0.998999,96534.6
1546387200,0.998999,0.999,0.999,0.998999,287096.39
1546473600,0.995001,0.999,0.998999,0.995001,205823.17
1546560000,0.995,0.995501,0.995501,0.9955,63056.12
1546646400,0.995501,0.999,0.995501,0.998999,275948.36
1546732800,0.995001,0.999,0.998999,0.9955,170076.81
1546819200,0.995,0.99889,0.9955,0.9968,83830.29
1546905600,0.996,0.996999,0.996999,0.996,20850.0
1546992000,0.9955,0.9955,0.9955,0.9955,47828.21
