1544459400,0.04797,0.047973,0.047973,0.04797,12590.0
1544460300,0.049549,0.074299,0.074299,0.049549,156.0
1544461200,0.0485,0.04955,0.04955,0.048502,7765.0
1544462100,0.048502,0.048507,0.048507,0.048503,24790.0
1544463000,0.049295,0.0493,0.049295,0.0493,11290.0
1544464800,0.0485,0.049299,0.049299,0.0485,34974.0
1544465700,0.048,0.048801,0.048801,0.048,10677.0
1544467500,0.04888,0.048888,0.048888,0.04888,36416.0
1544469300,0.048,0.048,0.048,0.048,200.0
1544470200,0.047,0.047414,0.047414,0.047,162.0
1544472000,0.048261,0.048261,0.048261,0.048261,615.0
1544473800,0.04798,0.047984,0.047984,0.04798,121.0
