1549402500,3.83,3.84,3.84,3.83,39.19
1549402800,3.83,3.84,3.84,3.83,138.69
1549403100,3.83,3.84,3.83,3.83,72.85
1549403400,3.83,3.84,3.83,3.83,266.79
1549403700,3.83,3.84,3.83,3.84,21.31
1549404000,3.83,3.84,3.83,3.84,128.11
1549404300,3.84,3.84,3.84,3.84,10.07
1549404600,3.83,3.84,3.84,3.83,96.7
1549404900,3.84,3.84,3.84,3.84,41.23
1549405200,3.83,3.84,3.84,3.84,61.75
1549405500,3.83,3.84,3.84,3.84,159.52
1549405800,3.83,3.84,3.84,3.84,67.84
1549406100,3.83,3.84,3.84,3.84,28.09
1549406400,3.82,3.85,3.83,3.82,800.24
1549406700,3.82,3.83,3.83,3.83,157.93
1549407300,3.83,3.85,3.83,3.84,1497.18
1549407600,3.83,3.84,3.84,3.83,41.08
1549407900,3.83,3.84,3.83,3.84,647.57
1549408200,3.84,3.84,3.84,3.84,33.69
1549408500,3.83,3.84,3.83,3.84,331.64
1549408800,3.83,3.84,3.84,3.84,142.03
1549409100,3.84,3.84,3.84,3.84,13.87
1549409400,3.84,3.84,3.84,3.84,30.17
1549409700,3.83,3.84,3.84,3.84,54.89
1549410000,3.83,3.84,3.84,3.83,53.01
1549410300,3.83,3.84,3.83,3.84,31.9
1549410600,3.84,3.85,3.84,3.84,369.43
1549410900,3.84,3.84,3.84,3.84,44.52
1549411200,3.84,3.84,3.84,3.84,8.06
1549411500,3.82,3.84,3.84,3.83,1135.72
1549411800,3.82,3.83,3.83,3.82,107.15
1549412100,3.83,3.83,3.83,3.83,24.95
1549412700,3.82,3.83,3.83,3.83,119.67
1549413000,3.82,3.83,3.82,3.83,32.07
1549413300,3.83,3.83,3.83,3.83,5.0
1549413600,3.82,3.83,3.82,3.83,55.65
1549413900,3.82,3.83,3.83,3.82,237.39
1549414200,3.82,3.83,3.82,3.83,200.3
1549414500,3.82,3.83,3.82,3.83,36.52
1549414800,3.82,3.83,3.82,3.83,273.6
1549415100,3.82,3.83,3.82,3.83,206.72
1549415400,3.82,3.82,3.82,3.82,769.8
1549415700,3.74,3.81,3.81,3.78,6073.43
1549416000,3.71,3.77,3.77,3.73,2957.1
1549416300,3.73,3.74,3.73,3.74,2015.02
1549416600,3.72,3.74,3.73,3.74,1517.02
1549416900,3.73,3.74,3.74,3.73,170.28
1549417200,3.69,3.73,3.72,3.69,1824.33
1549417500,3.69,3.7,3.69,3.69,2588.53
1549417800,3.69,3.7,3.7,3.69,446.58
1549418100,3.68,3.71,3.69,3.71,4843.84
1549418400,3.71,3.71,3.71,3.71,73.32
1549418700,3.7,3.72,3.71,3.71,740.25
1549419000,3.71,3.72,3.71,3.72,277.9
1549419300,3.7,3.72,3.71,3.71,997.13
1549419600,3.71,3.71,3.71,3.71,139.11
1549419900,3.7,3.71,3.71,3.7,10.5
1549420200,3.71,3.73,3.71,3.72,5549.93
1549420500,3.71,3.72,3.72,3.71,19.35
1549420800,3.72,3.72,3.72,3.72,12.41
1549421100,3.72,3.72,3.72,3.72,117.94
1549421400,3.71,3.71,3.71,3.71,5.42
1549421700,3.71,3.73,3.72,3.72,459.81
1549422000,3.72,3.73,3.72,3.73,1141.36
1549422300,3.7,3.73,3.73,3.72,928.57
1549422600,3.71,3.72,3.72,3.72,532.84
1549422900,3.72,3.72,3.72,3.72,23.52
1549423200,3.71,3.72,3.72,3.71,392.13
1549423500,3.7,3.71,3.71,3.7,374.25
1549423800,3.69,3.7,3.7,3.69,554.77
1549424100,3.68,3.69,3.69,3.69,137.65
1549424400,3.68,3.69,3.69,3.68,16.01
1549424700,3.68,3.69,3.69,3.69,25.84
1549425000,3.68,3.69,3.69,3.69,407.86
1549425300,3.69,3.69,3.69,3.69,54.5
1549425600,3.67,3.69,3.69,3.68,1207.34
1549425900,3.67,3.68,3.68,3.67,213.61
1549426200,3.67,3.68,3.68,3.68,262.94
1549426500,3.67,3.69,3.68,3.69,625.4
1549426800,3.69,3.69,3.69,3.69,419.09
1549427100,3.68,3.69,3.68,3.69,73.04
1549427400,3.68,3.69,3.69,3.69,130.35
1549427700,3.68,3.69,3.68,3.68,165.48
1549428000,3.68,3.69,3.69,3.68,402.95
1549428300,3.69,3.7,3.69,3.69,1141.0
1549428600,3.69,3.75,3.7,3.69,9810.98
1549428900,3.69,3.69,3.69,3.69,66.07
1549429200,3.68,3.69,3.68,3.69,143.98
1549429500,3.69,3.69,3.69,3.69,1.85
1549429800,3.69,3.69,3.69,3.69,63.9
1549430100,3.69,3.69,3.69,3.69,2.0
1549430400,3.68,3.69,3.68,3.69,37.62
1549430700,3.68,3.69,3.69,3.68,24.37
1549431000,3.68,3.69,3.69,3.68,148.7
1549431300,3.69,3.69,3.69,3.69,112.09
1549431600,3.68,3.69,3.69,3.69,183.04
1549431900,3.69,3.69,3.69,3.69,4.99
1549432200,3.69,3.69,3.69,3.69,299.77
1549432500,3.69,3.69,3.69,3.69,39.64
1549433100,3.68,3.69,3.69,3.68,230.45
1549433400,3.69,3.69,3.69,3.69,2.0
1549433700,3.68,3.68,3.68,3.68,30.0
1549434000,3.69,3.69,3.69,3.69,14.68
1549434300,3.69,3.69,3.69,3.69,53.12
1549434600,3.69,3.69,3.69,3.69,1.08
1549435200,3.69,3.69,3.69,3.69,15.37
1549435500,3.68,3.68,3.68,3.68,38.23
1549435800,3.69,3.69,3.69,3.69,445.89
1549436400,3.7,3.7,3.7,3.7,27.32
1549436700,3.7,3.71,3.7,3.7,415.15
1549437000,3.7,3.71,3.71,3.71,96.92
1549437300,3.71,3.71,3.71,3.71,6.6
1549437900,3.7,3.71,3.7,3.71,47.08
1549438200,3.7,3.71,3.71,3.7,102.64
1549438500,3.71,3.71,3.71,3.71,8.72
1549439100,3.71,3.71,3.71,3.71,3.62
1549439400,3.71,3.71,3.71,3.71,134.06
1549439700,3.7,3.71,3.7,3.71,405.24
1549440000,3.7,3.7,3.7,3.7,18.22
1549440300,3.7,3.7,3.7,3.7,4.82
1549441200,3.7,3.7,3.7,3.7,81.49
1549441800,3.7,3.7,3.7,3.7,119.52
1549442100,3.7,3.71,3.7,3.71,11.48
1549442400,3.7,3.7,3.7,3.7,7.0
1549442700,3.71,3.71,3.71,3.71,15.29
1549443000,3.71,3.71,3.71,3.71,0.727
1549443300,3.71,3.71,3.71,3.71,32.99
1549443900,3.71,3.71,3.71,3.71,45.0
1549444500,3.71,3.71,3.71,3.71,10.19
1549444800,3.71,3.71,3.71,3.71,3.0
1549445400,3.69,3.7,3.7,3.69,323.09
1549445700,3.69,3.69,3.69,3.69,6.24
1549446000,3.69,3.69,3.69,3.69,53.12
1549446600,3.69,3.69,3.69,3.69,735.5
1549446900,3.69,3.69,3.69,3.69,4.99
1549447500,3.68,3.68,3.68,3.68,9.17
1549447800,3.68,3.68,3.68,3.68,29.77
1549448700,3.69,3.69,3.69,3.69,0.143
1549449300,3.69,3.69,3.69,3.69,4.59
1549449900,3.67,3.69,3.69,3.67,1955.45
1549450200,3.63,3.66,3.66,3.64,1370.95
1549450500,3.63,3.64,3.63,3.64,83.05
1549450800,3.63,3.63,3.63,3.63,99.95
1549451100,3.63,3.64,3.63,3.64,951.13
1549451400,3.63,3.64,3.64,3.64,148.67
1549452000,3.63,3.64,3.63,3.64,13.11
1549452300,3.64,3.64,3.64,3.64,314.56
1549452600,3.64,3.64,3.64,3.64,0.276
1549452900,3.63,3.64,3.64,3.63,187.34
1549453200,3.64,3.64,3.64,3.64,26.52
1549453500,3.64,3.65,3.64,3.65,619.99
1549453800,3.64,3.65,3.65,3.65,150.4
1549454100,3.64,3.65,3.64,3.65,59.0
1549454700,3.64,3.65,3.64,3.65,331.0
1549455000,3.66,3.66,3.66,3.66,53.7
1549455300,3.65,3.7,3.66,3.68,1438.77
1549455600,3.68,3.68,3.68,3.68,64.21
1549455900,3.67,3.68,3.67,3.68,48.8
1549456200,3.68,3.68,3.68,3.68,2.71
1549456500,3.68,3.68,3.68,3.68,26.23
1549456800,3.67,3.68,3.67,3.68,17.65
1549457100,3.68,3.68,3.68,3.68,129.09
1549457400,3.67,3.68,3.67,3.67,29.36
1549457700,3.67,3.68,3.67,3.68,17.47
1549458000,3.68,3.68,3.68,3.68,22.86
1549458300,3.68,3.68,3.68,3.68,19.91
1549458600,3.68,3.68,3.68,3.68,5.73
1549458900,3.67,3.68,3.68,3.67,35.37
1549459200,3.67,3.68,3.67,3.67,79.94
1549459500,3.66,3.67,3.67,3.67,344.73
1549459800,3.66,3.67,3.66,3.67,44.06
1549460100,3.67,3.67,3.67,3.67,39.3
1549460700,3.67,3.67,3.67,3.67,17.32
1549461000,3.66,3.67,3.67,3.67,44.93
1549461300,3.66,3.67,3.66,3.67,72.95
1549461900,3.66,3.66,3.66,3.66,0.898
1549462200,3.67,3.67,3.67,3.67,57.68
1549462500,3.67,3.67,3.67,3.67,127.62
1549462800,3.67,3.67,3.67,3.67,23.88
1549463100,3.66,3.67,3.67,3.67,163.51
1549463400,3.66,3.67,3.66,3.67,73.18
1549463700,3.66,3.66,3.66,3.66,9.81
