1546181100,5.19,5.2,5.19,5.2,52.39
1546181400,5.19,5.2,5.19,5.19,98.0
1546181700,5.19,5.2,5.2,5.2,85.13
1546182000,5.2,5.22,5.2,5.22,486.27
1546182300,5.2,5.22,5.21,5.21,99.81
1546182600,5.2,5.21,5.21,5.21,25.36
1546182900,5.19,5.21,5.21,5.2,132.13
1546183200,5.2,5.23,5.2,5.23,120.96
1546183500,5.22,5.23,5.22,5.23,11.42
1546183800,5.23,5.23,5.23,5.23,21.25
1546184100,5.21,5.22,5.22,5.21,158.47
1546184400,5.21,5.22,5.22,5.22,60.42
1546184700,5.21,5.22,5.21,5.21,267.77
1546185000,5.22,5.22,5.22,5.22,11.79
1546185300,5.21,5.22,5.22,5.22,212.48
1546185600,5.21,5.23,5.21,5.23,11.76
1546185900,5.22,5.23,5.23,5.23,71.51
1546186200,5.23,5.23,5.23,5.23,15.05
1546186500,5.22,5.23,5.23,5.23,39.73
1546186800,5.23,5.23,5.23,5.23,14.99
1546187100,5.22,5.23,5.23,5.22,97.28
1546187400,5.2,5.22,5.22,5.21,449.77
1546187700,5.2,5.2,5.2,5.2,13.24
1546188000,5.19,5.21,5.2,5.19,60.99
1546188300,5.19,5.2,5.2,5.2,21.77
1546188600,5.19,5.21,5.19,5.21,84.02
1546188900,5.2,5.21,5.21,5.2,80.37
1546189200,5.2,5.22,5.2,5.22,140.22
1546189500,5.22,5.22,5.22,5.22,104.71
1546189800,5.21,5.22,5.22,5.22,113.8
1546190100,5.2,5.22,5.22,5.2,158.69
1546190400,5.21,5.22,5.21,5.21,84.04
1546190700,5.21,5.22,5.21,5.21,140.22
1546191000,5.21,5.22,5.21,5.22,20.81
1546191300,5.21,5.22,5.21,5.21,437.87
1546191600,5.21,5.22,5.22,5.22,60.01
1546191900,5.21,5.22,5.21,5.22,54.49
1546192200,5.2,5.22,5.22,5.2,255.43
1546192500,5.2,5.21,5.2,5.21,207.31
1546192800,5.2,5.21,5.21,5.21,120.68
1546193100,5.21,5.22,5.21,5.21,39.75
1546193400,5.21,5.22,5.22,5.22,334.36
1546193700,5.19,5.21,5.21,5.19,186.2
1546194000,5.18,5.2,5.18,5.2,148.55
1546194300,5.19,5.19,5.19,5.19,345.34
1546194600,5.18,5.19,5.19,5.18,555.15
1546194900,5.17,5.18,5.18,5.17,71.3
1546195200,5.18,5.18,5.18,5.18,149.62
1546195500,5.18,5.21,5.19,5.21,427.18
1546195800,5.2,5.22,5.21,5.22,107.84
1546196100,5.21,5.22,5.22,5.22,73.92
1546196400,5.21,5.22,5.22,5.22,211.01
1546196700,5.21,5.22,5.21,5.22,80.6
1546197000,5.21,5.22,5.21,5.22,81.51
1546197300,5.22,5.22,5.22,5.22,24.2
1546197600,5.21,5.22,5.22,5.22,54.26
1546197900,5.21,5.22,5.22,5.22,27.82
1546198200,5.2,5.22,5.22,5.2,631.41
1546198500,5.2,5.22,5.2,5.22,99.7
1546198800,5.22,5.23,5.22,5.23,422.72
1546199100,5.21,5.23,5.23,5.23,164.53
1546199400,5.15,5.22,5.22,5.2,1574.67
1546199700,5.17,5.2,5.2,5.19,2293.73
1546200000,5.17,5.2,5.19,5.2,977.66
1546200300,5.21,5.21,5.21,5.21,524.0
1546200600,5.19,5.21,5.21,5.21,1331.33
1546200900,5.2,5.21,5.21,5.2,295.55
1546201200,5.21,5.22,5.21,5.22,343.89
1546201500,5.22,5.22,5.22,5.22,7.63
1546201800,5.22,5.25,5.22,5.25,946.55
1546202100,5.23,5.24,5.24,5.24,28.97
1546202400,5.24,5.25,5.24,5.25,228.78
1546202700,5.24,5.24,5.24,5.24,127.87
1546203000,5.22,5.24,5.23,5.23,548.81
1546203300,5.22,5.23,5.23,5.22,11.39
1546203600,5.22,5.26,5.22,5.23,5064.98
1546203900,5.23,5.23,5.23,5.23,3.96
1546204200,5.21,5.22,5.22,5.21,154.15
1546204500,5.22,5.23,5.22,5.23,122.39
1546204800,5.23,5.27,5.23,5.27,736.78
1546205100,5.24,5.28,5.27,5.24,2141.9
1546205400,5.25,5.25,5.25,5.25,13.2
1546205700,5.23,5.25,5.25,5.23,362.61
1546206000,5.21,5.24,5.22,5.21,784.06
1546206300,5.21,5.23,5.22,5.23,214.62
1546206600,5.22,5.23,5.22,5.23,5.78
1546206900,5.23,5.24,5.23,5.24,247.18
1546207200,5.23,5.24,5.24,5.24,106.08
1546207500,5.21,5.24,5.24,5.21,172.45
1546207800,5.2,5.22,5.22,5.2,1152.7
1546208100,5.2,5.21,5.2,5.2,425.51
1546208400,5.21,5.22,5.21,5.22,208.18
1546208700,5.21,5.22,5.21,5.21,516.31
1546209000,5.21,5.23,5.21,5.23,181.78
1546209300,5.23,5.24,5.23,5.23,541.4
1546209600,5.23,5.24,5.24,5.24,73.46
1546209900,5.22,5.23,5.23,5.23,75.32
1546210200,5.23,5.23,5.23,5.23,36.15
1546210500,5.22,5.23,5.23,5.23,96.61
1546210800,5.23,5.23,5.23,5.23,149.97
1546211100,5.23,5.24,5.23,5.23,95.37
1546211400,5.22,5.23,5.23,5.22,111.77
1546211700,5.22,5.23,5.22,5.23,27.92
1546212000,5.22,5.23,5.23,5.22,50.52
1546212300,5.21,5.23,5.22,5.21,1418.37
1546212600,5.2,5.21,5.2,5.2,54.3
1546212900,5.21,5.28,5.21,5.27,1968.05
1546213200,5.25,5.26,5.26,5.25,369.54
1546213500,5.25,5.26,5.25,5.26,51.13
1546213800,5.24,5.26,5.26,5.24,319.24
1546214100,5.24,5.25,5.24,5.25,142.62
1546214400,5.24,5.25,5.25,5.24,1588.17
1546214700,5.25,5.28,5.25,5.28,843.19
1546215000,5.27,5.27,5.27,5.27,158.69
1546215300,5.25,5.27,5.27,5.26,479.77
1546215600,5.26,5.27,5.26,5.26,343.91
1546215900,5.25,5.26,5.26,5.26,37.3
1546216200,5.25,5.26,5.26,5.25,292.64
1546216500,5.25,5.27,5.26,5.27,69.36
1546216800,5.27,5.27,5.27,5.27,6.04
1546217100,5.25,5.27,5.27,5.25,1053.66
1546217400,5.24,5.25,5.25,5.24,325.88
1546217700,5.23,5.25,5.24,5.25,238.37
1546218000,5.2,5.24,5.24,5.21,2315.29
1546218300,5.15,5.22,5.2,5.2,1331.37
1546218600,5.2,5.21,5.2,5.21,238.33
1546218900,5.2,5.2,5.2,5.2,753.77
1546219200,5.2,5.21,5.21,5.21,404.94
1546219500,5.2,5.21,5.21,5.21,42.39
1546219800,5.17,5.2,5.2,5.17,609.08
1546220100,5.17,5.17,5.17,5.17,43.66
1546220400,5.17,5.18,5.18,5.18,684.76
1546220700,5.18,5.18,5.18,5.18,5.68
1546221000,5.17,5.18,5.18,5.18,152.74
1546221300,5.17,5.18,5.17,5.17,5.61
1546221600,5.17,5.18,5.18,5.18,282.46
1546221900,5.17,5.18,5.18,5.17,10.62
1546222200,5.17,5.18,5.17,5.18,194.16
1546222500,5.16,5.17,5.17,5.16,889.0
1546222800,5.16,5.17,5.17,5.17,120.09
1546223100,5.16,5.17,5.17,5.17,50.95
1546223400,5.16,5.17,5.16,5.16,854.57
1546223700,5.15,5.16,5.16,5.16,311.53
1546224000,5.15,5.16,5.16,5.15,385.21
1546224300,5.13,5.15,5.15,5.14,174.36
1546224600,5.13,5.14,5.14,5.14,291.67
1546224900,5.09,5.13,5.13,5.09,1091.22
1546225200,5.09,5.1,5.09,5.09,123.46
1546225500,5.09,5.11,5.1,5.1,398.42
1546225800,5.11,5.14,5.11,5.14,1584.63
1546226100,5.13,5.14,5.14,5.14,20.14
1546226400,5.13,5.14,5.13,5.13,144.78
1546226700,5.14,5.14,5.14,5.14,40.14
1546227000,5.13,5.14,5.13,5.13,259.37
1546227300,5.13,5.14,5.14,5.13,357.19
1546227600,5.13,5.14,5.13,5.13,429.94
1546227900,5.14,5.14,5.14,5.14,17.85
1546228200,5.13,5.14,5.14,5.14,123.16
1546228500,5.13,5.14,5.13,5.13,360.91
1546228800,5.13,5.14,5.13,5.13,1261.58
1546229100,5.13,5.14,5.14,5.14,44.44
1546229400,5.13,5.15,5.14,5.15,415.63
1546229700,5.13,5.14,5.14,5.13,207.58
1546230000,5.13,5.14,5.14,5.13,160.11
1546230300,5.12,5.14,5.14,5.12,659.23
1546230600,5.11,5.12,5.12,5.11,1103.9
1546230900,5.11,5.13,5.12,5.13,290.53
1546231200,5.12,5.13,5.12,5.13,4.35
1546231500,5.12,5.14,5.12,5.13,2093.71
1546231800,5.14,5.14,5.14,5.14,32.82
1546232100,5.12,5.14,5.14,5.12,1060.0
1546232400,5.11,5.12,5.11,5.12,316.19
1546232700,5.12,5.12,5.12,5.12,37.71
1546233000,5.12,5.13,5.12,5.13,421.45
1546233300,5.12,5.13,5.12,5.12,95.82
1546233600,5.13,5.13,5.13,5.13,24.07
1546233900,5.12,5.14,5.13,5.14,194.47
1546234200,5.13,5.14,5.14,5.13,67.23
1546234500,5.12,5.14,5.14,5.12,135.27
1546234800,5.12,5.13,5.12,5.13,5.95
1546235100,5.13,5.13,5.13,5.13,71.7
1546235400,5.12,5.13,5.12,5.13,102.51
1546235700,5.12,5.13,5.12,5.12,220.57
1546236000,5.12,5.13,5.13,5.12,307.81
1546236300,5.12,5.12,5.12,5.12,0.98
1546236600,5.12,5.13,5.12,5.13,75.09
1546236900,5.14,5.14,5.14,5.14,34.64
1546237200,5.14,5.14,5.14,5.14,58.38
1546237500,5.13,5.14,5.14,5.13,23.85
1546237800,5.13,5.14,5.14,5.14,28.74
1546238100,5.14,5.14,5.14,5.14,89.36
1546238400,5.13,5.14,5.14,5.14,48.37
1546238700,5.13,5.14,5.14,5.14,126.2
1546239000,5.13,5.14,5.13,5.14,13.81
1546239300,5.14,5.14,5.14,5.14,66.18
1546239600,5.14,5.14,5.14,5.14,7.36
1546239900,5.13,5.14,5.13,5.14,50.85
1546240200,5.14,5.15,5.15,5.14,60.44
1546240500,5.15,5.15,5.15,5.15,34.78
1546241100,5.16,5.16,5.16,5.16,32.11
1546241400,5.15,5.16,5.16,5.16,181.01
1546241700,5.15,5.15,5.15,5.15,133.63
1546242000,5.14,5.15,5.14,5.15,66.89
1546242300,5.14,5.15,5.14,5.14,113.2
1546242600,5.14,5.15,5.15,5.14,31.15
1546242900,5.15,5.15,5.15,5.15,55.17
1546243200,5.14,5.14,5.14,5.14,8.99
1546243500,5.15,5.15,5.15,5.15,18.45
1546243800,5.15,5.15,5.15,5.15,12.85
1546244100,5.14,5.15,5.15,5.14,105.28
1546244400,5.15,5.15,5.15,5.15,8.99
1546245300,5.15,5.15,5.15,5.15,4.54
1546245600,5.15,5.15,5.15,5.15,52.0
1546245900,5.15,5.15,5.15,5.15,3.58
1546246200,5.14,5.14,5.14,5.14,21.03
1546246500,5.14,5.15,5.15,5.15,94.5
1546246800,5.14,5.15,5.15,5.14,120.64
1546247100,5.14,5.14,5.14,5.14,105.42
1546247700,5.13,5.13,5.13,5.13,210.29
1546248000,5.13,5.14,5.13,5.14,45.79
1546248300,5.13,5.13,5.13,5.13,100.0
1546248600,5.13,5.14,5.14,5.13,3.52
1546248900,5.14,5.17,5.14,5.17,602.32
1546249200,5.17,5.18,5.17,5.18,7.02
1546249500,5.18,5.2,5.18,5.2,323.69
1546249800,5.19,5.2,5.2,5.19,4.54
1546250100,5.19,5.2,5.19,5.2,34.87
1546250400,5.2,5.2,5.2,5.2,9.19
1546250700,5.19,5.2,5.19,5.2,21.48
1546251000,5.19,5.2,5.19,5.2,6.95
1546251300,5.19,5.19,5.19,5.19,15.42
1546251900,5.19,5.19,5.19,5.19,1.74
1546252200,5.2,5.2,5.2,5.2,13.78
1546252500,5.19,5.19,5.19,5.19,13.91
1546252800,5.19,5.2,5.19,5.19,33.56
1546253100,5.2,5.2,5.2,5.2,40.4
1546253400,5.2,5.2,5.2,5.2,10.0
1546253700,5.17,5.19,5.19,5.17,1410.89
1546254000,5.17,5.18,5.17,5.18,28.26
1546254300,5.15,5.17,5.17,5.15,736.07
1546254600,5.09,5.13,5.09,5.12,542.27
1546254900,5.12,5.12,5.12,5.12,256.19
1546255500,5.11,5.12,5.12,5.11,6.12
1546255800,5.12,5.12,5.12,5.12,25.0
1546256100,5.12,5.12,5.12,5.12,0.5
1546256400,5.11,5.13,5.13,5.12,1523.56
1546256700,5.11,5.12,5.11,5.12,66.33
1546257000,5.11,5.12,5.12,5.11,115.15
1546257300,5.12,5.12,5.12,5.12,6.47
1546257600,5.12,5.12,5.12,5.12,3.69
1546257900,5.12,5.13,5.12,5.12,640.75
1546258200,5.13,5.14,5.13,5.14,65.55
1546258800,5.13,5.14,5.14,5.13,21.33
1546259100,5.13,5.14,5.14,5.14,41.49
1546259400,5.13,5.14,5.14,5.13,201.87
1546259700,5.14,5.14,5.14,5.14,47.43
1546260000,5.13,5.14,5.14,5.13,5.53
1546260300,5.13,5.14,5.14,5.13,4.04
1546260600,5.14,5.14,5.14,5.14,14.16
1546260900,5.13,5.14,5.14,5.13,111.82
1546261500,5.13,5.15,5.14,5.15,303.25
1546261800,5.14,5.14,5.14,5.14,20.0
1546262100,5.14,5.15,5.15,5.14,176.54
1546262400,5.12,5.14,5.14,5.12,197.67
1546262700,5.13,5.13,5.13,5.13,241.87
1546263000,5.11,5.13,5.13,5.11,332.33
1546263300,5.12,5.13,5.12,5.13,14.2
1546263600,5.13,5.14,5.13,5.14,90.45
1546263900,5.12,5.13,5.13,5.12,169.68
1546264200,5.12,5.13,5.12,5.13,95.37
1546264500,5.12,5.13,5.13,5.12,463.93
1546264800,5.13,5.13,5.13,5.13,1.54
1546265100,5.1,5.13,5.13,5.12,1208.99
1546265400,5.12,5.12,5.12,5.12,32.69
1546265700,5.1,5.12,5.12,5.11,258.92
1546266000,5.1,5.11,5.11,5.1,82.04
1546266300,5.11,5.12,5.11,5.11,200.33
1546266600,5.11,5.11,5.11,5.11,38.46
1546266900,5.11,5.12,5.11,5.11,235.04
1546267200,5.11,5.12,5.12,5.12,101.27
1546267500,5.11,5.13,5.11,5.13,414.56
1546267800,5.13,5.17,5.13,5.16,6612.93
1546268100,5.15,5.16,5.15,5.16,15.91
1546268400,5.11,5.17,5.16,5.12,1193.3
1546268700,5.13,5.17,5.13,5.17,664.11
1546269000,5.16,5.17,5.17,5.17,1127.86
1546269300,5.16,5.17,5.17,5.17,22.7
1546269600,5.16,5.18,5.17,5.18,186.72
1546269900,5.16,5.18,5.17,5.18,197.67
1546270200,5.17,5.18,5.18,5.17,29.72
1546270500,5.15,5.18,5.18,5.15,1375.49
1546270800,5.14,5.17,5.14,5.17,458.46
1546271100,5.17,5.17,5.17,5.17,20.21
1546271400,5.15,5.17,5.16,5.15,179.07
1546271700,5.16,5.16,5.16,5.16,41.74
1546272000,5.14,5.18,5.16,5.16,262.49
1546272300,5.14,5.16,5.16,5.14,121.7
1546272600,5.14,5.15,5.14,5.15,24.14
1546272900,5.12,5.15,5.15,5.14,1688.8
1546273200,5.13,5.17,5.14,5.15,1354.77
1546273500,5.15,5.16,5.15,5.16,72.17
1546273800,5.14,5.15,5.15,5.15,108.72
1546274100,5.14,5.15,5.14,5.14,106.49
1546274400,5.14,5.15,5.15,5.15,112.75
1546274700,5.13,5.15,5.15,5.14,71.85
1546275000,5.12,5.14,5.14,5.13,218.34
1546275300,5.12,5.14,5.13,5.12,164.79
1546275600,5.12,5.13,5.12,5.13,131.07
1546275900,5.1,5.13,5.13,5.13,612.13
1546276200,5.12,5.13,5.13,5.13,499.44
1546276500,5.1,5.13,5.11,5.12,403.67
1546276800,5.11,5.13,5.13,5.12,78.44
1546277100,5.11,5.13,5.11,5.13,65.42
1546277400,5.12,5.13,5.12,5.13,114.05
1546277700,5.12,5.13,5.13,5.12,256.68
1546278000,5.11,5.12,5.11,5.12,130.7
1546278300,5.11,5.12,5.12,5.12,13.68
1546278600,5.11,5.12,5.12,5.11,103.04
1546278900,5.1,5.12,5.12,5.11,180.61
1546279200,5.1,5.11,5.1,5.1,154.01
1546279500,5.1,5.11,5.11,5.1,358.01
1546279800,5.11,5.12,5.11,5.11,585.81
1546280100,5.08,5.12,5.12,5.11,6876.38
1546280400,5.1,5.12,5.11,5.11,987.92
1546280700,5.11,5.12,5.12,5.12,122.69
1546281000,5.11,5.12,5.12,5.12,102.09
1546281300,5.11,5.12,5.11,5.11,987.17
1546281600,5.11,5.12,5.11,5.12,534.5
1546281900,5.11,5.12,5.12,5.11,1491.09
1546282200,5.1,5.11,5.11,5.1,584.46
1546282500,5.1,5.12,5.11,5.12,422.75
1546282800,5.11,5.12,5.12,5.11,784.92
1546283100,5.12,5.12,5.12,5.12,51.13
1546283400,5.11,5.12,5.12,5.11,2068.02
1546283700,5.11,5.12,5.12,5.12,73.39
1546284000,5.1,5.11,5.11,5.1,361.56
1546284300,5.1,5.11,5.1,5.11,66.66
1546284600,5.1,5.11,5.1,5.1,23.78
1546284900,5.09,5.11,5.1,5.1,639.97
1546285200,5.02,5.09,5.08,5.02,2043.69
1546285500,4.93,5.03,5.03,4.94,5033.13
1546285800,4.93,4.97,4.94,4.97,2801.36
1546286100,4.94,4.98,4.97,4.94,1019.4
1546286400,4.91,4.96,4.96,4.92,5188.64
1546286700,4.88,4.93,4.92,4.91,5856.81
1546287000,4.89,4.91,4.91,4.9,489.56
1546287300,4.89,4.9,4.89,4.89,677.44
1546287600,4.89,4.9,4.89,4.89,608.74
1546287900,4.89,4.9,4.89,4.9,663.75
1546288200,4.89,4.9,4.9,4.9,415.53
1546288500,4.89,4.9,4.9,4.89,2538.93
1546288800,4.89,4.9,4.9,4.9,647.98
1546289100,4.89,4.9,4.9,4.89,276.15
1546289400,4.89,4.91,4.89,4.91,4094.19
1546289700,4.9,4.91,4.91,4.9,279.02
1546290000,4.9,4.93,4.91,4.93,1730.04
1546290300,4.92,4.93,4.92,4.93,704.62
1546290600,4.92,4.93,4.93,4.92,170.22
1546290900,4.92,4.93,4.92,4.93,659.19
1546291200,4.92,4.93,4.92,4.92,60.43
1546291500,4.92,4.93,4.92,4.93,177.28
1546291800,4.92,4.93,4.92,4.93,218.5
1546292100,4.92,4.93,4.93,4.92,266.3
1546292400,4.9,4.93,4.93,4.91,3385.57
1546292700,4.91,4.92,4.91,4.91,218.26
1546293000,4.9,4.91,4.91,4.9,107.88
1546293300,4.9,4.91,4.91,4.91,432.96
