1517335200,9868.0,10243.29,10185.79,9995.0,5248.548386809918
1517356800,9601.02,10075.83,9995.0,9870.49,9870.812116829973
1517378400,9850.0,10296.0,9870.48,10212.01,2839.835923949962
1517400000,9800.0,10299.95,10212.01,9952.0,3454.8854289299165
1517421600,9900.0,10099.99,9951.99,10099.99,3367.496727529943
1517443200,9856.0,10166.25,10099.99,10049.98,2963.4316740899235
1517464800,9381.0,10048.25,10048.25,9481.28,4073.706718899951
1517486400,8788.8,9553.6,9480.01,8982.99,13935.362531830404
1517508000,8400.0,9234.0,8982.99,9014.23,17179.889522461675
1517529600,8500.01,9025.76,9014.22,8527.02,9320.250690229632
1517551200,7889.0,8644.77,8527.02,7960.99,12668.22183941013
1517572800,7540.0,9090.08,7960.99,8661.81,22573.982102311937
1517594400,8426.77,8842.86,8661.8,8787.52,7475.097713609832
1517616000,8115.48,8799.1,8787.52,8420.22,6295.576475749946
1517637600,8365.0,9000.0,8420.22,9000.0,4226.2712494499065
1517659200,8901.0,9476.37,8999.99,9203.78,8222.189038329825
1517680800,9029.99,9499.0,9203.79,9240.0,4940.257601999827
1517702400,8923.34,9279.99,9227.8,9277.75,3639.6258409099714
1517724000,8710.0,9350.0,9277.74,8720.0,3161.8033777599694
1517745600,8253.38,8879.19,8719.98,8455.0,6704.338889369882
1517767200,7859.0,8557.0,8455.01,8167.91,10553.419916300167
1517788800,7880.0,8349.16,8167.9,8197.45,6219.3182228898895
1517810400,7550.89,8295.0,8197.45,7560.0,5594.617157529917
1517832000,7000.0,7851.63,7560.0,7000.99,16394.70741917047
1517853600,6425.75,7449.99,7000.99,6905.19,31366.728716302212
1517875200,5907.25,7097.5,6905.2,6389.09,30168.87123201252
1517896800,5873.0,6865.68,6389.09,6467.02,16567.582728480305
1517918400,6381.02,7442.89,6467.67,6989.43,20426.427079620466
1517940000,6965.0,7948.89,6989.44,7688.46,24727.614725681047
1517961600,7212.82,7819.96,7688.47,7455.0,13600.535745970064
1517983200,7280.0,8362.1,7455.0,8261.29,9860.57708082995
1518004800,7945.04,8650.0,8261.3,8335.09,15394.860607500128
1518026400,7535.0,8445.69,8335.1,7575.75,12035.576295589992
1518048000,7550.0,8228.41,7575.76,7971.23,9583.392266829862
1518069600,7873.23,8575.0,7971.23,8480.02,6360.178322319979
1518091200,8112.09,8625.0,8480.01,8179.5,7844.353893619907
1518112800,8029.97,8444.44,8178.36,8218.1,7858.988034079908
1518134400,7750.0,8234.46,8218.07,7875.01,10725.510416740044
1518156000,7825.05,8338.5,7880.0,8249.99,3297.6971647899827
1518177600,8166.49,8684.38,8245.0,8602.02,7319.952759210011
1518199200,8461.0,8700.0,8602.02,8671.01,6211.161599769967
1518220800,8592.0,8980.96,8671.0,8860.07,7465.470490169991
1518242400,8560.99,9090.0,8860.07,8665.0,5121.4985406099495
1518264000,8260.0,8820.0,8665.01,8464.02,6044.531286549956
1518285600,8155.0,8595.0,8464.02,8547.49,6245.364595979929
1518307200,8000.5,8547.49,8547.48,8112.16,6807.001769389936
1518328800,7851.0,8190.0,8112.15,8184.99,3209.8733825999793
1518350400,8130.0,8480.0,8184.99,8193.03,3534.7450311599696
1518372000,8032.65,8395.0,8193.02,8072.99,3252.1482109599756
1518393600,8072.99,8549.01,8073.0,8362.7,6327.0259124499435
1518415200,8359.83,8833.5,8362.7,8655.79,3836.764616509978
1518436800,8520.73,8775.0,8651.4,8760.0,3628.771600449978
1518458400,8634.52,8950.0,8760.0,8872.28,5925.058160199958
1518480000,8558.48,8925.0,8872.27,8616.98,4945.150659009962
1518501600,8393.1,8740.12,8616.98,8531.0,3051.3908164599798
1518523200,8467.66,8647.33,8534.73,8623.63,2449.024818599991
1518544800,8488.0,8730.0,8623.64,8520.01,3506.981253979983
1518566400,8520.0,8849.99,8520.01,8823.53,5327.306510859951
1518588000,8744.89,8931.4,8823.52,8931.4,2230.7138827099943
1518609600,8931.4,9369.69,8931.4,9312.99,10963.837084300021
1518631200,9183.83,9482.5,9312.99,9472.98,5847.4200639999635
1518652800,9342.46,9745.63,9472.98,9700.0,8181.024913110041
1518674400,9502.1,9966.0,9700.0,9615.01,6519.636517239919
1518696000,9610.7,10100.0,9615.0,10098.99,7140.679630850058
1518717600,9850.0,10249.81,10098.99,10031.23,10529.71585016011
1518739200,9952.97,10307.68,10031.23,10099.9,6373.660421839946
1518760800,9729.58,10124.99,10099.9,9819.89,3849.807740389973
1518782400,9777.34,10144.16,9819.9,10085.7,3659.1465813099785
1518804000,9914.05,10199.0,10085.7,10167.49,3960.931164239986
1518825600,10057.0,10588.0,10167.49,10555.42,5989.74110365996
1518847200,10555.41,10890.76,10555.41,10746.01,4510.599682689968
1518868800,10546.85,10898.0,10746.01,10822.16,4104.3184741199775
1518890400,10715.0,11149.0,10822.16,11121.5,6169.04489773007
1518912000,10480.15,11299.1,11121.5,10483.99,11436.809309350087
1518933600,10159.0,10680.0,10483.99,10627.99,6578.88098920991
1518955200,10444.97,10898.0,10627.99,10750.0,4292.701076449936
1518976800,10350.0,10852.84,10750.0,10380.04,4665.882811799949
1518998400,10297.39,10650.0,10380.03,10471.0,3898.6638124799515
1519020000,10454.32,11050.0,10471.0,10944.98,3744.8536034499684
1519041600,10860.0,11274.11,10944.98,10956.66,5798.57018244996
1519063200,10934.49,11216.0,10956.66,11140.0,4191.169105949956
1519084800,11139.99,11494.05,11140.0,11437.04,7678.5554083900215
1519106400,11188.88,11635.71,11437.05,11418.39,4655.149380319954
1519128000,11415.0,11720.0,11418.39,11686.06,4049.2340038399734
1519149600,11000.0,11775.0,11686.06,11235.57,12042.177773680198
1519171200,10650.0,11279.99,11235.57,10824.54,12306.93821357014
1519192800,10786.0,11180.02,10824.54,10958.01,3210.741232929969
1519214400,10355.0,11120.0,10958.01,10548.69,7544.297036669951
1519236000,10250.0,10657.0,10546.28,10454.27,6971.249402449919
1519257600,10322.03,10838.99,10453.83,10793.0,5382.815067119953
1519279200,10102.0,10900.0,10793.01,10265.0,5212.426415529939
1519300800,9715.27,10333.29,10265.0,9850.0,11127.684946579917
1519322400,9800.0,10134.0,9850.0,9830.0,6372.930082399949
1519344000,9576.43,9999.5,9830.0,9828.27,7037.440282529933
1519365600,9683.8,10234.76,9828.27,10194.2,3964.657143149967
1519387200,10051.0,10390.77,10194.2,10105.18,6091.096189629949
1519408800,9900.01,10219.11,10105.17,10144.99,3683.342566619973
1519430400,10109.0,10494.14,10144.99,10445.44,4233.093694279968
1519452000,9680.84,10489.26,10445.44,9804.33,5369.3915060699555
1519473600,9636.87,9925.0,9804.33,9660.01,4637.466815209972
1519495200,9372.72,9734.04,9660.0,9688.62,5487.997013419961
1519516800,9505.17,9777.0,9688.61,9722.0,2835.5367154699807
1519538400,9528.9,9850.0,9722.0,9659.41,1901.6039679699916
1519560000,9324.75,9700.0,9659.42,9381.94,3526.7050010999847
1519581600,9332.0,9680.0,9381.94,9597.99,3443.314986449985
1519603200,9547.0,9779.49,9600.0,9624.71,3140.452894309979
1519624800,9404.0,9759.0,9624.71,9744.0,2053.2111996999915
1519646400,9654.19,10369.0,9744.0,10189.72,8713.918613119984
1519668000,10167.56,10447.74,10189.71,10300.0,5211.197118829959
1519689600,10133.33,10390.0,10300.0,10305.56,4050.1020995899676
1519711200,10250.0,10768.99,10305.56,10689.96,4713.416006269955
1519732800,10464.67,10845.07,10689.96,10570.0,5374.537793419952
1519754400,10540.0,10780.0,10569.99,10566.57,4077.9625094399585
1519776000,10525.0,10969.99,10556.3,10940.0,5597.93010979994
1519797600,10478.0,11044.0,10939.99,10557.0,5304.140557209946
1519819200,10393.0,10609.75,10557.0,10435.01,3512.2036866299795
1519840800,10263.0,10679.0,10435.01,10307.27,5255.042761759939
1519862400,10213.99,10445.2,10307.26,10390.01,3242.4288766099694
1519884000,10321.0,10724.15,10390.0,10650.0,2107.6055771999913
1519905600,10602.3,10864.04,10650.01,10840.01,3332.183028039969
1519927200,10748.43,11075.0,10840.0,10895.92,6708.3335820298935
1519948800,10895.0,11149.0,10895.93,10983.51,5068.699709459939
1519970400,10827.18,11110.0,10983.5,10902.85,2213.606339949982
1519992000,10765.0,11031.0,10902.85,10880.0,2805.552573419981
1520013600,10858.33,11080.52,10880.0,11000.0,3749.4612202199764
1520035200,11000.0,11362.0,11000.01,11305.04,4788.021160299956
1520056800,11230.0,11364.34,11305.05,11275.0,1415.4053051499984
1520078400,11275.0,11494.57,11275.0,11488.89,3144.3614131199856
1520100000,11214.09,11488.89,11488.89,11432.5,3850.23014198998
1520121600,11101.0,11437.24,11432.51,11199.99,3022.732733959985
1520143200,11041.0,11250.0,11200.0,11134.13,1144.360591689998
1520164800,11090.0,11222.0,11134.13,11129.0,1181.41662896
1520186400,11129.0,11487.0,11129.01,11469.9,3285.08447220999
1520208000,11404.11,11599.01,11469.9,11506.0,3729.0489037899843
1520229600,11411.23,11549.03,11506.0,11480.04,1191.3593173700003
1520251200,11445.0,11543.52,11480.04,11481.97,1800.1732089499978
1520272800,11339.0,11645.74,11481.96,11377.54,4330.847147109967
1520294400,11170.0,11395.63,11371.5,11298.05,4902.812020559937
1520316000,10855.0,11320.0,11298.06,10942.02,2920.3946788399767
1520337600,10731.03,11010.0,10942.02,10763.02,4516.273973979972
1520359200,10565.85,10844.99,10763.02,10700.0,5961.590715969934
1520380800,10639.97,10894.0,10700.0,10664.99,3039.5191906499826
1520402400,10428.14,10665.0,10665.0,10636.86,3219.6996556599834
1520424000,9400.0,10705.0,10641.72,9735.81,15624.955966570953
1520445600,9618.0,10149.88,9735.8,9920.0,10529.042265609936
1520467200,9510.0,10037.44,9925.0,9807.0,6092.9342280299115
1520488800,9702.4,10098.0,9807.01,9937.26,3025.616026469979
1520510400,9050.0,9991.74,9938.05,9300.0,8568.670389070307
1520532000,9212.0,9462.59,9300.0,9304.9,5629.430962609929
1520553600,8461.0,9410.0,9304.9,8499.9,13367.139156680161
1520575200,8370.0,8958.99,8499.91,8952.79,9936.162092010003
1520596800,8650.0,9169.0,8952.79,8763.96,9104.752724399867
1520618400,8671.57,9339.0,8763.95,9255.0,9522.311825289893
1520640000,9164.28,9416.56,9255.0,9352.4,5355.0909064999505
1520661600,9188.0,9518.77,9352.4,9372.0,2705.838097179972
1520683200,9172.0,9493.95,9372.0,9172.0,2998.384610499975
1520704800,8720.08,9172.01,9172.01,8795.44,6192.388811549933
1520726400,8516.0,8850.0,8795.45,8839.96,5185.158130359952
1520748000,8610.33,9092.32,8839.96,9022.24,2301.940507069985
1520769600,9012.23,9690.16,9024.55,9631.78,7060.195361509959
1520791200,9410.0,9760.0,9631.78,9533.88,7152.072252279888
1520812800,9355.15,9697.05,9533.88,9575.01,3968.418915329933
1520834400,9470.0,9890.0,9575.0,9837.27,3012.1732051099634
1520856000,9005.01,9837.27,9837.27,9175.01,7772.004054909941
1520877600,8780.49,9245.36,9175.01,9120.0,6400.187015429924
1520899200,8965.0,9450.09,9120.0,9390.0,3995.5045855499525
1520920800,8891.0,9472.88,9390.0,9066.64,3636.550092579968
1520942400,8855.0,9301.42,9066.63,9107.0,5946.457570099953
1520964000,9005.0,9250.0,9107.0,9145.41,3605.1543581799765
1520985600,9083.0,9340.0,9145.42,9175.99,3657.9738452399724
1521007200,8628.0,9176.0,9175.99,8693.71,4515.699878099969
1521028800,8255.99,8794.53,8693.72,8335.12,8783.508961829957
1521050400,7931.0,8363.52,8335.12,8207.03,10788.423617009976
1521072000,7728.03,8263.87,8207.02,7791.96,9521.422622500026
1521093600,7666.0,8290.24,7791.95,8249.0,6449.38288685995
1521115200,7944.43,8400.0,8245.56,8170.13,6867.657097309939
1521136800,8075.59,8369.99,8170.13,8259.99,5161.691989229966
1521158400,7911.0,8329.99,8260.0,8179.41,5032.328202299964
1521180000,8080.77,8284.34,8179.42,8188.37,2319.4280174299965
1521201600,8160.1,8600.0,8188.37,8460.64,5809.2084149399425
1521223200,8256.49,8595.0,8460.64,8275.0,3798.0692878799787
1521244800,8080.86,8302.64,8274.09,8157.96,2959.241759839988
1521266400,8135.0,8349.82,8157.97,8216.87,1468.1276949699998
1521288000,7856.06,8216.88,8216.88,7929.0,4332.987337469989
1521309600,7751.0,8050.0,7929.01,7865.02,4862.57788596996
1521331200,7551.0,7879.62,7857.59,7669.96,5946.229829269956
1521352800,7566.0,7822.37,7670.0,7790.59,2702.3735236699804
1521374400,7310.0,7824.97,7790.58,7475.76,10434.040758540046
1521396000,7381.07,8302.73,7475.77,8192.0,11441.235456810198
1521417600,8127.0,8444.4,8192.0,8325.58,7743.088489780043
1521439200,8108.31,8406.87,8325.57,8334.57,2924.8242114799746
1521460800,8205.32,8757.5,8334.58,8309.12,8783.78034270996
1521482400,8295.0,8600.0,8309.12,8589.0,5957.738854209916
1521504000,8387.99,8674.32,8589.0,8473.0,5137.505280769934
1521525600,8316.15,8550.0,8472.99,8523.89,1847.3283141699987
1521547200,8449.83,8889.99,8523.9,8860.01,6937.483572170077
1521568800,8805.0,9046.26,8860.01,8900.0,6540.356774400022
1521590400,8871.08,9143.16,8900.0,9042.39,3825.360757109972
1521612000,8893.38,9117.0,9042.38,9073.39,1941.5596845699943
1521633600,8745.0,9174.0,9073.4,8855.01,6872.195458719983
1521655200,8800.92,8957.62,8855.0,8891.81,3090.5581682499787
1521676800,8874.04,9073.93,8891.81,9005.0,2822.189403049984
1521698400,8629.0,9030.0,9005.0,8649.99,3654.7940838199634
1521720000,8467.27,8760.0,8649.99,8664.0,5571.611330609964
1521741600,8523.57,8768.38,8664.0,8715.09,2835.1311844999864
1521763200,8343.03,8715.09,8715.09,8407.12,5168.893204649955
1521784800,8350.0,8522.45,8407.12,8512.7,1437.23770832
1521806400,8280.04,8673.67,8512.7,8627.69,4236.37069672997
1521828000,8553.13,8927.81,8627.69,8927.1,4421.0844938599785
1521849600,8814.46,8966.55,8927.8,8840.57,2828.4116838599853
1521871200,8707.0,8949.67,8840.56,8719.01,1745.2583708099962
1521892800,8666.81,8999.0,8719.0,8882.05,2584.2957744999862
1521914400,8508.0,8960.0,8882.04,8531.34,4704.933946419968
1521936000,8450.0,8587.97,8531.96,8530.0,2427.217625579991
1521957600,8359.45,8574.3,8530.0,8422.0,1630.5310496099928
1521979200,8401.0,8630.0,8421.99,8530.0,1756.5871611999964
1522000800,8400.0,8670.0,8530.0,8453.0,3230.877983809984
1522022400,8370.0,8498.0,8453.0,8469.75,1851.2341915699967
1522044000,8067.88,8460.0,8460.0,8099.84,3156.192084009974
1522065600,7854.0,8165.44,8100.0,7919.87,7387.793133669988
1522087200,7858.1,8250.0,7919.87,8145.0,6993.945386099956
1522108800,7757.0,8219.99,8144.99,7933.67,5508.488179889958
1522130400,7825.01,8059.11,7933.67,7937.52,2275.3021498599887
1522152000,7889.63,8129.0,7937.52,7915.0,3635.282782479982
1522173600,7769.41,8033.34,7915.0,7793.61,3563.7351058299837
1522195200,7727.76,7888.5,7793.61,7844.99,2956.233489419991
1522216800,7844.99,8088.0,7845.0,8039.44,2054.7951696899945
1522238400,7827.3,8047.0,8039.44,7918.84,3134.3832674899913
1522260000,7843.94,7998.0,7918.84,7942.72,2818.734568449988
1522281600,7555.34,7957.0,7942.73,7555.35,4503.021268349994
1522303200,7427.64,7625.02,7555.35,7468.0,3794.257015869986
1522324800,7323.2,7565.23,7468.0,7432.51,6941.528002859983
1522346400,6905.0,7465.0,7432.5,7079.99,12570.448147760191
1522368000,6630.1,7185.0,7080.0,7110.39,13077.656374990047
1522389600,6885.86,7275.35,7110.2,7014.23,3915.1626161399645
1522411200,6600.0,7023.69,7014.16,6725.22,6617.838778819922
1522432800,6670.09,6949.0,6725.22,6848.01,5693.68551561995
1522454400,6848.0,7138.0,6848.01,6920.17,5876.729703969965
1522476000,6780.0,7149.0,6920.16,7095.01,2737.4065467999844
1522497600,6975.8,7200.0,7095.01,7126.0,3305.150071759969
1522519200,6859.0,7145.22,7121.3,6928.5,3028.468780559981
1522540800,6900.0,7044.46,6928.5,6935.0,1733.29232082999
1522562400,6649.88,6935.0,6934.99,6700.01,3135.9633560899947
1522584000,6450.0,6876.44,6700.0,6831.75,7091.517369759982
1522605600,6745.02,6986.85,6831.75,6816.01,3457.408601129951
1522627200,6777.28,7037.01,6816.01,6893.0,3521.5415395299638
1522648800,6880.0,7100.0,6893.01,7036.99,2350.3139227399874
1522670400,6880.0,7050.0,7037.0,6981.17,4273.004354049963
1522692000,6893.36,7065.0,6981.17,7045.01,4161.827252029977
1522713600,7016.8,7398.09,7045.01,7337.0,7821.058887479963
1522735200,7265.14,7425.0,7337.0,7307.01,2213.1791162299874
1522756800,7290.5,7439.51,7307.01,7425.0,4495.688650699983
1522778400,7361.58,7520.0,7425.0,7424.9,4389.690620649976
1522800000,7227.17,7424.91,7424.91,7357.0,3010.39114085998
1522821600,7007.7,7365.71,7356.99,7067.62,3227.7736159899723
1522843200,6766.5,7106.62,7067.62,6845.9,5177.2870523999445
1522864800,6708.46,6898.29,6845.89,6791.68,3893.4925025399566
1522886400,6568.64,6850.26,6791.68,6843.02,5422.887515439925
1522908000,6721.53,6903.1,6843.02,6790.64,1779.7941792199947
1522929600,6631.0,6933.11,6790.7,6704.0,4291.63001514994
1522951200,6674.22,6839.99,6704.0,6785.85,2952.039593939981
1522972800,6731.0,6847.0,6785.86,6770.01,2240.3271484299867
1522994400,6518.88,6770.01,6770.0,6616.17,3659.920066159958
1523016000,6557.1,6645.81,6616.17,6617.52,2619.877927249989
1523037600,6522.07,6630.0,6614.32,6619.01,2173.4884903099983
1523059200,6605.08,6900.0,6619.01,6846.01,3397.6029936899745
1523080800,6838.47,6900.0,6846.01,6860.99,974.9939380699993
1523102400,6773.65,7064.64,6860.99,7003.99,3665.8508009799802
1523124000,6860.1,7020.01,7004.0,6894.01,2312.2511411599876
1523145600,6894.0,7000.0,6894.01,6944.04,1698.0772043199954
1523167200,6880.0,7099.99,6944.04,7099.97,1306.0977637499905
1523188800,6950.0,7099.99,7099.98,6980.0,1846.2659794999981
1523210400,6956.77,7050.0,6980.0,7020.01,1446.3940275099974
1523232000,7020.0,7163.03,7020.01,7103.32,3016.5187636099777
1523253600,6703.0,7169.53,7103.32,6755.0,4071.868825629927
1523275200,6685.0,6787.17,6755.0,6735.52,3383.7634669799713
1523296800,6617.0,6784.0,6735.51,6771.13,3474.6826513899714
1523318400,6714.46,6798.07,6771.14,6757.45,1333.3481002000037
1523340000,6661.19,6770.0,6757.45,6740.0,1074.192136530003
1523361600,6725.73,6865.81,6740.0,6859.09,2618.6900784799914
1523383200,6784.15,6893.29,6859.09,6824.99,2459.4740087299897
1523404800,6806.01,6859.0,6825.0,6826.72,1625.4914166999972
1523426400,6810.0,6858.75,6826.73,6857.82,837.8094478599995
1523448000,6845.0,6960.0,6857.81,6902.0,3081.303304629985
1523469600,6882.2,6974.0,6902.0,6942.99,2638.383173099992
1523491200,6901.0,6960.0,6943.0,6937.2,2612.883259719999
1523512800,6767.77,8050.0,6937.21,7725.0,10940.486178821124
1523534400,7555.0,7788.25,7725.01,7680.0,10173.016912739997
1523556000,7661.55,7975.0,7680.0,7916.0,7353.994928479924
1523577600,7760.0,7972.17,7915.99,7794.76,5305.329578619928
1523599200,7786.3,8176.92,7794.75,8087.01,5303.224106239931
1523620800,8030.0,8220.0,8087.0,8125.01,5743.815036519942
1523642400,7805.9,8125.01,8125.0,7893.19,5631.658170069972
1523664000,7830.0,8060.0,7893.19,7963.52,2931.9697108499845
1523685600,7927.15,8150.0,7963.52,7974.95,2589.5198744299705
1523707200,7875.0,8010.0,7974.96,7974.99,1947.0460004699944
1523728800,7960.54,8086.74,7974.99,8003.11,1867.7587886599927
1523750400,8003.11,8150.0,8003.12,8123.37,2647.5073582299697
1523772000,8087.0,8392.56,8123.37,8330.0,2784.709290459969
1523793600,8250.01,8379.0,8330.01,8293.63,2344.724660469994
1523815200,8285.99,8334.89,8293.62,8300.16,491.7278011100001
1523836800,8351.05,8356.05,8355.24,8351.05,19.003056380000004
1523858400,8049.99,8050.0,8050.0,8050.0,10.97242084
1523880000,8085.98,8085.99,8085.98,8085.99,2.1324031900000002
1523901600,8030.99,8031.0,8030.99,8031.0,10.08165177
1523923200,8048.92,8048.93,8048.92,8048.93,1.4720489499999998
1523944800,7974.0,7974.01,7974.01,7974.01,0.9063271900000001
1523966400,8109.99,8110.0,8109.99,8110.0,1.2265521499999998
1523988000,8100.0,8106.01,8106.0,8100.0,14.52174754
1524009600,7883.0,7892.11,7892.11,7883.01,16.751380909999998
1524031200,7920.99,7921.0,7921.0,7920.99,5.756048849999999
1524052800,8105.99,8106.0,8106.0,8106.0,11.71905924
1524074400,8096.0,8105.87,8096.0,8105.87,4.441306869999998
1524096000,8152.05,8152.06,8152.05,8152.06,30.36024590000001
1524117600,8174.49,8189.69,8174.49,8189.69,34.91921154000002
1524139200,8195.93,8199.96,8199.96,8195.93,0.75306081
1524160800,8259.0,8260.0,8259.01,8260.0,14.187693439999999
1524182400,8273.99,8398.8,8274.0,8338.99,2804.421293669999
1524204000,8276.59,8279.01,8276.59,8279.01,2.4788
1524225600,8512.99,8516.29,8516.28,8513.0,13.761951269999997
1524247200,8493.75,8500.0,8493.75,8495.01,7.175342569999999
1524268800,8866.26,8866.42,8866.27,8866.42,4.05245716
1524290400,8863.92,8880.0,8863.92,8880.0,10.503167980000006
1524312000,8711.78,8734.44,8711.79,8734.44,37.67373559000002
1524333600,8724.0,8831.0,8771.01,8768.15,1015.4156859600002
1524355200,8915.0,8915.43,8915.42,8915.01,5.290592559999999
1524376800,8849.99,8850.01,8850.01,8849.99,1.11854947
1524398400,8928.01,8945.66,8928.01,8945.66,7.967467240000001
1524420000,8939.4,8939.41,8939.4,8939.41,1.5670225800000002
1524441600,8795.0,8795.01,8795.0,8795.01,2.3659376199999995
1524463200,8873.0,8874.01,8874.01,8873.0,8.5278984
1524484800,8914.98,8933.0,8914.98,8932.99,18.404437439999995
1524506400,8888.34,8889.99,8888.34,8889.98,11.48639528
1524528000,8930.0,8980.0,8931.31,8974.21,468.74157706999995
1524549600,9231.87,9339.69,9253.9,9291.97,1230.2974228399942
1524571200,9200.0,9405.0,9269.0,9402.3,2938.4534911699775
1524592800,9417.09,9728.56,9445.0,9645.1,5243.6951817399395
1524614400,9140.42,9763.49,9553.0,9369.41,9068.993187090082
1524636000,9020.82,9435.0,9411.0,9127.0,3067.8814089299617
1524657600,8602.43,9160.5,9145.0,9044.98,9343.900865470248
1524679200,8780.0,9177.96,8985.0,8865.98,4827.921967869917
1524700800,8740.25,8945.0,8806.8,8888.0,2747.302021999966
1524722400,8661.03,8907.24,8851.33,8847.99,1667.1180701499852
1524744000,8734.07,8906.0,8892.14,8864.25,2123.4498514499955
1524765600,8867.32,9318.0,8868.98,9272.11,4508.152384159967
1524787200,9120.01,9260.36,9257.54,9180.19,1352.4866037399927
1524808800,9210.33,9369.0,9222.0,9302.0,1457.9969780899974
1524830400,9201.23,9317.85,9261.0,9275.9,1562.8177529399954
1524852000,8910.0,9240.0,9231.01,8922.55,4023.7261116899845
1524873600,8999.99,9175.75,9000.0,9144.14,1170.02927378
1524895200,9064.12,9318.64,9125.98,9199.94,2086.3981815399884
1524916800,9252.0,9415.0,9349.97,9290.5,1860.9801469199963
1524938400,9250.0,9392.0,9378.85,9329.99,1236.5448004099976
1524960000,9361.94,9512.5,9376.01,9420.1,2882.8246064799796
1524981600,9179.99,9455.77,9443.86,9254.0,1343.1962500700001
1525003200,9230.0,9349.0,9301.03,9315.0,1026.4593747900008
1525024800,9285.0,9418.65,9312.89,9389.01,1179.087709739997
1525046400,9250.0,9447.0,9389.01,9329.85,2453.9249645699974
1525068000,9170.06,9271.72,9190.0,9261.66,637.1793458100012
1525089600,9235.52,9312.0,9291.93,9301.56,1979.0835039800004
1525111200,9170.46,9312.06,9301.89,9243.83,1517.2312953899943
1525132800,8900.0,9014.0,9007.0,8940.0,1192.080432480001
1525154400,8967.82,9054.99,8971.25,8970.0,899.9512138500013
1525176000,8880.0,9021.0,8914.29,8991.22,1329.9155356099968
1525197600,8966.84,9089.63,8973.0,9072.29,1345.4367622799987
1525219200,8990.0,9088.13,9030.76,9069.98,1111.6652190799991
1525240800,9107.51,9175.0,9144.99,9145.0,616.5249569800008
1525262400,9040.0,9136.98,9068.0,9103.24,1182.4957642099962
1525284000,9050.0,9251.05,9118.0,9190.48,3673.3388241199846
1525305600,9149.99,9290.0,9149.99,9185.01,2084.8835607099954
1525327200,9139.27,9230.0,9229.99,9170.0,808.5454852800005
1525348800,9374.23,9669.0,9420.0,9669.0,3883.803861399968
1525370400,9621.85,9800.0,9639.75,9725.74,2179.607163499985
1525392000,9529.05,9675.0,9590.01,9593.01,1695.8681416799968
1525413600,9611.36,9742.0,9645.07,9727.17,1617.9512219099984
1525435200,9539.63,9711.91,9676.65,9653.36,2969.5035437299894
1525456800,9645.0,9729.0,9650.0,9685.0,1534.8853967899945
1525478400,9711.71,9851.45,9742.59,9795.0,2407.468120499995
1525500000,9765.0,9893.0,9765.01,9850.75,936.3012680599985
1525521600,9848.08,9927.99,9870.0,9848.08,1791.8873832899933
1525543200,9660.28,9819.2,9720.0,9800.0,1185.8397386799938
1525564800,9711.8,9880.0,9870.01,9711.81,1575.886317169997
1525586400,9400.0,9665.0,9664.99,9451.0,1198.9947254299937
1525608000,9450.0,9561.0,9553.01,9546.0,1129.9774156200003
1525629600,9490.0,9633.83,9515.97,9600.0,879.2772131799977
1525651200,9220.01,9448.0,9444.01,9339.98,3061.461741569979
1525672800,9250.0,9370.98,9303.0,9310.0,798.7654754299997
1525694400,9292.53,9380.01,9300.0,9342.87,1183.103133829998
1525716000,9275.0,9438.23,9359.9,9353.0,1960.380625509998
1525737600,9311.0,9463.13,9375.92,9328.29,1862.7486152099964
1525759200,9187.0,9380.0,9350.0,9200.0,1181.9529373199953
1525780800,9092.92,9177.0,9126.16,9117.0,1400.9330661999973
1525802400,9160.0,9247.24,9200.01,9177.82,1391.7731539700007
1525824000,8960.0,9157.74,9153.7,9036.95,2999.3181815199882
1525845600,9018.0,9245.53,9018.67,9245.53,824.4998457999997
1525867200,9247.65,9370.0,9260.0,9304.01,1389.2299083599983
1525888800,9225.79,9315.0,9276.0,9300.08,879.1730052399998
1525910400,9280.0,9348.76,9316.18,9288.05,426.3844022100002
1525932000,9274.99,9386.32,9275.0,9320.77,565.5943284200004
1525953600,9102.9,9370.3,9370.3,9150.0,2512.5194245499847
1525975200,9001.01,9131.66,9087.85,9010.51,1638.810770629997
1525996800,8887.18,9005.0,8931.01,8992.01,1676.4552572699974
1526018400,8611.12,8825.79,8738.51,8611.12,2245.383295819994
1526040000,8559.0,8668.23,8642.33,8593.0,1654.682212089995
1526061600,8351.0,8675.0,8612.23,8403.33,3851.988349469967
1526083200,8304.0,8466.42,8448.82,8319.62,1724.2806796699956
1526104800,8244.22,8588.44,8336.47,8549.81,2021.7824040899895
1526126400,8284.32,8636.65,8628.47,8385.54,2773.9377526599897
1526148000,8350.0,8547.0,8485.47,8475.0,1287.9514036299988
1526169600,8345.0,8525.0,8474.31,8391.15,1565.6423398099973
1526191200,8409.11,8650.0,8465.55,8570.0,916.6972702799966
1526212800,8538.0,8690.0,8581.0,8578.4,1820.4210952099959
1526234400,8622.21,8774.32,8622.22,8686.1,1345.7806800899968
1526256000,8289.79,8712.0,8680.25,8383.01,3164.010561799994
1526277600,8350.0,8449.99,8384.81,8426.28,815.8149447300005
1526299200,8708.68,8824.0,8745.0,8743.5,1506.4174817699943
1526320800,8610.36,8880.01,8730.88,8670.0,3433.6816717999714
1526342400,8628.05,8750.0,8670.0,8724.97,2174.2533886299884
1526364000,8659.0,8847.0,8739.92,8761.05,1545.8480674199943
1526385600,8480.0,8765.02,8765.02,8554.36,3344.379813129975
1526407200,8431.03,8566.39,8550.48,8477.46,1137.7715433499993
1526428800,8103.33,8339.95,8330.0,8206.68,3001.668524879983
1526450400,8200.0,8436.37,8234.28,8367.71,1113.4564921099961
1526472000,8166.02,8360.0,8174.99,8290.2,2530.8345965699855
1526493600,8225.18,8384.13,8239.96,8344.0,1114.2393367399989
1526515200,8280.23,8483.48,8350.75,8359.97,1722.200340229995
1526536800,8200.0,8346.6,8337.01,8299.99,1059.7720738100008
1526558400,8233.0,8350.0,8294.74,8255.99,1349.150147879999
1526580000,8001.0,8202.76,8202.74,8059.0,2005.8252074799882
1526601600,7930.0,8067.16,7960.05,8040.29,1638.0613757999965
1526623200,8051.0,8148.38,8095.0,8109.0,703.2680149499993
1526644800,8070.32,8145.0,8082.07,8113.56,841.9640021999987
1526666400,8185.17,8280.0,8216.01,8238.51,1462.0939182699951
1526688000,8177.47,8272.47,8191.48,8233.46,748.6762148700005
1526709600,8152.54,8368.31,8225.86,8368.31,834.8634591299975
1526731200,8280.96,8333.97,8299.99,8303.0,655.3357019400015
1526752800,8171.44,8310.0,8305.96,8235.6,932.3039317499994
1526774400,8216.53,8281.61,8218.9,8253.79,400.8399040400004
1526796000,8229.93,8373.35,8250.83,8337.48,674.2790407299995
1526817600,8319.99,8541.24,8325.88,8510.0,1620.8491252199924
1526839200,8480.0,8600.0,8520.01,8516.86,951.3394437699995
1526860800,8454.7,8519.99,8454.7,8513.52,505.7552853700004
1526882400,8433.23,8577.02,8549.44,8488.3,887.0900406200019
1526904000,8361.49,8489.99,8484.21,8385.71,1248.733418689996
1526925600,8349.99,8438.76,8350.0,8393.44,910.4607667300002
1526947200,8270.76,8329.0,8284.99,8293.18,489.6842943100006
1526968800,8197.27,8328.96,8318.32,8201.76,814.7462664700001
1526990400,8198.51,8240.0,8224.14,8215.0,928.0392486799999
1527012000,7950.0,8216.59,8204.96,7987.7,2791.565263399988
1527033600,7881.21,7973.28,7911.53,7912.51,1487.821878989998
1527055200,7808.23,7945.13,7945.13,7860.0,1875.424883659995
1527076800,7433.19,7905.0,7904.01,7524.24,5815.317321199958
1527098400,7466.52,7659.54,7497.1,7505.0,3501.7751525099743
1527120000,7550.83,7734.99,7580.0,7687.07,1905.6421154299946
1527141600,7282.23,7557.69,7557.69,7362.93,2308.8172350699924
1527163200,7446.14,7595.25,7505.02,7514.77,2422.4761442499957
1527184800,7476.1,7622.3,7587.02,7584.15,1339.281194100001
1527206400,7568.93,7661.85,7568.93,7632.22,1086.1202406499988
1527228000,7326.94,7520.71,7505.5,7455.3,2541.3029696899903
1527249600,7407.27,7513.0,7482.66,7433.45,1440.5870509999954
1527271200,7365.56,7499.99,7420.01,7459.11,1032.5598807400002
1527292800,7380.0,7469.61,7447.29,7432.15,732.3925945200001
1527314400,7517.0,7560.0,7549.99,7529.22,343.20614463000004
1527336000,7514.36,7556.68,7535.11,7547.48,521.73407342
1527357600,7287.23,7627.8,7548.68,7337.95,1417.8434944999974
1527379200,7241.81,7316.43,7275.38,7274.99,647.3162087000005
1527400800,7229.01,7390.19,7274.99,7335.15,843.6194352500005
1527422400,7284.24,7357.3,7335.15,7352.5,800.2737646400014
1527444000,7290.93,7369.69,7312.13,7346.64,527.9562492300004
1527465600,7167.99,7444.8,7356.83,7196.87,2531.1343058599878
1527487200,7207.95,7246.06,7236.74,7220.0,445.6547932100003
1527508800,7193.0,7286.13,7286.12,7227.3,1198.5645651800012
1527530400,7087.0,7242.62,7225.94,7107.94,2009.1132097499958
1527552000,7073.5,7130.0,7117.5,7101.9,1349.5500258899956
1527573600,7091.79,7479.98,7096.6,7394.3,2935.720169879987
1527595200,7391.69,7522.0,7454.0,7513.09,1909.0887613999953
1527616800,7399.77,7518.0,7447.99,7460.0,1631.6721090799972
1527638400,7463.3,7544.1,7516.74,7495.0,502.1552926499998
1527660000,7443.15,7538.14,7459.91,7502.32,720.9500829800005
1527681600,7272.71,7526.71,7522.9,7315.0,2463.846078819995
1527703200,7325.01,7390.2,7339.96,7380.01,659.2314482600011
1527724800,7340.84,7509.99,7349.66,7496.12,875.3339161299986
1527746400,7504.97,7582.05,7572.55,7538.69,672.7552629800007
1527768000,7540.32,7609.99,7541.45,7570.05,502.5509093900001
1527789600,7415.09,7563.06,7540.01,7485.0,1331.8234077799998
1527811200,7467.57,7490.99,7490.99,7489.99,193.0089379500002
1527832800,7351.01,7599.99,7544.0,7351.02,1507.4003960099976
1527854400,7393.07,7450.0,7425.0,7424.95,931.8951579399981
1527876000,7387.51,7532.01,7424.95,7514.32,2011.8575927099948
1527897600,7459.87,7520.0,7467.99,7515.01,730.93113434
1527919200,7605.16,7683.05,7649.94,7641.0,1023.0137009799998
1527940800,7570.83,7675.99,7632.67,7634.26,985.0646846900006
1527962400,7612.97,7663.47,7661.42,7636.42,543.4868650500014
1527984000,7583.24,7666.47,7649.0,7645.96,891.3840332700008
1528005600,7695.78,7739.99,7725.0,7711.76,359.76865903000026
1528027200,7679.43,7729.92,7720.87,7691.01,805.1455658600004
1528048800,7650.04,7737.89,7685.12,7706.37,1105.223357170001
1528070400,7610.0,7713.45,7709.89,7661.63,702.6786592399997
1528092000,7480.79,7617.89,7599.55,7506.1,802.4759748099968
1528113600,7447.61,7505.53,7505.53,7479.03,1447.0268414099983
1528135200,7460.58,7541.0,7499.89,7487.37,1245.500329340001
1528156800,7374.35,7500.0,7487.37,7428.99,1343.6362516600004
1528178400,7404.78,7463.78,7408.47,7417.98,321.01802216000056
1528200000,7542.45,7677.5,7575.79,7615.05,1063.2252997199953
1528221600,7567.96,7632.59,7624.43,7612.51,793.8733516399959
1528243200,7566.62,7599.0,7587.39,7599.0,260.81881678999963
1528264800,7606.9,7629.99,7606.9,7615.38,85.23636789000007
1528286400,7501.0,7655.0,7655.0,7525.1,1040.1919072699968
1528308000,7508.25,7691.0,7509.38,7655.0,1545.8273138299999
1528329600,7700.0,7747.0,7716.79,7704.0,719.8572372300008
1528351200,7663.0,7719.99,7704.99,7680.34,517.0905970800007
1528372800,7651.2,7719.99,7698.41,7695.02,1149.7619148999977
1528394400,7643.67,7684.93,7663.63,7684.93,552.6940217300007
1528416000,7623.86,7635.99,7633.52,7634.83,84.60534733999994
1528437600,7550.1,7640.0,7629.89,7560.01,629.1610442400004
1528459200,7536.58,7665.0,7561.65,7650.0,1346.3412735699974
1528480800,7611.01,7649.99,7646.82,7618.8,370.1869813700005
1528502400,7649.99,7680.0,7650.0,7660.89,473.86863784999974
1528524000,7625.0,7654.82,7651.42,7630.66,151.66877029000003
1528545600,7574.63,7622.25,7605.0,7599.0,597.3466389200003
1528567200,7468.0,7630.0,7610.1,7496.4,947.4758756899982
1528588800,7265.0,7496.41,7496.41,7305.38,2848.116317049988
1528610400,7187.5,7257.0,7209.4,7234.99,640.6107898200005
1528632000,6700.0,7279.12,7279.12,6755.93,5512.539767400108
1528653600,6672.01,6868.0,6759.02,6770.31,6274.136675909968
1528675200,6755.0,6812.8,6795.8,6755.01,981.9014394600028
1528696800,6737.29,6819.99,6796.57,6788.79,1119.0901247899997
1528718400,6670.0,6758.77,6753.52,6721.81,2157.196316879989
1528740000,6735.0,6913.83,6755.0,6881.0,2575.2240478899867
1528761600,6817.85,6854.98,6817.86,6844.4,332.6327946000002
1528783200,6812.03,6859.95,6852.76,6840.0,318.7856281900001
1528804800,6692.69,6774.45,6739.99,6725.38,1436.3347683499999
1528826400,6481.47,6574.99,6543.81,6545.0,1026.273297529994
1528848000,6529.29,6618.95,6559.01,6567.11,1312.7190586899987
1528869600,6380.0,6537.88,6529.11,6452.01,1950.7497984199963
1528891200,6135.0,6462.91,6455.13,6324.05,7442.828088740029
1528912800,6268.68,6350.0,6277.68,6302.31,1273.147181049995
1528934400,6277.87,6529.8,6280.32,6475.76,3706.877429370001
1528956000,6466.18,6539.99,6484.99,6525.01,838.574014899998
1528977600,6310.0,6660.0,6375.54,6612.18,3639.90629254985
1528999200,6590.11,6694.56,6652.0,6638.49,1642.9299871799901
1529020800,6543.06,6587.72,6564.99,6576.01,216.62669425
1529042400,6475.0,6660.0,6580.99,6534.25,1615.4554801899922
1529064000,6489.16,6616.72,6504.98,6543.01,1354.5729636299998
1529085600,6370.0,6499.3,6499.3,6391.22,986.3862862999997
1529107200,6388.38,6481.41,6396.99,6459.72,856.8398597600012
1529128800,6436.27,6514.91,6462.4,6455.0,499.5564154800004
1529150400,6330.0,6549.99,6415.11,6527.24,1412.7211156899962
1529172000,6472.97,6543.54,6497.98,6484.29,536.3136257900007
1529193600,6509.71,6546.33,6519.99,6510.01,483.4632978500001
1529215200,6502.65,6570.01,6526.21,6509.18,353.73208699000145
1529236800,6444.44,6520.0,6455.56,6499.0,838.6322614600023
1529258400,6428.14,6505.0,6497.32,6447.16,664.5718195499994
1529280000,6385.02,6447.48,6429.99,6426.6,590.1725618300005
1529301600,6398.22,6489.99,6440.0,6421.97,624.2763233100006
1529323200,6422.07,6807.64,6435.87,6725.85,3448.6432962099816
1529344800,6670.0,6729.88,6726.15,6709.02,1515.7104869200032
1529366400,6676.03,6723.1,6714.5,6707.29,881.2577576600007
1529388000,6674.47,6768.48,6684.89,6724.01,1076.0995606899914
1529409600,6670.01,6756.46,6744.99,6720.01,980.2545362699943
1529431200,6690.58,6744.21,6744.21,6736.41,972.1848863700022
1529452800,6578.8,6625.0,6625.0,6599.98,727.5132743200057
1529474400,6611.12,6662.49,6627.76,6635.1,414.2782309399996
1529496000,6587.06,6817.0,6616.09,6749.37,2468.171841489985
1529517600,6707.44,6759.18,6746.0,6759.18,1061.1345824300008
1529539200,6751.5,6779.44,6779.44,6754.99,251.51410105999975
1529560800,6682.3,6780.0,6756.05,6735.0,794.3355262800011
1529582400,6690.48,6738.29,6726.12,6715.95,798.7448335600004
1529604000,6695.0,6743.0,6695.01,6719.01,975.4946414100008
1529625600,6613.75,6722.01,6722.0,6660.91,1629.2419340499582
1529647200,6291.99,6649.53,6649.53,6360.11,3847.0917628799903
1529668800,6120.09,6190.0,6174.01,6160.0,1976.8752447599961
1529690400,5921.21,6210.0,6195.66,6059.82,5488.842627800014
1529712000,6089.82,6160.0,6144.0,6105.27,863.3719884700004
1529733600,6092.99,6189.53,6120.29,6150.75,684.9081871000001
1529755200,6073.57,6160.0,6143.92,6141.18,1294.3515615899955
1529776800,6121.12,6250.0,6140.22,6178.29,1370.895129199996
1529798400,5867.0,6120.16,6120.16,5910.75,2263.6772288599686
1529820000,5863.54,5950.0,5863.55,5925.82,738.3893004500021
1529841600,5777.0,6255.8,5947.17,6188.38,4889.584167319952
1529863200,6111.0,6199.0,6178.5,6149.99,1063.165418109998
1529884800,6115.67,6188.89,6168.0,6150.23,994.3929147900052
1529906400,6144.98,6235.57,6164.69,6228.56,1599.6489541099918
1529928000,6081.5,6340.01,6109.68,6280.01,2998.0284789890484
1529949600,6230.3,6273.02,6250.05,6246.01,546.4948832700009
1529971200,6221.87,6271.0,6241.08,6249.99,456.3208071300062
1529992800,6154.0,6225.0,6217.0,6203.5,382.78290365000095
1530014400,6127.36,6226.97,6169.0,6194.99,1213.239269989986
1530036000,6006.39,6256.0,6170.04,6074.0,2446.1438547499674
1530057600,6035.0,6090.01,6083.01,6074.25,931.4784737600008
1530079200,6069.82,6131.0,6069.82,6093.83,551.4850520500012
1530100800,5983.56,6150.0,6085.04,6120.55,2502.594003989986
1530122400,6111.0,6175.43,6118.49,6132.17,1554.5185345099974
1530144000,6076.74,6124.2,6109.94,6108.01,461.2607247900006
1530165600,6080.28,6118.61,6113.5,6111.54,313.7359844800016
1530187200,6091.51,6114.51,6109.98,6099.99,601.698472340004
1530208800,5816.6,6092.76,6085.82,5851.66,3824.4641168599687
1530230400,5790.01,5965.74,5873.91,5895.0,2068.99701463998
1530252000,5834.01,5916.77,5895.0,5869.48,936.7620974900022
1530273600,5872.14,5892.59,5872.69,5889.99,347.9009669499943
1530295200,5879.99,6300.0,5880.0,6202.36,4222.632066310023
1530316800,6225.38,6520.15,6225.39,6387.7,3438.8482911799474
1530338400,6374.17,6418.28,6389.07,6394.97,393.6658886599996
1530360000,6330.0,6400.0,6389.48,6335.01,1153.6345803700015
1530381600,6327.5,6408.99,6354.63,6383.19,492.2843027100001
1530403200,6333.48,6397.48,6338.99,6376.22,287.49626527
1530424800,6339.32,6385.99,6368.49,6363.65,250.73619911000765
1530446400,6256.76,6334.99,6334.99,6326.01,866.8018966299975
1530468000,6305.52,6393.96,6313.76,6349.5,1069.459566800006
1530489600,6270.01,6343.7,6338.5,6292.52,816.8871347197986
1530511200,6301.98,6356.36,6304.29,6336.68,423.3681722500021
1530532800,6333.3,6665.0,6333.33,6610.01,4213.242030479982
1530554400,6602.0,6650.0,6618.99,6611.79,1147.3780509399985
1530576000,6620.0,6673.99,6625.01,6630.68,832.7455296799995
1530597600,6535.0,6640.29,6632.2,6584.0,1021.562182679998
1530619200,6560.0,6592.94,6570.08,6582.78,860.2964002900021
1530640800,6465.0,6624.99,6610.0,6502.62,1740.5782641699914
1530662400,6440.0,6487.0,6455.03,6480.98,593.3285854800022
1530684000,6465.39,6550.0,6470.93,6516.74,506.5839000699981
1530705600,6533.5,6796.62,6540.22,6679.77,2725.8942259899663
1530727200,6557.39,6695.35,6673.88,6587.47,1641.9085760499952
1530748800,6555.0,6700.0,6559.31,6603.5,1535.883470880181
1530770400,6546.21,6684.0,6617.5,6615.11,608.6405449399992
1530792000,6539.0,6639.34,6584.42,6566.46,991.9325646399856
1530813600,6475.47,6548.0,6504.22,6532.95,713.8277367300024
1530835200,6481.05,6539.99,6516.01,6504.24,530.1138593200003
1530856800,6472.2,6545.54,6479.16,6526.05,370.45904172999946
1530878400,6546.72,6630.0,6565.0,6597.94,1115.9355047100053
1530900000,6562.0,6620.0,6569.53,6600.0,733.9267520900084
1530921600,6557.5,6614.53,6589.99,6593.99,751.0544478800014
1530943200,6566.0,6594.0,6594.0,6581.26,283.46271663999914
1530964800,6521.0,6614.8,6581.26,6549.44,829.5950980999999
1530986400,6512.0,6843.26,6549.44,6753.28,2294.290918429968
1531008000,6711.0,6739.99,6739.0,6726.02,276.2450906000007
1531029600,6718.06,6732.67,6725.0,6729.04,196.5793054599997
1531051200,6738.57,6762.88,6751.25,6750.8,353.9486293399998
1531072800,6671.0,6751.55,6744.74,6701.97,700.2480580399977
1531094400,6685.0,6721.94,6701.97,6695.91,708.902425089999
1531116000,6660.01,6748.84,6695.9,6712.6,638.9260473699999
1531137600,6669.32,6734.73,6712.61,6690.99,1442.6761232100025
1531159200,6625.0,6815.82,6691.0,6664.01,2463.6212923499743
1531180800,6620.83,6679.47,6664.01,6627.43,1082.8513707800037
1531202400,6320.16,6627.44,6627.44,6361.31,3301.1386289599704
1531224000,6324.56,6409.47,6361.32,6368.73,1926.7400327999896
1531245600,6279.0,6402.18,6368.72,6303.7,1867.1286598099937
1531267200,6282.77,6400.0,6303.69,6337.47,1573.7476933899886
1531288800,6281.01,6395.98,6337.47,6375.87,778.0517825700019
1531310400,6330.0,6388.18,6375.88,6354.18,978.8868412300019
1531332000,6287.9,6390.04,6354.18,6390.04,1707.6152712799926
1531353600,6310.0,6390.04,6390.04,6335.26,2721.3423472799673
1531375200,6139.0,6337.5,6335.26,6165.07,2344.715110309993
1531396800,6158.09,6196.85,6165.08,6183.18,1531.1212429600046
1531418400,6075.01,6265.61,6183.17,6249.75,2814.2703913799833
1531440000,6223.0,6284.0,6246.68,6244.16,1350.1628542600015
1531461600,6210.97,6247.91,6244.16,6243.95,481.84833493000076
1531483200,6230.0,6281.11,6243.95,6269.99,1346.340656049999
1531504800,6121.53,6335.09,6269.98,6216.29,2797.1245395399624
1531526400,6204.69,6277.5,6216.29,6225.01,799.5857560000018
1531548000,6187.0,6242.5,6225.0,6232.91,457.6051839500001
1531569600,6227.15,6270.0,6234.66,6268.0,674.6476265300029
1531591200,6208.4,6323.68,6267.99,6248.65,1112.9585396700077
1531612800,6233.26,6279.99,6248.65,6279.93,642.484677390001
1531634400,6266.72,6385.0,6279.93,6355.39,1240.9787800199986
1531656000,6330.0,6385.35,6355.38,6378.36,979.7174086500056
1531677600,6336.8,6382.0,6378.36,6348.73,1019.7836294900044
1531699200,6330.3,6380.59,6348.73,6360.53,805.501855530005
1531720800,6356.51,6663.66,6360.53,6627.96,2420.4129486299726
1531742400,6581.73,6715.0,6627.97,6664.68,3207.1561520399855
1531764000,6631.39,6750.0,6664.67,6728.81,2714.3242479599776
1531785600,6680.01,6753.85,6728.8,6691.01,1952.9407231799928
1531807200,6663.51,6729.53,6691.0,6683.23,640.1086170200012
1531828800,6676.5,7268.32,6683.22,7187.38,6348.774137990073
1531850400,7177.72,7472.5,7187.37,7315.01,6702.584395190069
1531872000,7311.38,7545.0,7315.0,7459.04,3949.573653829951
1531893600,7326.98,7475.88,7459.04,7413.03,1763.025114139995
1531915200,7375.0,7523.93,7413.03,7503.23,3931.7848324299644
1531936800,7229.89,7584.85,7503.23,7378.99,6129.069543039928
1531958400,7281.42,7379.0,7378.99,7327.59,1472.1343634599966
1531980000,7305.68,7430.0,7327.58,7413.42,978.8680516600078
1532001600,7347.0,7515.0,7413.42,7419.99,3917.3513003199464
1532023200,7403.0,7581.0,7420.0,7470.01,3616.852267589936
1532044800,7378.84,7475.16,7470.01,7418.65,1670.7663955599758
1532066400,7358.6,7512.0,7416.82,7490.0,1061.5357703000032
1532088000,7307.4,7687.0,7489.99,7324.48,4386.703421819902
1532109600,7259.76,7400.29,7322.69,7334.46,3284.586363099962
1532131200,7204.32,7334.46,7334.46,7325.97,2227.898791119964
1532152800,7288.5,7345.0,7325.96,7318.52,704.8341426500058
1532174400,7300.25,7420.0,7318.52,7406.86,1113.172073270008
1532196000,7390.47,7444.77,7406.86,7408.0,1033.2944399900123
1532217600,7340.0,7475.01,7408.0,7407.99,1417.8742407799996
1532239200,7374.0,7462.17,7408.0,7444.84,381.6747272400017
1532260800,7432.98,7543.8,7444.98,7495.81,1386.7736774399982
1532282400,7327.75,7569.69,7495.81,7397.8,2412.896479599984
1532304000,7378.26,7700.0,7400.0,7645.9,3238.7031985499602
1532325600,7645.0,7779.99,7645.9,7686.64,2510.544239689975
1532347200,7672.52,7747.0,7686.65,7724.51,2546.3416682699713
1532368800,7628.0,7809.0,7724.51,7720.09,4154.3318141598875
1532390400,7695.99,8030.0,7720.08,7977.54,4948.239024719979
1532412000,7942.0,8265.99,7977.54,8249.99,3540.612784149931
1532433600,8113.89,8360.0,8250.0,8228.4,6264.3395135498495
1532455200,8189.99,8488.0,8228.4,8385.5,4881.8923076599185
1532476800,8284.81,8482.84,8390.04,8435.0,3483.607164769965
1532498400,8156.22,8435.0,8435.0,8182.5,2707.001416709992
1532520000,8042.0,8228.77,8182.49,8099.99,4957.489164549978
1532541600,8066.88,8325.32,8100.0,8157.15,3565.812817239964
1532563200,8157.15,8240.98,8157.15,8194.25,1509.6766318699968
1532584800,8194.25,8290.0,8194.26,8247.39,1140.611119420002
1532606400,8178.0,8247.39,8247.39,8206.18,2112.8437876499993
1532628000,7840.0,8287.0,8207.94,7931.99,7106.389310009968
1532649600,7852.1,7939.8,7932.0,7919.54,1830.1364735399977
1532671200,7883.0,7984.0,7919.53,7914.0,815.3957357200006
1532692800,7787.29,8229.0,7914.0,8176.0,6293.623040679984
1532714400,8133.04,8276.55,8175.99,8184.21,3052.1916383799817
1532736000,8153.01,8220.0,8182.64,8174.05,1175.582619590001
1532757600,8138.1,8205.85,8174.05,8179.99,700.0736567899987
1532779200,8065.0,8210.0,8179.99,8181.0,1372.060340689999
1532800800,8158.0,8230.0,8181.01,8228.9,893.333747680001
1532822400,8185.01,8289.96,8227.38,8208.83,1470.9632999999994
1532844000,8127.87,8208.83,8208.83,8160.92,491.2715026799998
1532865600,8160.91,8229.65,8160.92,8191.29,1072.8903517700003
1532887200,8178.66,8270.0,8191.3,8216.34,1204.6351498399933
1532908800,8080.0,8274.92,8216.33,8177.5,2064.5188332799657
1532930400,8115.88,8187.0,8177.49,8155.03,887.1181451500023
1532952000,7880.0,8200.0,8155.04,7902.44,3440.173017219974
1532973600,7850.0,8199.99,7902.43,8170.01,4177.145929059966
1532995200,8077.0,8173.57,8170.0,8119.63,1481.4468371999978
1533016800,7929.05,8131.98,8119.63,7975.49,1638.3723401599968
1533038400,7654.0,7975.49,7975.48,7725.0,6065.9270947599525
1533060000,7629.48,7780.0,7725.01,7727.27,3412.6927192099943
1533081600,7460.0,7750.0,7727.28,7527.42,4740.010706439969
1533103200,7516.23,7645.0,7527.41,7560.0,1315.19427229
1533124800,7533.77,7635.99,7560.0,7536.38,2321.937406829992
1533146400,7437.0,7632.62,7536.38,7603.99,3476.2477263899946
1533168000,7593.24,7707.54,7603.99,7658.94,1908.5169291099933
1533189600,7550.22,7688.95,7658.95,7559.66,927.5664474400016
1533211200,7462.0,7584.83,7559.66,7512.87,2407.1951768799936
1533232800,7483.2,7578.0,7512.87,7533.92,1674.0992846799977
1533254400,7285.0,7533.92,7533.92,7325.01,3892.5258453699826
1533276000,7308.99,7417.0,7325.01,7361.33,1321.6424973100034
1533297600,7349.51,7538.53,7361.33,7536.25,3185.5038378599797
1533319200,7355.0,7536.25,7536.24,7414.08,2685.0417340899844
1533340800,7391.0,7495.0,7414.08,7443.81,1127.4583328900032
1533362400,7385.0,7475.65,7443.82,7405.0,634.3109608300017
1533384000,6940.0,7405.0,7404.99,6990.02,6358.710741179965
1533405600,6958.43,7026.54,6990.02,7005.0,1813.270274809995
1533427200,6880.0,7020.89,7005.0,6975.59,2154.6490262499938
1533448800,6931.01,7084.16,6975.59,7031.06,707.7534741499998
1533470400,6890.0,7060.0,7031.05,6983.05,1828.216803829995
1533492000,6971.67,7086.52,6983.04,7030.01,1552.980604820002
1533513600,7025.01,7163.0,7030.0,7090.22,2447.728078579996
1533535200,6930.0,7105.0,7090.23,6980.99,1400.5716688499974
1533556800,6884.85,6987.11,6981.0,6919.76,2248.8613535699974
1533578400,6840.0,6954.66,6919.77,6938.0,2858.400965079981
1533600000,6904.31,6990.0,6938.0,6926.45,1334.113188720084
1533621600,6924.0,7112.11,6926.45,7092.26,1117.583768629996
1533643200,7051.0,7152.0,7092.27,7111.97,2478.9895231999935
1533664800,6647.07,7111.97,7111.97,6718.22,6217.058864350034
1533686400,6395.0,6718.22,6718.22,6537.32,6506.833651789955
1533708000,6440.03,6555.32,6537.32,6515.01,1739.319846009994
1533729600,6181.0,6522.13,6515.0,6242.2,7456.765663069998
1533751200,6121.04,6365.99,6242.19,6282.5,6442.4314531699965
1533772800,6269.03,6389.96,6282.5,6346.35,2343.879087009985
1533794400,6282.51,6369.28,6346.35,6328.75,1162.7027265900003
1533816000,6177.51,6557.16,6328.75,6475.56,6937.974287579992
1533837600,6452.56,6633.21,6475.56,6546.45,3536.044462859981
1533859200,6546.46,6584.8,6546.46,6556.25,266.84389406999964
1533902400,6345.0,6476.13,6476.13,6420.0,1364.1901909899916
1533924000,6015.0,6425.0,6420.0,6146.01,6434.654274799958
1533945600,6003.0,6168.52,6146.01,6100.0,2938.8395610299763
1533967200,6058.09,6190.0,6099.99,6119.97,1135.9040832500036
1533988800,6075.0,6485.76,6119.97,6446.44,3765.4432015899665
1534010400,6226.0,6458.37,6450.75,6235.56,2312.080888949985
1534032000,6169.46,6385.45,6236.0,6341.62,2100.160908649972
1534053600,6287.73,6374.0,6341.62,6353.06,666.7381650300032
1534075200,6190.42,6375.0,6350.14,6305.94,1939.4827817399773
1534096800,6225.58,6482.0,6305.95,6316.01,3617.705185889982
1534118400,6307.22,6383.39,6316.0,6330.46,1233.4858955199984
1534140000,6326.76,6544.99,6330.46,6443.0,1839.628579959984
1534161600,6139.57,6475.84,6442.99,6230.0,4711.162227009949
1534183200,6193.4,6299.96,6229.99,6253.67,2819.846087079962
1534204800,5900.0,6258.32,6253.67,6001.05,7857.85094048
1534226400,5956.34,6089.86,6001.04,6009.0,1615.0412744499936
1534248000,5980.0,6170.0,6009.0,6030.01,4060.607520639962
1534269600,6009.99,6238.32,6030.01,6195.01,4208.89705611994
1534291200,6189.0,6383.0,6195.0,6311.09,3878.3476907899485
1534312800,6280.0,6490.0,6311.1,6355.97,2720.417572569982
1534334400,6324.68,6636.0,6355.98,6569.96,5871.236316569966
1534356000,6235.03,6589.0,6569.96,6269.01,5316.544214229942
1534377600,6200.0,6335.0,6269.01,6287.42,1831.4087107999917
1534399200,6270.0,6475.01,6287.43,6439.99,1403.286407209997
1534420800,6283.0,6475.0,6439.99,6416.71,2854.9836196999777
1534442400,6232.3,6438.1,6416.71,6315.9,2886.362396029979
1534464000,6290.39,6528.22,6315.9,6449.99,2458.685676399986
1534485600,6408.16,6559.75,6449.52,6464.01,2052.771854549992
1534507200,6436.22,6550.0,6464.01,6510.0,2921.670759189972
1534528800,6443.89,6585.5,6510.0,6585.49,3343.726075449959
1534550400,6478.3,6613.23,6585.5,6523.01,2060.692356409991
1534572000,6476.85,6528.24,6523.01,6508.51,701.0813974000007
1534593600,6312.0,6521.0,6508.51,6354.99,2381.9033601099895
1534615200,6336.0,6448.96,6355.0,6396.64,1830.7647453499947
1534636800,6328.45,6396.63,6396.63,6374.01,956.615208300001
1534658400,6359.71,6449.16,6374.02,6430.0,460.9286046899991
1534680000,6349.0,6465.0,6429.99,6360.0,1177.1677866800017
1534701600,6350.0,6547.34,6360.0,6489.53,1877.4645673700036
1534723200,6452.61,6525.0,6489.53,6471.36,1090.8795568600008
1534744800,6389.0,6479.95,6471.37,6448.51,1269.8799111000035
1534766400,6400.0,6506.12,6448.5,6467.11,2014.9522115499958
1534788000,6227.71,6480.0,6467.11,6258.74,3529.711346349981
1534809600,6249.12,6345.56,6258.74,6322.47,1506.041347950001
1534831200,6322.0,6480.0,6322.48,6433.43,1492.8115189699956
1534852800,6361.82,6459.0,6433.42,6419.18,1975.4385064499947
1534874400,6405.0,6490.0,6419.17,6475.89,1884.8246560699974
1534896000,6441.0,6890.65,6475.89,6677.63,6916.416806700099
1534917600,6630.35,6694.18,6677.63,6669.84,1033.6218324400031
1534939200,6384.76,6684.36,6669.84,6441.72,4057.6545851299697
1534960800,6250.0,6473.29,6441.72,6359.99,5603.516102610024
1534982400,6348.69,6445.85,6359.99,6425.0,1781.1873662199964
1535004000,6393.0,6448.08,6425.01,6405.46,692.6741988000008
1535025600,6393.8,6489.99,6405.47,6455.01,1917.9851286299936
1535047200,6363.01,6568.37,6455.01,6526.36,2607.1264741199843
1535068800,6471.7,6535.99,6526.36,6515.59,927.8793686800017
1535090400,6502.91,6564.0,6515.59,6532.79,885.1974993700011
1535112000,6451.55,6628.94,6532.79,6587.53,2770.1480371699845
1535133600,6577.5,6725.0,6587.52,6690.88,2844.317021339987
1535155200,6690.88,6790.0,6690.88,6727.16,2014.3777146299888
1535176800,6668.0,6729.0,6727.16,6704.99,743.0488173099988
1535198400,6677.77,6749.0,6704.99,6726.01,1150.6424942399956
1535220000,6695.56,6770.0,6726.01,6737.52,1022.0970445800003
1535241600,6572.0,6773.0,6737.52,6588.7,1926.2194895399864
1535263200,6574.27,6713.24,6588.71,6696.98,568.0311799999998
1535284800,6630.0,6726.19,6696.98,6645.38,1349.6258438399977
1535306400,6644.56,6720.51,6645.38,6709.98,1165.2262005800014
1535328000,6654.13,6729.71,6709.98,6715.0,1288.2562138900003
1535349600,6687.75,6720.0,6715.01,6708.58,680.1929879300013
1535371200,6682.88,6764.85,6708.59,6734.93,2023.5549953099917
1535392800,6711.01,6947.6,6734.84,6911.9,3315.561038049981
1535414400,6864.96,6947.0,6911.9,6905.0,2493.257500919985
1535436000,6900.01,7050.0,6904.99,7033.34,2508.9312207599887
1535457600,6991.33,7088.14,7033.34,7052.5,3861.3613241699823
1535479200,7033.0,7128.0,7052.5,7071.01,3016.9060796799768
1535500800,7010.83,7086.43,7071.01,7055.41,1668.1416242699995
1535522400,7040.0,7119.0,7055.09,7081.23,868.7933181000026
1535544000,6907.42,7105.0,7084.08,7020.99,3444.927005059983
1535565600,6985.64,7069.0,7021.0,7030.9,1728.7536917800003
1535587200,6960.8,7048.66,7030.92,6963.03,1432.4327408999995
1535608800,6850.0,6992.54,6963.04,6870.0,2036.5093547299953
1535630400,6812.02,6894.0,6870.01,6863.42,2282.859384359997
1535652000,6790.0,6990.02,6863.41,6983.0,2573.8348688999836
1535673600,6929.24,7019.76,6983.0,6993.09,1419.0083250399998
1535695200,6931.56,7002.15,6993.09,6965.0,667.9668097800013
1535716800,6884.49,7064.48,6965.0,7045.0,3474.8375610999838
1535738400,7002.99,7090.46,7045.0,7015.01,2295.485707999992
1535760000,7010.98,7065.5,7015.01,7045.0,1095.5654794600014
1535781600,7040.0,7092.01,7045.0,7059.23,511.7887995100018
1535803200,7033.0,7215.5,7059.24,7195.01,2501.7412764799856
1535824800,7174.16,7275.0,7195.01,7191.08,2167.0900614199963
1535846400,7130.0,7233.22,7191.07,7233.22,1378.35486069
1535868000,7206.15,7328.36,7233.22,7235.0,1500.372257979996
1535889600,7180.6,7303.33,7235.01,7286.72,1371.8852255499992
1535911200,7260.0,7328.99,7286.72,7295.0,1641.35745942
1535932800,7192.99,7324.64,7294.99,7220.36,1638.023506839996
1535954400,7206.11,7260.29,7220.36,7220.96,663.5706696600013
1535976000,7220.29,7291.0,7221.61,7275.02,1368.6921299000026
1535997600,7245.0,7339.52,7275.03,7256.98,2462.7909460899955
1536019200,7229.94,7285.0,7256.48,7263.57,1215.5736427499944
1536040800,7263.56,7329.0,7263.57,7329.0,1095.608194
1536062400,7328.99,7387.42,7328.99,7377.0,3084.7139960499744
1536084000,7333.0,7402.5,7377.0,7360.0,2603.873723879988
1536105600,7350.0,7384.0,7359.99,7370.0,1103.0135516600012
1536127200,6903.05,7380.0,7370.0,6993.74,5318.76505779996
1536148800,6837.66,7043.93,6993.74,6912.88,5265.568388899957
1536170400,6664.07,6985.0,6912.88,6687.96,4694.111592059973
1536192000,6272.73,6703.73,6687.96,6389.96,9662.839359130297
1536213600,6286.5,6432.0,6388.93,6396.09,2465.2149123999952
1536235200,6375.01,6497.96,6396.09,6375.09,3857.6970760499835
1536256800,6329.41,6530.0,6375.09,6495.0,2850.8394173699858
1536278400,6459.15,6529.0,6495.0,6511.51,1684.928109009991
1536300000,6325.0,6530.0,6511.5,6366.2,2122.9178638099893
1536321600,6360.0,6485.0,6366.2,6415.0,2696.8997410299808
1536343200,6382.19,6442.58,6415.0,6395.01,1861.283858229998
1536364800,6395.01,6444.65,6395.01,6435.0,894.6394976900024
1536386400,6428.43,6460.0,6435.0,6437.75,476.92056462000124
1536408000,6150.0,6437.75,6437.74,6212.99,2971.1640833499696
1536429600,6116.0,6213.0,6212.99,6188.0,3238.9636264799747
1536451200,6147.0,6200.0,6188.0,6181.19,1623.0443932399894
1536472800,6172.01,6450.0,6181.18,6378.0,1570.9126846499912
1536494400,6367.28,6431.79,6378.0,6374.09,1166.5502305600032
1536516000,6212.0,6395.88,6377.48,6235.01,1996.1664995799915
1536537600,6235.0,6375.13,6235.02,6285.33,1876.8821650399927
1536559200,6238.86,6321.57,6285.33,6304.0,1080.9708322900005
1536580800,6221.49,6341.21,6303.99,6260.0,2178.916542439986
1536602400,6250.0,6300.0,6260.0,6300.0,1891.8849925499967
1536624000,6286.33,6405.0,6300.0,6325.19,2010.736393429987
1536645600,6242.79,6338.47,6325.19,6272.96,863.5271196199981
1536667200,6176.76,6292.25,6272.95,6239.26,2372.034280179984
1536688800,6194.38,6307.77,6239.07,6282.53,2264.912149399988
1536710400,6223.74,6290.0,6282.53,6269.46,1461.0016502299964
1536732000,6191.1,6269.47,6269.46,6232.46,1208.725579670001
1536753600,6228.84,6298.45,6232.45,6273.96,2195.1288676999907
1536775200,6271.03,6340.94,6273.97,6326.0,2563.825446679986
1536796800,6323.64,6434.0,6326.0,6379.78,2567.6565353199853
1536818400,6375.0,6488.62,6379.79,6465.36,1680.2656547299962
1536840000,6431.96,6530.0,6465.36,6501.37,3188.603139909983
1536861600,6410.0,6513.32,6501.36,6485.99,2364.224753629986
1536883200,6456.0,6579.0,6485.99,6551.62,1958.489231619996
1536904800,6378.05,6580.0,6551.62,6462.51,1912.582522999987
1536926400,6426.71,6516.41,6462.51,6470.69,1841.5874315599922
1536948000,6464.06,6545.53,6470.69,6478.04,1978.9279500699954
1536969600,6475.0,6520.0,6478.05,6490.32,772.8749267900002
1536991200,6470.0,6550.0,6490.32,6519.99,530.5706180899996
1537012800,6519.0,6565.0,6520.0,6546.32,1121.2569621100015
1537034400,6479.36,6550.19,6546.33,6518.68,979.4150078499987
1537056000,6323.68,6521.75,6518.68,6470.82,1711.564374489989
1537077600,6443.56,6515.0,6470.82,6496.12,353.63649683000006
1537099200,6411.44,6507.05,6496.12,6475.0,676.7790796100014
1537120800,6474.99,6509.0,6475.0,6498.0,778.821974800002
1537142400,6459.54,6529.75,6498.0,6484.66,1410.6342479600007
1537164000,6412.84,6501.08,6484.66,6472.0,955.4859088600024
1537185600,6224.88,6472.0,6471.99,6291.7,4603.994252889965
1537207200,6207.55,6314.03,6291.7,6250.7,2364.319435189991
1537228800,6228.0,6275.0,6250.71,6270.99,1149.055816869999
1537250400,6235.36,6281.45,6271.0,6281.45,911.7084341499981
1537272000,6267.89,6384.04,6281.45,6320.0,2285.0512214899913
1537293600,6290.1,6358.63,6321.74,6335.7,1791.5506360399968
1537315200,6310.35,6352.0,6335.69,6342.51,1069.7946506000023
1537336800,6268.17,6355.0,6342.5,6284.03,1017.5371456099989
1537358400,6258.0,6342.32,6284.04,6322.0,1430.8835369999997
1537380000,6106.37,6511.0,6322.0,6386.94,7230.7129774000605
1537401600,6380.0,6417.54,6386.95,6390.8,942.1398496699996
1537423200,6371.58,6432.0,6390.8,6430.32,899.0673949500008
1537444800,6390.0,6445.55,6430.32,6395.0,1588.0197182899988
1537466400,6337.0,6530.0,6394.99,6493.11,3390.376551959974
1537488000,6492.5,6575.0,6493.11,6531.01,2257.206217529987
1537509600,6531.0,6765.41,6531.0,6739.34,2989.9166093199783
1537531200,6699.98,6774.0,6739.34,6733.78,1515.5282358500006
1537552800,6690.01,6777.1,6697.65,6758.7,1249.44661497
