1546455600,0.998999,0.998999,0.998999,0.998999,8543.09
1546457400,0.999,0.999,0.999,0.999,14.0
1546457460,0.998999,0.998999,0.998999,0.998999,7573.23
1546467180,0.999,0.999,0.999,0.999,70000.0
1546467240,0.999,0.999,0.999,0.999,29074.0
1546472160,0.999,0.999,0.999,0.999,3400.0
1546472520,0.999,0.999,0.999,0.999,100.0
1546472700,0.998999,0.998999,0.998999,0.998999,100.0
1546519260,0.998999,0.998999,0.998999,0.998999,6.0
1546528080,0.998999,0.998999,0.998999,0.998999,9044.61
1546563180,0.995501,0.995501,0.995501,0.995501,1.0
1546570680,0.9955,0.9955,0.9955,0.9955,3502.13
1546574220,0.9955,0.9955,0.9955,0.9955,401.81
1546574280,0.9955,0.9955,0.9955,0.9955,3616.26
1546574340,0.9955,0.9955,0.9955,0.9955,3415.35
1546574400,0.9955,0.9955,0.9955,0.9955,2566.59
1546609440,0.995501,0.995501,0.995501,0.995501,28.0
1546609500,0.9955,0.9955,0.9955,0.9955,90.0
1546609800,0.9955,0.9955,0.9955,0.9955,14.7
1546613760,0.995,0.9955,0.9955,0.995,1497.87
1546614600,0.9955,0.9955,0.9955,0.9955,132.3
1546617720,0.995501,0.995501,0.995501,0.995501,20.0
1546619580,0.995,0.9955,0.9955,0.995,6075.89
1546626780,0.995501,0.995501,0.995501,0.995501,100.0
1546627800,0.9955,0.9955,0.9955,0.9955,1628.86
1546627860,0.9954,0.9955,0.9955,0.9954,3415.35
1546627920,0.9954,0.9955,0.9954,0.9955,2525.51
1546662480,0.998999,0.998999,0.998999,0.998999,200.0
1546663260,0.998999,0.998999,0.998999,0.998999,400.0
1546665300,0.998999,0.998999,0.998999,0.998999,315.0
1546671780,0.998999,0.998999,0.998999,0.998999,4066.26
1546709340,0.998999,0.998999,0.998999,0.998999,500.0
1546709400,0.998999,0.998999,0.998999,0.998999,9500.0
1546712520,0.998999,0.998999,0.998999,0.998999,10413.5
1546712820,0.998999,0.998999,0.998999,0.998999,5533.5
1546714020,0.998999,0.998999,0.998999,0.998999,6718.01
1546714560,0.998999,0.998999,0.998999,0.998999,7997.0
1546715880,0.999,0.999,0.999,0.999,74.85
1546717680,0.999,0.999,0.999,0.999,1.0
1546717920,0.998999,0.998999,0.998999,0.998999,69606.87
1546718160,0.998999,0.998999,0.998999,0.998999,1.0
1546718760,0.999,0.999,0.999,0.999,99.79
1546719540,0.998999,0.998999,0.998999,0.998999,100.0
1546719660,0.998999,0.998999,0.998999,0.998999,1354.0
1546723980,0.998999,0.998999,0.998999,0.998999,64706.49
1546725480,0.998999,0.998999,0.998999,0.998999,3200.0
1546725900,0.998999,0.998999,0.998999,0.998999,3100.0
1546726080,0.998999,0.998999,0.998999,0.998999,3200.0
1546726320,0.998999,0.998999,0.998999,0.998999,10000.0
1546726620,0.998999,0.998999,0.998999,0.998999,3855.86
1546726740,0.998999,0.998999,0.998999,0.998999,4700.0
1546764480,0.998999,0.998999,0.998999,0.998999,6189.09
1546764600,0.998999,0.998999,0.998999,0.998999,2196.26
1546823100,0.9955,0.9955,0.9955,0.9955,280.22
1546823160,0.9955,0.9955,0.9955,0.9955,3415.35
1546823220,0.9955,0.9955,0.9955,0.9955,3616.26
1546823280,0.9955,0.9955,0.9955,0.9955,2688.17
1546829400,0.995001,0.9965,0.9965,0.995001,9651.98
1546861020,0.996995,0.996995,0.996995,0.996995,100.0
1546862700,0.995,0.996995,0.996995,0.995,1500.0
1546862940,0.9955,0.9955,0.9955,0.9955,200.0
1546870740,0.99699,0.997,0.99699,0.997,10652.52
1546876380,0.9975,0.9975,0.9975,0.9975,10.0
1546876440,0.9975,0.99889,0.9975,0.99889,11165.0
1546878060,0.996002,0.996002,0.996002,0.996002,2000.0
1546879140,0.996001,0.997,0.997,0.996001,5000.0
1546879980,0.996001,0.997,0.997,0.996001,2464.37
1546913700,0.996999,0.996999,0.996999,0.996999,3600.0
1546914060,0.996999,0.996999,0.996999,0.996999,937.07
1546914540,0.996999,0.996999,0.996999,0.996999,3600.0
1546914600,0.996999,0.996999,0.996999,0.996999,1862.93
1546914660,0.9966,0.9966,0.9966,0.9966,1500.0
1546914840,0.9966,0.9966,0.9966,0.9966,2500.0
1546917000,0.9966,0.9966,0.9966,0.9966,1200.0
1546917660,0.9966,0.9966,0.9966,0.9966,300.0
1546917780,0.9966,0.9966,0.9966,0.9966,400.0
1546918140,0.9966,0.9966,0.9966,0.9966,600.0
1546918320,0.9966,0.9966,0.9966,0.9966,750.0
1546918560,0.9966,0.9966,0.9966,0.9966,250.0
1546918620,0.9966,0.9966,0.9966,0.9966,150.0
1546918920,0.996001,0.9966,0.9966,0.996001,3000.0
1546919820,0.996,0.996,0.996,0.996,200.0
1546925460,0.996,0.996,0.996,0.996,750.0
1546926420,0.996,0.996,0.996,0.996,450.0
1546926540,0.9955,0.996,0.996,0.9955,2549.03
1546927500,0.9955,0.9955,0.9955,0.9955,3000.0
1546927680,0.9955,0.9955,0.9955,0.9955,3000.0
1546927740,0.995499,0.9955,0.9955,0.9955,3211.83
1546927800,0.9955,0.9955,0.9955,0.9955,3616.26
1546927860,0.9955,0.9955,0.9955,0.9955,105.77
1546928880,0.9955,0.9955,0.9955,0.9955,708.9
1546964760,0.997001,0.997001,0.997001,0.997001,2966.02
1546965120,0.997,0.997,0.997,0.997,4199.99
1546969320,0.997001,0.997001,0.997001,0.997001,260.0
1546971180,0.997,0.997001,0.997001,0.997,2000.0
1546971480,0.997,0.997,0.997,0.997,970.0
1546971660,0.997,0.997,0.997,0.997,1500.0
1546973340,0.996001,0.9966,0.9966,0.996001,4000.0
1546973580,0.996,0.996001,0.996001,0.996,4000.0
1546973760,0.996,0.996,0.996,0.996,2590.0
1546974060,0.996,0.996,0.996,0.996,3810.05
1546974480,0.996,0.996,0.996,0.996,4000.0
1546974600,0.996,0.996,0.996,0.996,3561.5
1546974900,0.996,0.996,0.996,0.996,3780.75
1546975380,0.9956,0.996,0.996,0.9956,3780.75
1546975860,0.9955,0.9955,0.9955,0.9955,2018.02
1546975920,0.9955,0.9955,0.9955,0.9955,3616.26
1546975980,0.9955,0.9955,0.9955,0.9955,1930.73
1546977420,0.9955,0.9955,0.9955,0.9955,78.3
1546977480,0.9955,0.9955,0.9955,0.9955,3415.35
1546977540,0.9955,0.9955,0.9955,0.9955,287.09
1547015760,0.9955,0.9955,0.9955,0.9955,2074.57
1547015820,0.9955,0.9955,0.9955,0.9955,3616.26
1547015880,0.9955,0.9955,0.9955,0.9955,602.71
1547031060,0.995499,0.995499,0.995499,0.995499,20.0
1547065500,0.990002,0.990002,0.990002,0.990002,5.05
1547069340,0.990001,0.990001,0.990001,0.990001,7.5
1547123820,0.990004,0.9915,0.9915,0.990004,20.0
1547125860,0.990004,0.990004,0.990004,0.990004,300.0
1547128860,0.990001,0.990003,0.990003,0.990001,600.0
1547179140,0.991,0.995493,0.991,0.995493,5000.0
1547186700,0.995,0.995492,0.995492,0.995,610.0
1547223420,0.995244,0.995244,0.995244,0.995244,410.0
1547223780,0.995245,0.995245,0.995245,0.995245,1476.72
1547231940,0.995245,0.995245,0.995245,0.995245,10.0
1547268000,0.995241,0.995241,0.995241,0.995241,1.0
1547287020,0.995241,0.995245,0.995241,0.995245,1495.61
1547287260,0.995492,0.995493,0.995492,0.995493,1705.4
1547419080,0.9975,0.9975,0.9975,0.9975,100.0
1547420100,0.997499,0.997499,0.997499,0.997499,4.01
1547422200,0.997,0.997498,0.997498,0.997,1400.0
1547422380,0.997,0.997,0.997,0.997,295.99
1547429640,0.9975,0.9975,0.9975,0.9975,350.0
1547431800,0.996,0.997,0.997,0.996,13215.01
1547432520,0.995,0.995,0.995,0.995,298.0
1547475960,0.995497,0.995497,0.995497,0.995497,20.0
1547477820,0.995492,0.995492,0.995492,0.995492,113.0
1547520120,0.993999,0.993999,0.993999,0.993999,365.0
1547520180,0.993999,0.993999,0.993999,0.993999,260.0
1547520240,0.993999,0.993999,0.993999,0.993999,375.0
1547525340,0.993999,0.993999,0.993999,0.993999,260.6
1547526360,0.993999,0.993999,0.993999,0.993999,100.0
1547527440,0.993999,0.993999,0.993999,0.993999,5.04
1547528760,0.990201,0.993991,0.993991,0.990201,796.09
1547528880,0.9902,0.990201,0.990201,0.9902,500.0
1547529360,0.99,0.9902,0.9902,0.99,4295.52
1547529840,0.984212,0.989,0.989,0.984212,800.0
1547567580,0.993,0.99399,0.99399,0.993,1740.0
1547568780,0.993,0.993,0.993,0.993,691.73
1547568840,0.992,0.992,0.992,0.992,101.0
1547627040,0.992555,0.992555,0.992555,0.992555,6.0
1547627100,0.993995,0.993996,0.993995,0.993996,549.0
1547627160,0.993997,0.993998,0.993997,0.993998,410.17
1547677500,0.992997,0.992997,0.992997,0.992997,1.22
1547677800,0.992997,0.992997,0.992997,0.992997,5.0
1547677860,0.992997,0.993998,0.992997,0.993998,5.0
1547724120,0.9935,0.9935,0.9935,0.9935,10.0
1547794860,0.991842,0.992997,0.992997,0.991842,300.0
1547835780,0.990001,0.990001,0.990001,0.990001,1575.0
1548086280,0.991019,0.991019,0.991019,0.991019,110.0
1548133800,0.980205,0.980205,0.980205,0.980205,180.0
1548137460,0.980205,0.980205,0.980205,0.980205,250.0
1548137520,0.980201,0.980201,0.980201,0.980201,250.0
1548141060,0.98204,0.98204,0.98204,0.98204,250.0
1548141120,0.980203,0.980203,0.980203,0.980203,450.0
1548142920,0.990021,0.990021,0.990021,0.990021,1.01
1548143160,0.980206,0.980206,0.980206,0.980206,1.0
1548143400,0.980206,0.980206,0.980206,0.980206,59.0
1548144360,0.982,0.982,0.982,0.982,1.0
1548177540,0.990021,0.990022,0.990021,0.990022,800.0
1548177660,0.990022,0.991999,0.990022,0.991999,849.85
1548178620,0.992,0.992,0.992,0.992,2900.47
1548184800,0.991999,0.991999,0.991999,0.991999,313.0
1548343380,0.990042,0.991999,0.990042,0.991999,2327.36
1548429840,0.99,0.99,0.99,0.99,1075.94
1548542580,0.988095,0.988095,0.988095,0.988095,1.0
1548600720,0.989998,0.992,0.989998,0.992,18000.0
1548642960,0.990997,0.990997,0.990997,0.990997,150.0
1548658260,0.990994,0.990994,0.990994,0.990994,50.45
1548693120,0.991,0.991,0.991,0.991,390.0
1548699060,0.99,0.990001,0.990001,0.99,806.62
1548702300,0.99,0.99,0.99,0.99,26.87
1548702360,0.990001,0.990001,0.990001,0.990001,5.0
1548745080,0.99,0.99,0.99,0.99,3001.44
1548745200,0.99,0.991,0.99,0.991,1351.39
1548745320,0.991984,0.991985,0.991984,0.991985,631.62
1548751320,0.991982,0.991982,0.991982,0.991982,38.0
1548788400,0.991985,0.991985,0.991985,0.991985,100.0
1548788520,0.99198,0.991985,0.991985,0.99198,402.0
1548799500,0.98754,0.990003,0.990003,0.98754,500.0
1548850620,0.99329,0.99329,0.99329,0.99329,175.0
1548902940,0.99328,0.99328,0.99328,0.99328,5.0
1548910800,0.99328,0.99328,0.99328,0.99328,1.0
1549003620,0.991054,0.991055,0.991055,0.991054,682.23
1549010100,0.993276,0.993276,0.993276,0.993276,3000.0
1549017420,0.993276,0.993276,0.993276,0.993276,4000.0
1549018980,0.993276,0.993276,0.993276,0.993276,500.0
1549049400,0.993276,0.993276,0.993276,0.993276,1440.0
1549060140,0.99328,0.99328,0.99328,0.99328,3000.0
1549060380,0.99328,0.99328,0.99328,0.99328,8000.0
1549060500,0.99328,0.99328,0.99328,0.99328,336.5
1549251300,0.993258,0.993258,0.993258,0.993258,79.75
1549331760,0.989998,0.993259,0.99,0.989998,4630.0
1549332300,0.989998,0.989998,0.989998,0.989998,158.0
1549332600,0.989998,0.989998,0.989998,0.989998,158.0
1549332720,0.989998,0.989998,0.989998,0.989998,158.0
1549332780,0.989998,0.989998,0.989998,0.989998,1000.0
1549332840,0.989997,0.989998,0.989998,0.989997,2100.0
1549332960,0.989997,0.989997,0.989997,0.989997,158.0
1549334700,0.989997,0.989997,0.989997,0.989997,158.0
1549335060,0.989998,0.989998,0.989998,0.989998,1858.0
1549337940,0.993245,0.993245,0.993245,0.993245,64.0
1549421640,0.993254,0.993254,0.993254,0.993254,100.0
1549421760,0.9888,0.993254,0.993254,0.9888,3124.0
1549423440,0.993255,0.993255,0.993255,0.993255,250.0
1549427880,0.9876,0.988907,0.988907,0.9876,5326.62
1549432500,0.987,0.987603,0.987603,0.987,3115.0
1549523220,0.989995,0.989995,0.989995,0.989995,14.0
1549525740,0.981,0.987546,0.987546,0.981,2000.0
1549529100,0.989995,0.989998,0.989995,0.989998,250.0
1549605000,0.980595,0.980603,0.980598,0.980595,607.51
1549608000,0.979931,0.979932,0.979932,0.979931,7798.15
1549611060,0.9805,0.985003,0.985003,0.9805,5210.53
1549611420,0.987072,0.987072,0.987072,0.987072,14.8
1549614060,0.9805,0.980501,0.980501,0.9805,1885.4
1549614900,0.987075,0.987075,0.987075,0.987075,1.5
1549616880,0.987075,0.987076,0.987075,0.987076,100.0
1549617120,0.981,0.981511,0.981511,0.981,2.5
1549617240,0.980051,0.980551,0.980551,0.980051,626.69
1549617300,0.980051,0.980052,0.980051,0.980051,2228.14
1549621080,0.980051,0.980052,0.980052,0.980051,5756.69
1549624140,0.9805,0.980501,0.980501,0.9805,248.86
1549624620,0.987208,0.987208,0.987208,0.987208,34.5
1549893720,0.98754,0.98754,0.98754,0.98754,10.0
1550164200,0.985998,0.985998,0.985998,0.985998,3184.13
1550164260,0.985998,0.985998,0.985998,0.985998,1822.72
1550272140,0.985997,0.985997,0.985997,0.985997,3172.02
1550533080,0.981499,0.981499,0.981499,0.981499,295.18
1550533140,0.98,0.981,0.981,0.98,1126.83
1550536920,0.98,0.98,0.98,0.98,51.24
1550537040,0.98,0.98,0.98,0.98,10.15
1550537160,0.98,0.98,0.98,0.98,334.17
1550538360,0.979111,0.979111,0.979111,0.979111,204.45
1550539500,0.981,0.981,0.981,0.981,862.51
1550539980,0.979291,0.979291,0.979291,0.979291,1258.61
1550541120,0.979291,0.979291,0.979291,0.979291,3973.83
1550541180,0.980999,0.980999,0.980999,0.980999,62.0
1550542500,0.981,0.981,0.981,0.981,1.0
1550542800,0.975,0.980999,0.980999,0.975,5167.31
1550542860,0.974999,0.975,0.975,0.974999,296.82
1550543040,0.975,0.975,0.975,0.975,4757.85
1550543160,0.975,0.98,0.975,0.98,5712.0
1550543400,0.979999,0.98,0.979999,0.98,4235.53
1550545380,0.98,0.98,0.98,0.98,167.35
1550546160,0.98,0.980109,0.98,0.980109,3358.45
1550546760,0.974834,0.974834,0.974834,0.974834,365.0
1550549160,0.981,0.981,0.981,0.981,1775.45
1550551080,0.981,0.981,0.981,0.981,290.0
1550552160,0.981,0.981,0.981,0.981,2262.7
1550602500,0.982,0.982,0.982,0.982,3093.85
1550602980,0.982,0.982,0.982,0.982,101.51
1550603820,0.9815,0.9815,0.9815,0.9815,4000.0
1550603940,0.982,0.982,0.982,0.982,1996.36
1550607180,0.982,0.982,0.982,0.982,163.93
1550607360,0.982,0.982,0.982,0.982,775.74
1550610180,0.982,0.982,0.982,0.982,4674.97
1550611020,0.982,0.982,0.982,0.982,8224.77
1550612460,0.9815,0.981999,0.981999,0.9815,7142.84
1550613120,0.9793,0.979309,0.979309,0.9793,1401.91
1550614680,0.981499,0.981499,0.981499,0.981499,305.61
1550615220,0.981,0.981,0.981,0.981,508.0
1550619840,0.98105,0.9811,0.98105,0.9811,80.0
1550620440,0.981999,0.982,0.981999,0.982,4782.84
1550623080,0.981055,0.981055,0.981055,0.981055,1493.3
1550687400,0.98195,0.98195,0.98195,0.98195,1010.0
1550691240,0.980186,0.980236,0.980236,0.980186,1559.0
1550693040,0.98,0.98,0.98,0.98,553.6
1550694240,0.98,0.98,0.98,0.98,1379.93
1550696580,0.9799,0.9799,0.9799,0.9799,5102.56
1550697900,0.981334,0.981399,0.981334,0.981399,2850.82
1550697960,0.981399,0.981399,0.981399,0.981399,194.91
1550698020,0.9814,0.9814,0.9814,0.9814,939.0
1550698200,0.979,0.979003,0.979003,0.979,160.3
1550698620,0.977,0.978003,0.978003,0.977,2563.23
1550698680,0.975,0.976503,0.976503,0.975,932.6
1550698860,0.974011,0.974011,0.974011,0.974011,154.92
1550768940,0.986003,0.988,0.988,0.986003,43.36
1550770380,0.988997,0.989,0.988997,0.989,660.8
1550771220,0.99,0.99,0.99,0.99,1.0
1550771820,0.986049,0.986049,0.986049,0.986049,1.0
1550772720,0.99,0.99,0.99,0.99,4.0
1550773140,0.99,0.991,0.99,0.991,222.37
1550779560,0.989999,0.99,0.989999,0.99,9988.8
1550783040,0.990999,0.991,0.990999,0.991,1239.0
1550786280,0.992,0.992434,0.992,0.992434,878.0
1550860920,0.984003,0.984003,0.984003,0.984003,1.0
1550877600,0.985,0.985001,0.985001,0.985,10.71
1550960220,0.983691,0.983691,0.983691,0.983691,813.97
1551041760,0.984,0.984,0.984,0.984,1.3
1551044640,0.982,0.983,0.983,0.982,162.6
1551044820,0.981664,0.981666,0.981666,0.981664,2891.94
1551045780,0.9825,0.9825,0.9825,0.9825,102.79
1551045840,0.981162,0.981165,0.981165,0.981162,214.71
1551046980,0.981,0.981,0.981,0.981,13.31
1551049320,0.9809,0.9809,0.9809,0.9809,5.01
1551051480,0.98044,0.98044,0.98044,0.98044,10.0
1551052080,0.9803,0.980318,0.980318,0.9803,461.03
1551052140,0.98008,0.982481,0.98008,0.982481,400.07
1551054480,0.980494,0.982289,0.980494,0.982289,1200.0
1551055140,0.98228,0.982283,0.98228,0.982283,1000.0
1551055200,0.982997,0.982997,0.982997,0.982997,1724.0
1551055260,0.982997,0.982997,0.982997,0.982997,862.0
1551055320,0.982997,0.982997,0.982997,0.982997,862.0
1551055380,0.982997,0.982997,0.982997,0.982997,279.0
1551127440,0.980777,0.980777,0.980777,0.980777,4700.0
1551133260,0.980805,0.982278,0.980805,0.982278,577.28
1551147780,0.982415,0.982415,0.982415,0.982415,10.0
1551217620,0.982996,0.982999,0.982996,0.982999,972.08
1551223260,0.982999,0.982999,0.982999,0.982999,2007.87
1551224040,0.982998,0.982998,0.982998,0.982998,904.55
1551226380,0.982001,0.982029,0.982029,0.982001,2243.6
1551232680,0.981101,0.981101,0.981101,0.981101,1387.47
1551235080,0.9825,0.9825,0.9825,0.9825,1408.5
1551235680,0.9825,0.9825,0.9825,0.9825,371.55
1551402300,0.9812,0.981999,0.981999,0.9812,5426.96
1551405420,0.9812,0.9812,0.9812,0.9812,292.97
1551414360,0.981106,0.981201,0.981201,0.981106,15227.84
1551414720,0.981106,0.981106,0.981106,0.981106,405.99
1551414780,0.981106,0.981106,0.981106,0.981106,6215.34
1551414840,0.9811,0.981106,0.981106,0.9811,8079.06
1551484860,0.983007,0.983007,0.983007,0.983007,228.64
1551486420,0.981999,0.983007,0.983007,0.981999,37468.46
1551486540,0.979,0.983991,0.981999,0.979,5804.57
1551486960,0.983984,0.983984,0.983984,0.983984,2004.0
1551488820,0.983981,0.983981,0.983981,0.983981,600.0
1551489360,0.978103,0.978103,0.978103,0.978103,600.0
1551499260,0.978203,0.978203,0.978203,0.978203,461.03
1551499440,0.9782,0.978203,0.978203,0.9782,518.14
1551499920,0.9781,0.9781,0.9781,0.9781,500.0
1551500580,0.978,0.978,0.978,0.978,6.2
1551501000,0.977,0.977201,0.977201,0.977,323.7
1551501840,0.9769,0.976903,0.976903,0.9769,302.18
1551503700,0.976003,0.976003,0.976003,0.976003,30.0
1551504240,0.976,0.976003,0.976003,0.976,1407.92
1551581520,0.976,0.976,0.976,0.976,152.54
1551591720,0.976001,0.976001,0.976001,0.976001,5.0
1551591840,0.976001,0.976001,0.976001,0.976001,95.0
1551591900,0.976,0.976,0.976,0.976,1434.75
1551661680,0.9665,0.9715,0.9715,0.9665,221.24
1551661800,0.9665,0.967003,0.967003,0.9665,145.0
1551663060,0.967499,0.967499,0.967499,0.967499,8.0
1551664860,0.968499,0.968499,0.968499,0.968499,8.0
1551664920,0.969499,0.969499,0.969499,0.969499,8.0
1551668220,0.970499,0.970499,0.970499,0.970499,8.0
1551670620,0.970504,0.970504,0.970504,0.970504,1.0
1551675900,0.971001,0.971001,0.971001,0.971001,399.0
1551675960,0.971,0.971,0.971,0.971,12.4
1551676380,0.970503,0.970503,0.970503,0.970503,276.06
1551677820,0.971499,0.971499,0.971499,0.971499,8.0
1551677880,0.972499,0.973499,0.972499,0.973499,17.0
1551678000,0.974496,0.974997,0.974496,0.974997,225.37
1551680940,0.973955,0.973955,0.973955,0.973955,100.0
1551681060,0.973953,0.973953,0.973953,0.973953,100.0
1551682080,0.973953,0.973953,0.973953,0.973953,1508.0
1551752160,0.984401,0.984401,0.984401,0.984401,40.0
1551756360,0.9844,0.9844,0.9844,0.9844,3335.93
1551759480,0.9844,0.9844,0.9844,0.9844,400.0
1551770520,0.984001,0.984001,0.984001,0.984001,125.0
1551770580,0.984001,0.984001,0.984001,0.984001,100.0
1551843060,0.968996,0.968996,0.968996,0.968996,2373.62
1551845280,0.969,0.969,0.969,0.969,123.07
1551848820,0.968996,0.969,0.969,0.968996,5686.01
1551848940,0.969498,0.969498,0.969498,0.969498,842.43
1551849420,0.969499,0.969499,0.969499,0.969499,8.0
1551852420,0.969999,0.969999,0.969999,0.969999,278.0
1551933300,0.975,0.975,0.975,0.975,40.0
1551940860,0.972506,0.975,0.975,0.972506,2105.05
1551941760,0.9725,0.972506,0.972506,0.9725,24646.07
1551942240,0.9714,0.9715,0.9715,0.9714,1626.0
1551946740,0.971401,0.971401,0.971401,0.971401,2789.0
1552019640,0.973499,0.97984,0.973499,0.97984,440.0
1552020480,0.970111,0.9785,0.9785,0.970111,15000.0
1552099260,0.9685,0.9685,0.9685,0.9685,10.33
1552099620,0.9685,0.9685,0.9685,0.9685,301.43
1552100340,0.969,0.969999,0.969,0.969999,269.17
1552116660,0.9692,0.9692,0.9692,0.9692,410.78
1552116780,0.9692,0.9692,0.9692,0.9692,370.67
1552117200,0.969201,0.969201,0.969201,0.969201,4.56
1552192620,0.969996,0.969998,0.969996,0.969998,776.0
1552194000,0.96992,0.969995,0.969995,0.96992,1821.3
1552198920,0.969919,0.96992,0.96992,0.969919,210.95
1552200120,0.969875,0.969875,0.969875,0.969875,2523.9
1552202160,0.969875,0.969875,0.969875,0.969875,1400.93
1552202760,0.96981,0.969875,0.969875,0.96981,1120.82
1552202880,0.96981,0.96981,0.96981,0.96981,94.75
1552203420,0.96981,0.96981,0.96981,0.96981,1059.61
1552203480,0.9698,0.9698,0.9698,0.9698,200.56
1552203960,0.966001,0.9698,0.9698,0.966001,2659.9
1552281660,0.973498,0.973498,0.973498,0.973498,12.0
1552377420,0.9801,0.980101,0.980101,0.9801,500.0
1552463700,0.981533,0.981533,0.981533,0.981533,22.0
1552469280,0.980105,0.9815,0.9815,0.980105,200.0
1552481940,0.981497,0.981497,0.981497,0.981497,165.2
1552554600,0.983496,0.983496,0.983496,0.983496,20.0
1552559640,0.98345,0.983496,0.983496,0.98345,500.0
1552561920,0.98345,0.98345,0.98345,0.98345,11500.0
1552572540,0.983452,0.983452,0.983452,0.983452,440.25
1552652220,0.992599,0.992599,0.992599,0.992599,201.94
1552657680,0.99,0.992598,0.992598,0.99,8460.52
1552665000,0.989999,0.989999,0.989999,0.989999,60.5
1552745460,0.986001,0.987998,0.987998,0.986001,500.0
1552747980,0.986001,0.986001,0.986001,0.986001,300.0
1552752600,0.986001,0.986001,0.986001,0.986001,500.0
1552842180,0.9855,0.9855,0.9855,0.9855,17.25
1552920780,0.97131,0.9715,0.9715,0.97131,1807.98
1552920960,0.97131,0.97131,0.97131,0.97131,3116.52
1552921800,0.97131,0.97131,0.97131,0.97131,1526.3
1552922940,0.97131,0.9719,0.9719,0.97131,1818.25
1552924080,0.97131,0.97131,0.97131,0.97131,5.76
1552924200,0.97131,0.97131,0.97131,0.97131,1822.29
1552925580,0.97131,0.97131,0.97131,0.97131,3549.53
1552926900,0.972,0.972,0.972,0.972,5.6
1552929300,0.972485,0.972485,0.972485,0.972485,100.0
1552932120,0.972472,0.972472,0.972472,0.972472,4.0
1552934040,0.972445,0.972469,0.972445,0.972469,246.0
1552934100,0.972466,0.972466,0.972466,0.972466,120.0
1552941120,0.972466,0.972466,0.972466,0.972466,98.0
1553013480,0.97,0.97,0.97,0.97,1000.0
1553014440,0.97,0.97,0.97,0.97,5011.66
1553018400,0.96998,0.96999,0.96999,0.96998,2146.63
1553019300,0.96998,0.96998,0.96998,0.96998,300.0
1553019600,0.96998,0.96998,0.96998,0.96998,2144.85
1553019660,0.96998,0.96998,0.96998,0.96998,546.53
1553020140,0.969,0.9695,0.9695,0.969,13.7
1553020560,0.968,0.9685,0.9685,0.968,13.7
1553020680,0.9675,0.967941,0.967941,0.9675,103.95
1553023200,0.9675,0.9678,0.9678,0.9675,1430.05
1553031480,0.9675,0.967515,0.967515,0.9675,1427.02
1553116320,0.964,0.964,0.964,0.964,206.9
1553120100,0.964,0.964,0.964,0.964,1.0
1553120580,0.963999,0.963999,0.963999,0.963999,2.0
1553120940,0.964,0.964,0.964,0.964,64.0
1553121540,0.964,0.964,0.964,0.964,2925.0
1553124300,0.964,0.964,0.964,0.964,5092.95
1553124480,0.964,0.964,0.964,0.964,431.22
1553124720,0.964,0.98,0.964,0.9745,24008.0
1553125560,0.975495,0.975495,0.975495,0.975495,1486.42
1553199660,0.9703,0.970303,0.970303,0.9703,201.53
1553201040,0.97,0.97,0.97,0.97,483.89
1553201880,0.971499,0.974,0.971499,0.974,26.58
1553202120,0.974499,0.976,0.974499,0.976,1740.7
1553202240,0.975583,0.976365,0.975583,0.976365,2623.63
1553202360,0.976499,0.9798,0.976499,0.9798,10572.73
1553203020,0.979981,0.979998,0.979981,0.979998,799.0
1553208360,0.979801,0.979888,0.979888,0.979801,300.0
1553209680,0.9798,0.979801,0.979801,0.9798,3046.78
1553210820,0.976365,0.9798,0.9798,0.976365,3047.22
1553212080,0.976365,0.976366,0.976366,0.976365,3057.88
1553213160,0.976365,0.977487,0.977487,0.976365,3048.6
1553213820,0.9705,0.976365,0.976365,0.9705,2761.53
1553213880,0.967492,0.969503,0.969503,0.967492,285.44
1553215020,0.968499,0.970499,0.968499,0.970499,24.0
1553215080,0.971499,0.974499,0.971499,0.974499,32.0
1553215140,0.975494,0.975494,0.975494,0.975494,61.77
1553219400,0.975499,0.975499,0.975499,0.975499,8.0
1553219520,0.975585,0.975585,0.975585,0.975585,500.0
1553219700,0.97578,0.97578,0.97578,0.97578,392.0
1553287320,0.978501,0.985591,0.978501,0.9805,20540.0
1553289960,0.9809,0.9809,0.9809,0.9809,60.0
1553290740,0.981,0.981,0.981,0.981,17.1
1553290800,0.981,0.981,0.981,0.981,5.7
1553291400,0.98,0.98,0.98,0.98,5.7
1553291640,0.98,0.98,0.98,0.98,24.79
1553292180,0.978,0.9795,0.9795,0.978,59.26
1553379060,0.9805,0.9805,0.9805,0.9805,0.7
1553386560,0.9785,0.9795,0.9795,0.9785,16.0
1553386620,0.979496,0.979499,0.979496,0.979499,125.08
1553387040,0.979499,0.980006,0.979499,0.980006,178.36
1553388780,0.980499,0.984999,0.980499,0.9825,2016.0
1553388840,0.9825,0.984999,0.983496,0.9825,1016.0
1553388900,0.9825,0.984499,0.983496,0.9825,147.08
1553389320,0.9825,0.9825,0.9825,0.9825,8.0
1553389440,0.983496,0.983496,0.983496,0.983496,123.08
1553389500,0.983496,0.983496,0.983496,0.983496,369.23
1553389560,0.983496,0.983496,0.983496,0.983496,369.23
1553389620,0.983494,0.983496,0.983494,0.983496,492.3
1553389680,0.983496,0.983496,0.983496,0.983496,123.08
1553389740,0.983496,0.983496,0.983496,0.983496,246.15
1553389800,0.983496,0.983496,0.983496,0.983496,492.3
1553389860,0.983496,0.983496,0.983496,0.983496,123.08
1553389980,0.983496,0.983496,0.983496,0.983496,246.15
1553390100,0.983496,0.983496,0.983496,0.983496,246.15
1553390160,0.9785,0.9815,0.9815,0.9785,32.0
1553390220,0.979499,0.983496,0.979499,0.983496,155.08
1553390280,0.983496,0.983496,0.983496,0.983496,492.3
1553390340,0.983494,0.984383,0.983496,0.984288,500.3
1553390400,0.984278,0.984286,0.984286,0.984278,492.3
1553390460,0.984267,0.984275,0.984275,0.984267,492.3
1553390520,0.9825,0.9825,0.9825,0.9825,8.0
1553395020,0.9815,0.9815,0.9815,0.9815,14.5
1553395740,0.982491,0.984999,0.982491,0.9825,821.15
1553396400,0.9815,0.9815,0.9815,0.9815,8.0
1553472000,0.981494,0.984998,0.981494,0.9815,327.81
1553474040,0.982496,0.982496,0.982496,0.982496,101.53
1553475540,0.9805,0.9805,0.9805,0.9805,9.0
1553475900,0.9785,0.9795,0.9795,0.9785,18.0
1553657520,0.9775,0.9775,0.9775,0.9775,8.0
1553658180,0.97651,0.97651,0.97651,0.97651,128.59
1553659140,0.976,0.97651,0.97651,0.976,1900.0
1553659380,0.974,0.976,0.976,0.974,8104.3
1553665080,0.975499,0.975499,0.975499,0.975499,8.0
1553665560,0.976,0.976,0.976,0.976,3031.0
1553666460,0.976499,0.977499,0.976499,0.977499,10.0
1553753160,0.978498,0.978498,0.978498,0.978498,230.0
1553753220,0.976503,0.976503,0.976503,0.976503,996.0
1553753280,0.976503,0.976503,0.976503,0.976503,498.0
1553764380,0.978499,0.978499,0.978499,0.978499,3.05
1553835900,0.9745,0.9745,0.9745,0.9745,7.0
1553835960,0.974,0.974,0.974,0.974,400.0
1553842860,0.974,0.97452,0.97452,0.974,5.0
1553843460,0.9739,0.9739,0.9739,0.9739,1121.41
1553843880,0.9731,0.9735,0.9735,0.9731,509.0
1553843940,0.973,0.973,0.973,0.973,500.0
1553844180,0.974,0.974,0.974,0.974,150.0
1553847480,0.97202,0.9725,0.9725,0.97202,544.0
1553849460,0.972001,0.972001,0.972001,0.972001,3471.32
1553850900,0.973499,0.973499,0.973499,0.973499,8.0
1553854440,0.972,0.9725,0.9725,0.972,100.0
1553937120,0.967491,0.967493,0.967491,0.967493,10.0
1553937180,0.967492,0.967493,0.967492,0.967493,924.5
1553938140,0.967493,0.967493,0.967493,0.967493,107.6
1553941920,0.961338,0.961339,0.961339,0.961338,1000.0
1554018840,0.9679,0.97011,0.97011,0.9679,10000.0
1554033780,0.9679,0.9679,0.9679,0.9679,711.82
1554127020,0.967499,0.97,0.967499,0.97,8950.86
1554127080,0.97,0.971998,0.97,0.971998,19621.81
1554130080,0.963,0.963,0.963,0.963,287.74
1554202320,0.975585,0.975585,0.975585,0.975585,1000.0
1554202380,0.975585,0.975585,0.975585,0.975585,1000.0
1554202440,0.975585,0.975585,0.975585,0.975585,2500.0
1554202500,0.975585,0.975585,0.975585,0.975585,2000.0
1554202560,0.975585,0.975585,0.975585,0.975585,2500.0
1554202620,0.975585,0.975585,0.975585,0.975585,1000.0
1554202800,0.977007,0.977007,0.977007,0.977007,1000.0
1554202860,0.977499,0.978499,0.977499,0.978499,475.46
1554205800,0.978999,0.978999,0.978999,0.978999,1631.73
1554205920,0.979,0.98,0.979,0.98,5760.77
1554208500,0.98,0.98,0.98,0.98,802.97
1554208560,0.981,0.98116,0.981,0.98116,929.41
1554209280,0.98147,0.981999,0.98147,0.981999,4938.9
1554209340,0.982,0.982,0.982,0.982,5220.0
1554209460,0.982499,0.983,0.982499,0.983,76.14
1554209520,0.982997,0.983,0.982997,0.983,646.86
1554209820,0.983498,0.983498,0.983498,0.983498,1215.91
1554209940,0.983499,0.983499,0.983499,0.983499,6000.0
1554211560,0.983496,0.9845,0.983496,0.9845,12693.65
1554212940,0.983,0.983,0.983,0.983,2000.0
1554213000,0.983,0.983,0.983,0.983,5000.0
1554213840,0.98,0.982717,0.982717,0.98,2210.0
1554214140,0.9849,0.984996,0.984996,0.9849,5287.0
1554218220,0.98499,0.984999,0.98499,0.984999,7223.04
1554219780,0.9849,0.9849,0.9849,0.9849,10.0
1554220080,0.984987,0.984987,0.984987,0.984987,41.0
1554220380,0.984986,0.984986,0.984986,0.984986,14.48
1554220860,0.9848,0.9848,0.9848,0.9848,70.28
1554294480,0.97975,0.97975,0.97975,0.97975,6000.0
1554294780,0.97975,0.97975,0.97975,0.97975,13000.0
1554295140,0.97975,0.97975,0.97975,0.97975,12000.0
1554295200,0.9788,0.97975,0.97975,0.9788,3905.75
1554295740,0.978634,0.978803,0.978803,0.978634,5000.0
1554295920,0.977528,0.978634,0.978634,0.977528,873.93
1554295980,0.977505,0.977528,0.977528,0.977505,128.06
1554297720,0.9788,0.9788,0.9788,0.9788,6000.0
1554298020,0.9788,0.98,0.98,0.9788,6040.0
1554298500,0.9788,0.9788,0.9788,0.9788,2407.53
1554298740,0.977512,0.9788,0.9788,0.977512,15436.47
1554299220,0.977512,0.977512,0.977512,0.977512,3000.0
1554299340,0.977506,0.977509,0.977509,0.977506,264.55
1554299400,0.9775,0.977503,0.977503,0.9775,6000.0
1554299700,0.977503,0.977506,0.977503,0.977503,12122.17
1554299880,0.977503,0.977509,0.977506,0.977503,3366.52
1554300180,0.977506,0.977506,0.977506,0.977506,6000.0
1554300300,0.977506,0.977512,0.977512,0.977506,1742.35
1554300900,0.9775,0.977503,0.977503,0.9775,6122.17
1554301140,0.9775,0.977509,0.977506,0.9775,4946.27
1554302220,0.977113,0.977116,0.977116,0.977113,10000.0
1554302640,0.98,0.98,0.98,0.98,2888.61
1554303840,0.98,0.98,0.98,0.98,5773.71
1554303960,0.98,0.98,0.98,0.98,100000.0
1554304020,0.98,0.98,0.98,0.98,70946.68
1554304200,0.980588,0.980588,0.980588,0.980588,500.0
1554304260,0.980588,0.980588,0.980588,0.980588,1000.0
1554304320,0.980588,0.980588,0.980588,0.980588,1500.0
1554304380,0.980588,0.980784,0.980588,0.980588,1500.0
1554304440,0.980588,0.98098,0.980588,0.980588,7000.0
1554304500,0.980588,0.980588,0.980588,0.980588,2000.0
1554304800,0.980588,0.980588,0.980588,0.980588,2000.0
1554304860,0.980588,0.981372,0.980784,0.981372,6000.0
1554307740,0.981999,0.982499,0.981999,0.982499,407.71
1554312840,0.981372,0.981372,0.981372,0.981372,300.0
1554390120,0.980002,0.980002,0.980002,0.980002,501.56
1554395820,0.980588,0.980588,0.980588,0.980588,6.44
1554398640,0.980587,0.980587,0.980587,0.980587,6.44
1554400740,0.980001,0.980587,0.980587,0.980001,3616.44
1554400800,0.980001,0.980001,0.980001,0.980001,6400.0
1554401100,0.980001,0.980001,0.980001,0.980001,6206.61
1554401280,0.98,0.980001,0.980001,0.98,15282.6
1554402060,0.978,0.97976,0.97976,0.978,2987.14
1554404040,0.978,0.978,0.978,0.978,12488.88
1554406200,0.976,0.977506,0.977506,0.976,3000.27
1554480540,0.9725,0.9725,0.9725,0.9725,10.29
1554481500,0.965,0.96921,0.96921,0.965,7989.71
1554488040,0.972499,0.972499,0.972499,0.972499,36.0
1554488100,0.973425,0.973425,0.973425,0.973425,6.0
1554488160,0.973422,0.973422,0.973422,0.973422,118.46
1554491700,0.975556,0.975556,0.975556,0.975556,185.39
1554493140,0.975521,0.975523,0.975521,0.975523,5000.0
1554493200,0.969111,0.969111,0.969111,0.969111,1.24
1554493320,0.968559,0.968559,0.968559,0.968559,33.76
1554495420,0.975562,0.975562,0.975562,0.975562,1.0
1554495720,0.975565,0.975565,0.975565,0.975565,1.0
1554569580,0.975585,0.975585,0.975585,0.975585,500.0
1554569700,0.975585,0.975585,0.975585,0.975585,1500.0
1554569760,0.975585,0.975585,0.975585,0.975585,500.0
1554570180,0.975585,0.975585,0.975585,0.975585,102.35
1554570600,0.975585,0.975585,0.975585,0.975585,1500.0
1554571200,0.975293,0.975585,0.975293,0.975585,1200.0
1554571260,0.975585,0.975585,0.975585,0.975585,500.0
1554571740,0.975585,0.975585,0.975585,0.975585,1500.0
1554572880,0.975585,0.975585,0.975585,0.975585,1500.0
1554573720,0.975585,0.975585,0.975585,0.975585,1000.0
1554573780,0.975585,0.975585,0.975585,0.975585,241.82
1554574920,0.97559,0.976365,0.97559,0.976365,1949.58
1554577140,0.975001,0.97558,0.97558,0.975001,515.0
1554577860,0.975001,0.975001,0.975001,0.975001,3862.5
1554577980,0.975001,0.975001,0.975001,0.975001,1523.3
1554578580,0.975001,0.975001,0.975001,0.975001,6400.0
1554579060,0.975001,0.975001,0.975001,0.975001,500.0
1554582600,0.975001,0.975001,0.975001,0.975001,6400.0
1554585240,0.975001,0.975001,0.975001,0.975001,1029.87
1554661500,0.9688,0.97,0.97,0.9688,4649.48
1554662640,0.9675,0.9688,0.9688,0.9675,16245.88
1554668340,0.9675,0.9675,0.9675,0.9675,3415.0
1554668520,0.966,0.966002,0.966002,0.966,6978.07
1554669720,0.965513,0.965513,0.965513,0.965513,6500.0
1554670260,0.965513,0.965513,0.965513,0.965513,2638.28
1554671760,0.969,0.969,0.969,0.969,6.0
1554674460,0.971245,0.971245,0.971245,0.971245,571.61
1554674640,0.972,0.972,0.972,0.972,3971.01
1554677580,0.97,0.970002,0.970002,0.97,5417.19
1554680160,0.969,0.969,0.969,0.969,1201.5
1554680460,0.967008,0.968399,0.968399,0.967008,5686.48
1554681720,0.968,0.97,0.97,0.968,3628.0
1554757260,0.964,0.964,0.964,0.964,112.58
1554761100,0.962,0.964,0.962,0.964,600.0
1554763440,0.960107,0.960107,0.960107,0.960107,55.0
1554764940,0.964,0.965,0.964,0.965,6190.08
1554768780,0.960106,0.960107,0.960107,0.960106,700.0
1554773100,0.960105,0.96011,0.96011,0.960105,356.98
1554773160,0.960104,0.960104,0.960104,0.960104,6500.0
1554773460,0.960104,0.960104,0.960104,0.960104,2091.71
1554774060,0.960106,0.960106,0.960106,0.960106,6500.0
1554848640,0.9621,0.9621,0.9621,0.9621,13.0
1554850320,0.9621,0.9621,0.9621,0.9621,405.02
1554850800,0.9621,0.9621,0.9621,0.9621,279.56
1554851280,0.9621,0.9621,0.9621,0.9621,70.37
1554851580,0.962099,0.962099,0.962099,0.962099,6500.0
1554852300,0.962099,0.962099,0.962099,0.962099,145.4
1554852360,0.962099,0.962099,0.962099,0.962099,1491.19
1554852840,0.962099,0.962099,0.962099,0.962099,1152.98
1554852900,0.9621,0.9621,0.9621,0.9621,63.36
1554853980,0.962099,0.962099,0.962099,0.962099,6165.88
1554854580,0.9621,0.9621,0.9621,0.9621,368.7
1554859740,0.963,0.965,0.963,0.965,4290.0
1554859800,0.967483,0.967483,0.967483,0.967483,3096.45
1554867900,0.964997,0.965,0.964997,0.965,902.28
1554868140,0.964994,0.967418,0.964994,0.967418,2562.69
1554949140,0.961,0.961,0.961,0.961,2078.05
1554949380,0.960132,0.960137,0.960137,0.960132,6085.41
1554950100,0.9632,0.967,0.9632,0.967,2063.09
1554950820,0.966497,0.966497,0.966497,0.966497,103.23
1554956820,0.961109,0.961109,0.961109,0.961109,250.0
1554957600,0.961153,0.961153,0.961153,0.961153,287.0
1554958080,0.961102,0.961102,0.961102,0.961102,5490.66
1554958380,0.960132,0.960145,0.960145,0.960132,322.91
1554958500,0.960132,0.960132,0.960132,0.960132,500.0
1554965160,0.960133,0.960133,0.960133,0.960133,300.0
1555043100,0.960196,0.966811,0.966811,0.960196,30000.15
1555050780,0.960196,0.960196,0.960196,0.960196,28.0
1555051800,0.960197,0.960197,0.960197,0.960197,292.02
1555051860,0.960196,0.960196,0.960196,0.960196,211.61
1555150260,0.969347,0.969362,0.969347,0.969362,514.23
1555150680,0.969362,0.969362,0.969362,0.969362,9.79
1555150740,0.960307,0.960307,0.960307,0.960307,9.79
1555243980,0.9705,0.9705,0.9705,0.9705,51.39
1555244760,0.963009,0.963009,0.963009,0.963009,115.0
1555250040,0.969997,0.97,0.969997,0.97,341.0
1555251000,0.970582,0.971164,0.970582,0.97097,2500.0
1555251360,0.970582,0.9725,0.970582,0.971358,8323.0
1555251420,0.970582,0.970776,0.970582,0.970582,1500.0
1555251540,0.970582,0.970582,0.970582,0.970582,2000.0
1555253580,0.970582,0.970582,0.970582,0.970582,8.53
1555254180,0.970582,0.970582,0.970582,0.970582,491.47
1555256040,0.97,0.97,0.97,0.97,1.0
1555256400,0.97498,0.975,0.97498,0.975,1959.72
1555257960,0.975497,0.975584,0.975497,0.975584,2384.93
1555336020,0.965019,0.965019,0.965019,0.965019,154.09
1555337940,0.965027,0.965027,0.965027,0.965027,85.47
1555341420,0.970979,0.970979,0.970979,0.970979,205.46
1555348020,0.970631,0.970632,0.970631,0.970632,4409.0
1555350180,0.965186,0.965187,0.965187,0.965186,1823.76
1555351380,0.965107,0.965113,0.965113,0.965107,3123.76
1555351440,0.965016,0.965019,0.965019,0.965016,219.04
1555351680,0.971764,0.971815,0.971764,0.971815,2919.69
1555435920,0.97323,0.97323,0.97323,0.97323,3000.0
1555436040,0.9738,0.9738,0.9738,0.9738,4936.58
1555436100,0.9738,0.9738,0.9738,0.9738,31.04
1555436460,0.973997,0.973997,0.973997,0.973997,369.26
1555436760,0.973003,0.974,0.974,0.973003,8.97
1555440120,0.975,0.975,0.975,0.975,4018.74
1555440180,0.975,0.975,0.975,0.975,2633.14
1555443720,0.973,0.974026,0.974026,0.973,1534.9
1555445340,0.973102,0.973102,0.973102,0.973102,51.39
1555448700,0.973123,0.973125,0.973125,0.973123,2000.0
1555449420,0.973123,0.973123,0.973123,0.973123,60.88
1555450020,0.973123,0.973128,0.973128,0.973123,928.72
1555451460,0.974997,0.974997,0.974997,0.974997,112.05
1555451880,0.974997,0.974997,0.974997,0.974997,114.45
1555452180,0.974997,0.974997,0.974997,0.974997,117.44
1555452240,0.974997,0.974997,0.974997,0.974997,235.06
1555452300,0.974997,0.974997,0.974997,0.974997,123.38
1555452360,0.974997,0.975,0.975,0.974997,3807.44
1555452420,0.974997,0.974997,0.974997,0.974997,233.39
1555452480,0.974997,0.974997,0.974997,0.974997,239.93
1555452540,0.974997,0.974997,0.974997,0.974997,341.79
1555452600,0.974997,0.974997,0.974997,0.974997,232.78
1555452660,0.9701,0.974,0.974,0.9701,36794.26
1555533540,0.969997,0.972,0.969997,0.972,4084.0
1555535520,0.96,0.9675,0.962509,0.9675,14272.95
1555537200,0.969997,0.974,0.969997,0.974,18249.19
1555539420,0.974899,0.9749,0.974899,0.9749,1023.19
1555544820,0.9735,0.9735,0.9735,0.9735,6700.0
1555544880,0.9735,0.9735,0.9735,0.9735,3300.0
1555544940,0.974896,0.974896,0.974896,0.974896,286.0
1555547100,0.9735,0.9735,0.9735,0.9735,6.15
1555547340,0.9735,0.9735,0.9735,0.9735,6700.0
1555550640,0.973499,0.973499,0.973499,0.973499,6700.0
1555550760,0.973499,0.973499,0.973499,0.973499,13300.0
1555550880,0.9735,0.9735,0.9735,0.9735,6700.0
1555550940,0.9735,0.9735,0.9735,0.9735,6593.85
1555552020,0.974898,0.974898,0.974898,0.974898,4.64
1555552140,0.974899,0.9749,0.974899,0.9749,6037.78
1555633440,0.975999,0.976,0.975999,0.976,1603.48
1555633500,0.9769,0.9769,0.9769,0.9769,1570.09
1555635780,0.9769,0.9769,0.9769,0.9769,28336.41
1555636260,0.967509,0.967509,0.967509,0.967509,10.0
1555637100,0.967514,0.967514,0.967514,0.967514,7.42
1555638720,0.977,0.978,0.977,0.978,3170.14
1555644660,0.977997,0.977997,0.977997,0.977997,286.0
1555644720,0.977997,0.977997,0.977997,0.977997,1764.0
1555649520,0.9779,0.9779,0.9779,0.9779,6805.0
1555649700,0.978,0.978,0.978,0.978,11674.5
1555650600,0.978968,0.978968,0.978968,0.978968,286.0
1555650660,0.978971,0.979,0.978971,0.979,1235.0
1555733400,0.975003,0.975005,0.975005,0.975003,2157.12
1555733700,0.975,0.975003,0.975003,0.975,20000.0
1555735080,0.978943,0.97895,0.978943,0.97895,396.52
1555735140,0.978947,0.978949,0.978947,0.978949,446.01
1555736220,0.978974,0.978974,0.978974,0.978974,203.79
1555738140,0.978987,0.978987,0.978987,0.978987,1169.0
1555738380,0.978987,0.978987,0.978987,0.978987,1194.0
1555738440,0.978988,0.978988,0.978988,0.978988,111.3
1555738500,0.978997,0.979,0.978997,0.979,111.28
1555738560,0.978997,0.978997,0.978997,0.978997,348.38
1555738620,0.978997,0.978997,0.978997,0.978997,232.11
1555738740,0.97503,0.97503,0.97503,0.97503,43.35
1555739340,0.978997,0.978997,0.978997,0.978997,1.0
1555741440,0.975,0.975004,0.975004,0.975,5000.0
1555746420,0.975009,0.975009,0.975009,0.975009,234.23
1555746480,0.975,0.975006,0.975006,0.975,6807.2
1555747740,0.978989,0.980268,0.978989,0.980268,13967.93
1555750740,0.98,0.98,0.98,0.98,62.55
1555829340,0.976535,0.976535,0.976535,0.976535,148.63
1555829940,0.97591,0.97591,0.97591,0.97591,10.0
1555831200,0.975,0.975002,0.975002,0.975,10001.0
1555833180,0.976053,0.976053,0.976053,0.976053,1.02
1555834800,0.974,0.9799,0.976326,0.974,68283.4
1555835700,0.974,0.974001,0.974001,0.974,2873.84
1555837800,0.972,0.973241,0.973241,0.972,16000.0
1555839180,0.97,0.972013,0.972013,0.970865,13436.0
1555839240,0.97087,0.97087,0.97087,0.97087,114.7
1555839840,0.96827,0.970008,0.970008,0.96827,564.0
1555840380,0.975838,0.975841,0.975838,0.975841,288.0
1555842900,0.9758,0.9758,0.9758,0.9758,100.0
1555844400,0.97595,0.976389,0.97595,0.976389,6736.0
1555848240,0.97274,0.9759,0.9759,0.97274,439.47
1555848540,0.973,0.973,0.973,0.973,1025.0
1555929960,0.977508,0.977508,0.977508,0.977508,286.0
1555930140,0.977507,0.977507,0.977507,0.977507,1500.0
1555930440,0.977599,0.977599,0.977599,0.977599,403.0
1555931820,0.977595,0.977595,0.977595,0.977595,118.95
1555932420,0.977595,0.977595,0.977595,0.977595,119.17
1555933620,0.977597,0.977599,0.977597,0.977599,118.19
1555934220,0.977599,0.977599,0.977599,0.977599,1.0
1555935060,0.977599,0.977599,0.977599,0.977599,1.0
1555936680,0.9776,0.9776,0.9776,0.9776,523.61
1555938180,0.977599,0.977599,0.977599,0.977599,1.0
1555938780,0.9776,0.9776,0.9776,0.9776,2530.82
1555941600,0.977599,0.977599,0.977599,0.977599,1.0
1555941840,0.977599,0.977599,0.977599,0.977599,1.0
1555943100,0.9776,0.97801,0.9776,0.97801,5946.58
1555943160,0.9788,0.9789,0.9788,0.9789,6803.62
1555944300,0.9785,0.9785,0.9785,0.9785,10.0
1555944960,0.978,0.978,0.978,0.978,2100.0
1555945740,0.978899,0.978899,0.978899,0.978899,20.0
1556033940,0.973396,0.973396,0.973396,0.973396,500.0
1556038680,0.969028,0.969028,0.969028,0.969028,23.46
1556039880,0.973311,0.973311,0.973311,0.973311,500.0
1556040480,0.973257,0.973512,0.973257,0.973512,1000.0
1556041980,0.969018,0.97,0.97,0.969018,52.4
1556120280,0.969009,0.969063,0.969063,0.969009,1047.5
1556120340,0.969503,0.969503,0.969503,0.969503,236.45
1556121540,0.969506,0.969506,0.969506,0.969506,119.31
1556121600,0.969009,0.969511,0.969511,0.969009,8040.44
1556122740,0.969009,0.969009,0.969009,0.969009,3000.24
1556122980,0.969011,0.969011,0.969011,0.969011,112.83
1556123040,0.969008,0.969008,0.969008,0.969008,728.54
1556123280,0.969001,0.969004,0.969004,0.969001,6914.37
1556127180,0.969001,0.969007,0.969007,0.969001,3000.0
1556127240,0.97,0.97,0.97,0.97,900.0
1556127540,0.969001,0.970001,0.970001,0.969001,10000.0
1556129100,0.969001,0.969013,0.969013,0.969001,2018.65
1556129220,0.972935,0.972935,0.972935,0.972935,10.0
1556129640,0.969,0.969001,0.969001,0.969,8500.0
1556129700,0.969,0.969003,0.969,0.969,3000.0
1556129760,0.969003,0.969005,0.969005,0.969003,239.07
1556129820,0.969,0.969003,0.969003,0.969,3000.0
1556130300,0.969003,0.969003,0.969003,0.969003,630.37
1556131200,0.97,0.97,0.97,0.97,1500.0
1556224320,0.973366,0.973366,0.973366,0.973366,47.09
1556228400,0.971001,0.971001,0.971001,0.971001,10196.9
1556229840,0.971001,0.971001,0.971001,0.971001,1500.0
1556230080,0.971001,0.971001,0.971001,0.971001,2000.0
1556230560,0.971001,0.971001,0.971001,0.971001,4500.0
1556230620,0.971001,0.971001,0.971001,0.971001,6803.07
1556230680,0.971,0.971,0.971,0.971,1500.0
1556230740,0.971,0.971,0.971,0.971,3000.0
1556231280,0.971,0.971,0.971,0.971,1500.0
1556231400,0.971,0.971,0.971,0.971,1500.0
1556232240,0.971807,0.97197,0.971807,0.97197,1284.0
1556232420,0.972001,0.972002,0.972001,0.972002,784.0
1556232480,0.972025,0.972111,0.972025,0.972111,1785.0
1556232540,0.972115,0.972115,0.972115,0.972115,500.0
1556232720,0.972122,0.972122,0.972122,0.972122,500.0
1556233140,0.972282,0.972489,0.972282,0.972489,1000.0
1556234400,0.972289,0.972507,0.972289,0.972433,2784.0
1556234460,0.972313,0.972433,0.972313,0.972433,1000.0
1556235840,0.972312,0.972312,0.972312,0.972312,1209.88
1556236080,0.972312,0.972313,0.972312,0.972313,3290.12
1556236140,0.972508,0.972831,0.972508,0.972831,1435.87
1556236680,0.972648,0.973429,0.972648,0.973429,15225.74
1556237160,0.972637,0.973429,0.972637,0.973429,17771.9
1556237520,0.973659,0.974202,0.973814,0.973659,1500.0
1556237580,0.973659,0.974199,0.973659,0.974199,1283.0
1556237760,0.973434,0.973822,0.973434,0.973822,832.41
1556238060,0.973822,0.973913,0.973822,0.973913,3400.0
1556320560,0.979184,0.979184,0.979184,0.979184,1.0
1556320620,0.97905,0.97905,0.97905,0.97905,1.0
1556322540,0.97905,0.97905,0.97905,0.97905,66.47
1556323320,0.979184,0.979184,0.979184,0.979184,9.99
1556323680,0.97905,0.97905,0.97905,0.97905,10.0
1556324160,0.979184,0.981135,0.979184,0.981135,2606.27
1556324760,0.979348,0.979348,0.979348,0.979348,1050.7
1556326320,0.979051,0.979051,0.979051,0.979051,501.0
1556326380,0.97905,0.97905,0.97905,0.97905,300.0
1556326440,0.97905,0.979051,0.979051,0.97905,835.01
1556326500,0.979002,0.97903,0.97903,0.979002,9322.24
1556326740,0.979003,0.979349,0.979003,0.979349,620.6
1556327760,0.979099,0.979099,0.979099,0.979099,500.0
1556329380,0.979122,0.979122,0.979122,0.979122,500.0
1556330100,0.979184,0.979203,0.979184,0.979203,1000.0
1556330160,0.979221,0.979221,0.979221,0.979221,500.0
1556330220,0.979238,0.979252,0.979238,0.979252,664.89
1556331660,0.9791,0.979121,0.979121,0.9791,1561.49
1556332020,0.979003,0.9791,0.9791,0.979003,4500.0
1556332620,0.979003,0.979003,0.979003,0.979003,1500.0
1556333880,0.979003,0.979003,0.979003,0.979003,155.4
1556334360,0.979004,0.979004,0.979004,0.979004,20.0
1556334720,0.979005,0.979005,0.979005,0.979005,1500.0
1556335380,0.979005,0.979005,0.979005,0.979005,64.34
1556336460,0.979252,0.979252,0.979252,0.979252,335.11
1556338620,0.979015,0.979015,0.979015,0.979015,500.0
1556338680,0.979137,0.979137,0.979137,0.979137,500.0
1556418060,0.9781,0.97845,0.97845,0.9781,2794.33
1556418120,0.9781,0.9781,0.9781,0.9781,1500.0
1556418480,0.9781,0.9781,0.9781,0.9781,3000.0
1556419380,0.9781,0.9781,0.9781,0.9781,5100.33
1556419440,0.978003,0.978003,0.978003,0.978003,1500.0
1556419500,0.978003,0.978003,0.978003,0.978003,1500.0
1556419680,0.978003,0.978003,0.978003,0.978003,3000.0
1556421660,0.978003,0.978003,0.978003,0.978003,119.43
1556422920,0.978003,0.978003,0.978003,0.978003,2812.43
1556425920,0.9777,0.9777,0.9777,0.9777,784.21
1556425980,0.9777,0.9777,0.9777,0.9777,5437.1
1556426340,0.977501,0.9777,0.9777,0.977501,7565.15
1556429040,0.9775,0.977501,0.977501,0.9775,1626.21
1556429100,0.977,0.977,0.977,0.977,6000.0
1556429280,0.976,0.976001,0.976001,0.976,15324.65
1556430300,0.976,0.976003,0.976003,0.976,1782.0
1556430360,0.976,0.976,0.976,0.976,3000.0
1556430960,0.976,0.976,0.976,0.976,6000.0
1556432880,0.976,0.976,0.976,0.976,1500.0
1556432940,0.976,0.976,0.976,0.976,1500.0
1556435340,0.977806,0.978965,0.977806,0.978965,5750.0
1556435400,0.977746,0.979424,0.977746,0.979,8500.0
1556511240,0.979825,0.979825,0.979825,0.979825,6078.39
1556522460,0.979825,0.979825,0.979825,0.979825,155.81
1556524620,0.979797,0.9798,0.979797,0.9798,1500.0
1556524800,0.9798,0.9798,0.9798,0.9798,1500.0
1556524860,0.9798,0.9798,0.9798,0.9798,2112.03
1556524920,0.979825,0.980507,0.979825,0.980507,5993.75
1556524980,0.980311,0.980798,0.980795,0.98051,1734.79
1556525340,0.980314,0.980317,0.980314,0.980317,622.49
1556530800,0.979,0.979,0.979,0.979,55.65
1556611080,0.981976,0.981976,0.981976,0.981976,19.37
1556612700,0.981964,0.981964,0.981964,0.981964,2680.0
1556612760,0.981997,0.981997,0.981997,0.981997,53.32
1556612820,0.981996,0.982,0.981996,0.982,3363.88
1556613540,0.981,0.981098,0.981098,0.981,2730.06
1556613600,0.98,0.980003,0.980003,0.98,1283.0
1556614140,0.980296,0.980296,0.980296,0.980296,500.0
1556614200,0.978238,0.981,0.981,0.978238,5497.62
1556614800,0.978264,0.978264,0.978264,0.978264,283.0
1556617500,0.978259,0.978356,0.978356,0.978259,3252.0
1556617920,0.978008,0.978008,0.978008,0.978008,200.0
1556617980,0.978001,0.978098,0.978098,0.978001,2000.0
1556628900,0.979197,0.979294,0.979197,0.979197,3500.0
1556629680,0.979,0.979,0.979,0.979,3000.0
1556710740,0.980154,0.980154,0.980154,0.980154,500.0
1556713440,0.980199,0.980199,0.980199,0.980199,500.0
1556714700,0.981,0.981099,0.981099,0.981,13500.0
1556715180,0.980001,0.980001,0.980001,0.980001,3000.0
1556715240,0.980001,0.980099,0.980099,0.980001,1565.62
1556715600,0.980797,0.98899,0.980797,0.98899,9557.75
1556715660,0.988986,0.98899,0.98899,0.988986,537.25
1556715840,0.979,0.9825,0.9825,0.979,53417.06
1556715900,0.979097,0.979097,0.979097,0.979097,500.0
1556719020,0.98,0.98,0.98,0.98,7000.0
1556728980,0.979397,0.979494,0.979494,0.979397,11273.38
1556811000,0.981,0.981099,0.981099,0.981,1785.17
1556811720,0.981,0.981,0.981,0.981,6938.55
1556816100,0.981098,0.981098,0.981098,0.981098,200.0
1556818440,0.982507,0.983,0.982507,0.983,19249.18
1556818620,0.9821,0.9821,0.9821,0.9821,102.13
1556820000,0.980199,0.981,0.981,0.980199,26793.71
1556821260,0.980301,0.980301,0.980301,0.980301,500.0
1556821320,0.98069,0.980692,0.980692,0.98069,2000.0
1556821380,0.980687,0.980691,0.980691,0.980687,245.25
1556821440,0.980686,0.980691,0.980691,0.980686,500.0
1556822040,0.980686,0.980686,0.980686,0.980686,500.0
1556822160,0.980676,0.98068,0.98068,0.980676,1000.0
1556822340,0.980277,0.980277,0.980277,0.980277,500.0
1556822460,0.980278,0.980278,0.980278,0.980278,500.0
1556822580,0.980272,0.980272,0.980272,0.980272,500.0
1556822700,0.980264,0.980264,0.980264,0.980264,500.0
1556822820,0.980257,0.98026,0.98026,0.980257,505.0
1556822940,0.980257,0.980257,0.980257,0.980257,495.0
1556823060,0.980246,0.981089,0.980246,0.981089,1505.0
1556823180,0.981089,0.981089,0.981089,0.981089,495.0
1556823720,0.981001,0.981001,0.981001,0.981001,1500.0
1556823780,0.981001,0.981099,0.981099,0.981001,2000.0
1556823840,0.981001,0.981001,0.981001,0.981001,3000.0
1556824200,0.981001,0.981099,0.981099,0.981001,3250.0
1556824500,0.9811,0.9811,0.9811,0.9811,20.0
1556824920,0.981001,0.981197,0.981197,0.981001,6618.9
1556825040,0.981001,0.981102,0.981102,0.981001,3113.5
1556825940,0.981001,0.981099,0.981099,0.981001,2000.0
1556911200,0.982447,0.98245,0.982447,0.98245,100000.0
1556912160,0.982,0.982,0.982,0.982,4500.0
1556912580,0.981,0.982,0.982,0.981,3578.11
1556912640,0.979038,0.981098,0.981,0.979038,8278.21
1556912940,0.979097,0.979097,0.979097,0.979097,500.0
1556913120,0.979001,0.979001,0.979001,0.979001,107.37
1556914140,0.980001,0.980099,0.980099,0.980001,2000.0
1556914200,0.98245,0.98245,0.98245,0.98245,1056.06
1556915160,0.982449,0.982449,0.982449,0.982449,248.37
1556915700,0.982449,0.982449,0.982449,0.982449,3.0
1556915940,0.982449,0.982449,0.982449,0.982449,3.0
1556918280,0.98,0.982449,0.982449,0.98,15000.0
1556918580,0.98,0.98,0.98,0.98,6661.22
1556918820,0.98,0.98,0.98,0.98,11000.0
1556918940,0.98,0.98,0.98,0.98,6777.76
1556919420,0.98,0.98,0.98,0.98,3000.0
1556919480,0.98,0.980098,0.98,0.98,11999.0
1556919780,0.98,0.98,0.98,0.98,1500.0
1556919840,0.98,0.980098,0.980098,0.98,1278.76
1556920260,0.980098,0.980098,0.980098,0.980098,4500.0
1556920320,0.980098,0.980196,0.980098,0.980196,2000.0
1556921220,0.980098,0.980098,0.980098,0.980098,1500.0
1556921340,0.980098,0.980098,0.980098,0.980098,6000.0
1556921400,0.980098,0.980098,0.980098,0.980098,1500.0
1556921640,0.981251,0.981251,0.981251,0.981251,1500.0
1556921700,0.981251,0.981251,0.981251,0.981251,12000.0
1556921760,0.981251,0.981251,0.981251,0.981251,1417.94
1556922000,0.981251,0.981349,0.981349,0.981251,6500.0
1556922060,0.980098,0.981251,0.981251,0.981029,6000.0
1556922120,0.981029,0.981127,0.981127,0.981029,5000.0
1556922180,0.981029,0.981029,0.981029,0.981029,1500.0
1556922240,0.981029,0.981127,0.981127,0.981029,3000.0
1556922300,0.981029,0.981029,0.981029,0.981029,4500.0
1556922360,0.980098,0.981166,0.980098,0.981166,3500.0
1556922960,0.981264,0.981264,0.981264,0.981264,500.0
1556923020,0.981166,0.981166,0.981166,0.981166,3000.0
1556923080,0.981166,0.981166,0.981166,0.981166,6787.2
1556923140,0.981166,0.981166,0.981166,0.981166,6043.31
1556923380,0.981225,0.981225,0.981225,0.981225,1500.0
1556924280,0.981225,0.981323,0.981323,0.981225,1527.52
1556924460,0.981225,0.981323,0.981323,0.981225,4893.69
1556924700,0.981225,0.981225,0.981225,0.981225,3393.8
1556928840,0.982222,0.982223,0.982222,0.982223,500.0
1557008760,0.985011,0.985011,0.985011,0.985011,500.0
1557009120,0.98497,0.98497,0.98497,0.98497,1500.0
1557009180,0.985,0.985,0.985,0.985,500.0
1557010260,0.985023,0.985023,0.985023,0.985023,1019.33
1557010800,0.985,0.985028,0.985,0.985028,867.98
1557010920,0.985034,0.985034,0.985034,0.985034,500.0
1557018720,0.985005,0.9851,0.985042,0.985005,11500.0
1557018900,0.985045,0.987385,0.985045,0.985274,10269.64
1557019320,0.985198,0.985198,0.985198,0.985198,269.64
1557019380,0.9852,0.9852,0.9852,0.9852,269.0
1557019440,0.9852,0.985205,0.9852,0.985205,269.64
1557019500,0.98521,0.985215,0.98521,0.985215,539.29
1557019620,0.98522,0.987319,0.98522,0.987319,7243.01
1557027420,0.985421,0.985814,0.985421,0.985814,1470.01
1557114780,0.987007,0.987007,0.987007,0.987007,500.0
1557115980,0.984,0.986903,0.986903,0.984,3417.21
1557116700,0.98533,0.98533,0.98533,0.98533,3000.0
1557117780,0.986664,0.986664,0.986664,0.986664,105.17
1557125460,0.984,0.986,0.986,0.984,1501.0
1557125520,0.984098,0.984098,0.984098,0.984098,500.0
1557205140,0.989999,0.989999,0.989999,0.989999,1.87
1557205200,0.99,0.99,0.99,0.99,500.0
1557207360,0.989999,0.989999,0.989999,0.989999,9000.0
1557207420,0.989999,0.99,0.989999,0.99,2000.0
1557207480,0.989999,0.989999,0.989999,0.989999,12000.0
1557207540,0.989999,0.99,0.989999,0.989999,3500.0
1557207600,0.989999,0.989999,0.989999,0.989999,1500.0
1557207660,0.99,0.99,0.99,0.99,500.0
1557209820,0.989999,0.989999,0.989999,0.989999,95.0
1557209880,0.99,0.99,0.99,0.99,500.0
1557211200,0.989999,0.989999,0.989999,0.989999,33.0
1557211260,0.99,0.99,0.99,0.99,500.0
1557212640,0.987599,0.989999,0.989999,0.987599,180.1
1557216240,0.9876,0.9876,0.9876,0.9876,17.0
1557218160,0.987698,0.987698,0.987698,0.987698,500.0
1557218340,0.9876,0.987698,0.987698,0.9876,601.63
1557218460,0.987698,0.987698,0.987698,0.987698,406.03
1557218700,0.987698,0.987698,0.987698,0.987698,500.0
1557218760,0.9876,0.9876,0.9876,0.9876,1629.67
1557219060,0.9876,0.987698,0.987698,0.9876,1429.88
1557301140,0.98035,0.98035,0.98035,0.98035,500.0
1557301560,0.980359,0.980359,0.980359,0.980359,1743.91
1557301620,0.980359,0.980359,0.980359,0.980359,18.09
1557307200,0.983919,0.983919,0.983919,0.983919,840.48
1557307320,0.983919,0.98397,0.983919,0.98397,1423.99
1557319740,0.980004,0.980386,0.980386,0.980004,4395.69
1557319800,0.980107,0.980109,0.980109,0.980107,700.0
1557406620,0.99045,0.99045,0.99045,0.99045,335.52
1557406680,0.987001,0.987001,0.987001,0.987001,60.0
1557409020,0.99046,0.99046,0.99046,0.99046,1.0
1557409080,0.99046,0.99046,0.99046,0.99046,69.0
1557409200,0.985447,0.986314,0.986314,0.985447,15.0
1557409620,0.986199,0.986199,0.986199,0.986199,110.0
1557413400,0.990474,0.990474,0.990474,0.990474,2.88
1557414360,0.988,0.988,0.988,0.988,1828.43
1557414480,0.988,0.988,0.988,0.988,784.55
1557415140,0.988001,0.988001,0.988001,0.988001,500.0
1557415260,0.988001,0.988001,0.988001,0.988001,500.0
1557415380,0.988001,0.988001,0.988001,0.988001,500.0
1557415500,0.988001,0.988001,0.988001,0.988001,500.0
1557415620,0.988001,0.988001,0.988001,0.988001,500.0
1557415740,0.988001,0.988001,0.988001,0.988001,500.0
1557415860,0.988001,0.988001,0.988001,0.988001,500.0
1557415980,0.988001,0.988001,0.988001,0.988001,500.0
1557416100,0.988001,0.988001,0.988001,0.988001,500.0
1557416220,0.988001,0.988001,0.988001,0.988001,500.0
1557416340,0.988001,0.988001,0.988001,0.988001,500.0
1557416460,0.988001,0.988001,0.988001,0.988001,500.0
1557416580,0.988001,0.988001,0.988001,0.988001,500.0
1557416700,0.988001,0.988001,0.988001,0.988001,500.0
1557416820,0.988001,0.988001,0.988001,0.988001,500.0
1557416940,0.988001,0.988001,0.988001,0.988001,4238.0
1557417060,0.988001,0.988001,0.988001,0.988001,500.0
1557417180,0.988001,0.988001,0.988001,0.988001,500.0
1557417300,0.988001,0.988001,0.988001,0.988001,500.0
1557417420,0.988001,0.988001,0.988001,0.988001,500.0
1557417540,0.988001,0.988001,0.988001,0.988001,500.0
1557417660,0.988001,0.988001,0.988001,0.988001,500.0
1557417780,0.988001,0.988001,0.988001,0.988001,500.0
1557417900,0.988001,0.988001,0.988001,0.988001,500.0
1557418020,0.988001,0.988001,0.988001,0.988001,500.0
1557418140,0.988001,0.988001,0.988001,0.988001,500.0
1557418260,0.988001,0.988001,0.988001,0.988001,500.0
1557418380,0.988001,0.988001,0.988001,0.988001,500.0
1557418500,0.988001,0.988001,0.988001,0.988001,500.0
1557418620,0.988001,0.988001,0.988001,0.988001,25740.52
1557418740,0.988001,0.988001,0.988001,0.988001,500.0
1557418800,0.988,0.988,0.988,0.988,1500.0
1557418860,0.988001,0.988001,0.988001,0.988001,500.0
1557418980,0.988001,0.988001,0.988001,0.988001,500.0
1557419100,0.988001,0.988001,0.988001,0.988001,500.0
1557419160,0.988,0.988,0.988,0.988,1500.0
1557419220,0.988001,0.988001,0.988001,0.988001,500.0
1557419280,0.988,0.988001,0.988001,0.988,4500.0
1557419340,0.988001,0.988001,0.988001,0.988001,500.0
1557419460,0.988001,0.988001,0.988001,0.988001,500.0
1557419580,0.988001,0.988001,0.988001,0.988001,500.0
1557419700,0.988001,0.988001,0.988001,0.988001,500.0
1557419820,0.988001,0.988001,0.988001,0.988001,436.45
1557499920,0.988997,0.989,0.988997,0.989,14039.69
1557504540,0.990483,0.990483,0.990483,0.990483,564.96
1557504660,0.990483,0.990483,0.990483,0.990483,1880.8
1557506460,0.990483,0.990483,0.990483,0.990483,10.12
1557506820,0.99049,0.99049,0.99049,0.99049,20.14
1557509100,0.99049,0.99049,0.99049,0.99049,122.17
1557509280,0.99049,0.991,0.99049,0.991,92098.82
1557510360,0.990483,0.990483,0.990483,0.990483,6500.0
1557510840,0.987972,0.9927,0.9925,0.987972,17781.33
1557510900,0.986526,0.986535,0.986535,0.986526,1371.51
1557511260,0.986825,0.986825,0.986825,0.986825,250.0
1557511920,0.986929,0.986929,0.986929,0.986929,500.0
1557514080,0.987038,0.987038,0.987038,0.987038,200.0
