1554840000,719.23,719.23,719.23,719.23,0.05
1554849900,717.0,717.0,717.0,717.0,0.28
1554855300,717.0,717.0,717.0,717.0,0.206
1554882300,722.42,722.42,722.42,722.42,0.236
1554905700,718.01,721.35,718.55,720.36,2.0
1554906600,718.07,720.97,718.09,720.11,2.64
1554907500,718.08,720.03,718.09,718.32,0.941
1554911100,718.0,718.0,718.0,718.0,0.101
1554918300,718.78,718.78,718.78,718.78,0.0901
1554928200,679.0,718.0,718.0,679.0,0.55
1554949800,705.78,705.78,705.78,705.78,0.0167
1554951600,704.39,707.48,705.19,704.39,0.985
1554970500,679.13,680.96,679.74,680.96,1.0
1554975900,677.97,681.02,679.18,677.97,0.727
1554991200,647.67,659.8,659.8,647.67,0.02
1555001100,644.55,647.44,645.67,644.55,1.2
1555013700,630.0,630.0,630.0,630.0,0.01
1555076700,630.02,641.39,641.39,630.02,0.35
1555078500,639.01,639.01,639.01,639.01,0.01
1555165800,633.72,635.76,635.76,633.72,0.429
1555177500,608.69,616.5,616.5,608.69,2.02
1555178400,606.37,608.14,608.14,606.37,2.0
1555190100,613.0,613.0,613.0,613.0,0.08
1555198200,607.61,609.16,609.16,607.61,2.0
1555199100,605.18,606.95,606.95,605.18,1.66
1555244100,605.91,605.91,605.91,605.91,0.0207
1555281900,634.97,646.31,634.97,646.31,0.0803
1555286400,644.46,646.25,644.46,645.26,1.0
1555348500,633.8,645.25,645.25,633.8,0.149
1555358400,620.0,620.0,620.0,620.0,0.104
1555373700,630.33,630.33,630.33,630.33,0.0172
1555425900,630.35,630.35,630.35,630.35,0.201
1555434900,640.0,640.0,640.0,640.0,0.025
1555435800,648.19,648.19,648.19,648.19,0.4
1555436700,645.73,649.89,649.89,647.47,1.2
1555444800,627.14,629.94,628.23,627.14,0.566
1555488900,616.74,626.68,626.68,618.41,0.486
1555489800,615.0,615.0,615.0,615.0,0.18
1555505100,613.16,613.16,613.16,613.16,0.026
1555509600,608.7,608.7,608.7,608.7,0.12
1555526700,614.94,614.94,614.94,614.94,0.0648
1555551000,641.87,641.87,641.87,641.87,0.01
1555571700,632.87,634.26,634.26,632.87,0.431
1555598700,650.0,650.3,650.0,650.0,0.2
1555600500,650.8,653.49,650.8,651.73,1.33
1555614900,654.83,654.83,654.83,654.83,0.05
1555646400,614.2,622.09,614.2,622.09,4.6
1555665300,624.73,628.25,624.73,628.25,1.0
1555681500,626.81,629.76,626.81,629.76,1.0
1555704900,617.17,617.17,617.17,617.17,0.0536
1555707600,617.67,617.67,617.67,617.67,1.0
1555738200,617.05,618.55,618.55,617.49,0.578
1555740900,617.0,617.28,617.28,617.0,0.182
1555754400,616.5,616.5,616.5,616.5,0.051
1555768800,617.72,619.4,617.72,619.4,0.8
1555772400,607.33,614.0,614.0,607.33,0.494
1555795800,614.0,614.0,614.0,614.0,0.1
1555833600,615.6,616.19,616.19,615.6,1.03
1555834500,614.0,614.0,614.0,614.0,0.0506
1555849800,607.34,607.89,607.34,607.89,0.279
1555856100,610.02,615.0,610.02,615.0,1.22
1555857000,615.46,615.46,615.46,615.46,1.0
1555866000,615.0,615.44,615.44,615.0,1.78
1555890300,606.16,606.72,606.72,606.46,0.827
1555891200,606.08,606.08,606.08,606.08,0.0862
1555897500,605.16,605.99,605.16,605.99,0.0301
1555947000,608.66,608.66,608.66,608.66,0.0101
1555956000,607.58,607.58,607.58,607.58,0.4
1555965900,604.64,606.09,606.09,604.64,1.01
1555992000,605.11,605.11,605.11,605.11,0.269
1555992900,609.93,609.93,609.93,609.93,0.01
1556011800,611.87,611.87,611.87,611.87,0.0518
1556056800,611.87,611.87,611.87,611.87,0.176
1556059500,604.85,604.85,604.85,604.85,0.549
1556094600,591.8,604.64,604.64,591.8,0.345
1556095500,577.79,579.35,577.79,579.35,0.8
1556096400,569.12,574.21,574.21,569.12,0.06
1556161200,568.0,568.0,568.0,568.0,0.159
1556168400,568.0,568.0,568.0,568.0,0.0395
1556203500,564.2,564.2,564.2,564.2,0.115
1556204400,564.2,564.2,564.2,564.2,0.263
1556227800,569.37,569.37,569.37,569.37,0.0358
1556228700,562.79,564.27,564.27,562.79,3.48
1556230500,515.8,562.79,562.79,515.8,0.01
1556235000,516.81,527.94,517.0,516.81,2.38
1556235900,515.45,516.96,516.38,515.45,2.72
1556236800,508.55,509.57,509.57,508.55,1.6
1556238600,505.33,506.17,506.11,505.33,3.8
1556239500,502.36,511.89,504.74,502.57,4.24
1556240400,500.18,502.6,502.14,500.85,5.38
1556242200,495.89,498.86,498.59,495.89,7.35
1556243100,489.93,495.57,495.53,489.93,7.2
1556244000,487.52,489.53,489.53,487.52,2.8
1556246700,500.37,501.83,500.47,500.37,1.2
1556254800,492.56,501.44,500.37,492.56,0.518
1556265600,486.45,491.0,491.0,486.45,2.0
1556266500,484.08,488.58,488.58,486.16,2.8
1556267400,482.52,487.37,487.37,486.28,2.4
1556268300,491.06,491.06,491.06,491.06,0.282
1556271900,491.37,491.73,491.73,491.37,0.8
1556272800,493.11,493.11,493.11,493.11,0.4
1556278200,495.59,495.89,495.59,495.89,0.8
1556289000,497.67,497.67,497.67,497.67,0.0403
1556290800,497.67,497.67,497.67,497.67,0.357
1556291700,497.67,497.67,497.67,497.67,0.121
1556313300,497.68,497.68,497.68,497.68,0.015
1556314200,490.0,490.0,490.0,490.0,0.29
1556329500,487.69,487.69,487.69,487.69,0.0874
1556531100,542.37,542.37,542.37,542.37,0.01
1556532900,500.22,500.22,500.22,500.22,0.0371
1556560800,528.83,532.01,528.83,532.01,1.6
1556561700,532.95,532.95,532.95,532.95,0.4
1556562600,531.55,531.55,531.55,531.55,0.4
1556563500,532.77,532.77,532.77,532.77,0.4
1556616600,533.32,533.32,533.32,533.32,0.301
1556704800,485.03,532.78,485.03,532.78,0.0487
1556742600,522.0,522.0,522.0,522.0,0.0493
1556745300,512.49,512.49,512.49,512.49,0.433
1556809200,522.0,536.49,522.0,536.49,0.0413
1556827200,485.03,512.49,512.49,485.03,0.0438
1556873100,529.99,529.99,529.99,529.99,0.0493
1556875800,536.49,537.05,536.49,537.05,0.27
1556883900,537.05,537.05,537.05,537.05,1.0E-5
1556891100,549.0,549.0,549.0,549.0,0.023
1556892900,549.0,549.0,549.0,549.0,0.118
1556893800,549.0,560.0,549.0,549.0,1.92
1556894700,530.6,575.44,530.6,575.44,0.0531
1556903700,534.85,572.85,534.85,572.85,0.621
1556936100,533.0,533.0,533.0,533.0,1.52
1557070200,512.78,512.78,512.78,512.78,1.85
1557071100,512.78,512.78,512.78,512.78,0.153
1557077400,485.0,512.78,512.78,485.0,0.0336
1557142200,499.0,563.85,533.0,499.0,0.0634
