1533686400,14.52,15.69,15.5,15.09,87443.41861452033
1533772800,14.3,15.49,15.15,15.0,108458.01829661008
1533859200,13.7,15.32,15.01,14.24,109325.2988710903
1533945600,12.51,14.24,14.24,13.22,74933.18853546017
1534032000,12.85,13.6,13.24,13.17,55847.25137355996
1534118400,11.9,13.46,13.17,12.04,118175.86114138004
1534204800,10.11,12.05,12.04,11.77,250129.13234531888
1534291200,11.62,13.32,11.78,13.14,410222.39223688643
1534377600,12.8,14.37,13.14,13.92,98582.17335255003
1534464000,13.07,14.05,13.91,13.83,345139.81276919076
