1544443200,0.056,0.057,0.057,0.056101,52192.0
1544464800,0.05462,0.0564,0.0564,0.05525,102622.0
1544486400,0.054,0.05529,0.05528,0.054441,7310.0
1544508000,0.052979,0.055291,0.054946,0.052979,23935.0
1544529600,0.05119,0.0525,0.0522,0.05119,84495.0
1544551200,0.051877,0.052801,0.0519,0.052366,42006.0
1544572800,0.052294,0.052803,0.052297,0.052803,6459.0
1544594400,0.052831,0.054706,0.052831,0.054096,1853.0
1544616000,0.053447,0.053447,0.053447,0.053447,135.0
1544637600,0.05362,0.054387,0.053934,0.054,191695.0
