1544443200,0.015512,0.02111,0.02111,0.01555,520994.0
1544464800,0.01429,0.015525,0.015201,0.01523,2576956.0
1544486400,0.013541,0.01521,0.01521,0.014175,873331.0
1544508000,0.013222,0.014158,0.014158,0.013222,334831.0
1544529600,0.0129,0.013345,0.013201,0.0129,255416.0
1544551200,0.01292,0.014,0.012991,0.0136,324755.0
1544572800,0.012658,0.013219,0.013219,0.012697,271155.0
1544594400,0.012697,0.013552,0.012697,0.01355,609121.0
1544616000,0.013237,0.013553,0.013501,0.013237,248506.0
1544637600,0.0132,0.013379,0.013289,0.0132,338567.0
1544659200,0.012857,0.013162,0.013161,0.012867,111383.0
1544680800,0.012814,0.013194,0.012814,0.013,68887.0
1544702400,0.0127,0.013078,0.012952,0.0127,248225.0
1544724000,0.011384,0.01298,0.012701,0.011384,1067294.0
1544745600,0.011148,0.012252,0.011356,0.011445,378301.0
1544767200,0.011076,0.011445,0.011445,0.011098,53572.0
1544788800,0.0108,0.01109,0.01108,0.01086,180894.0
1544810400,0.0105,0.010957,0.01085,0.010957,127218.0
