1551075000,3778.22,3778.22,3778.22,3778.22,0.001
1551076200,3783.0,3783.49,3783.0,3783.49,0.54
1551077700,3782.99,3783.47,3783.47,3782.99,0.981
1551078000,3778.63,3778.63,3778.63,3778.63,0.14
1551078300,3767.03,3778.62,3778.62,3774.48,0.101
1551078600,3768.79,3768.79,3768.79,3768.79,0.01
1551078900,3771.9,3776.74,3776.74,3771.9,0.011
1551079500,3765.12,3772.13,3772.13,3765.62,0.976
1551079800,3765.56,3770.23,3765.56,3770.23,3.54
1551080100,3767.97,3767.97,3767.97,3767.97,0.01
1551080700,3768.38,3768.38,3768.38,3768.38,0.02
1551081000,3760.0,3762.42,3762.42,3760.0,0.0653
1551081900,3758.01,3762.69,3758.01,3762.69,0.185
1551082500,3760.76,3760.76,3760.76,3760.76,0.01
1551083100,3765.37,3765.37,3765.37,3765.37,0.01
1551084300,3769.75,3769.75,3769.75,3769.75,0.009
1551084600,3769.74,3769.74,3769.74,3769.74,1.24
1551084900,3769.75,3769.75,3769.75,3769.75,0.0986
1551085200,3769.75,3779.17,3769.75,3779.17,2.49
1551086100,3777.94,3777.94,3777.94,3777.94,0.0132
1551087000,3777.93,3781.34,3777.93,3781.34,1.63
1551087600,3777.94,3777.94,3777.94,3777.94,0.119
1551087900,3777.93,3777.93,3777.93,3777.93,0.001
1551089100,3770.98,3770.98,3770.98,3770.98,0.0132
1551089400,3770.98,3770.98,3770.98,3770.98,0.00778
1551090000,3742.31,3771.84,3771.84,3767.34,8.3
1551090300,3767.34,3781.98,3767.34,3780.98,3.81
1551090600,3765.08,3779.99,3779.99,3773.83,0.239
1551090900,3775.71,3778.59,3778.59,3775.71,0.00401
1551091500,3776.62,3776.62,3776.62,3776.62,0.001
1551091800,3777.4,3781.9,3781.9,3777.4,0.259
1551092100,3777.09,3781.42,3777.09,3781.22,0.004
1551092400,3779.78,3782.73,3779.78,3782.73,0.0839
1551092700,3782.72,3782.87,3782.72,3782.87,0.113
1551093600,3782.99,3782.99,3782.99,3782.99,0.0753
1551093900,3779.12,3782.98,3782.98,3779.12,0.899
1551094800,3779.17,3779.17,3779.17,3779.17,1.03
1551096000,3779.18,3779.18,3779.18,3779.18,0.681
1551096300,3779.18,3779.18,3779.18,3779.18,0.0669
1551096900,3779.18,3799.31,3779.18,3799.31,1.12
1551097200,3788.17,3798.16,3798.16,3788.17,0.308
1551097800,3784.24,3789.09,3784.24,3789.09,0.00283
1551098100,3784.88,3788.3,3788.3,3784.88,0.00745
1551098700,3781.86,3785.47,3781.86,3785.47,0.00289
1551099600,3783.22,3783.22,3783.22,3783.22,0.0861
1551099900,3783.23,3786.81,3783.23,3786.81,0.127
1551100200,3786.66,3786.66,3786.66,3786.66,0.001
1551100500,3785.01,3785.01,3785.01,3785.01,0.132
1551100800,3785.01,3785.16,3785.01,3785.16,0.0965
1551101400,3785.12,3786.0,3785.12,3786.0,0.508
1551101700,3786.0,3786.0,3786.0,3786.0,0.0789
1551102000,3786.0,3789.65,3786.0,3789.65,0.851
1551103200,3785.0,3789.0,3789.0,3785.0,1.5
1551103500,3766.06,3777.94,3773.7,3777.94,0.0417
1551103800,3777.94,3778.78,3777.94,3778.78,0.0792
1551104100,3774.43,3778.77,3778.77,3776.86,0.149
1551104400,3769.26,3775.99,3775.99,3769.26,0.068
1551104700,3772.96,3772.96,3772.96,3772.96,0.02
1551105600,3776.67,3780.27,3780.27,3776.67,0.00688
1551106200,3774.74,3777.62,3774.74,3777.62,0.528
1551106500,3776.89,3776.89,3776.89,3776.89,0.485
1551106800,3776.9,3781.09,3776.9,3781.09,0.0848
1551107100,3779.65,3780.9,3780.9,3779.65,0.03
1551107400,3780.29,3780.29,3780.29,3780.29,0.00101
1551107700,3783.0,3783.0,3783.0,3783.0,0.00712
1551108300,3783.0,3786.04,3783.0,3784.01,3.18
1551109200,3782.71,3784.02,3784.02,3782.71,0.343
1551109500,3783.46,3784.02,3784.02,3783.46,0.187
1551109800,3784.02,3784.03,3784.02,3784.03,0.0288
1551110100,3784.03,3784.03,3784.03,3784.03,0.0278
1551110400,3784.03,3784.03,3784.03,3784.03,0.0843
1551110700,3784.03,3787.15,3784.03,3787.15,0.1
1551111000,3787.98,3788.0,3787.98,3788.0,10.17
1551111300,3790.78,3790.79,3790.79,3790.78,0.834
1551111900,3790.79,3819.97,3790.79,3819.97,3.05
1551112200,3795.35,3816.16,3816.16,3795.35,0.246
1551112500,3795.34,3809.86,3795.34,3805.28,3.66
1551112800,3807.52,3816.15,3807.52,3811.0,0.245
1551113100,3810.71,3823.46,3810.99,3823.46,2.59
1551113400,3820.65,3828.32,3820.65,3828.32,0.394
1551113700,3824.64,3830.0,3824.64,3830.0,1.58
1551114000,3815.57,3829.99,3829.99,3815.57,2.14
1551114600,3815.64,3836.5,3815.64,3835.95,2.6
1551114900,3827.0,3835.95,3835.95,3827.0,1.27
1551115200,3822.48,3826.87,3826.17,3822.48,0.499
1551115500,3813.87,3821.79,3821.79,3814.61,0.459
1551115800,3821.77,3825.95,3821.77,3825.95,2.76
1551116100,3824.69,3830.68,3824.69,3826.78,0.523
1551116400,3824.21,3824.21,3824.21,3824.21,0.109
1551116700,3822.0,3824.2,3824.2,3822.0,0.0109
1551117000,3814.71,3820.0,3819.29,3814.71,0.00803
1551117300,3812.57,3819.15,3812.57,3819.15,0.44
1551117600,3820.13,3835.55,3820.66,3835.55,4.96
1551117900,3834.94,3842.67,3834.94,3842.67,0.134
1551118200,3842.53,3842.53,3842.53,3842.53,0.0298
1551118500,3842.52,3842.52,3842.52,3842.52,0.001
1551118800,3838.4,3846.35,3838.4,3846.35,6.14
1551119100,3840.24,3841.15,3840.25,3841.15,0.499
1551119400,3840.81,3844.42,3841.15,3840.81,1.13
1551120000,3841.2,3843.93,3841.2,3843.93,0.748
1551120300,3843.93,3850.0,3843.93,3850.0,1.55
1551120600,3850.0,3857.61,3850.0,3857.61,2.36
1551120900,3852.26,3852.33,3852.26,3852.33,0.809
1551121200,3852.33,3857.87,3852.33,3857.65,0.00302
1551121800,3850.0,3850.0,3850.0,3850.0,0.001
1551122100,3846.24,3846.24,3846.24,3846.24,0.00366
1551122400,3846.23,3846.23,3846.23,3846.23,0.025
1551122700,3846.24,3850.01,3846.24,3850.01,0.324
1551123300,3849.86,3849.86,3849.86,3849.86,0.03
1551123600,3849.8,3849.86,3849.86,3849.8,1.77
1551123900,3844.0,3845.49,3845.49,3844.0,0.00529
1551124200,3844.0,3844.0,3844.0,3844.0,0.0444
1551124500,3844.0,3844.0,3844.0,3844.0,2.16
1551124800,3843.35,3844.0,3843.35,3843.87,0.469
1551125100,3844.1,3844.1,3844.1,3844.1,0.012
1551126000,3844.1,3844.1,3844.1,3844.1,0.092
1551126300,3804.05,3844.09,3844.09,3811.26,12.2
1551126600,3811.27,3837.39,3811.27,3836.39,6.24
1551126900,3826.81,3829.43,3829.43,3827.37,0.114
1551127200,3825.0,3826.87,3826.87,3825.0,0.222
1551127500,3810.05,3822.48,3820.96,3822.48,0.0793
1551127800,3820.61,3820.61,3820.61,3820.61,0.0119
1551128100,3822.48,3825.39,3823.04,3822.48,0.154
1551128400,3821.94,3822.5,3822.5,3821.94,0.00202
1551129000,3826.25,3826.37,3826.25,3826.37,0.00892
1551129300,3821.97,3826.37,3826.37,3821.97,0.307
1551129900,3823.07,3823.54,3823.54,3823.07,0.0108
1551130200,3818.81,3818.81,3818.81,3818.81,1.83
1551130800,3815.25,3818.71,3815.25,3816.49,0.183
1551131400,3810.49,3815.55,3815.55,3810.49,0.133
1551131700,3800.0,3810.43,3810.43,3800.0,0.473
1551132000,3800.72,3805.74,3802.13,3805.74,1.58
1551132300,3805.75,3810.49,3805.75,3810.49,0.0641
1551132600,3814.27,3815.98,3814.27,3815.98,0.0899
1551132900,3816.35,3816.35,3816.35,3816.35,0.00261
1551133200,3816.35,3821.0,3816.35,3821.0,0.0258
1551133500,3821.0,3821.0,3821.0,3821.0,0.00135
1551133800,3821.0,3821.0,3821.0,3821.0,0.236
1551134100,3821.0,3821.5,3821.0,3821.5,0.574
1551134700,3821.49,3821.49,3821.49,3821.49,0.008
1551135600,3821.5,3821.5,3821.5,3821.5,0.0261
1551136200,3821.49,3821.49,3821.49,3821.49,0.0298
1551136500,3821.5,3821.5,3821.5,3821.5,0.00749
1551136800,3821.5,3821.5,3821.5,3821.5,0.359
1551137400,3821.5,3821.5,3821.5,3821.5,0.0285
1551138000,3816.92,3821.49,3821.49,3816.92,0.678
1551138300,3817.28,3817.28,3817.28,3817.28,0.049
1551139200,3817.29,3817.29,3817.29,3817.29,0.00168
1551139500,3812.64,3817.28,3817.28,3812.64,0.07
1551139800,3814.86,3814.86,3814.86,3814.86,0.0696
1551140100,3812.55,3814.85,3814.85,3812.55,0.019
1551140400,3812.56,3812.56,3812.56,3812.56,0.127
1551140700,3812.56,3814.99,3812.56,3814.99,0.374
1551141300,3814.99,3815.99,3814.99,3815.97,0.246
1551141600,3815.98,3816.0,3815.98,3816.0,3.7
1551141900,3816.0,3816.0,3816.0,3816.0,0.0261
1551142200,3816.0,3816.0,3816.0,3816.0,4.21
1551142500,3816.0,3816.0,3816.0,3816.0,0.0784
1551142800,3816.0,3816.0,3816.0,3816.0,1.14
1551143100,3815.0,3816.0,3816.0,3815.0,3.74
1551143700,3816.0,3816.0,3816.0,3816.0,0.529
1551144000,3815.99,3816.0,3816.0,3815.99,0.664
1551144900,3815.85,3815.99,3815.99,3815.85,0.297
1551145200,3815.47,3815.9,3815.86,3815.47,1.21
1551145500,3816.0,3816.0,3816.0,3816.0,0.0339
1551145800,3816.0,3816.0,3816.0,3816.0,0.352
1551146400,3815.99,3816.0,3816.0,3816.0,2.23
1551146700,3816.0,3816.0,3816.0,3816.0,1.99
1551147000,3815.99,3816.0,3816.0,3816.0,4.76
1551147300,3816.0,3816.0,3816.0,3816.0,43.2
1551147600,3816.0,3816.0,3816.0,3816.0,47.26
1551147900,3816.0,3816.0,3816.0,3816.0,12.2
1551148200,3816.0,3816.0,3816.0,3816.0,30.53
1551148500,3815.99,3815.99,3815.99,3815.99,0.185
1551148800,3815.99,3816.0,3815.99,3816.0,2.68
1551149100,3815.99,3816.0,3816.0,3815.99,0.197
1551149400,3816.0,3816.0,3816.0,3816.0,1.23
1551149700,3816.0,3816.0,3816.0,3816.0,0.363
1551150000,3816.0,3816.0,3816.0,3816.0,1.05
1551150300,3815.99,3816.0,3815.99,3816.0,4.25
1551150600,3816.0,3816.0,3816.0,3816.0,2.72
1551150900,3816.0,3816.0,3816.0,3816.0,1.63
1551151200,3816.0,3816.0,3816.0,3816.0,9.45
1551151500,3816.0,3826.14,3816.0,3821.49,20.87
1551152100,3822.08,3824.58,3824.58,3822.08,0.0632
1551152400,3824.2,3824.2,3824.2,3824.2,0.173
1551153600,3823.53,3823.56,3823.56,3823.53,0.334
1551154200,3822.35,3822.87,3822.43,3822.87,1.07
1551154500,3822.8,3822.8,3822.8,3822.8,0.327
1551155100,3821.16,3821.16,3821.16,3821.16,0.0541
1551156000,3816.32,3819.37,3819.37,3816.32,0.233
1551156300,3808.86,3815.99,3815.99,3808.86,5.86
1551156600,3813.11,3813.11,3813.11,3813.11,0.0261
1551156900,3810.6,3813.1,3813.1,3810.6,0.25
1551157200,3807.15,3812.0,3812.0,3807.15,0.198
1551157500,3768.08,3805.01,3805.01,3783.28,15.77
1551157800,3782.5,3783.0,3782.5,3783.0,0.02
1551158100,3784.37,3784.37,3784.37,3784.37,0.01
1551158400,3784.63,3787.99,3787.0,3784.7,3.0
1551158700,3787.23,3788.32,3787.23,3788.32,1.29
1551159000,3789.12,3789.12,3789.12,3789.12,0.315
1551159300,3787.46,3787.46,3787.46,3787.46,0.0101
1551159600,3784.37,3784.37,3784.37,3784.37,0.0116
1551159900,3785.9,3785.9,3785.9,3785.9,0.0263
1551160800,3793.7,3793.7,3793.7,3793.7,0.0396
1551161100,3793.7,3793.7,3793.7,3793.7,0.0781
1551161400,3789.79,3793.69,3793.69,3789.79,0.175
1551161700,3784.36,3785.0,3785.0,3784.36,0.306
1551162000,3775.83,3775.83,3775.83,3775.83,0.0156
1551162300,3767.36,3775.82,3775.82,3773.29,0.0351
1551162600,3769.08,3776.53,3776.53,3769.68,0.224
1551162900,3769.67,3769.67,3769.67,3769.67,0.0101
1551163200,3769.59,3769.62,3769.62,3769.6,0.273
1551163500,3769.6,3776.08,3769.6,3776.08,0.018
1551163800,3776.09,3776.09,3776.09,3776.09,0.0112
1551164100,3776.09,3776.82,3776.09,3776.82,0.279
1551164700,3772.25,3776.1,3776.1,3772.25,0.827
1551165000,3771.4,3772.24,3771.4,3772.24,1.41
1551165300,3772.24,3778.22,3772.24,3778.22,3.73
1551165600,3778.22,3778.22,3778.22,3778.22,0.00385
1551166200,3778.22,3785.26,3778.22,3785.26,3.33
1551166800,3781.65,3781.65,3781.65,3781.65,0.00733
1551167100,3781.65,3781.65,3781.65,3781.65,0.0527
1551167400,3781.64,3781.64,3781.64,3781.64,0.0263
1551167700,3781.65,3781.65,3781.65,3781.65,0.00285
1551168000,3781.64,3781.65,3781.64,3781.65,2.1
1551168600,3785.21,3785.21,3785.21,3785.21,0.04
1551169500,3785.22,3785.22,3785.22,3785.22,0.00378
1551170100,3785.22,3785.22,3785.22,3785.22,0.013
1551170400,3785.22,3789.41,3785.22,3789.41,1.24
1551171300,3789.9,3789.9,3789.9,3789.9,0.041
1551171600,3784.59,3789.88,3789.88,3788.6,4.59
1551172200,3789.76,3789.76,3789.76,3789.76,0.111
1551173100,3785.3,3785.3,3785.3,3785.3,0.679
1551173400,3770.16,3779.51,3779.41,3779.51,1.3
1551174300,3783.61,3788.15,3783.61,3788.15,1.15
1551174900,3787.49,3787.49,3787.49,3787.49,0.0106
1551175200,3788.16,3788.16,3788.16,3788.16,0.011
1551175500,3788.15,3789.75,3788.15,3789.75,2.27
1551176100,3789.75,3789.75,3789.75,3789.75,0.42
1551176400,3789.75,3790.0,3789.75,3790.0,0.181
1551176700,3790.1,3790.1,3790.1,3790.1,0.0049
1551177300,3795.0,3795.0,3795.0,3795.0,0.001
1551178200,3798.48,3798.71,3798.48,3798.71,1.04
1551178500,3798.59,3798.59,3798.59,3798.59,0.0123
1551179700,3796.23,3797.91,3797.91,3796.23,0.343
1551181800,3791.57,3791.57,3791.57,3791.57,0.261
1551182400,3787.88,3790.38,3790.01,3790.38,0.201
1551182700,3785.04,3785.1,3785.1,3785.04,0.15
1551183000,3786.4,3790.89,3786.4,3790.89,0.00308
1551183300,3790.66,3790.66,3790.66,3790.66,0.00541
1551183600,3788.72,3790.5,3790.5,3790.2,1.36
1551183900,3787.34,3787.34,3787.34,3787.34,0.0263
1551184500,3790.61,3790.61,3790.61,3790.61,0.0217
1551186300,3774.31,3781.3,3781.3,3774.31,1.15
1551186600,3778.49,3779.95,3779.94,3779.95,0.00954
1551189000,3785.15,3789.24,3785.15,3789.24,0.00325
1551189300,3780.97,3785.27,3785.27,3780.97,0.398
1551189600,3784.76,3784.76,3784.76,3784.76,0.0693
1551189900,3784.26,3784.26,3784.26,3784.26,0.00659
1551190500,3787.07,3789.66,3787.07,3789.66,0.0126
1551190800,3790.69,3800.0,3790.69,3800.0,0.15
1551191100,3800.0,3810.98,3800.0,3804.04,0.854
1551192000,3808.1,3808.1,3808.1,3808.1,0.157
1551192300,3805.55,3808.0,3805.55,3808.0,0.0724
1551192900,3805.91,3805.91,3805.91,3805.91,0.164
1551193500,3805.91,3805.91,3805.91,3805.91,0.134
1551193800,3805.92,3805.92,3805.92,3805.92,0.0417
1551194100,3805.29,3805.91,3805.91,3805.29,0.308
1551194700,3806.07,3806.07,3806.07,3806.07,0.0491
1551195000,3810.99,3816.3,3810.99,3816.3,0.15
1551195600,3815.61,3816.03,3815.86,3815.61,0.22
1551196200,3809.5,3810.41,3809.5,3810.41,0.221
1551196800,3805.3,3806.65,3805.3,3806.65,0.409
1551197100,3804.0,3805.33,3805.33,3804.0,0.754
1551197400,3789.69,3800.2,3800.2,3789.69,4.18
1551199200,3792.1,3792.1,3792.1,3792.1,0.0134
1551199500,3792.1,3792.1,3792.1,3792.1,0.0332
1551199800,3792.11,3792.11,3792.11,3792.11,0.0088
1551200100,3792.11,3792.11,3792.11,3792.11,0.126
1551200400,3792.1,3792.1,3792.1,3792.1,0.571
1551200700,3792.1,3795.67,3792.1,3795.67,0.0881
1551201000,3794.05,3794.05,3794.05,3794.05,0.0382
1551201900,3791.64,3794.02,3794.02,3791.64,0.108
1551202200,3785.04,3790.04,3790.04,3787.32,0.273
1551202500,3789.27,3789.67,3789.27,3789.67,0.263
1551203100,3791.08,3791.08,3791.08,3791.08,0.121
1551204000,3792.36,3792.36,3792.36,3792.36,0.248
1551204300,3795.57,3796.93,3795.57,3796.93,0.164
1551204600,3800.7,3800.7,3800.7,3800.7,0.0389
1551205200,3802.49,3802.49,3802.49,3802.49,0.026
1551205500,3802.49,3802.49,3802.49,3802.49,0.0297
1551205800,3802.49,3802.5,3802.49,3802.5,0.074
1551206100,3802.5,3806.3,3802.5,3806.3,0.293
1551206400,3802.0,3802.01,3802.01,3802.0,0.0718
1551206700,3793.0,3802.0,3802.0,3795.97,0.96
1551207000,3793.0,3793.0,3793.0,3793.0,0.0252
1551207300,3793.01,3793.01,3793.01,3793.01,0.0176
1551207600,3791.77,3793.0,3793.0,3791.77,1.85
1551207900,3791.99,3791.99,3791.99,3791.99,0.0599
1551208200,3792.0,3796.92,3792.0,3796.92,0.155
1551209100,3800.0,3800.0,3800.0,3800.0,0.0279
1551209400,3799.74,3800.9,3799.96,3800.9,0.0852
1551209700,3800.01,3800.29,3800.01,3800.29,0.15
1551210000,3800.23,3802.46,3802.46,3802.46,0.614
1551210300,3803.0,3803.53,3803.53,3803.53,0.0796
1551210600,3800.86,3801.53,3800.86,3801.53,0.021
1551210900,3801.21,3801.21,3801.21,3801.21,0.00538
1551211200,3801.22,3801.22,3801.22,3801.22,0.515
1551211500,3801.22,3801.4,3801.22,3801.4,0.164
1551211800,3801.39,3801.49,3801.49,3801.39,1.16
1551212100,3801.5,3803.5,3801.5,3803.5,0.0265
1551212400,3802.72,3804.21,3802.72,3804.21,0.0185
1551212700,3801.01,3802.61,3802.61,3801.01,0.0403
1551213300,3802.02,3802.02,3802.02,3802.02,0.024
1551214200,3800.0,3800.5,3800.5,3800.0,0.0473
1551214500,3800.0,3800.0,3800.0,3800.0,0.159
1551214800,3800.0,3800.0,3800.0,3800.0,0.154
1551215100,3799.74,3799.75,3799.75,3799.74,0.00568
1551216000,3799.74,3799.8,3799.74,3799.8,1.33
1551216300,3799.74,3799.8,3799.8,3799.74,0.074
1551216600,3799.75,3799.76,3799.75,3799.76,0.0239
1551216900,3799.74,3799.74,3799.74,3799.74,0.198
1551217200,3794.34,3799.74,3799.74,3794.34,0.5
1551217500,3795.21,3795.21,3795.21,3795.21,0.00549
1551218100,3787.33,3793.56,3793.56,3787.33,1.46
1551218400,3786.77,3789.94,3789.94,3787.76,0.0984
1551218700,3786.2,3786.2,3786.2,3786.2,0.08
1551219600,3789.99,3789.99,3789.99,3789.99,0.35
1551219900,3794.12,3794.71,3794.12,3794.71,0.301
1551220500,3791.6,3795.58,3795.58,3791.78,0.0801
1551220800,3796.53,3796.63,3796.62,3796.53,0.25
1551222000,3797.05,3797.05,3797.05,3797.05,0.00384
1551222600,3796.64,3796.64,3796.64,3796.64,0.00286
1551222900,3786.01,3796.64,3796.64,3786.01,0.596
1551223200,3794.25,3794.58,3794.25,3794.34,0.869
1551223500,3792.31,3793.23,3793.23,3792.31,0.0526
1551223800,3793.08,3794.0,3794.0,3793.08,0.115
1551224100,3794.92,3795.76,3795.76,3794.92,0.0536
1551224400,3796.22,3796.22,3796.22,3796.22,0.333
1551224700,3796.22,3796.36,3796.22,3796.36,2.26
1551225000,3796.22,3796.22,3796.22,3796.22,0.0347
1551225900,3796.23,3796.23,3796.23,3796.23,0.273
1551226200,3780.0,3796.22,3796.22,3785.44,0.81
1551227700,3786.35,3786.35,3786.35,3786.35,0.00419
1551228000,3788.9,3788.91,3788.9,3788.91,0.0401
1551228600,3786.99,3787.49,3787.49,3786.99,2.01
1551228900,3786.14,3786.97,3786.97,3786.14,0.0229
1551229200,3784.0,3784.0,3784.0,3784.0,1.87
1551229500,3781.19,3783.94,3782.58,3781.19,0.375
1551229800,3780.01,3780.71,3780.01,3780.71,0.148
1551230100,3780.71,3780.71,3780.71,3780.71,0.116
1551230400,3780.98,3784.0,3784.0,3780.98,0.0735
1551230700,3784.0,3785.28,3784.0,3785.28,1.35
1551231000,3785.28,3785.28,3785.28,3785.28,0.191
1551231600,3785.29,3785.29,3785.29,3785.29,0.0165
1551232500,3782.7,3782.93,3782.7,3782.93,1.03
1551232800,3782.7,3782.7,3782.7,3782.7,0.00402
1551233100,3784.18,3784.18,3784.18,3784.18,0.0112
1551233700,3784.18,3784.18,3784.18,3784.18,0.0022
1551234000,3784.19,3784.19,3784.19,3784.19,0.053
1551234300,3784.19,3786.99,3784.19,3786.99,0.513
1551234600,3786.99,3789.45,3786.99,3789.45,3.69
1551235500,3796.65,3800.92,3796.65,3800.92,0.1
1551235800,3798.59,3798.91,3798.91,3798.59,0.311
1551236400,3797.01,3800.89,3800.89,3797.01,0.801
1551236700,3799.04,3800.43,3800.43,3799.04,0.0253
1551237600,3798.29,3798.29,3798.29,3798.29,0.0788
1551238200,3799.82,3799.82,3799.82,3799.82,0.00798
1551238500,3801.61,3801.63,3801.61,3801.63,0.186
1551239400,3797.93,3797.93,3797.93,3797.93,0.0539
1551239700,3800.71,3800.72,3800.71,3800.72,0.511
1551240000,3801.57,3801.57,3801.57,3801.57,0.0132
1551240300,3801.58,3803.72,3801.58,3803.72,0.227
1551240600,3803.49,3804.36,3803.49,3804.36,0.0692
1551240900,3804.36,3804.36,3804.36,3804.36,0.008
1551241200,3804.36,3804.36,3804.36,3804.36,0.007
1551241500,3804.36,3804.36,3804.36,3804.36,0.00338
1551241800,3802.35,3805.19,3803.5,3802.84,1.04
1551242400,3803.5,3804.54,3804.53,3803.5,0.0635
1551243300,3800.41,3800.42,3800.42,3800.41,0.171
1551243600,3802.84,3802.84,3802.84,3802.84,0.00262
1551243900,3802.0,3802.0,3802.0,3802.0,0.511
1551244500,3801.53,3801.53,3801.53,3801.53,0.015
1551245100,3801.39,3801.55,3801.42,3801.52,0.217
1551245400,3801.0,3801.0,3801.0,3801.0,0.005
1551245700,3801.0,3801.0,3801.0,3801.0,2.07
1551246000,3805.38,3806.2,3805.38,3806.2,0.0393
1551246300,3806.55,3806.55,3806.55,3806.55,0.0105
1551246600,3807.59,3808.27,3807.59,3808.27,0.116
1551247200,3806.3,3806.31,3806.3,3806.31,0.164
1551247800,3806.26,3806.26,3806.26,3806.26,0.00301
1551248100,3806.25,3806.25,3806.25,3806.25,0.00101
1551249000,3804.44,3804.44,3804.44,3804.44,0.0136
1551249300,3804.4,3804.43,3804.43,3804.4,0.051
1551249600,3804.4,3804.41,3804.41,3804.4,0.0443
1551249900,3801.24,3802.01,3802.01,3801.24,5.96
1551250500,3797.03,3800.1,3800.1,3797.03,2.6
1551250800,3797.03,3797.03,3797.03,3797.03,0.038
1551251700,3799.75,3800.0,3799.75,3800.0,0.121
1551252000,3799.99,3799.99,3799.99,3799.99,0.0202
1551252300,3800.0,3800.0,3800.0,3800.0,0.491
1551252600,3805.0,3805.0,3805.0,3805.0,2.0
1551252900,3807.22,3808.58,3807.22,3808.58,0.0787
1551253500,3806.36,3806.88,3806.36,3806.88,0.0839
1551254700,3808.59,3808.59,3808.59,3808.59,0.008
1551255000,3808.59,3808.59,3808.59,3808.59,0.285
1551255300,3808.59,3812.05,3808.59,3812.05,0.413
1551256500,3816.05,3816.05,3816.05,3816.05,0.0116
1551257100,3815.86,3815.87,3815.87,3815.86,0.103
1551257700,3810.74,3811.76,3810.74,3811.76,1.03
