1545972600,3594.61,3595.0,3594.61,3595.0,0.8
1545972900,3592.69,3592.69,3592.69,3592.69,0.221
1545973200,3593.18,3595.0,3593.18,3595.0,2.46
1545974100,3595.0,3595.1,3595.0,3595.1,3.82
1545974700,3597.65,3598.59,3597.8,3597.87,2.5
1545975000,3599.29,3600.0,3599.29,3600.0,11.4
1545975300,3600.0,3600.73,3600.0,3600.0,4.82
1545975600,3600.0,3600.0,3600.0,3600.0,0.266
1545975900,3600.0,3603.06,3600.0,3600.0,1.55
1545976200,3600.0,3600.01,3600.01,3600.01,1.55
1545976500,3599.85,3600.01,3600.01,3599.85,2.36
1545976800,3595.0,3599.0,3599.0,3595.0,0.15
1545977100,3598.97,3598.97,3598.97,3598.97,0.0205
1545977400,3596.11,3596.11,3596.11,3596.11,0.129
1545978300,3595.17,3595.17,3595.17,3595.17,0.209
1545978600,3595.9,3595.91,3595.9,3595.91,0.357
1545978900,3595.0,3595.0,3595.0,3595.0,0.129
1545979200,3590.0,3590.29,3590.29,3590.0,3.61
1545979500,3578.59,3590.0,3590.0,3578.59,6.67
1545979800,3586.22,3586.22,3586.22,3586.22,0.054
1545980100,3587.48,3590.0,3587.48,3590.0,0.158
1545980400,3600.35,3603.86,3600.35,3603.86,4.14
1545980700,3596.99,3600.83,3600.83,3600.35,0.039
1545981000,3601.42,3601.43,3601.43,3601.42,0.0414
1545981300,3604.99,3605.0,3604.99,3605.0,5.02
1545981600,3605.0,3610.98,3605.0,3610.98,8.87
1545981900,3610.23,3610.23,3610.23,3610.23,0.002
1545982200,3604.98,3606.42,3606.42,3604.98,4.13
1545982500,3601.57,3601.57,3601.57,3601.57,0.00277
1545982800,3599.9,3600.0,3600.0,3599.9,0.359
1545983100,3600.0,3600.0,3600.0,3600.0,0.0761
1545983400,3604.72,3605.12,3604.75,3604.73,4.15
1545983700,3605.65,3605.65,3605.65,3605.65,0.0553
1545984000,3600.0,3600.01,3600.01,3600.0,10.02
1545984300,3605.02,3605.02,3605.02,3605.02,0.0903
1545984900,3605.03,3609.07,3605.03,3609.07,0.74
1545985200,3610.23,3610.23,3610.23,3610.23,0.001
1545985500,3610.23,3610.23,3610.23,3610.23,0.576
1545985800,3609.76,3609.76,3609.76,3609.76,0.0014
1545986400,3603.55,3603.55,3603.55,3603.55,0.00548
1545986700,3608.4,3608.4,3608.4,3608.4,0.0416
1545987000,3609.77,3614.32,3609.77,3614.32,3.57
1545987600,3619.96,3633.14,3619.96,3629.45,12.13
1545987900,3611.0,3615.47,3613.2,3611.0,8.01
1545988200,3609.6,3611.16,3611.15,3609.6,5.09
1545988500,3605.06,3605.09,3605.07,3605.09,2.78
1545988800,3614.07,3614.07,3614.07,3614.07,0.138
1545989100,3610.92,3610.99,3610.99,3610.92,0.333
1545989400,3606.9,3615.17,3606.9,3615.17,0.98
1545989700,3614.09,3622.18,3614.09,3622.18,2.0
1545990000,3615.23,3616.61,3616.61,3615.23,1.99
1545990600,3613.47,3618.6,3615.27,3613.47,1.24
1545990900,3620.29,3624.43,3624.43,3622.73,0.229
1545991200,3620.91,3620.91,3620.91,3620.91,0.00551
1545991500,3618.88,3621.08,3618.88,3621.08,1.98
1545992100,3605.33,3610.07,3610.07,3605.33,1.3
1545992400,3607.08,3612.69,3607.09,3612.69,0.986
1545992700,3612.69,3614.83,3612.69,3614.83,0.185
1545993300,3613.34,3613.34,3613.34,3613.34,0.153
1545993600,3607.91,3607.92,3607.92,3607.91,0.786
1545993900,3613.62,3614.04,3614.04,3613.62,0.002
1545994200,3610.31,3614.12,3614.12,3610.31,0.1
1545994500,3611.48,3614.16,3614.16,3611.48,1.0
1545995400,3614.17,3616.98,3614.17,3616.98,0.113
1545995700,3614.16,3619.57,3614.16,3619.57,0.00413
1545996300,3619.01,3623.66,3619.01,3623.66,0.117
1545996600,3623.25,3623.25,3623.25,3623.25,0.001
1545996900,3621.85,3624.08,3624.08,3621.85,0.00206
1545997200,3624.93,3624.93,3624.93,3624.93,0.0282
1545997500,3624.9,3629.47,3624.9,3629.47,1.8
1545998100,3626.82,3630.2,3626.82,3630.2,0.295
1545998400,3623.97,3635.53,3635.53,3623.97,0.0469
1545998700,3621.77,3621.77,3621.77,3621.77,0.0551
1545999300,3611.91,3620.0,3620.0,3611.91,0.025
1545999600,3605.01,3605.01,3605.01,3605.01,0.73
1545999900,3605.01,3605.01,3605.01,3605.01,0.27
1546000500,3605.01,3605.01,3605.01,3605.01,7.28E-6
1546001400,3615.66,3616.93,3616.93,3615.66,0.0286
1546002000,3610.82,3613.08,3613.08,3610.82,6.47
1546002300,3606.92,3606.92,3606.92,3606.92,0.00769
1546002600,3613.99,3617.58,3613.99,3617.58,0.994
1546003200,3605.18,3605.18,3605.18,3605.18,0.0157
1546003500,3605.0,3605.0,3605.0,3605.0,0.00201
1546003800,3606.32,3606.32,3606.32,3606.32,0.012
1546004100,3613.37,3613.37,3613.37,3613.37,0.00337
1546004700,3611.23,3611.23,3611.23,3611.23,0.059
1546005300,3604.7,3612.09,3609.63,3612.09,4.12
1546005600,3602.17,3607.43,3607.43,3602.17,1.73
1546008000,3607.33,3608.22,3607.33,3608.22,0.107
1546008300,3607.4,3607.53,3607.53,3607.4,0.0581
1546008600,3608.0,3610.0,3608.0,3610.0,0.463
1546009200,3611.58,3614.33,3611.58,3614.33,0.235
1546009500,3617.7,3617.7,3617.7,3617.7,1.35
1546009800,3615.0,3615.01,3615.01,3615.0,0.00703
1546010100,3615.49,3615.5,3615.49,3615.5,1.01
1546010400,3619.0,3625.0,3619.0,3625.0,0.932
1546010700,3633.4,3635.0,3635.0,3633.4,0.271
1546011000,3625.14,3683.21,3625.14,3682.2,25.27
1546011300,3683.0,3850.35,3683.0,3827.88,81.13
1546011600,3805.0,3896.52,3805.91,3831.0,25.1
1546011900,3825.0,3859.15,3845.7,3825.0,9.67
1546012200,3820.01,3839.37,3820.42,3830.0,3.36
1546012500,3820.0,3832.67,3830.01,3820.0,2.54
1546012800,3827.54,3895.99,3828.59,3880.13,5.58
1546013100,3865.0,3880.35,3880.35,3865.0,0.244
1546013400,3858.39,3900.0,3858.39,3871.16,32.97
1546013700,3850.0,3881.83,3871.19,3850.0,10.33
1546014000,3849.35,3850.05,3850.0,3849.35,0.135
1546014300,3848.0,3860.69,3850.05,3848.0,1.15
1546014600,3851.3,3851.31,3851.3,3851.31,0.388
1546014900,3846.25,3856.22,3847.48,3856.22,0.929
1546015200,3848.17,3854.32,3854.32,3848.17,0.0355
1546015500,3851.24,3864.39,3851.24,3858.26,3.68
1546015800,3850.0,3855.56,3855.56,3850.0,0.463
1546016100,3846.08,3855.0,3850.0,3853.48,2.31
1546016400,3845.0,3865.8,3854.89,3845.0,4.75
1546016700,3840.85,3846.93,3841.36,3844.0,0.588
1546017000,3830.05,3845.0,3845.0,3836.19,0.328
1546017300,3839.57,3847.29,3843.75,3839.57,3.9
1546017600,3836.8,3844.47,3840.98,3836.8,0.458
1546017900,3840.0,3840.97,3840.97,3840.0,0.172
1546018200,3840.44,3859.0,3840.96,3859.0,0.261
1546018500,3853.06,3853.12,3853.12,3853.06,0.319
1546018800,3851.0,3858.2,3851.0,3858.2,0.711
1546019100,3855.0,3861.76,3858.2,3855.0,10.62
1546019400,3846.33,3846.33,3846.33,3846.33,0.101
1546019700,3851.79,3854.92,3854.92,3851.79,2.38
1546020000,3852.5,3865.68,3852.5,3858.86,6.88
1546020300,3855.15,3855.16,3855.16,3855.15,0.05
1546020600,3850.0,3855.28,3855.28,3850.0,2.14
1546020900,3848.38,3850.0,3850.0,3849.02,0.104
1546021200,3850.89,3850.89,3850.89,3850.89,0.1
1546021500,3845.0,3856.0,3856.0,3845.0,13.32
1546022100,3852.0,3852.0,3852.0,3852.0,4.04
1546022400,3852.0,3869.0,3852.0,3869.0,8.47
1546022700,3851.99,3862.84,3862.82,3851.99,0.122
1546023000,3845.01,3860.95,3847.22,3859.83,3.09
1546023600,3859.83,3875.99,3864.61,3875.42,4.24
1546023900,3875.12,3942.47,3875.12,3926.51,54.82
1546024200,3896.95,3921.72,3916.09,3896.95,12.73
1546024500,3909.85,3918.2,3909.85,3918.18,0.498
1546024800,3905.07,3906.76,3906.76,3905.07,0.145
1546025100,3908.02,3908.02,3908.02,3908.02,0.388
1546025400,3909.0,3923.44,3911.15,3909.0,3.88
1546025700,3901.52,3910.82,3909.0,3905.0,1.77
1546026000,3901.14,3911.22,3905.0,3901.14,2.89
1546026300,3870.51,3899.45,3899.45,3874.0,2.67
1546026600,3873.99,3883.21,3873.99,3878.22,1.18
1546026900,3881.17,3881.17,3881.17,3881.17,0.03
1546027200,3870.06,3877.26,3877.26,3870.06,1.21
1546027500,3871.39,3872.75,3872.75,3871.39,0.105
1546027800,3871.39,3885.98,3871.39,3885.98,1.37
1546028100,3882.16,3882.18,3882.18,3882.16,0.006
1546028400,3881.17,3881.19,3881.17,3881.19,0.006
1546028700,3879.75,3879.75,3879.75,3879.75,0.0331
1546029000,3885.64,3889.36,3885.64,3887.14,0.333
1546029300,3887.16,3900.0,3887.16,3900.0,0.448
1546029600,3900.0,3908.74,3900.0,3903.63,1.82
1546030200,3889.9,3889.9,3889.9,3889.9,1.71
1546030800,3904.08,3908.29,3904.08,3906.83,0.371
1546031100,3896.28,3900.01,3896.28,3896.57,2.79
1546031400,3893.26,3893.27,3893.27,3893.26,1.0
