1541624400,6507.95,6507.95,6507.95,6507.95,0.146
1541625000,6507.95,6512.89,6507.96,6507.95,2.09
1541625300,6497.5,6507.95,6507.95,6501.85,0.752
1541625600,6501.84,6501.85,6501.84,6501.85,0.386
1541625900,6501.84,6501.84,6501.84,6501.84,0.00783
1541626500,6501.85,6501.85,6501.85,6501.85,0.00186
1541626800,6501.85,6505.86,6501.85,6505.86,0.277
1541627100,6501.41,6505.86,6505.86,6501.41,0.38
1541627400,6503.39,6503.41,6503.39,6503.41,0.147
1541627700,6503.41,6507.21,6503.41,6507.21,1.26
1541628000,6500.52,6504.43,6504.28,6504.43,0.492
1541628300,6504.43,6505.12,6504.43,6504.94,0.0552
1541629200,6494.51,6504.95,6502.11,6494.51,0.745
1541629500,6504.94,6504.95,6504.94,6504.95,0.218
1541630100,6499.46,6499.46,6499.46,6499.46,0.0179
1541630400,6500.29,6501.31,6500.29,6501.31,0.0473
1541630700,6499.19,6504.33,6500.94,6504.33,0.697
1541631000,6502.73,6505.51,6504.95,6505.51,0.631
1541631300,6503.64,6503.65,6503.64,6503.65,0.157
1541631900,6501.37,6502.41,6501.37,6502.41,0.567
1541632200,6498.96,6501.66,6501.66,6498.96,0.124
1541633400,6503.87,6503.87,6503.87,6503.87,0.0488
1541633700,6503.87,6503.87,6503.87,6503.87,0.0806
1541634000,6503.71,6504.54,6503.71,6503.8,0.269
1541634300,6501.64,6502.59,6502.59,6501.64,0.0212
1541634600,6501.34,6502.86,6502.12,6501.63,1.62
1541634900,6503.02,6504.99,6503.02,6504.99,0.0189
1541635500,6505.61,6507.89,6505.9,6505.61,0.242
1541635800,6507.95,6510.0,6507.95,6510.0,0.052
1541636400,6506.89,6507.95,6507.95,6506.89,0.0563
1541636700,6510.0,6510.0,6510.0,6510.0,0.0264
1541637000,6508.77,6508.78,6508.77,6508.78,0.0333
1541637300,6505.98,6508.78,6508.77,6506.28,0.165
1541637600,6507.95,6508.78,6507.95,6508.78,0.0198
1541637900,6508.77,6508.77,6508.77,6508.77,0.0478
1541638800,6508.7,6508.71,6508.7,6508.71,0.306
1541639100,6507.95,6507.95,6507.95,6507.95,0.0345
1541639400,6507.91,6507.95,6507.95,6507.91,0.104
1541639700,6496.49,6508.78,6507.91,6508.78,0.219
1541640300,6508.78,6510.0,6508.78,6509.99,0.181
1541640600,6505.12,6505.12,6505.12,6505.12,0.00201
1541641200,6505.13,6507.0,6505.13,6507.0,1.46
1541641800,6492.83,6505.12,6505.12,6492.83,0.0768
1541642700,6493.17,6493.17,6493.17,6493.17,0.009
1541643000,6493.18,6493.18,6493.18,6493.18,0.00163
1541643600,6493.17,6493.17,6493.17,6493.17,0.0025
1541643900,6493.17,6493.17,6493.17,6493.17,0.66
1541644200,6491.14,6493.17,6493.17,6491.14,3.0
1541644800,6456.0,6484.87,6484.87,6456.0,12.39
1541645100,6460.33,6460.33,6460.33,6460.33,0.0385
1541645400,6458.23,6460.34,6459.9,6458.23,0.255
1541645700,6460.34,6460.34,6460.34,6460.34,0.305
1541646000,6459.21,6460.34,6459.21,6459.94,0.173
1541646300,6458.87,6458.87,6458.87,6458.87,0.0104
1541646600,6460.33,6460.33,6460.33,6460.33,1.04
1541647200,6458.38,6458.38,6458.38,6458.38,0.0989
1541647500,6458.38,6458.38,6458.38,6458.38,0.00808
1541647800,6458.0,6458.0,6458.0,6458.0,0.01
1541648100,6450.75,6452.75,6452.75,6450.75,0.0396
1541648700,6446.51,6450.0,6450.0,6446.51,0.622
1541649000,6444.94,6444.94,6444.94,6444.94,0.55
1541649300,6446.66,6450.66,6448.43,6448.25,1.04
1541649600,6440.73,6445.39,6444.57,6442.52,2.13
1541649900,6445.0,6450.66,6445.0,6449.43,0.576
1541650200,6450.66,6450.66,6450.66,6450.66,0.0309
1541650500,6450.66,6452.72,6450.66,6452.72,0.0631
1541650800,6452.72,6452.72,6452.72,6452.72,0.113
1541651100,6452.72,6452.72,6452.72,6452.72,0.206
1541651700,6452.71,6452.71,6452.71,6452.71,0.0175
1541652000,6452.72,6452.72,6452.72,6452.72,0.0619
1541652600,6452.72,6452.72,6452.72,6452.72,0.013
1541653200,6452.72,6453.0,6452.72,6453.0,0.0137
1541654400,6453.0,6453.0,6453.0,6453.0,0.00653
1541655000,6454.56,6457.32,6456.36,6454.56,0.148
1541655300,6454.21,6455.11,6455.11,6454.21,0.0366
1541655600,6451.2,6451.2,6451.2,6451.2,0.0469
1541655900,6451.34,6452.97,6452.97,6451.34,0.151
1541656200,6449.79,6451.34,6451.34,6449.79,0.264
1541656800,6452.41,6452.92,6452.41,6452.92,0.0282
1541657100,6453.4,6453.4,6453.4,6453.4,0.0348
1541657400,6453.06,6453.06,6453.06,6453.06,0.0412
1541657700,6454.93,6454.93,6454.93,6454.93,0.0184
1541658300,6454.36,6454.36,6454.36,6454.36,0.0281
1541658600,6455.99,6455.99,6455.99,6455.99,0.0181
1541659200,6448.03,6451.06,6451.06,6448.03,0.439
1541659800,6453.23,6453.23,6453.23,6453.23,0.0163
1541660100,6452.33,6455.66,6452.33,6455.4,2.21
1541660400,6451.53,6470.0,6451.53,6456.03,5.09
1541660700,6448.88,6455.33,6455.33,6448.88,1.04
1541661000,6454.56,6454.56,6454.56,6454.56,0.993
1541664000,6448.93,6458.83,6456.56,6456.98,4.05
1541664300,6461.19,6461.82,6461.19,6461.82,0.579
1541664600,6456.79,6461.79,6460.67,6456.79,1.64
1541664900,6461.14,6462.78,6462.77,6461.14,0.289
1541665200,6460.6,6461.14,6461.14,6460.6,0.117
1541665500,6464.91,6464.91,6464.91,6464.91,0.017
1541666400,6456.26,6457.0,6456.26,6456.4,0.2
1541666700,6455.26,6455.26,6455.26,6455.26,0.0709
1541667300,6452.76,6453.16,6452.76,6453.16,0.0328
1541667900,6453.54,6453.54,6453.54,6453.54,0.00643
1541668500,6450.09,6450.09,6450.09,6450.09,0.0112
1541668800,6450.07,6451.88,6451.88,6450.07,0.8
1541669400,6448.99,6450.88,6450.87,6448.99,0.336
1541671200,6452.41,6453.36,6452.41,6453.36,0.16
1541672700,6452.4,6452.4,6452.4,6452.4,0.00105
1541673900,6452.41,6462.0,6452.41,6462.0,0.176
1541674200,6460.14,6462.0,6461.99,6462.0,0.372
1541674500,6462.0,6462.0,6462.0,6462.0,0.0077
1541674800,6460.99,6460.99,6460.99,6460.99,0.0337
1541675400,6460.99,6460.99,6460.99,6460.99,0.039
1541675700,6458.31,6461.0,6460.99,6461.0,1.54
1541676000,6461.05,6461.05,6461.05,6461.05,0.0236
1541676300,6460.21,6461.05,6460.21,6461.05,0.0451
1541676600,6461.05,6461.05,6461.05,6461.05,0.0305
1541676900,6461.05,6462.0,6461.05,6462.0,0.285
1541677200,6462.0,6462.0,6462.0,6462.0,0.0363
1541677500,6461.98,6461.98,6461.98,6461.98,0.038
1541677800,6460.01,6460.01,6460.01,6460.01,0.0115
1541678100,6460.0,6461.97,6461.97,6460.0,0.0419
1541678700,6460.0,6460.0,6460.0,6460.0,0.002
1541679600,6454.79,6461.96,6461.96,6454.79,2.04
1541679900,6461.96,6461.96,6461.96,6461.96,0.0685
1541680200,6461.97,6462.0,6461.97,6462.0,0.593
1541680800,6461.99,6461.99,6461.99,6461.99,0.108
1541681400,6462.0,6462.0,6462.0,6462.0,0.147
1541682000,6461.99,6462.0,6462.0,6461.99,19.75
1541682600,6461.99,6462.0,6461.99,6462.0,12.77
1541682900,6462.0,6471.63,6462.0,6471.63,0.206
1541683200,6469.57,6473.47,6471.63,6472.01,0.53
1541683500,6470.43,6471.67,6471.67,6470.44,0.497
1541683800,6472.01,6477.18,6472.01,6472.99,1.37
1541684100,6471.09,6472.99,6472.99,6471.57,0.607
1541684400,6473.43,6476.0,6473.43,6476.0,1.85
1541684700,6476.0,6480.0,6476.0,6480.0,1.25
1541685000,6475.6,6475.6,6475.6,6475.6,0.38
1541685300,6474.13,6475.6,6475.6,6474.13,0.137
1541685600,6473.8,6475.6,6473.8,6475.51,0.287
1541685900,6475.5,6475.51,6475.5,6475.5,0.91
1541686200,6475.5,6475.5,6475.5,6475.5,0.5
1541686500,6467.45,6475.51,6475.51,6471.65,1.01
1541686800,6470.67,6472.46,6471.65,6471.94,0.258
1541687100,6475.8,6478.23,6477.31,6478.23,0.291
1541687400,6476.69,6479.99,6479.63,6479.99,0.165
1541687700,6479.98,6479.99,6479.99,6479.98,0.0519
1541688600,6479.99,6479.99,6479.99,6479.99,0.0573
1541688900,6479.99,6479.99,6479.99,6479.99,0.00181
1541689200,6479.99,6479.99,6479.99,6479.99,0.0239
1541689800,6480.0,6480.0,6480.0,6480.0,0.0307
1541690100,6479.99,6479.99,6479.99,6479.99,0.0023
1541690400,6479.99,6480.0,6480.0,6480.0,1.37
1541690700,6473.79,6479.99,6479.99,6473.79,1.52
1541691000,6469.48,6473.79,6473.79,6469.48,0.572
1541691300,6471.93,6471.93,6471.93,6471.93,0.0712
1541691600,6467.26,6472.43,6468.5,6472.43,1.14
1541691900,6467.81,6467.82,6467.82,6467.81,0.5
1541692200,6471.01,6471.13,6471.01,6471.13,0.0758
1541692800,6397.83,6463.05,6463.05,6397.83,1.74
1541693100,6414.46,6417.61,6417.61,6414.46,0.113
1541693700,6418.4,6422.33,6422.33,6418.4,0.16
1541694000,6414.13,6414.13,6414.13,6414.13,0.00747
1541694600,6417.74,6418.0,6417.74,6418.0,0.0282
1541694900,6418.0,6426.01,6418.0,6419.27,0.433
1541695200,6417.69,6420.27,6420.27,6417.69,0.148
1541695500,6420.01,6420.01,6420.01,6420.01,0.0557
1541695800,6419.91,6423.75,6419.91,6423.75,0.149
1541696100,6423.59,6424.15,6423.59,6424.15,0.155
1541697000,6420.17,6420.17,6420.17,6420.17,0.116
1541697300,6417.69,6420.16,6420.16,6417.69,0.015
1541697600,6417.7,6417.71,6417.7,6417.71,1.23
1541697900,6417.69,6418.0,6418.0,6417.69,0.0448
1541698200,6417.7,6417.7,6417.7,6417.7,0.0174
1541698800,6419.6,6421.38,6419.6,6421.38,0.187
1541699100,6422.35,6424.54,6422.35,6424.54,0.0634
1541699400,6425.72,6430.01,6425.72,6430.01,13.11
1541699700,6430.0,6430.0,6430.0,6430.0,0.495
1541700000,6430.0,6430.01,6430.0,6430.01,0.48
1541700300,6430.0,6430.01,6430.01,6430.0,0.155
1541700900,6430.0,6430.0,6430.0,6430.0,0.327
1541701200,6430.0,6430.0,6430.0,6430.0,0.0522
1541701500,6430.01,6430.01,6430.01,6430.01,0.229
1541701800,6429.51,6430.0,6430.0,6429.51,19.13
1541702100,6420.13,6420.14,6420.13,6420.14,1.08
1541702400,6417.86,6417.86,6417.86,6417.86,0.00189
1541702700,6417.99,6417.99,6417.99,6417.99,0.661
1541703600,6417.69,6417.69,6417.69,6417.69,0.0942
1541703900,6417.69,6417.7,6417.69,6417.7,0.0523
1541704800,6413.74,6417.6,6417.6,6413.76,0.852
1541705100,6416.03,6416.03,6416.03,6416.03,0.0921
1541706900,6414.38,6414.39,6414.38,6414.39,0.156
1541707200,6414.39,6427.59,6414.39,6427.0,2.58
1541707500,6424.29,6428.28,6424.59,6424.89,3.46
1541707800,6425.28,6425.29,6425.28,6425.28,0.165
1541708100,6425.29,6436.55,6425.29,6435.18,1.23
1541708400,6435.17,6439.52,6435.17,6437.3,1.27
1541708700,6436.27,6439.52,6437.29,6437.43,4.24
1541709000,6435.01,6437.43,6437.43,6435.46,1.91
1541709300,6420.0,6435.46,6435.46,6423.15,3.14
1541709600,6420.0,6427.9,6427.9,6422.0,0.454
1541709900,6415.28,6435.46,6422.0,6435.46,2.54
1541710200,6421.09,6437.58,6432.46,6435.61,2.4
1541710500,6427.62,6435.61,6435.61,6427.62,3.72
1541710800,6421.09,6424.27,6423.19,6424.27,0.846
1541711100,6425.6,6434.7,6427.0,6425.6,2.81
1541711400,6433.91,6435.71,6434.71,6433.91,1.64
1541711700,6429.13,6435.57,6435.54,6429.13,0.513
1541712000,6427.0,6434.64,6434.63,6432.9,1.5
1541712300,6425.31,6436.0,6432.51,6431.39,2.55
1541712600,6427.02,6435.0,6427.02,6432.94,2.57
1541712900,6422.93,6429.77,6423.98,6422.93,0.032
1541713200,6421.08,6428.37,6428.21,6426.91,0.602
1541713500,6421.64,6423.0,6421.64,6423.0,1.45
1541713800,6422.99,6423.0,6423.0,6422.99,1.36
1541714100,6422.99,6422.99,6422.99,6422.99,0.685
1541714400,6419.76,6422.99,6422.99,6422.99,2.9
1541714700,6419.01,6422.99,6422.99,6419.01,0.384
1541715000,6422.99,6423.17,6422.99,6423.17,3.24
1541715300,6423.17,6433.37,6423.17,6428.16,2.82
1541715900,6430.16,6437.6,6430.16,6432.95,2.99
1541716200,6427.97,6429.87,6427.97,6429.83,0.188
1541716500,6429.83,6432.99,6429.83,6432.49,1.67
1541716800,6432.48,6432.49,6432.49,6432.49,1.11
1541717100,6424.89,6432.49,6432.49,6424.89,1.22
1541717400,6421.19,6424.89,6424.89,6421.19,1.78
1541717700,6414.07,6421.19,6421.18,6414.07,0.265
1541718300,6413.63,6413.63,6413.63,6413.63,0.00468
1541718900,6405.13,6413.63,6413.63,6406.64,0.352
1541719200,6405.11,6407.19,6405.11,6406.29,1.29
1541719500,6401.48,6407.68,6406.94,6407.68,0.399
1541719800,6406.97,6414.0,6411.35,6414.0,0.247
1541720100,6414.0,6416.78,6414.0,6414.69,0.984
1541720400,6411.39,6414.71,6414.71,6411.86,0.366
1541720700,6411.86,6411.86,6411.86,6411.86,0.863
1541721000,6406.73,6411.86,6411.86,6409.91,1.03
1541721300,6407.81,6411.84,6411.2,6411.84,0.453
1541721600,6409.62,6410.27,6410.27,6410.27,0.312
1541721900,6409.0,6413.28,6410.27,6413.28,1.74
1541722200,6413.27,6413.47,6413.28,6413.47,0.361
1541722500,6410.27,6414.55,6414.55,6411.34,4.94
1541722800,6413.55,6415.0,6414.74,6413.55,0.626
1541723100,6414.11,6414.11,6414.11,6414.11,0.139
1541723400,6412.78,6415.0,6414.11,6415.0,1.34
1541723700,6412.86,6415.0,6413.14,6412.86,0.41
1541724000,6412.86,6414.28,6414.28,6413.88,0.223
1541724300,6412.86,6415.0,6413.88,6414.57,2.13
1541724600,6413.87,6415.0,6414.98,6414.47,2.26
1541724900,6414.47,6415.0,6414.47,6415.0,0.483
1541725200,6413.29,6414.5,6413.29,6413.29,1.63
1541725500,6413.29,6413.29,6413.29,6413.29,0.0224
1541725800,6413.6,6413.6,6413.6,6413.6,0.128
1541726100,6408.39,6413.85,6413.85,6411.1,3.31
1541726400,6409.44,6411.11,6409.79,6409.55,0.728
1541726700,6409.48,6411.03,6409.55,6410.0,0.805
1541727000,6408.12,6410.0,6408.78,6410.0,0.837
1541727300,6408.68,6411.88,6410.0,6410.46,1.18
1541727600,6409.77,6412.0,6409.78,6410.17,1.84
1541727900,6410.34,6412.0,6411.83,6411.92,1.5
1541728200,6409.13,6410.11,6410.11,6409.13,0.198
1541728500,6410.02,6412.62,6411.01,6411.79,1.23
