1551392100,3794.39,3795.43,3795.43,3794.39,0.148
1551393000,3790.16,3791.0,3791.0,3790.16,0.28
1551394800,3796.59,3796.59,3796.59,3796.59,0.00298
1551395700,3795.01,3800.08,3800.08,3795.02,1.21
1551396600,3791.23,3795.01,3795.01,3791.23,2.03
1551397500,3790.71,3790.97,3790.97,3790.71,0.0449
1551398400,3792.91,3794.93,3792.91,3794.93,0.27
1551400200,3797.55,3797.88,3797.87,3797.85,0.284
1551401100,3794.33,3798.72,3797.08,3794.33,3.48
1551402000,3794.66,3796.41,3795.12,3796.41,0.0947
1551402900,3792.94,3793.82,3793.82,3793.68,0.906
1551403800,3795.18,3803.12,3795.18,3803.12,0.826
1551404700,3802.63,3804.19,3804.19,3802.63,0.0408
1551405600,3803.19,3804.19,3803.26,3803.19,0.11
1551406500,3799.89,3802.95,3799.89,3800.49,0.038
1551407400,3799.55,3801.31,3799.55,3800.24,0.692
1551408300,3800.07,3801.31,3800.59,3800.42,0.699
1551409200,3801.95,3802.64,3801.95,3802.6,0.58
1551410100,3804.52,3805.0,3804.52,3805.0,0.031
1551411000,3803.86,3805.0,3805.0,3804.65,0.631
1551411900,3803.04,3804.71,3804.56,3804.01,1.24
1551412800,3804.01,3804.01,3804.01,3804.01,0.499
1551414600,3804.0,3804.01,3804.0,3804.01,0.0119
1551416400,3804.01,3804.01,3804.01,3804.01,0.0461
1551418200,3804.01,3804.01,3804.01,3804.01,0.043
1551419100,3804.01,3804.01,3804.01,3804.01,0.514
1551420000,3804.01,3804.01,3804.01,3804.01,1.48
1551420900,3804.01,3804.01,3804.01,3804.01,0.00451
1551421800,3804.0,3804.01,3804.01,3804.0,0.00952
1551422700,3804.0,3804.01,3804.01,3804.0,0.00661
1551423600,3800.06,3804.01,3804.01,3800.19,0.111
1551424500,3799.87,3800.19,3800.19,3799.87,0.145
1551425400,3796.3,3796.3,3796.3,3796.3,0.319
1551426300,3798.69,3802.4,3798.69,3801.64,0.188
1551427200,3805.0,3805.0,3805.0,3805.0,1.09
1551428100,3807.85,3810.0,3807.86,3808.08,0.58
1551430800,3810.28,3825.0,3810.28,3825.0,2.27
1551431700,3821.92,3821.92,3821.92,3821.92,0.00259
1551432600,3816.59,3820.33,3816.59,3819.8,1.0
1551433500,3817.51,3817.51,3817.51,3817.51,0.279
1551434400,3814.66,3817.51,3817.51,3814.66,1.18
1551435300,3809.54,3811.41,3809.54,3811.41,0.206
1551437100,3811.41,3811.41,3811.41,3811.41,1.0
1551438000,3811.41,3811.41,3811.41,3811.41,0.4
1551438900,3811.4,3811.41,3811.41,3811.4,2.11
1551439800,3811.41,3812.14,3811.41,3812.14,0.6
1551441600,3809.54,3809.54,3809.54,3809.54,0.007
1551443400,3809.54,3811.0,3811.0,3809.54,0.137
1551444300,3810.32,3810.32,3810.32,3810.32,0.0276
1551446100,3809.0,3809.0,3809.0,3809.0,0.0883
1551447900,3809.0,3815.33,3809.0,3815.33,0.562
1551448800,3815.9,3817.0,3817.0,3815.9,0.177
1551449700,3815.9,3815.9,3815.9,3815.9,0.0604
1551450600,3816.39,3817.28,3816.4,3816.39,1.27
1551451500,3816.95,3819.9,3816.95,3817.8,0.0732
1551452400,3819.19,3820.64,3820.64,3819.19,0.351
1551453300,3819.0,3819.05,3819.05,3819.0,1.04
1551454200,3814.87,3814.87,3814.87,3814.87,0.267
1551455100,3816.16,3816.16,3816.16,3816.16,0.00914
1551456000,3815.77,3819.01,3815.77,3819.01,0.158
1551456900,3820.0,3830.4,3820.0,3823.42,17.09
1551457800,3822.36,3824.89,3824.0,3823.99,0.0647
1551458700,3826.27,3827.75,3827.75,3826.27,0.4
1551459600,3829.73,3829.73,3829.73,3829.73,0.00521
1551460500,3831.0,3836.0,3831.0,3836.0,0.879
1551461400,3836.0,3836.0,3836.0,3836.0,0.219
1551462300,3831.5,3838.0,3836.0,3831.5,1.5
1551463200,3831.44,3831.81,3831.44,3831.78,0.288
1551464100,3832.55,3836.51,3835.99,3833.74,1.21
1551465000,3828.06,3832.86,3829.41,3832.32,2.06
1551465900,3832.01,3834.84,3834.84,3834.6,0.338
1551466800,3830.16,3835.48,3833.6,3832.5,0.519
1551467700,3830.04,3832.5,3832.5,3831.45,0.587
1551468600,3829.89,3831.98,3831.45,3831.75,0.187
1551469500,3829.01,3831.88,3829.43,3829.02,4.24
1551470400,3829.0,3829.74,3829.0,3829.0,0.0811
1551471300,3830.87,3831.81,3830.87,3831.81,0.121
1551472200,3829.17,3831.01,3829.17,3830.23,0.623
1551473100,3829.01,3830.22,3830.22,3829.42,0.447
1551474000,3829.0,3829.0,3829.0,3829.0,0.0135
1551475800,3829.28,3829.29,3829.28,3829.29,0.139
1551476700,3829.8,3830.67,3830.0,3829.8,0.202
1551477600,3806.0,3832.5,3832.22,3806.0,2.54
1551478500,3806.02,3827.66,3806.02,3827.66,0.814
1551479400,3824.0,3826.2,3826.2,3824.0,1.32
1551480300,3812.86,3820.0,3820.0,3812.86,0.0686
1551481200,3807.92,3815.0,3807.92,3815.0,0.299
1551482100,3809.78,3813.75,3811.87,3813.75,0.0179
1551483000,3812.59,3813.61,3812.59,3813.61,0.0267
1551483900,3810.09,3810.09,3810.09,3810.09,0.373
1551484800,3805.28,3812.0,3808.0,3812.0,0.0898
1551486600,3811.5,3812.35,3811.5,3811.91,1.38
1551487500,3812.01,3812.47,3812.46,3812.15,1.05
1551488400,3809.27,3812.01,3812.01,3809.27,5.36
1551489300,3809.28,3809.28,3809.28,3809.28,0.236
1551490200,3812.17,3812.17,3812.17,3812.17,0.0301
1551491100,3814.05,3814.05,3814.05,3814.05,0.00266
1551492000,3814.45,3814.45,3814.45,3814.45,0.0352
1551492900,3814.68,3815.0,3814.68,3815.0,0.315
1551493800,3810.89,3814.95,3814.95,3813.16,0.761
1551494700,3812.71,3812.71,3812.71,3812.71,0.0131
1551495600,3813.17,3813.94,3813.17,3813.94,0.53
1551496500,3813.88,3814.96,3814.96,3813.88,3.0
1551497400,3813.94,3814.99,3814.99,3813.94,1.53
1551498300,3814.99,3815.0,3814.99,3815.0,0.264
1551500100,3810.28,3812.7,3812.7,3810.28,0.116
1551501000,3799.0,3801.39,3801.1,3799.0,2.09
1551501900,3795.86,3805.46,3796.0,3805.46,10.61
1551502800,3799.99,3800.0,3800.0,3799.99,0.158
1551503700,3800.0,3807.06,3800.0,3803.81,0.383
1551504600,3801.11,3804.05,3801.11,3801.86,2.35
1551506400,3802.35,3805.0,3802.36,3804.24,0.802
1551507300,3804.2,3804.33,3804.2,3804.33,0.315
1551510000,3799.54,3804.99,3804.99,3799.54,0.399
1551510900,3800.5,3800.5,3800.5,3800.5,0.00525
1551511800,3797.32,3800.44,3800.44,3797.32,0.061
1551512700,3788.75,3795.5,3795.5,3788.75,5.59
1551513600,3760.4,3788.89,3788.89,3778.04,6.4
1551514500,3769.01,3785.7,3780.53,3785.69,2.47
1551516300,3785.75,3794.03,3785.75,3794.03,0.0299
1551517200,3794.11,3795.0,3794.11,3795.0,0.0459
1551519000,3795.0,3795.0,3795.0,3795.0,0.0778
1551519900,3794.95,3794.96,3794.96,3794.95,0.753
1551520800,3794.95,3794.95,3794.95,3794.95,0.95
1551523500,3796.0,3798.39,3796.0,3798.39,0.0673
1551524400,3798.76,3801.45,3801.45,3798.76,3.1
1551525300,3801.5,3809.5,3801.5,3809.5,0.621
1551526200,3808.84,3809.51,3808.84,3809.51,0.223
1551527100,3809.45,3809.59,3809.45,3809.59,0.845
1551528000,3807.14,3807.21,3807.21,3807.14,0.0909
1551528900,3804.55,3806.72,3806.72,3804.55,1.25
1551529800,3805.64,3813.33,3807.14,3813.33,0.726
1551530700,3809.27,3810.14,3810.14,3809.27,0.18
1551531600,3807.98,3813.7,3807.98,3813.7,0.325
1551532500,3814.94,3814.94,3814.94,3814.94,0.0384
1551533400,3812.94,3814.94,3814.94,3814.07,0.0836
1551534300,3809.34,3814.32,3812.96,3809.34,0.468
1551535200,3810.35,3810.4,3810.35,3810.4,0.0956
1551536100,3811.0,3811.01,3811.01,3811.0,0.0186
1551537000,3807.29,3807.29,3807.29,3807.29,0.00826
1551538800,3804.0,3804.0,3804.0,3804.0,0.00219
