1541415600,6400.0,6400.0,6400.0,6400.0,0.0292
1541418300,6400.0,6400.0,6400.0,6400.0,0.347
1541421900,6400.0,6400.01,6400.01,6400.0,0.0557
1541423700,6400.01,6415.77,6400.01,6415.77,0.353
1541424600,6407.0,6407.01,6407.01,6407.0,0.0713
1541425500,6415.05,6415.05,6415.05,6415.05,0.0223
1541426400,6415.99,6415.99,6415.99,6415.99,0.0554
1541427300,6415.6,6416.0,6415.6,6416.0,0.00988
1541428200,6415.99,6427.34,6415.99,6427.34,0.509
1541430000,6400.64,6415.5,6415.5,6400.64,0.102
1541430900,6415.99,6416.0,6415.99,6416.0,0.0675
1541432700,6400.47,6401.28,6401.09,6400.47,0.382
1541433600,6400.47,6410.0,6400.53,6410.0,1.88
1541434500,6408.06,6409.05,6409.05,6408.06,0.0481
1541435400,6400.0,6400.05,6400.05,6400.0,0.162
1541437200,6400.0,6400.0,6400.0,6400.0,0.125
1541438100,6400.0,6400.0,6400.0,6400.0,0.346
1541439000,6400.01,6403.64,6400.01,6403.64,0.0778
1541439900,6382.01,6400.0,6400.0,6382.01,1.17
1541440800,6373.35,6380.64,6380.64,6374.27,0.292
1541441700,6377.67,6385.0,6377.67,6385.0,0.185
1541442600,6372.13,6383.25,6383.15,6374.99,0.649
1541443500,6368.0,6370.0,6370.0,6368.0,0.788
1541444400,6368.08,6369.4,6368.08,6369.4,0.064
1541445300,6374.26,6385.0,6378.67,6374.26,2.84
1541446200,6374.09,6374.3,6374.28,6374.16,0.492
1541447100,6384.12,6384.13,6384.12,6384.13,0.0262
1541448000,6376.61,6385.0,6384.0,6385.0,0.37
1541448900,6382.57,6401.18,6382.57,6396.99,0.761
1541449800,6385.65,6407.59,6396.96,6407.59,0.915
1541450700,6390.0,6407.0,6407.0,6390.0,0.386
1541451600,6389.75,6390.0,6389.75,6390.0,0.0663
1541452500,6390.0,6391.66,6390.0,6391.66,0.158
1541453400,6390.61,6399.0,6398.98,6390.61,0.137
1541454300,6394.57,6395.0,6394.57,6394.99,0.507
1541455200,6394.99,6394.99,6394.99,6394.99,0.0332
1541456100,6395.0,6395.0,6395.0,6395.0,0.0209
1541457000,6386.9,6387.01,6387.01,6386.9,0.0232
1541457900,6386.91,6387.0,6386.91,6387.0,0.231
1541458800,6387.0,6387.04,6387.01,6387.0,0.447
1541459700,6387.12,6391.05,6387.12,6391.05,0.628
1541460600,6390.06,6400.0,6392.86,6400.0,1.9
1541461500,6390.07,6400.0,6390.07,6400.0,0.0553
1541462400,6395.62,6395.89,6395.62,6395.62,0.237
1541463300,6396.16,6400.0,6400.0,6396.68,0.59
1541464200,6396.68,6400.0,6400.0,6396.68,0.232
1541465100,6396.86,6399.0,6397.0,6398.47,0.621
1541466000,6394.71,6399.0,6399.0,6394.71,3.02
1541466900,6396.91,6399.0,6399.0,6396.91,0.0101
1541467800,6396.72,6399.0,6398.01,6399.0,0.716
1541468700,6398.99,6399.0,6399.0,6399.0,0.182
1541469600,6398.99,6399.0,6399.0,6398.99,0.229
1541470500,6398.99,6399.0,6398.99,6399.0,0.147
1541471400,6398.99,6403.37,6399.0,6403.37,0.879
1541472300,6400.07,6403.77,6402.06,6403.77,1.72
1541473200,6393.36,6398.99,6398.99,6393.36,0.0386
1541474100,6385.44,6390.16,6385.45,6390.16,0.138
1541475000,6385.2,6391.05,6391.05,6385.2,0.132
1541475900,6387.33,6388.79,6388.79,6388.09,0.749
1541476800,6382.69,6392.69,6388.09,6392.44,1.64
1541477700,6389.94,6389.94,6389.94,6389.94,0.00357
1541482200,6395.0,6395.0,6395.0,6395.0,0.0135
1541483100,6395.0,6398.15,6395.01,6397.87,0.425
1541484000,6399.43,6399.57,6399.43,6399.56,0.856
1541484900,6407.24,6407.25,6407.24,6407.25,0.681
1541485800,6399.65,6405.63,6405.63,6399.65,0.327
1541486700,6398.73,6400.23,6400.23,6398.73,0.025
1541487600,6401.66,6407.65,6401.66,6405.78,0.171
1541488500,6398.52,6398.52,6398.52,6398.52,0.0154
1541489400,6398.4,6398.4,6398.4,6398.4,0.0204
1541490300,6397.86,6397.86,6397.86,6397.86,0.0407
1541492100,6398.0,6411.0,6398.0,6411.0,2.77
1541495700,6418.89,6427.31,6425.49,6418.9,0.603
1541496600,6421.74,6423.22,6421.76,6423.17,0.284
1541497500,6410.86,6425.59,6410.86,6419.05,0.19
1541498400,6431.0,6445.0,6431.0,6440.1,0.177
1541499300,6435.04,6438.2,6437.69,6435.04,0.0389
1541500200,6423.84,6430.61,6430.6,6430.61,0.0879
1541502000,6410.0,6421.05,6421.05,6410.0,0.06
1541502900,6414.8,6426.42,6414.8,6426.42,1.04
1541503800,6411.29,6411.29,6411.29,6411.29,0.00122
1541504700,6408.42,6410.0,6410.0,6408.42,0.0317
1541506500,6414.79,6414.79,6414.79,6414.79,0.0164
1541507400,6409.32,6428.35,6414.76,6409.32,1.16
1541508300,6402.88,6409.73,6409.72,6402.88,2.0
1541510100,6407.1,6412.91,6407.1,6412.91,0.0342
1541511000,6413.72,6415.62,6415.62,6413.72,0.0391
1541511900,6410.88,6413.0,6413.0,6410.88,1.62
1541512800,6409.12,6409.12,6409.12,6409.12,0.001
1541513700,6418.75,6422.08,6418.75,6420.38,1.6
1541514600,6419.89,6422.41,6419.89,6421.27,0.697
1541515500,6414.97,6415.01,6415.01,6414.97,0.0414
1541517300,6421.04,6423.0,6421.04,6423.0,0.183
1541518200,6422.99,6434.32,6422.99,6434.3,1.06
1541519100,6422.42,6438.75,6434.31,6422.42,2.15
1541520000,6424.99,6428.05,6424.99,6428.05,0.284
1541520900,6417.84,6420.94,6417.84,6420.94,0.0362
1541521800,6419.01,6422.15,6422.15,6419.01,0.0138
1541522700,6422.1,6422.41,6422.41,6422.1,0.0435
1541523600,6422.09,6422.09,6422.09,6422.09,0.219
1541524500,6422.1,6428.16,6422.1,6428.16,0.0137
1541525400,6425.09,6430.85,6428.16,6427.83,0.308
1541526300,6422.1,6425.81,6425.81,6423.84,0.646
1541527200,6424.3,6424.3,6424.3,6424.3,0.00233
1541528100,6424.29,6424.3,6424.3,6424.29,0.137
1541529000,6423.76,6424.29,6424.29,6423.76,0.116
1541529900,6420.0,6423.6,6423.58,6423.6,0.416
1541530800,6415.53,6422.1,6422.1,6418.21,0.151
1541531700,6420.45,6422.1,6422.1,6420.56,0.249
1541532600,6412.63,6419.54,6419.54,6418.3,3.88
1541533500,6408.3,6418.68,6417.6,6417.97,0.598
1541534400,6418.46,6422.1,6418.46,6422.09,0.383
1541535300,6421.41,6421.85,6421.85,6421.41,0.546
1541536200,6422.1,6422.61,6422.1,6422.61,0.0657
1541537100,6422.36,6422.62,6422.61,6422.37,0.885
1541538000,6418.2,6422.37,6422.37,6418.84,0.304
1541538900,6420.29,6422.51,6421.98,6420.29,0.28
1541539800,6419.5,6422.4,6422.4,6420.06,0.184
1541541600,6423.08,6423.59,6423.59,6423.35,0.0652
1541542500,6423.6,6425.0,6423.6,6425.0,0.698
1541543400,6425.0,6440.98,6425.0,6440.98,0.907
1541544300,6436.33,6440.98,6440.98,6436.33,0.0585
1541545200,6436.23,6440.98,6436.98,6437.99,0.574
1541547000,6436.81,6438.5,6437.0,6438.5,0.863
1541547900,6439.0,6446.0,6439.0,6446.0,1.07
1541548800,6439.73,6450.0,6447.0,6439.73,0.397
1541549700,6450.0,6540.58,6450.0,6537.32,12.67
1541550600,6505.19,6540.15,6540.15,6516.94,0.999
1541551500,6510.52,6523.88,6515.3,6510.52,0.0759
1541554200,6510.52,6513.0,6513.0,6510.52,0.0049
1541555100,6510.52,6523.0,6510.52,6523.0,0.027
1541556000,6524.1,6524.1,6524.1,6524.1,0.00764
1541556900,6530.9,6530.9,6530.9,6530.9,0.0916
1541557800,6523.01,6530.01,6530.01,6523.01,0.181
1541558700,6529.0,6529.01,6529.0,6529.0,0.134
1541559600,6522.56,6524.53,6524.52,6522.57,0.239
1541560500,6520.01,6533.04,6520.02,6533.04,0.605
1541561400,6527.86,6532.27,6532.26,6527.87,0.114
1541562300,6520.0,6522.21,6521.03,6522.21,0.547
1541563200,6508.79,6520.0,6520.0,6508.79,0.0695
1541564100,6503.73,6521.99,6521.99,6517.41,0.807
1541565000,6517.41,6517.41,6517.41,6517.41,0.0186
1541565900,6515.96,6515.96,6515.96,6515.96,0.00819
1541566800,6508.99,6511.26,6508.99,6511.26,0.0428
1541567700,6494.12,6500.0,6500.0,6494.12,0.006
1541568600,6504.8,6520.1,6504.81,6507.95,0.0574
1541569500,6500.12,6516.51,6508.99,6516.51,0.393
1541571300,6500.0,6509.81,6500.0,6509.81,0.109
1541572200,6511.93,6511.94,6511.93,6511.94,0.068
1541574000,6498.75,6503.0,6503.0,6498.75,0.0624
1541574900,6502.84,6510.04,6504.36,6510.04,0.22
1541575800,6497.82,6512.86,6499.85,6512.86,5.23
1541576700,6501.45,6501.45,6501.45,6501.45,0.00169
1541577600,6509.21,6509.21,6509.21,6509.21,0.00236
1541578500,6509.77,6517.4,6510.21,6517.4,0.464
1541579400,6524.99,6524.99,6524.99,6524.99,0.01
1541581200,6513.58,6515.69,6515.69,6513.58,0.0386
1541583000,6512.72,6512.72,6512.72,6512.72,0.429
1541583900,6499.5,6509.74,6509.41,6499.5,0.402
1541585700,6500.62,6500.64,6500.64,6500.62,0.0664
1541586600,6499.92,6499.92,6499.92,6499.92,0.00243
1541588400,6505.22,6509.64,6505.22,6505.73,0.477
1541589300,6489.2,6510.23,6506.7,6491.91,0.501
1541590200,6496.54,6496.54,6496.54,6496.54,0.00304
1541591100,6506.54,6506.54,6506.54,6506.54,0.0821
1541592900,6504.81,6504.81,6504.81,6504.81,0.00248
1541593800,6504.8,6504.8,6504.8,6504.8,0.00603
1541595600,6496.47,6504.8,6504.8,6496.47,0.553
1541596500,6504.53,6504.53,6504.53,6504.53,0.00199
1541597400,6504.53,6504.81,6504.53,6504.81,0.186
1541598300,6507.38,6512.98,6509.92,6512.98,3.2
1541599200,6507.39,6516.21,6516.21,6507.39,2.1
1541600100,6507.4,6507.4,6507.4,6507.4,0.00541
1541601000,6500.0,6507.39,6507.39,6500.51,0.128
1541601900,6498.87,6498.87,6498.87,6498.87,0.771
1541602800,6496.08,6498.87,6498.87,6496.08,0.0228
1541603700,6493.61,6496.08,6496.08,6496.08,0.841
1541604600,6491.65,6494.59,6494.59,6491.65,0.00333
1541605500,6495.06,6495.23,6495.06,6495.23,1.5
1541606400,6494.9,6495.21,6495.21,6494.9,0.0474
1541607300,6495.22,6497.38,6495.22,6497.38,1.78
1541608200,6497.39,6510.0,6497.39,6510.0,0.564
1541609100,6503.95,6507.94,6503.95,6507.94,0.161
1541610000,6507.94,6507.95,6507.95,6507.94,0.122
1541610900,6507.94,6508.0,6507.94,6507.99,0.599
1541611800,6507.99,6507.99,6507.99,6507.99,0.573
1541612700,6507.99,6507.99,6507.99,6507.99,0.288
1541613600,6507.99,6509.98,6508.0,6509.98,0.508
1541614500,6509.97,6509.98,6509.97,6509.97,0.0491
1541615400,6509.64,6509.98,6509.97,6509.69,0.541
1541616300,6509.65,6509.65,6509.65,6509.65,0.0372
1541617200,6509.64,6509.65,6509.65,6509.65,0.307
1541618100,6508.74,6514.41,6509.64,6513.16,2.18
1541619000,6511.5,6511.5,6511.5,6511.5,0.0136
1541619900,6509.9,6520.3,6509.9,6509.9,2.73
1541620800,6509.9,6519.81,6514.48,6512.97,0.394
1541621700,6518.54,6518.76,6518.63,6518.54,0.0624
1541622600,6508.87,6520.66,6514.0,6508.87,0.333
1541623500,6516.67,6516.67,6516.67,6516.67,0.0936
1541624400,6507.95,6512.89,6507.95,6507.95,2.24
1541625300,6497.5,6507.95,6507.95,6501.84,1.15
1541626200,6501.85,6505.86,6501.85,6505.86,0.279
1541627100,6501.41,6507.21,6505.86,6507.21,1.79
1541628000,6500.52,6505.12,6504.28,6504.94,0.547
1541628900,6494.51,6504.95,6502.11,6504.95,0.964
1541629800,6499.46,6501.31,6499.46,6501.31,0.0652
1541630700,6499.19,6505.51,6500.94,6503.65,1.48
1541631600,6498.96,6502.41,6501.37,6498.96,0.691
1541633400,6503.71,6504.54,6503.87,6503.8,0.398
1541634300,6501.34,6504.99,6502.59,6504.99,1.66
1541635200,6505.61,6510.0,6505.9,6510.0,0.294
1541636100,6506.89,6510.0,6507.95,6510.0,0.0827
1541637000,6505.98,6508.78,6508.77,6508.78,0.218
1541637900,6508.77,6508.77,6508.77,6508.77,0.0478
1541638800,6507.91,6508.71,6508.7,6507.91,0.445
1541639700,6496.49,6510.0,6507.91,6509.99,0.4
1541640600,6505.12,6507.0,6505.12,6507.0,1.47
1541641500,6492.83,6505.12,6505.12,6492.83,0.0768
1541642400,6493.17,6493.18,6493.17,6493.18,0.0106
1541643300,6493.17,6493.17,6493.17,6493.17,0.662
1541644200,6456.0,6493.17,6493.17,6456.0,15.39
1541645100,6458.23,6460.34,6460.33,6460.34,0.598
1541646000,6458.87,6460.34,6459.21,6460.33,1.22
1541646900,6458.38,6458.38,6458.38,6458.38,0.107
1541647800,6450.75,6458.0,6458.0,6450.75,0.0496
1541648700,6444.94,6450.66,6450.0,6448.25,2.21
1541649600,6440.73,6450.66,6444.57,6450.66,2.73
1541650500,6450.66,6452.72,6450.66,6452.72,0.381
1541651400,6452.72,6452.72,6452.72,6452.72,0.0619
1541652300,6452.72,6452.72,6452.72,6452.72,0.013
1541653200,6452.72,6453.0,6452.72,6453.0,0.0137
1541654100,6453.0,6453.0,6453.0,6453.0,0.00653
1541655000,6451.2,6457.32,6456.36,6451.2,0.232
1541655900,6449.79,6452.97,6452.97,6449.79,0.415
1541656800,6452.41,6453.4,6452.41,6453.06,0.104
1541657700,6454.36,6454.93,6454.93,6454.36,0.0465
1541658600,6448.03,6455.99,6455.99,6448.03,0.457
1541659500,6452.33,6455.66,6453.23,6455.4,2.23
1541660400,6448.88,6470.0,6451.53,6454.56,7.12
1541664000,6448.93,6461.82,6456.56,6456.79,6.27
1541664900,6460.6,6464.91,6462.77,6464.91,0.423
1541665800,6456.26,6457.0,6456.26,6456.4,0.2
1541666700,6452.76,6455.26,6455.26,6453.16,0.104
1541667600,6453.54,6453.54,6453.54,6453.54,0.00643
1541668500,6450.07,6451.88,6450.09,6450.07,0.811
1541669400,6448.99,6450.88,6450.87,6448.99,0.336
1541671200,6452.41,6453.36,6452.41,6453.36,0.16
1541672100,6452.4,6452.4,6452.4,6452.4,0.00105
1541673900,6452.41,6462.0,6452.41,6462.0,0.556
1541674800,6460.99,6460.99,6460.99,6460.99,0.039
1541675700,6458.31,6461.05,6460.99,6461.05,1.61
1541676600,6461.05,6462.0,6461.05,6462.0,0.352
1541677500,6460.0,6461.98,6461.98,6460.0,0.0914
1541678400,6460.0,6460.0,6460.0,6460.0,0.002
1541679300,6454.79,6461.96,6461.96,6461.96,2.11
1541680200,6461.97,6462.0,6461.97,6461.99,0.701
1541681100,6462.0,6462.0,6462.0,6462.0,0.147
1541682000,6461.99,6462.0,6462.0,6462.0,32.52
1541682900,6462.0,6473.47,6462.0,6470.44,1.23
1541683800,6471.09,6477.18,6472.01,6476.0,3.83
1541684700,6474.13,6480.0,6476.0,6474.13,1.77
1541685600,6473.8,6475.6,6473.8,6475.5,1.7
1541686500,6467.45,6478.23,6475.51,6478.23,1.56
1541687400,6476.69,6479.99,6479.63,6479.98,0.217
1541688300,6479.99,6479.99,6479.99,6479.99,0.0591
1541689200,6479.99,6480.0,6479.99,6480.0,0.0545
1541690100,6473.79,6480.0,6479.99,6473.79,2.89
1541691000,6467.26,6473.79,6473.79,6472.43,1.78
1541691900,6467.81,6471.13,6467.82,6471.13,0.576
1541692800,6397.83,6463.05,6463.05,6414.46,1.85
1541693700,6414.13,6422.33,6422.33,6414.13,0.167
1541694600,6417.69,6426.01,6417.74,6417.69,0.609
1541695500,6419.91,6424.15,6420.01,6424.15,0.36
1541696400,6420.17,6420.17,6420.17,6420.17,0.116
1541697300,6417.69,6420.16,6420.16,6417.69,1.29
1541698200,6417.7,6421.38,6417.7,6421.38,0.205
1541699100,6422.35,6430.01,6422.35,6430.0,13.67
1541700000,6430.0,6430.01,6430.0,6430.0,0.636
1541700900,6430.0,6430.01,6430.0,6430.01,0.608
1541701800,6417.86,6430.0,6430.0,6417.86,20.21
1541702700,6417.99,6417.99,6417.99,6417.99,0.661
1541703600,6417.69,6417.7,6417.69,6417.7,0.146
1541704500,6413.74,6417.6,6417.6,6416.03,0.944
1541706300,6414.38,6414.39,6414.38,6414.39,0.156
1541707200,6414.39,6428.28,6414.39,6425.28,6.21
1541708100,6425.29,6439.52,6425.29,6437.43,6.74
1541709000,6420.0,6437.43,6437.43,6422.0,5.5
1541709900,6415.28,6437.58,6422.0,6427.62,8.66
1541710800,6421.09,6435.71,6423.19,6433.91,5.3
1541711700,6425.31,6436.0,6435.54,6431.39,4.56
1541712600,6421.08,6435.0,6427.02,6426.91,3.2
1541713500,6421.64,6423.0,6421.64,6422.99,3.5
1541714400,6419.01,6423.17,6422.99,6423.17,6.52
1541715300,6423.17,6437.6,6423.17,6432.95,5.81
1541716200,6427.97,6432.99,6427.97,6432.49,2.97
1541717100,6414.07,6432.49,6432.49,6414.07,3.27
1541718000,6413.63,6413.63,6413.63,6413.63,0.00468
1541718900,6401.48,6413.63,6413.63,6407.68,2.04
1541719800,6406.97,6416.78,6411.35,6411.86,1.6
1541720700,6406.73,6411.86,6411.86,6411.84,2.34
1541721600,6409.0,6413.47,6410.27,6413.47,2.42
1541722500,6410.27,6415.0,6414.55,6414.11,5.71
1541723400,6412.78,6415.0,6414.11,6413.88,1.97
1541724300,6412.86,6415.0,6413.88,6415.0,4.86
1541725200,6413.29,6414.5,6413.29,6413.6,1.78
1541726100,6408.39,6413.85,6413.85,6410.0,4.84
1541727000,6408.12,6412.0,6410.0,6410.17,3.6
1541727900,6409.13,6412.62,6411.83,6411.9,4.01
1541728800,6408.96,6414.0,6412.3,6413.85,0.956
1541729700,6413.85,6414.0,6413.86,6413.86,2.44
1541730600,6406.38,6413.86,6413.86,6410.9,1.82
1541731500,6398.08,6410.9,6410.9,6398.08,5.66
1541732400,6391.62,6413.81,6398.08,6400.56,4.79
1541733300,6395.91,6409.69,6399.23,6399.66,1.03
1541734200,6400.66,6415.0,6403.5,6404.65,4.3
1541736000,6401.33,6415.0,6403.0,6409.19,4.08
1541736900,6397.42,6406.48,6406.48,6406.18,1.53
1541737800,6407.4,6407.4,6407.4,6407.4,0.0465
1541739600,6404.68,6408.44,6407.5,6406.36,0.329
1541740500,6403.73,6404.31,6403.73,6404.31,0.03
1541741400,6399.05,6404.31,6404.31,6401.33,0.402
1541742300,6407.61,6407.61,6407.61,6407.61,0.147
1541743200,6405.02,6405.02,6405.02,6405.02,0.0156
1541744100,6406.39,6409.99,6407.01,6406.39,1.47
1541745900,6408.43,6410.0,6409.99,6410.0,0.489
1541746800,6406.0,6409.81,6409.59,6406.0,2.01
1541749500,6409.98,6409.98,6409.98,6409.98,0.0088
1541750400,6410.0,6410.0,6410.0,6410.0,0.11
1541751300,6410.0,6410.0,6410.0,6410.0,0.00545
1541752200,6400.01,6404.36,6404.36,6402.0,0.677
1541754000,6396.0,6402.07,6402.07,6396.0,3.08
1541754900,6384.5,6393.77,6390.0,6384.5,0.284
1541755800,6345.01,6384.49,6384.49,6345.01,0.322
1541756700,6345.0,6351.63,6345.01,6351.63,0.713
1541759400,6349.52,6350.01,6350.01,6349.52,0.0405
1541760300,6349.78,6349.78,6349.78,6349.78,0.0204
1541761200,6344.01,6363.74,6350.0,6344.01,0.588
1541762100,6343.73,6349.4,6349.4,6343.73,0.342
1541763000,6345.73,6345.73,6345.73,6345.73,0.00813
1541763900,6348.03,6350.37,6348.03,6350.37,0.00853
1541764800,6350.37,6350.38,6350.37,6350.38,0.164
1541765700,6350.38,6368.67,6350.38,6368.67,2.7
1541766600,6350.37,6358.9,6350.37,6358.9,1.26
1541767500,6359.58,6360.75,6359.58,6360.69,0.367
1541768400,6358.63,6360.69,6360.69,6358.63,0.0387
1541769300,6357.48,6357.48,6357.48,6357.48,0.0131
1541770200,6340.0,6357.46,6357.46,6340.0,2.08
1541772000,6345.0,6345.0,6345.0,6345.0,0.254
1541772900,6344.99,6344.99,6344.99,6344.99,0.43
1541773800,6321.0,6331.26,6331.26,6321.0,0.178
1541774700,6321.01,6321.01,6321.01,6321.01,1.08
1541775600,6336.83,6339.78,6336.83,6337.85,0.117
1541776500,6337.49,6337.95,6337.49,6337.95,0.662
1541777400,6337.94,6347.99,6337.94,6347.99,1.63
1541778300,6347.84,6347.84,6347.84,6347.84,0.1
1541779200,6342.47,6347.84,6347.84,6346.63,0.401
1541780100,6346.63,6346.63,6346.63,6346.63,0.139
1541781000,6346.63,6346.63,6346.63,6346.63,0.00162
1541781900,6346.63,6346.63,6346.63,6346.63,0.00482
1541782800,6338.45,6346.63,6346.63,6346.63,2.01
1541783700,6346.63,6346.64,6346.63,6346.64,0.0817
1541784600,6346.63,6346.64,6346.64,6346.63,0.985
1541785500,6346.63,6346.63,6346.63,6346.63,0.236
1541786400,6346.61,6346.64,6346.64,6346.61,0.512
1541787300,6346.58,6346.64,6346.61,6346.58,1.2
1541788200,6346.57,6346.58,6346.57,6346.57,0.168
1541789100,6346.53,6346.57,6346.57,6346.53,0.0967
1541790000,6334.35,6340.01,6340.01,6334.35,0.0643
1541790900,6336.57,6336.57,6336.57,6336.57,0.15
1541791800,6336.58,6336.58,6336.58,6336.58,0.0652
1541792700,6336.58,6346.62,6336.58,6338.9,6.15
1541793600,6346.62,6346.64,6346.62,6346.63,0.0774
1541794500,6346.64,6346.64,6346.64,6346.64,0.0182
1541795400,6344.49,6346.62,6346.62,6344.49,0.185
1541796300,6341.66,6341.67,6341.66,6341.67,0.0173
1541797200,6331.0,6341.68,6341.68,6331.0,0.363
1541798100,6325.0,6325.01,6325.0,6325.0,0.114
1541799000,6320.01,6320.01,6320.01,6320.01,1.32
1541799900,6320.01,6322.51,6320.01,6322.51,1.03
1541800800,6322.5,6322.51,6322.5,6322.51,0.00577
1541801700,6322.51,6340.58,6322.51,6340.58,1.99
1541803500,6327.0,6328.27,6328.27,6327.0,0.923
1541804400,6327.01,6327.01,6327.01,6327.01,0.0696
1541805300,6327.01,6368.15,6327.01,6368.15,0.84
1541806200,6346.78,6354.99,6346.78,6354.99,0.0709
1541809800,6326.28,6335.0,6335.0,6327.3,0.356
1541812500,6332.0,6342.81,6342.0,6332.0,0.162
1541813400,6332.0,6339.03,6339.03,6332.0,0.475
1541814300,6338.13,6338.14,6338.13,6338.14,0.0252
1541815200,6338.13,6338.13,6338.13,6338.13,0.02
1541816100,6335.19,6338.13,6338.13,6336.9,1.55
1541817000,6338.12,6338.12,6338.12,6338.12,0.00126
1541818800,6338.12,6338.13,6338.12,6338.13,0.263
1541820600,6338.12,6338.12,6338.12,6338.12,0.0016
1541821500,6338.12,6338.12,6338.12,6338.12,0.02
1541822400,6338.12,6338.12,6338.12,6338.12,0.095
1541823300,6338.12,6338.13,6338.12,6338.13,0.173
1541824200,6350.0,6354.88,6350.0,6354.88,0.013
1541825100,6353.05,6353.06,6353.06,6353.05,0.0288
1541826000,6346.53,6353.53,6353.53,6346.53,0.979
1541826900,6347.11,6347.16,6347.11,6347.16,0.0111
1541827800,6347.0,6347.58,6347.19,6347.0,0.0616
1541828700,6347.14,6355.0,6347.14,6352.74,0.751
1541829600,6353.77,6369.99,6353.77,6353.96,0.288
1541830500,6353.96,6354.74,6354.74,6353.96,3.0
1541832300,6349.66,6349.66,6349.66,6349.66,0.00697
1541833200,6350.09,6351.06,6350.09,6351.06,0.169
1541835900,6358.41,6367.88,6358.42,6367.88,0.211
1541836800,6356.51,6356.52,6356.52,6356.51,0.0101
1541838600,6367.87,6369.09,6367.87,6369.09,0.0965
1541839500,6367.7,6369.09,6367.7,6369.09,0.0805
1541841300,6356.5,6362.55,6356.5,6362.55,0.0799
1541844000,6347.0,6361.97,6349.51,6361.97,0.159
1541846700,6344.55,6350.02,6350.02,6344.55,0.422
1541847600,6344.55,6350.01,6344.58,6350.01,0.117
1541848500,6348.71,6348.71,6348.71,6348.71,0.00827
1541851200,6350.02,6366.69,6350.02,6355.46,0.494
1541852100,6366.86,6366.9,6366.9,6366.86,0.0152
1541853000,6348.83,6359.72,6358.55,6359.72,0.318
1541853900,6349.11,6358.96,6358.96,6350.2,0.781
1541854800,6359.69,6370.0,6359.69,6370.0,0.255
1541855700,6356.98,6370.0,6369.99,6369.99,0.249
1541857500,6369.55,6369.55,6369.55,6369.55,0.001
1541858400,6369.56,6369.56,6369.56,6369.56,0.0442
1541859300,6369.55,6369.99,6369.55,6369.99,0.00769
1541860200,6352.73,6369.99,6369.99,6352.73,0.132
1541861100,6352.71,6360.17,6358.91,6352.71,0.203
1541862000,6358.49,6369.56,6358.49,6358.81,0.0189
1541863800,6352.58,6359.48,6356.98,6359.47,0.355
1541865600,6359.48,6359.5,6359.48,6359.5,1.64
1541866500,6359.05,6359.5,6359.5,6359.5,0.738
1541867400,6366.32,6369.99,6366.32,6369.99,0.0173
1541868300,6362.71,6367.71,6367.71,6367.66,0.0863
1541869200,6369.99,6369.99,6369.99,6369.99,0.0152
1541870100,6370.0,6370.0,6370.0,6370.0,0.0488
1541871000,6360.83,6370.0,6370.0,6363.48,0.853
1541871900,6365.74,6377.11,6365.75,6377.11,3.01
1541872800,6365.98,6368.02,6365.98,6368.02,0.0199
1541873700,6370.43,6377.05,6370.43,6377.05,0.0681
1541874600,6366.05,6366.06,6366.06,6366.05,0.064
1541875500,6366.05,6366.05,6366.05,6366.05,0.0175
1541876400,6366.05,6366.05,6366.05,6366.05,0.00214
1541877300,6366.05,6366.06,6366.06,6366.05,0.0568
1541879100,6366.05,6366.05,6366.05,6366.05,0.044
1541881800,6366.05,6366.05,6366.05,6366.05,0.247
1541883600,6366.05,6366.05,6366.05,6366.05,0.314
1541884500,6366.05,6366.06,6366.05,6366.05,0.0857
1541885400,6366.05,6366.06,6366.05,6366.05,0.0224
1541886300,6366.06,6366.06,6366.06,6366.06,0.00312
1541888100,6366.05,6366.06,6366.06,6366.05,1.05
1541889000,6366.05,6366.05,6366.05,6366.05,0.0886
1541889900,6366.05,6366.05,6366.05,6366.05,0.0156
1541890800,6366.06,6366.06,6366.06,6366.06,0.00548
1541892600,6365.0,6366.05,6366.05,6365.0,0.055
1541893500,6359.41,6359.41,6359.41,6359.41,0.00281
1541896200,6359.41,6359.41,6359.41,6359.41,0.314
1541897100,6359.4,6359.4,6359.4,6359.4,0.0201
1541898000,6359.41,6359.41,6359.41,6359.41,0.0223
1541900700,6359.41,6359.41,6359.41,6359.41,0.00148
1541901600,6350.0,6359.41,6359.41,6359.4,1.84
1541902500,6359.4,6359.4,6359.4,6359.4,0.161
1541904300,6357.31,6357.31,6357.31,6357.31,0.008
1541905200,6357.31,6359.41,6357.31,6359.41,0.472
1541906100,6357.31,6357.33,6357.31,6357.33,0.019
1541907900,6349.99,6357.37,6357.37,6349.99,39.07
1541911500,6349.99,6350.0,6350.0,6349.99,0.011
1541912400,6349.99,6349.99,6349.99,6349.99,0.0017
1541913300,6350.0,6350.0,6350.0,6350.0,0.055
1541914200,6350.0,6350.01,6350.0,6350.01,0.945
1541917800,6356.35,6356.35,6356.35,6356.35,0.0118
1541919600,6356.34,6356.34,6356.34,6356.34,0.0651
1541922300,6356.35,6356.35,6356.35,6356.35,0.121
1541923200,6356.35,6359.41,6356.35,6359.4,1.31
1541924100,6359.41,6359.41,6359.41,6359.41,0.332
1541925000,6359.41,6359.41,6359.41,6359.41,0.637
1541925900,6359.41,6359.41,6359.41,6359.41,0.064
1541926800,6359.41,6359.41,6359.41,6359.41,0.31
1541927700,6359.4,6359.4,6359.4,6359.4,0.01
1541930400,6350.04,6359.4,6359.4,6353.61,0.0182
1541932200,6353.13,6353.62,6353.62,6353.13,0.0112
1541934000,6350.01,6353.13,6353.13,6350.01,0.476
1541934900,6350.0,6350.01,6350.01,6350.0,0.0291
1541935800,6350.01,6350.01,6350.01,6350.01,0.412
1541936700,6350.01,6350.01,6350.01,6350.01,0.395
1541937600,6350.0,6350.0,6350.0,6350.0,0.0728
1541940300,6349.99,6350.0,6350.0,6349.99,0.103
1541942100,6349.7,6349.7,6349.7,6349.7,0.0315
1541943000,6349.71,6350.01,6349.71,6350.01,0.113
1541943900,6330.05,6349.11,6349.11,6330.05,0.383
1541946600,6334.17,6345.0,6334.17,6344.03,0.848
1541947500,6344.4,6344.4,6344.4,6344.4,0.0237
1541948400,6344.99,6346.0,6345.0,6346.0,0.187
1541949300,6322.41,6337.98,6337.98,6322.41,1.0
1541950200,6284.42,6334.86,6334.86,6300.0,2.85
1541951100,6286.48,6299.13,6295.49,6298.91,1.52
1541952000,6299.59,6299.99,6299.77,6299.99,0.332
1541952900,6300.0,6300.0,6300.0,6300.0,1.8E-7
1541953800,6313.51,6317.98,6313.52,6317.98,0.05
1541954700,6299.04,6310.13,6303.12,6310.13,0.0799
1541955600,6298.15,6314.82,6314.82,6312.89,0.24
1541956500,6303.19,6307.92,6304.84,6303.19,0.553
1541957400,6312.89,6312.9,6312.9,6312.89,0.0685
1541958300,6312.89,6312.9,6312.9,6312.9,1.15
1541959200,6321.49,6321.49,6321.49,6321.49,0.437
1541961000,6319.01,6319.99,6319.01,6319.99,0.111
1541961900,6306.86,6319.99,6319.99,6319.99,0.799
1541962800,6319.34,6339.69,6319.34,6326.57,0.749
1541963700,6339.0,6339.69,6339.65,6339.69,0.422
1541964600,6332.0,6341.23,6332.0,6341.23,0.369
1541965500,6333.85,6338.23,6338.23,6334.17,0.023
1541966400,6330.05,6330.06,6330.05,6330.06,0.077
1541967300,6329.08,6329.08,6329.08,6329.08,0.01
1541968200,6334.17,6336.24,6336.24,6334.17,0.095
1541969100,6322.86,6337.21,6336.33,6322.86,0.286
1541970000,6337.07,6340.0,6337.07,6340.0,0.303
1541970900,6339.62,6339.62,6339.62,6339.62,0.00904
1541972700,6321.23,6334.09,6334.09,6333.99,0.324
1541973600,6322.13,6322.13,6322.13,6322.13,0.113
1541975400,6322.92,6322.92,6322.92,6322.92,0.102
1541976300,6320.66,6322.69,6322.69,6320.66,0.511
1541977200,6321.0,6321.0,6321.0,6321.0,0.116
1541978100,6307.78,6322.67,6322.67,6309.73,0.473
1541979000,6316.94,6316.94,6316.94,6316.94,0.0523
1541979900,6322.0,6356.97,6322.0,6356.97,4.08
1541980800,6359.41,6385.94,6359.41,6364.25,0.703
1541981700,6364.26,6385.12,6364.26,6368.69,0.405
1541982600,6370.31,6380.0,6380.0,6370.33,1.11
1541983500,6370.33,6374.53,6370.33,6373.24,1.16
1541984400,6373.24,6376.11,6376.11,6373.24,0.0392
1541985300,6357.51,6373.24,6373.23,6364.64,0.563
1541986200,6369.14,6371.78,6369.41,6369.82,0.364
1541987100,6367.85,6370.17,6370.17,6367.85,0.269
1541988900,6365.7,6368.49,6365.7,6368.49,0.201
1541989800,6366.92,6367.86,6367.86,6366.92,0.11
1541992500,6370.7,6371.65,6370.7,6371.65,0.959
1541993400,6370.01,6371.17,6371.17,6370.01,1.02
1541994300,6365.71,6370.0,6370.0,6365.71,1.39
1541997000,6365.71,6368.77,6365.71,6366.92,1.16
1541997900,6366.29,6366.91,6366.91,6366.29,0.0217
1541998800,6365.71,6365.8,6365.73,6365.8,0.733
1541999700,6365.8,6368.85,6365.8,6368.2,1.17
1542000600,6366.29,6366.47,6366.47,6366.29,1.07
1542001500,6367.81,6367.81,6367.81,6367.81,0.347
1542002400,6367.02,6368.73,6367.02,6368.73,0.156
1542003300,6368.62,6369.36,6368.62,6369.36,0.754
1542004200,6365.71,6366.3,6366.3,6365.71,0.537
1542005100,6359.51,6365.71,6365.71,6359.51,0.0191
1542006000,6353.93,6356.91,6356.91,6353.94,3.87
1542006900,6353.7,6357.57,6356.07,6353.7,0.619
1542007800,6326.24,6353.28,6353.28,6348.49,10.8
1542008700,6348.49,6349.98,6348.49,6349.98,0.312
1542011400,6345.66,6346.17,6345.66,6346.17,0.352
1542012300,6352.29,6353.01,6352.29,6353.01,0.0617
1542015000,6353.0,6353.0,6353.0,6353.0,0.0586
1542016800,6353.01,6371.31,6353.01,6371.31,0.29
1542017700,6350.21,6358.93,6358.93,6357.66,0.982
1542019500,6343.42,6347.11,6347.11,6343.42,0.015
1542020400,6343.47,6349.69,6349.69,6343.47,0.0201
1542023100,6347.03,6347.03,6347.03,6347.03,0.0101
1542024000,6348.0,6353.54,6348.0,6348.71,1.16
1542024900,6353.34,6370.68,6355.77,6353.34,0.797
1542025800,6355.5,6355.5,6355.5,6355.5,0.003
1542026700,6359.98,6362.49,6359.98,6362.49,0.0428
1542027600,6363.26,6364.95,6363.26,6364.95,0.219
1542028500,6364.62,6365.18,6364.62,6365.18,0.0545
1542030300,6362.38,6363.09,6362.52,6362.38,1.04
1542031200,6358.15,6360.67,6360.67,6358.15,0.404
1542032100,6365.01,6365.18,6365.18,6365.17,0.264
1542033000,6365.17,6365.17,6365.17,6365.17,0.276
1542033900,6365.17,6365.17,6365.17,6365.17,0.0621
1542035700,6351.32,6354.42,6354.3,6351.32,0.631
1542036600,6354.62,6354.62,6354.62,6354.62,0.00587
1542037500,6352.41,6353.49,6352.42,6353.41,1.29
1542038400,6347.44,6356.0,6356.0,6347.44,0.0256
1542039300,6344.11,6344.11,6344.11,6344.11,0.039
1542040200,6338.88,6341.04,6341.04,6338.88,0.94
1542041100,6339.61,6339.61,6339.61,6339.61,0.01
1542042000,6343.3,6343.31,6343.3,6343.31,0.0183
1542042900,6336.32,6340.48,6340.48,6337.82,0.375
1542043800,6333.19,6337.69,6337.69,6337.4,0.629
1542045600,6333.85,6336.76,6336.44,6336.76,0.965
1542046500,6337.39,6337.39,6337.39,6337.39,0.0316
1542047400,6331.65,6343.05,6331.65,6343.05,3.07
1542048300,6326.87,6332.57,6332.57,6326.87,2.12
1542049200,6317.21,6317.21,6317.21,6317.21,0.0035
1542050100,6323.12,6323.12,6323.12,6323.12,0.00348
1542051000,6320.48,6330.0,6320.48,6330.0,1.39
1542051900,6332.22,6332.22,6332.22,6332.22,0.0359
1542052800,6336.63,6336.63,6336.63,6336.63,0.203
1542054600,6336.9,6336.9,6336.9,6336.9,0.332
1542055500,6336.9,6336.91,6336.9,6336.91,0.173
1542056400,6336.9,6339.99,6336.91,6336.9,1.17
1542057300,6331.0,6336.9,6336.9,6331.0,1.09
1542059100,6315.0,6330.0,6330.0,6315.0,12.17
1542060000,6315.01,6315.01,6315.01,6315.01,0.00474
1542060900,6304.01,6313.16,6313.16,6304.01,0.0495
1542061800,6304.12,6312.95,6304.12,6311.0,0.124
1542062700,6315.01,6315.02,6315.01,6315.02,0.0807
1542063600,6324.0,6324.99,6324.99,6324.0,0.198
1542064500,6324.01,6324.01,6324.01,6324.01,0.518
1542065400,6320.38,6323.99,6323.98,6320.38,0.415
1542066300,6322.4,6323.07,6323.07,6322.4,0.188
1542067200,6324.01,6325.0,6324.01,6325.0,0.187
1542069000,6323.58,6324.66,6324.66,6323.78,0.383
1542069900,6298.79,6319.23,6319.23,6298.79,16.35
1542070800,6307.78,6316.66,6313.84,6307.78,0.628
1542071700,6309.46,6309.46,6309.46,6309.46,0.0078
1542072600,6288.63,6295.0,6295.0,6288.63,0.0176
1542074400,6255.06,6279.42,6278.1,6279.42,3.72
1542076200,6275.35,6275.35,6275.35,6275.35,0.00198
1542077100,6289.99,6289.99,6289.99,6289.99,0.0216
1542078000,6290.0,6305.57,6290.0,6305.57,0.914
1542078900,6307.3,6307.3,6307.3,6307.3,0.00312
1542079800,6299.92,6300.93,6300.93,6299.92,0.233
1542080700,6290.78,6298.66,6297.13,6290.78,1.68
1542081600,6300.0,6300.0,6300.0,6300.0,0.284
1542082500,6303.5,6305.94,6303.5,6305.94,0.203
1542083400,6297.34,6302.11,6298.96,6297.34,0.0248
1542084300,6297.48,6300.46,6300.45,6297.48,0.51
1542085200,6289.65,6297.49,6297.49,6289.65,0.0991
1542088800,6300.83,6312.34,6300.83,6312.34,0.514
1542089700,6309.15,6309.15,6309.15,6309.15,0.016
1542090600,6298.41,6301.36,6301.36,6300.24,0.536
1542091500,6293.94,6296.11,6293.94,6296.11,0.146
1542092400,6290.67,6290.67,6290.67,6290.67,0.00396
1542094200,6294.08,6295.92,6294.08,6295.63,0.165
1542095100,6296.39,6296.39,6296.39,6296.39,0.0191
1542097800,6290.01,6292.07,6290.01,6290.01,0.26
1542098700,6280.0,6290.01,6290.01,6280.0,0.288
1542099600,6274.98,6277.2,6277.2,6274.98,0.0634
1542100500,6280.94,6280.94,6280.94,6280.94,0.00752
1542101400,6286.56,6286.57,6286.56,6286.57,0.163
1542105000,6286.3,6286.3,6286.3,6286.3,0.0022
1542105900,6288.7,6288.7,6288.7,6288.7,0.169
1542107700,6293.79,6297.58,6293.79,6297.58,0.077
1542109500,6297.5,6297.5,6297.5,6297.5,0.0318
1542110400,6286.6,6291.33,6286.6,6291.33,0.0485
1542112200,6283.15,6293.4,6293.4,6283.15,0.272
1542113100,6290.49,6290.5,6290.49,6290.5,0.0279
1542114000,6293.0,6293.0,6293.0,6293.0,0.0204
1542114900,6297.54,6298.45,6297.54,6298.45,0.171
1542115800,6295.19,6306.0,6298.55,6295.19,0.685
1542116700,6287.14,6295.49,6295.49,6287.14,0.453
1542117600,6289.19,6289.19,6289.19,6289.19,0.231
1542118500,6286.0,6289.19,6289.19,6286.0,0.37
1542119400,6279.46,6279.46,6279.46,6279.46,0.197
1542120300,6282.0,6282.0,6282.0,6282.0,0.00548
1542121200,6280.64,6282.08,6282.05,6280.64,1.02
1542122100,6283.0,6283.0,6283.0,6283.0,0.0335
1542123000,6285.81,6294.21,6287.1,6285.81,0.549
1542123900,6280.51,6289.47,6289.47,6283.4,1.42
1542124800,6285.08,6285.74,6285.73,6285.08,0.384
1542125700,6285.29,6285.3,6285.3,6285.3,0.191
1542126600,6285.29,6290.75,6285.3,6290.75,0.627
1542127500,6292.34,6305.89,6292.34,6296.34,1.68
1542128400,6302.42,6306.0,6305.99,6305.8,0.321
1542129300,6293.16,6298.12,6296.15,6296.48,0.835
1542130200,6303.86,6306.0,6305.0,6303.97,0.107
1542131100,6303.11,6317.33,6303.11,6317.31,3.48
1542132000,6295.7,6306.59,6306.59,6296.41,1.35
1542132900,6300.78,6300.78,6300.78,6300.78,0.127
1542133800,6295.46,6299.48,6299.48,6295.46,0.24
1542134700,6271.77,6295.09,6295.09,6271.77,0.088
1542135600,6270.0,6273.02,6270.0,6273.01,0.197
1542136500,6272.44,6276.44,6272.45,6276.44,0.3
1542137400,6265.51,6280.12,6265.79,6280.12,0.72
1542138300,6271.44,6277.31,6271.93,6277.31,0.248
1542139200,6272.75,6279.42,6272.76,6276.62,0.417
1542140100,6276.32,6284.28,6280.12,6276.32,0.398
1542141000,6280.03,6289.4,6284.0,6289.37,0.66
1542141900,6284.91,6291.02,6291.02,6289.0,1.93
1542142800,6281.15,6288.99,6288.99,6282.04,0.364
1542145500,6273.0,6282.04,6282.04,6276.38,0.497
1542146400,6273.25,6294.99,6273.46,6273.46,1.34
1542147300,6273.51,6274.44,6274.44,6273.51,0.002
1542148200,6275.75,6275.75,6275.75,6275.75,0.159
1542149100,6285.42,6285.43,6285.42,6285.43,0.0136
1542150000,6262.57,6281.83,6277.73,6269.61,0.308
1542150900,6282.44,6282.44,6282.44,6282.44,0.0111
1542151800,6271.45,6271.46,6271.46,6271.45,0.169
1542152700,6254.94,6267.05,6267.05,6254.94,0.816
1542153600,6250.0,6261.13,6261.13,6250.0,1.26
1542154500,6255.06,6255.07,6255.07,6255.06,0.0684
1542155400,6255.99,6256.0,6256.0,6255.99,0.615
1542156300,6256.0,6259.67,6256.0,6259.59,1.05
1542157200,6253.92,6259.61,6259.61,6257.11,0.131
1542158100,6257.9,6262.63,6257.9,6262.36,2.12
1542159000,6267.36,6267.36,6267.36,6267.36,1.0
1542159900,6268.18,6275.82,6268.18,6275.82,0.121
1542161700,6268.16,6271.77,6268.17,6271.77,0.19
1542162600,6255.7,6271.42,6268.15,6271.42,13.51
1542163500,6266.45,6267.68,6266.45,6267.68,1.0
1542165300,6259.3,6259.3,6259.3,6259.3,0.00122
1542166200,6264.75,6265.34,6264.75,6265.34,0.596
1542167100,6264.96,6265.34,6265.34,6264.96,1.41
1542168900,6265.34,6272.07,6265.35,6272.07,1.08
1542170700,6263.46,6268.27,6268.27,6263.46,1.01
1542171600,6267.88,6267.88,6267.88,6267.88,0.0414
1542172500,6272.06,6272.06,6272.06,6272.06,0.0641
1542173400,6272.06,6282.45,6272.06,6282.45,0.0535
1542174300,6288.49,6288.49,6288.49,6288.49,0.0279
1542175200,6288.86,6293.2,6288.86,6289.3,0.0601
1542176100,6289.3,6294.19,6289.3,6294.19,1.64
1542177000,6290.57,6294.77,6294.77,6290.57,0.0289
1542177900,6286.27,6289.31,6289.31,6286.27,0.0901
1542178800,6281.28,6285.64,6285.64,6285.15,0.529
1542179700,6277.54,6277.54,6277.54,6277.54,0.0028
1542180600,6283.27,6287.26,6284.21,6283.39,0.32
1542181500,6281.06,6281.07,6281.07,6281.06,0.262
1542182400,6284.12,6287.74,6284.12,6287.74,0.246
1542183300,6282.78,6288.76,6286.0,6282.79,3.25
1542184200,6283.38,6292.71,6291.08,6283.38,0.484
1542185100,6277.46,6278.22,6277.46,6278.22,0.135
1542186000,6275.0,6278.89,6278.89,6275.0,0.18
1542186900,6265.45,6265.7,6265.7,6265.45,0.0467
1542187800,6265.71,6272.35,6265.71,6272.35,0.0464
1542188700,6229.78,6269.66,6269.66,6229.79,1.97
1542189600,6244.59,6244.59,6244.59,6244.59,0.04
1542190500,6183.15,6230.34,6230.34,6183.15,1.93
1542191400,6182.01,6189.31,6182.01,6189.31,0.0261
1542192300,6189.35,6195.0,6190.94,6195.0,0.543
1542193200,6176.68,6182.02,6179.23,6182.02,0.246
1542194100,6181.03,6187.52,6181.03,6187.52,0.105
1542195000,6187.55,6195.0,6187.55,6195.0,0.679
1542195900,6195.0,6202.95,6195.0,6202.95,0.0411
1542196800,6217.54,6223.11,6217.54,6223.11,0.0296
1542197700,6209.75,6214.32,6214.32,6211.69,1.35
1542198600,6202.51,6210.55,6209.83,6202.51,0.27
1542199500,6199.57,6208.12,6208.12,6199.57,0.2
1542201300,6194.86,6206.15,6206.15,6195.45,0.52
1542202200,6194.0,6206.52,6194.0,6206.52,0.384
1542203100,6191.78,6208.4,6208.4,6201.19,4.86
1542204000,6184.55,6190.73,6190.73,6184.55,1.06
1542205800,6137.69,6176.69,6176.69,6155.0,4.68
1542206700,6150.57,6167.84,6166.54,6167.84,0.295
1542207600,6150.0,6168.43,6168.43,6150.0,0.195
1542208500,6110.37,6157.36,6110.37,6150.0,0.586
1542209400,6135.34,6143.98,6140.66,6143.98,0.375
1542210300,6042.06,6133.55,6133.55,6042.06,3.52
1542211200,6026.69,6086.27,6056.9,6026.69,5.76
1542212100,5638.24,6030.08,6030.08,5650.78,85.85
1542213000,5552.33,5768.17,5633.47,5654.5,29.76
1542213900,5650.24,5725.01,5664.41,5673.62,51.19
1542214800,5525.21,5686.97,5673.62,5525.21,45.0
1542215700,5527.09,5619.48,5527.1,5609.17,7.72
1542216600,5607.36,5663.45,5613.68,5663.45,8.96
1542217500,5660.01,5723.07,5663.0,5663.83,14.6
1542218400,5640.21,5712.07,5678.62,5670.16,8.51
1542219300,5660.0,5700.0,5670.16,5700.0,5.48
1542220200,5627.49,5716.63,5699.99,5627.49,2.55
1542221100,5542.46,5629.16,5627.58,5580.78,5.05
1542222000,5521.41,5676.77,5589.93,5676.77,6.21
1542222900,5500.01,5638.5,5608.94,5500.01,6.32
1542223800,5362.89,5500.0,5500.0,5468.45,23.5
1542224700,5452.12,5558.26,5468.49,5480.23,2.38
1542225600,5402.55,5530.85,5530.85,5444.26,9.19
1542226500,5320.41,5448.17,5446.19,5322.17,18.07
1542227400,5268.48,5402.3,5344.39,5398.89,28.09
1542228300,5355.79,5406.11,5385.9,5406.11,6.5
1542229200,5358.72,5445.68,5417.0,5421.96,9.54
1542230100,5418.02,5554.83,5466.79,5544.49,31.48
1542231000,5517.12,5597.32,5539.64,5576.1,34.3
1542231900,5536.0,5580.91,5578.86,5536.0,9.75
1542232800,5486.96,5534.05,5534.05,5487.05,23.37
1542233700,5481.0,5537.7,5493.53,5537.7,3.73
1542234600,5507.19,5545.91,5528.28,5543.58,4.89
1542235500,5516.42,5543.14,5542.58,5516.42,0.681
1542236400,5514.0,5572.69,5514.0,5572.69,0.666
1542237300,5569.69,5618.06,5580.0,5607.0,1.94
1542238200,5554.38,5607.0,5607.0,5592.04,5.15
1542239100,5586.93,5646.93,5586.93,5646.93,0.329
1542240000,5572.23,5630.57,5608.35,5585.39,2.62
1542240900,5599.04,5615.0,5599.04,5615.0,2.6
1542241800,5590.95,5640.0,5610.58,5640.0,10.41
1542242700,5586.34,5640.0,5632.4,5586.34,6.83
1542243600,5571.51,5599.6,5597.18,5585.68,0.944
1542244500,5570.61,5585.0,5581.7,5585.0,1.3
1542245400,5585.0,5595.1,5585.0,5595.1,3.89
1542246300,5575.15,5586.75,5579.38,5575.15,0.18
1542247200,5546.57,5574.57,5574.57,5548.39,1.13
1542248100,5562.86,5582.47,5562.87,5582.47,0.961
1542249000,5517.95,5550.0,5550.0,5517.95,1.16
1542249900,5500.0,5540.44,5530.32,5500.0,1.36
1542250800,5511.35,5511.35,5511.35,5511.35,0.1
1542251700,5533.82,5554.35,5545.08,5533.93,1.58
1542252600,5541.25,5555.4,5549.4,5541.25,0.457
1542253500,5537.56,5573.84,5540.51,5573.84,0.899
1542254400,5480.0,5530.78,5530.78,5480.0,0.182
1542255300,5463.49,5523.07,5502.63,5523.07,1.45
1542256200,5509.5,5535.09,5531.27,5522.7,0.681
1542257100,5512.24,5515.57,5515.56,5515.57,0.157
1542259800,5532.62,5546.21,5536.57,5545.11,3.56
1542260700,5548.71,5563.62,5553.76,5548.71,1.72
1542261600,5540.13,5561.9,5561.9,5540.32,1.12
1542262500,5537.45,5537.45,5537.45,5537.45,0.0334
1542263400,5515.82,5541.73,5541.73,5519.0,2.87
1542264300,5520.49,5530.0,5530.0,5527.92,1.23
1542265200,5539.88,5539.88,5539.88,5539.88,0.0437
1542266100,5539.88,5560.0,5539.88,5560.0,3.8
1542267000,5530.01,5572.8,5572.8,5564.13,2.04
1542267900,5526.94,5554.3,5552.42,5553.87,0.325
1542268800,5559.84,5576.45,5559.84,5576.45,0.867
1542269700,5569.48,5573.16,5569.48,5573.16,0.0761
1542270600,5560.96,5566.6,5564.6,5560.96,0.111
1542271500,5532.83,5532.83,5532.83,5532.83,0.112
1542272400,5542.98,5543.02,5542.98,5543.02,0.00426
1542273300,5543.02,5567.92,5543.02,5565.76,2.79
1542274200,5561.3,5561.3,5561.3,5561.3,0.00201
1542275100,5555.97,5555.98,5555.98,5555.97,0.406
1542276000,5400.03,5555.0,5555.0,5403.85,5.9
1542276900,5338.57,5411.61,5403.07,5359.9,21.42
1542277800,5386.46,5410.73,5386.46,5400.01,0.138
1542278700,5374.99,5403.32,5388.17,5403.32,0.392
1542279600,5350.33,5388.95,5350.33,5387.72,0.451
1542280500,5386.98,5401.94,5386.98,5398.69,2.06
1542281400,5400.0,5430.85,5400.0,5430.85,2.04
1542282300,5397.54,5410.52,5410.52,5398.0,1.43
1542283200,5405.0,5419.99,5405.0,5419.99,5.09
1542284100,5415.13,5445.0,5420.0,5445.0,3.99
1542285000,5420.0,5434.3,5434.3,5420.0,0.986
1542285900,5366.15,5421.0,5410.0,5387.0,5.14
1542286800,5379.73,5396.34,5393.63,5388.38,1.38
1542288600,5398.14,5422.11,5413.4,5398.14,4.72
1542289500,5382.21,5401.19,5390.13,5401.19,1.28
1542290400,5360.0,5401.19,5401.19,5365.46,0.0585
1542291300,5385.26,5385.26,5385.26,5385.26,0.119
1542292200,5283.13,5383.12,5383.12,5283.13,40.43
1542293100,5199.04,5294.99,5284.74,5200.22,26.88
1542294000,5201.92,5500.0,5213.48,5436.74,23.8
1542294900,5389.46,5445.0,5420.81,5438.58,16.22
1542295800,5396.98,5442.8,5442.8,5436.79,64.93
1542296700,5423.93,5471.62,5424.5,5468.17,11.36
1542297600,5418.34,5455.82,5454.75,5422.68,0.228
1542298500,5444.6,5499.07,5444.6,5466.8,12.98
1542299400,5352.91,5458.14,5450.91,5368.72,4.07
1542300300,5395.41,5460.0,5411.19,5460.0,9.33
1542301200,5456.83,5529.4,5459.83,5529.39,2.04
1542302100,5491.98,5518.01,5514.82,5515.38,0.726
1542303000,5468.44,5514.05,5507.67,5514.05,2.64
1542303900,5496.63,5509.47,5498.2,5509.47,0.0911
1542304800,5478.76,5487.53,5487.32,5485.67,3.06
1542305700,5502.48,5502.48,5502.48,5502.48,0.279
1542306600,5490.28,5498.48,5491.93,5498.48,1.24
1542307500,5503.62,5515.65,5509.6,5503.62,0.0539
1542309300,5500.39,5510.0,5500.39,5510.0,2.84
1542310200,5510.0,5537.47,5510.0,5535.73,4.42
1542311100,5517.59,5520.73,5518.26,5520.73,0.0715
1542312000,5525.74,5535.75,5532.33,5534.34,1.05
1542312900,5455.94,5521.0,5521.0,5492.65,27.3
1542313800,5465.18,5492.0,5478.44,5478.13,4.63
1542314700,5473.64,5492.0,5479.67,5481.43,2.39
1542315600,5428.77,5481.43,5481.43,5438.96,1.9
1542316500,5431.87,5447.68,5439.0,5431.87,2.59
1542317400,5406.12,5431.05,5429.72,5431.05,1.28
1542318300,5411.83,5445.0,5411.83,5445.0,0.358
1542319200,5438.87,5477.26,5476.27,5451.46,4.45
1542320100,5467.73,5480.33,5469.34,5476.63,0.271
1542321000,5455.11,5507.0,5471.32,5506.97,0.889
1542321900,5495.0,5510.9,5498.99,5495.0,0.173
1542322800,5480.0,5486.74,5486.74,5480.0,2.77
1542323700,5471.13,5487.33,5476.04,5471.13,7.68
1542324600,5487.33,5552.42,5487.33,5552.42,9.29
1542325500,5535.78,5573.76,5552.43,5571.63,2.47
1542326400,5547.76,5574.0,5547.76,5574.0,1.62
1542327300,5550.3,5599.0,5598.43,5578.7,1.82
1542328200,5539.99,5551.53,5551.25,5539.99,0.0311
1542329100,5529.62,5539.0,5536.29,5539.0,14.77
1542330000,5535.99,5538.0,5538.0,5538.0,3.02
1542330900,5534.99,5539.0,5534.99,5539.0,7.53
1542331800,5503.25,5539.9,5539.0,5519.0,2.49
1542332700,5511.63,5528.0,5519.0,5528.0,14.4
1542333600,5527.97,5542.92,5528.0,5542.92,24.39
1542334500,5542.92,5549.04,5542.92,5549.04,0.117
1542335400,5553.38,5553.53,5553.38,5553.53,0.0229
1542336300,5543.04,5553.34,5543.04,5553.34,0.929
1542337200,5553.32,5569.43,5553.34,5569.43,0.421
1542338100,5562.68,5577.59,5572.9,5564.95,1.03
1542339000,5564.06,5569.66,5564.71,5568.87,0.613
1542339900,5571.0,5571.0,5571.0,5571.0,2.37
1542340800,5556.48,5570.92,5570.92,5565.58,1.08
1542341700,5549.7,5553.2,5549.71,5553.2,0.0581
1542342600,5543.64,5562.79,5555.98,5554.52,0.402
1542343500,5535.77,5554.52,5554.52,5535.77,5.71
1542344400,5541.56,5545.37,5545.36,5542.85,1.67
1542345300,5529.32,5553.62,5537.59,5553.62,0.174
1542346200,5544.73,5556.45,5555.43,5549.85,1.02
1542347100,5540.46,5549.74,5549.74,5540.64,0.724
1542348900,5522.64,5538.06,5533.16,5526.19,0.903
1542349800,5540.17,5547.05,5545.76,5540.17,0.557
1542350700,5545.74,5550.36,5547.54,5550.36,0.0943
1542351600,5547.11,5550.93,5547.11,5550.93,1.17
1542352500,5553.47,5553.47,5553.47,5553.47,0.143
1542353400,5514.73,5544.53,5544.53,5514.73,0.153
1542354300,5510.72,5523.4,5513.02,5512.38,4.91
1542357000,5528.74,5528.75,5528.74,5528.75,0.0195
1542357900,5514.29,5531.88,5516.49,5531.88,0.0785
1542358800,5505.96,5514.62,5514.62,5505.96,0.809
1542359700,5506.3,5520.04,5513.35,5512.25,3.11
1542360600,5500.0,5503.33,5503.33,5500.0,0.131
1542361500,5467.1,5482.68,5472.63,5481.13,0.514
1542362400,5490.98,5538.66,5492.48,5538.66,0.113
1542363300,5546.78,5549.33,5546.78,5548.87,0.442
1542364200,5524.27,5548.72,5548.72,5524.27,0.303
1542365100,5544.17,5555.09,5544.17,5555.09,0.108
1542366000,5555.09,5555.09,5555.09,5555.09,0.0218
1542366900,5550.92,5565.35,5550.92,5551.19,0.17
1542367800,5534.4,5542.88,5536.04,5542.88,0.0721
1542369600,5533.1,5539.45,5539.45,5533.1,0.294
1542370500,5532.18,5533.94,5533.09,5533.94,0.167
1542371400,5530.0,5543.25,5530.0,5541.67,1.29
1542372300,5515.26,5541.67,5541.67,5532.89,11.91
1542373200,5536.71,5539.17,5539.17,5536.71,0.0293
1542374100,5545.96,5550.19,5548.11,5549.06,0.689
1542375000,5556.06,5559.02,5556.06,5559.02,0.148
1542375900,5555.01,5558.57,5556.48,5555.01,0.0908
1542376800,5561.89,5561.89,5561.89,5561.89,0.00563
1542377700,5555.01,5563.74,5561.37,5555.01,1.51
1542378600,5547.7,5555.01,5555.01,5549.65,0.196
1542379500,5559.37,5559.37,5559.37,5559.37,0.0397
1542380400,5551.0,5555.0,5551.0,5555.0,0.0738
1542381300,5548.01,5554.3,5554.3,5548.01,1.65
1542383100,5533.58,5542.0,5542.0,5533.58,0.563
1542384000,5539.99,5539.99,5539.99,5539.99,0.0027
1542384900,5540.0,5544.34,5540.0,5544.34,0.0101
1542385800,5550.0,5560.19,5550.0,5556.33,1.66
1542386700,5538.27,5557.51,5557.0,5538.27,3.27
1542387600,5551.22,5551.89,5551.22,5551.5,0.221
1542388500,5544.15,5550.0,5550.0,5544.15,4.14
1542389400,5543.58,5549.99,5549.99,5543.58,0.0547
1542390300,5536.42,5543.6,5542.34,5543.6,0.0994
1542391200,5522.62,5536.01,5536.01,5529.0,9.53
1542392100,5525.01,5529.0,5529.0,5525.01,2.55
1542393000,5526.6,5529.0,5529.0,5529.0,0.88
1542393900,5523.99,5537.51,5529.0,5537.51,3.09
1542394800,5528.66,5538.04,5537.97,5528.66,0.301
1542395700,5533.51,5533.63,5533.51,5533.51,0.675
1542396600,5512.77,5533.51,5533.51,5512.77,1.26
1542397500,5505.64,5512.69,5512.69,5505.64,0.18
1542398400,5478.3,5505.63,5505.63,5478.3,0.538
1542399300,5488.82,5492.87,5492.86,5492.82,0.336
1542400200,5492.26,5518.75,5492.26,5506.43,2.59
1542401100,5500.95,5507.37,5506.68,5507.37,2.04
1542402000,5495.89,5505.64,5505.64,5495.89,0.603
1542402900,5496.4,5501.0,5496.4,5499.75,2.8
1542403800,5469.02,5496.39,5496.39,5477.29,4.7
1542404700,5447.01,5475.01,5475.01,5448.78,7.78
1542405600,5445.0,5449.83,5449.83,5445.0,0.0127
1542406500,5437.27,5455.93,5449.98,5444.02,1.92
1542407400,5410.4,5452.64,5436.85,5410.4,2.01
1542408300,5423.53,5430.0,5429.67,5430.0,0.219
1542409200,5430.0,5430.0,5430.0,5430.0,0.0184
1542410100,5429.98,5478.15,5429.98,5478.15,3.94
1542411000,5482.48,5516.0,5482.48,5516.0,0.841
1542412800,5496.74,5510.65,5510.65,5500.09,0.191
1542413700,5516.4,5516.4,5516.4,5516.4,0.00256
1542414600,5487.25,5495.33,5495.33,5487.25,1.19
1542416400,5475.64,5494.25,5486.56,5475.64,1.12
1542418200,5488.44,5495.01,5489.92,5495.0,0.513
1542419100,5460.64,5497.53,5495.15,5489.88,8.74
1542420000,5464.33,5488.44,5487.02,5464.33,2.37
1542420900,5477.76,5482.0,5480.86,5482.0,0.639
1542421800,5460.34,5475.86,5475.86,5460.34,8.8
1542422700,5465.87,5483.42,5465.87,5483.42,0.943
1542424500,5473.9,5473.9,5473.9,5473.9,0.16
1542425400,5470.62,5470.62,5470.62,5470.62,0.00127
1542428100,5458.36,5458.36,5458.36,5458.36,0.586
1542429000,5459.0,5459.0,5459.0,5459.0,0.0587
1542430800,5459.0,5481.96,5459.0,5481.96,0.213
1542431700,5475.5,5476.84,5476.84,5475.5,29.0
1542432600,5458.99,5460.03,5460.03,5458.99,0.451
1542433500,5456.64,5488.22,5474.99,5456.64,1.07
1542435300,5437.18,5467.71,5458.69,5467.71,1.83
1542437100,5468.0,5479.0,5468.0,5479.0,0.435
1542438000,5477.36,5479.0,5477.36,5479.0,0.0173
1542438900,5479.0,5479.0,5479.0,5479.0,0.208
1542439800,5479.0,5490.0,5479.0,5489.97,0.476
1542440700,5490.0,5490.0,5490.0,5490.0,2.38
1542445200,5484.45,5484.45,5484.45,5484.45,0.00992
1542446100,5484.44,5484.45,5484.45,5484.44,0.221
1542447000,5484.45,5484.45,5484.45,5484.45,0.00691
1542448800,5484.46,5484.46,5484.46,5484.46,0.264
1542451500,5474.01,5474.01,5474.01,5474.01,0.00402
1542452400,5447.69,5474.0,5474.0,5473.97,0.947
1542454200,5473.98,5497.7,5473.98,5497.7,0.185
1542456000,5474.91,5487.8,5487.8,5474.91,0.0792
1542457800,5481.76,5487.51,5485.3,5481.77,5.66
1542458700,5481.77,5481.77,5481.77,5481.77,0.948
1542459600,5478.75,5483.57,5481.77,5478.75,0.388
1542460500,5479.05,5483.78,5483.78,5480.03,1.16
1542461400,5481.45,5489.3,5481.84,5489.3,1.39
1542462300,5489.3,5496.98,5489.3,5494.42,1.51
1542463200,5494.0,5494.38,5494.38,5494.0,0.258
1542464100,5485.28,5487.02,5487.02,5485.28,0.0229
1542465000,5437.78,5471.59,5469.89,5471.59,6.16
1542465900,5471.59,5472.0,5471.59,5472.0,1.23
