1517335200,161.65,168.0,167.41,164.25,65656.75874701008
1517356800,155.0,165.46,164.24,159.87,161646.19464923904
1517378400,159.58,165.8,159.88,165.15,37631.5957269701
1517400000,156.96,166.5,165.16,159.54,76853.3799457902
1517421600,159.15,161.9,159.52,161.9,50367.02203526015
1517443200,160.32,164.9,161.9,161.73,59588.58596800999
1517464800,150.06,161.73,161.73,152.14,70878.01478102009
1517486400,137.89,162.17,152.14,141.93,274732.41751451883
1517508000,125.0,147.79,141.92,140.6,404708.5220838239
1517529600,127.0,141.34,140.6,127.8,196406.01036431905
1517551200,110.3,129.57,127.79,111.12,308462.33608775964
1517572800,100.2,138.35,111.13,127.33,600155.2138434448
1517594400,122.43,132.4,127.2,130.69,151661.35325422938
1517616000,120.12,131.02,130.63,124.3,135070.15462103923
1517637600,124.21,136.02,124.3,136.02,110490.54099122013
1517659200,134.14,152.15,136.02,147.0,280698.86652371864
1517680800,145.38,166.6,146.99,160.97,407081.23090281175
1517702400,156.51,175.0,161.06,172.7,336918.0068118505
1517724000,149.41,174.98,172.69,155.52,235521.30050737862
1517745600,146.92,161.5,155.04,152.33,236804.4090747185
1517767200,137.0,155.0,152.34,147.5,357937.6099637704
1517788800,140.5,153.87,147.51,149.1,189435.4888587193
1517810400,133.2,151.19,149.1,133.9,134874.1920779898
1517832000,124.21,142.0,133.9,124.95,363939.57687842904
1517853600,112.0,136.79,124.96,124.98,648239.3522633469
1517875200,103.65,129.5,124.97,115.61,617929.7857990166
1517896800,105.01,123.44,115.53,114.6,297172.7605176061
1517918400,113.0,138.0,114.6,126.5,435486.4027887321
1517940000,126.5,147.98,126.5,141.5,499281.1761987636
1517961600,130.6,144.0,142.0,139.62,272887.51125617925
1517983200,136.0,155.4,139.62,151.59,200546.05104511918
1518004800,145.5,160.0,151.67,152.9,287595.5398017185
1518026400,136.76,154.79,152.91,137.8,233620.80215827853
1518048000,136.65,148.0,137.81,141.7,185529.6341909597
1518069600,140.28,151.0,141.7,149.12,90509.91186423002
1518091200,141.41,150.84,149.01,143.16,108205.05854981006
1518112800,141.78,149.5,143.16,149.0,110833.45341830999
1518134400,142.21,149.1,149.09,143.85,121070.2731316401
1518156000,142.09,148.0,143.81,147.21,47752.938428200054
1518177600,146.52,159.29,147.21,157.4,166090.50653183938
1518199200,154.65,164.38,157.4,164.1,208238.79968354927
1518220800,161.34,169.37,164.11,165.14,238141.41790171908
1518242400,158.52,169.49,165.14,161.99,114093.42253005986
1518264000,148.64,164.54,161.99,154.62,176599.41699737974
1518285600,148.02,156.3,154.63,155.08,118914.50381348991
1518307200,145.01,155.08,155.08,147.54,118798.17318858976
1518328800,142.26,148.5,147.54,148.16,64633.91334987015
1518350400,147.48,155.78,148.18,150.24,84772.2060203801
1518372000,147.62,154.64,150.24,149.26,67767.95467797009
1518393600,149.18,155.66,149.26,151.99,91364.6941196601
1518415200,151.87,161.84,151.99,157.54,71953.83132124002
1518436800,154.0,161.0,157.54,159.77,74720.01761757005
1518458400,158.29,163.28,159.77,161.5,111014.3558880898
1518480000,156.27,162.0,161.49,157.96,71784.34687396006
1518501600,153.4,158.85,157.95,156.42,55538.338009830055
1518523200,155.25,159.49,156.37,158.49,42709.48886883007
1518544800,157.72,159.89,158.48,158.91,46233.32928395006
1518566400,158.91,183.85,158.91,180.5,659882.2255757066
1518588000,179.62,199.0,180.5,194.43,238932.24111262982
1518609600,192.08,219.0,194.56,203.67,569423.2608206613
1518631200,201.17,216.13,203.67,211.85,257165.49957884874
1518652800,210.59,237.72,211.86,228.32,564092.194397534
1518674400,212.23,235.0,228.32,220.69,189139.35747714987
1518696000,215.25,226.86,220.51,222.51,173840.39086596965
1518717600,206.25,225.99,222.51,221.22,305861.0536359396
1518739200,210.55,223.31,221.19,214.77,182205.75851862933
1518760800,211.0,216.36,214.77,214.7,60746.017496120054
1518782400,214.69,234.75,214.69,232.6,247590.32228216933
1518804000,223.55,232.61,232.61,228.24,147897.88963792977
1518825600,226.28,233.0,228.24,230.8,109386.17254492013
1518847200,225.1,232.0,230.8,227.09,57427.24484073014
1518868800,225.03,230.95,227.08,229.18,73722.71954557007
1518890400,227.19,231.48,229.19,229.9,58101.64547592009
1518912000,215.03,232.75,229.9,215.6,177458.03502967936
1518933600,212.45,222.4,215.6,219.24,87734.24322851002
1518955200,216.56,228.98,219.23,227.15,77291.09697420018
1518976800,213.0,228.52,227.15,214.5,184088.73187966956
1518998400,213.5,219.4,214.45,216.79,69624.38877753011
1519020000,215.57,224.96,216.79,222.21,56521.05480495008
1519041600,221.3,225.96,222.22,222.35,63645.72890822007
1519063200,220.55,225.5,222.36,222.1,64234.19916777009
1519084800,221.5,244.83,222.11,240.59,335242.17700103077
1519106400,235.11,251.9,240.6,241.85,267596.6538936306
1519128000,236.59,248.96,241.91,241.56,152967.79690424976
1519149600,223.43,248.1,241.55,229.5,314028.6068765828
1519171200,215.55,231.88,229.5,219.44,358091.3711673915
1519192800,218.13,224.99,219.44,219.91,61087.31658130006
1519214400,204.71,224.5,219.92,209.83,215254.0407781492
1519236000,205.75,216.5,209.77,210.23,164483.3109904196
1519257600,207.09,221.49,210.23,218.08,150295.37080060973
1519279200,201.06,220.72,218.07,207.19,114304.3051905798
1519300800,188.56,208.78,207.19,193.5,320404.47600006784
1519322400,191.1,198.01,193.5,192.99,119243.08924823996
1519344000,182.55,198.0,193.0,192.55,284515.68713906803
1519365600,188.63,211.5,192.55,209.54,135952.79994750954
1519387200,203.51,215.8,209.54,205.6,165542.6598830589
1519408800,199.2,209.79,205.6,206.52,132880.88098155955
1519430400,206.3,218.65,206.51,214.94,183934.39117486932
1519452000,197.13,216.86,214.95,202.01,157974.49779271902
1519473600,196.43,204.88,202.0,200.5,89446.23306535033
1519495200,194.85,208.35,200.5,206.15,123272.14751539996
1519516800,200.35,208.75,206.15,204.27,87050.72279536026
1519538400,204.27,214.62,204.27,212.44,92510.0245439002
1519560000,203.7,213.75,212.44,210.41,88867.71879962015
1519581600,208.13,223.53,210.41,218.86,213688.88607427906
1519603200,217.79,231.5,218.86,223.59,277083.9745081496
1519624800,214.43,228.9,223.59,226.88,105065.74527626013
1519646400,217.0,230.5,226.88,218.87,169479.66138338944
1519668000,216.08,224.32,218.87,218.74,117288.4109957597
1519689600,212.1,221.3,218.74,216.98,124486.9001246896
1519711200,215.21,222.85,216.98,219.67,72535.94796079013
1519732800,214.01,219.9,219.67,215.09,81584.93309514999
1519754400,214.5,219.7,215.08,215.15,78598.98897237003
1519776000,215.15,223.7,215.15,218.86,124350.25212740959
1519797600,208.0,220.62,218.86,209.2,100647.80777137016
1519819200,205.55,210.98,209.34,207.46,84162.07353906015
1519840800,201.4,209.9,207.46,202.12,88959.54398336008
1519862400,200.48,204.85,202.11,203.75,86726.63037746998
1519884000,201.11,209.61,203.65,207.13,47487.907509310055
1519905600,206.71,214.88,207.13,213.5,83705.91940249996
1519927200,208.31,214.35,213.51,209.2,80119.26615087014
1519948800,207.61,213.3,209.21,208.42,60827.963619610055
1519970400,205.52,210.99,208.42,206.78,42166.57966229006
1519992000,204.58,208.73,206.78,206.47,49461.700122040114
1520013600,205.21,212.78,206.47,212.0,74187.67574961
1520035200,212.0,217.5,212.0,214.52,167033.50444448966
1520056800,211.48,214.52,214.52,213.21,25285.58237081999
1520078400,212.24,215.86,213.21,212.97,48216.358837170046
1520100000,209.16,212.97,212.97,210.4,50865.22517838008
1520121600,206.35,211.13,210.41,207.8,55124.25058946011
1520143200,205.2,209.77,207.79,208.9,33237.353991150034
1520164800,207.74,209.79,208.9,208.74,15627.34421734999
1520186400,208.4,214.0,208.74,212.97,62275.44835975021
1520208000,210.25,213.26,212.95,210.61,38257.0498744
1520229600,209.2,214.92,210.62,213.45,35096.431237490004
1520251200,211.21,214.3,213.45,211.33,38761.43411032005
1520272800,210.51,212.75,211.33,210.71,37578.811105910005
1520294400,206.5,210.71,210.71,208.77,74995.74248383992
1520316000,202.02,208.99,208.76,203.59,54138.25986295981
1520337600,194.44,204.55,203.59,198.0,128402.0651680796
1520359200,191.34,200.98,198.01,196.63,139041.12514300976
1520380800,195.46,199.35,196.63,196.41,63702.83577338018
1520402400,188.1,196.41,196.4,193.44,96357.05808622978
1520424000,173.82,195.35,193.69,181.36,247749.73872881534
1520445600,179.0,191.0,181.35,186.42,185035.35966648854
1520467200,177.5,188.5,186.35,182.72,116640.64786692003
1520488800,180.0,187.69,182.73,184.53,49335.38057662013
1520510400,175.01,185.95,184.53,178.0,117244.63194466961
1520532000,174.2,179.97,178.0,175.79,88966.64515575023
1520553600,160.02,177.49,175.79,160.86,227304.54665068927
1520575200,157.27,172.78,160.85,172.78,149645.08646227967
1520596800,171.1,184.68,172.78,178.74,202669.3133219688
1520618400,178.3,190.0,178.77,186.33,160871.78254998953
1520640000,185.88,191.89,186.32,188.23,87129.32396402025
1520661600,185.11,194.47,188.22,187.51,62809.2951249101
1520683200,183.55,190.0,187.52,184.51,56701.25789898014
1520704800,176.1,184.52,184.52,177.67,107128.74929496991
1520726400,172.3,179.6,177.67,179.25,92405.76368409005
1520748000,177.22,187.05,179.25,187.04,46954.611897420094
1520769600,184.12,192.6,187.04,191.3,104926.30556361977
1520791200,187.01,192.85,191.29,188.33,77170.50189661016
1520812800,184.02,190.0,188.33,187.24,64850.54843022016
1520834400,185.77,192.89,187.24,190.56,52849.557459320065
1520856000,177.0,190.58,190.56,179.65,116039.17067972013
1520877600,175.0,181.85,179.62,177.89,92375.53480989003
1520899200,175.02,182.0,177.89,180.15,72044.30565448008
1520920800,172.0,181.85,180.15,174.85,62931.59859295017
1520942400,171.3,178.1,174.86,175.03,69345.48094590017
1520964000,173.8,176.5,175.0,175.5,49709.89751179009
1520985600,173.95,177.9,175.51,174.99,49730.18131773011
1521007200,165.3,175.07,174.99,166.63,67415.21616880997
1521028800,162.0,170.5,166.64,163.71,127555.78855324007
1521050400,157.5,165.67,163.71,160.69,159484.4423301493
1521072000,153.15,161.99,160.68,153.16,171913.8429308297
1521093600,150.0,167.49,153.16,167.13,132124.57933487988
1521115200,157.1,167.5,167.13,162.17,122107.43192989995
1521136800,160.5,167.77,162.16,164.21,96551.4681716302
1521158400,158.56,166.51,164.2,162.75,88650.58307533004
1521180000,159.35,163.58,162.74,161.45,36275.612410000016
1521201600,160.58,171.0,161.45,168.01,114156.84921834986
1521223200,164.61,172.0,168.01,165.32,70866.98371231015
1521244800,160.5,165.48,165.32,160.5,77876.11885606007
1521266400,159.8,164.27,160.51,161.34,33104.237451819994
1521288000,155.01,161.42,161.34,155.53,81314.68994158003
1521309600,151.18,157.75,155.52,152.66,121737.9809539099
1521331200,145.69,152.79,152.66,148.93,153375.90867597968
1521352800,143.8,149.78,148.86,147.36,57889.631484050034
1521374400,137.12,148.5,147.38,141.92,187351.95732737958
1521396000,138.79,157.5,141.91,154.0,227328.04752504936
1521417600,150.46,157.5,154.0,154.71,126847.06469867982
1521439200,152.34,159.18,154.71,156.75,57518.47770691005
1521460800,153.77,164.0,156.74,155.81,150069.3909001097
1521482400,154.07,161.55,155.81,161.34,68679.05866692998
1521504000,156.35,162.29,161.24,158.38,83102.6509679501
1521525600,155.56,160.97,158.38,160.21,25680.285289499967
1521547200,158.34,169.48,160.21,169.0,133447.68347521964
1521568800,167.5,174.0,169.01,169.17,151148.87108812958
1521590400,168.0,175.5,169.15,173.5,105074.21715057986
1521612000,169.77,175.36,173.47,174.34,41259.07531036006
1521633600,165.14,175.0,174.34,168.9,128492.14119676955
1521655200,166.1,171.41,168.9,168.69,77125.27826154002
1521676800,168.1,172.5,168.69,169.81,52619.58537961005
1521698400,165.06,170.57,169.81,165.32,49010.74999080007
1521720000,160.5,167.13,165.32,164.69,97041.66574231001
1521741600,160.11,164.96,164.69,163.83,63150.26631575005
1521763200,157.35,163.82,163.82,158.22,76609.94318457013
1521784800,157.11,161.38,158.21,161.27,34133.093437590025
1521806400,157.06,163.7,161.27,163.0,64226.81433219006
1521828000,162.5,168.97,163.0,168.64,59961.445551489975
1521849600,164.64,169.5,168.64,164.92,57127.335599660095
1521871200,162.0,166.56,164.92,162.33,29866.489347710023
1521892800,161.4,166.56,162.34,164.6,39909.651874330084
1521914400,158.41,166.0,164.6,159.0,65297.69014393005
1521936000,158.25,160.95,158.99,159.72,34408.19528742
1521957600,157.69,160.89,159.71,158.35,22968.43320850999
1521979200,158.01,161.14,158.54,160.47,32924.52853841001
1522000800,159.65,163.08,160.47,160.18,48532.450516210076
1522022400,159.05,160.62,160.17,160.29,21560.59292987
1522044000,150.7,160.36,160.29,150.99,64323.79275805979
1522065600,142.0,153.57,150.98,143.85,159530.84903931996
1522087200,143.0,152.25,143.84,148.24,118208.90179909
1522108800,138.16,149.48,148.25,141.99,149973.01030969946
1522130400,139.52,144.0,141.99,140.48,50936.79951148003
1522152000,139.21,146.18,140.48,140.48,77935.31101263003
1522173600,134.46,141.11,140.48,134.64,96763.45425403991
1522195200,132.0,135.57,134.64,133.85,95143.90811636005
1522216800,133.65,139.99,133.85,138.78,57465.26797306004
1522238400,130.49,138.98,138.79,132.27,73500.21570948005
1522260000,130.11,133.79,132.27,131.7,71707.91206928008
1522281600,121.66,132.54,131.7,121.97,112786.10132196988
1522303200,116.6,124.5,121.98,117.59,131404.29949368993
1522324800,116.0,124.95,117.66,120.04,206631.48807680953
1522346400,112.0,121.25,120.04,114.53,276919.0133204992
1522368000,109.27,126.91,114.41,124.01,284447.1371787999
1522389600,116.1,125.44,124.03,119.03,140342.19957014965
1522411200,112.56,121.0,119.03,114.85,137964.59494683996
1522432800,114.1,119.98,114.84,118.45,108415.81442748006
1522454400,118.37,125.8,118.46,119.64,144300.50110228977
1522476000,117.27,121.5,119.64,120.2,44861.78854101003
1522497600,119.0,122.98,120.19,120.97,60997.4739096901
1522519200,115.54,121.45,120.97,116.28,65962.17088240001
1522540800,115.72,118.83,116.24,115.98,36746.50759464001
1522562400,111.08,115.98,115.98,112.61,53172.62648266998
1522584000,110.01,117.25,112.61,115.79,111653.13005152995
1522605600,113.8,116.67,115.79,114.96,52014.57898496002
1522627200,114.04,119.72,114.95,117.9,81075.75878849997
1522648800,117.41,121.62,117.91,119.99,48760.91587181001
1522670400,117.5,120.5,119.99,118.69,54591.77704011003
1522692000,116.94,119.3,118.69,119.1,51323.97031882998
1522713600,118.3,123.37,119.09,123.0,73858.87354670995
1522735200,122.51,124.79,123.0,123.33,42591.069644690026
1522756800,123.33,132.0,123.33,131.94,130901.59893588001
1522778400,131.57,137.89,132.08,134.12,182568.994175389
1522800000,127.82,135.15,134.12,129.55,107886.88464184014
1522821600,119.24,131.84,129.56,121.28,101604.99023793987
1522843200,115.8,124.26,121.28,118.2,138692.28578325987
1522864800,115.5,120.97,118.12,118.25,103633.81555144992
1522886400,113.75,121.5,118.24,120.79,142165.09917248966
1522908000,117.0,121.49,120.61,118.73,49096.01684146008
1522929600,115.51,122.87,118.73,118.52,108088.54583441003
1522951200,117.01,120.33,118.56,118.78,57913.46227814006
1522972800,117.5,120.5,118.68,117.63,46028.03300186007
1522994400,112.15,117.64,117.64,115.4,85341.19832058996
1523016000,113.27,115.48,115.4,114.0,54163.21556091003
1523037600,112.1,114.1,114.0,112.93,43400.05215164004
1523059200,112.68,119.08,112.94,117.75,82939.39447619977
1523080800,116.99,118.46,117.75,117.46,18314.71095134
1523102400,114.5,119.59,117.47,118.08,58433.388175830034
1523124000,115.68,118.38,118.07,116.06,34365.61355886997
1523145600,115.02,117.4,116.07,115.94,41779.37084248003
1523167200,115.48,118.39,115.93,118.31,17899.825354089997
1523188800,116.26,118.39,118.37,116.75,30178.173523360027
1523210400,116.63,117.91,116.76,117.67,22223.440170560003
1523232000,117.67,122.97,117.67,120.59,100796.31627296991
1523253600,113.91,122.15,120.6,115.0,97567.5668265699
1523275200,114.3,115.24,114.88,114.87,59186.40598351003
1523296800,113.01,115.21,114.87,114.9,59778.91723635002
1523318400,113.23,115.39,114.91,113.75,35103.22642352
1523340000,112.0,114.06,113.72,113.74,36822.742772550046
1523361600,113.06,114.83,113.74,114.8,49159.516826239975
1523383200,113.61,115.2,114.8,114.16,46228.14178634004
1523404800,113.27,114.67,114.16,113.47,35809.75374238996
1523426400,113.21,114.43,113.47,114.16,13776.807655960001
1523448000,113.88,115.99,114.16,114.5,45891.33183857996
1523469600,114.03,119.72,114.5,117.95,78273.31696348978
1523491200,115.15,118.33,117.95,116.43,70950.57243111997
1523512800,113.3,128.11,116.42,122.62,194069.35721019036
1523534400,119.03,124.37,122.91,121.48,191954.84682320966
1523556000,120.92,131.0,121.49,129.53,177038.5189090492
1523577600,124.0,130.48,129.53,125.83,122054.36540023974
1523599200,125.7,132.5,125.84,131.5,123441.20888896991
1523620800,129.17,133.5,131.49,131.98,132921.42506497994
1523642400,124.6,132.0,131.98,125.46,125763.26076771997
1523664000,124.83,128.2,125.46,125.49,73378.46410780007
1523685600,125.48,129.96,125.48,126.59,41977.600059430064
1523707200,124.3,126.6,126.5,125.99,42686.36298585005
1523728800,125.75,128.34,126.0,126.42,40854.840309770036
1523750400,126.43,128.35,126.43,128.21,45229.020430830045
1523772000,128.0,132.77,128.22,131.94,57790.62591761978
1523793600,129.0,132.48,131.81,130.71,68287.7466695901
1523815200,130.05,131.2,130.71,130.54,12710.44110615
1523836800,132.52,132.53,132.52,132.53,57.70705435
1523858400,126.46,126.51,126.51,126.47,10.1014
1523880000,127.71,127.77,127.76,127.71,32.5749849
1523901600,127.67,127.89,127.88,127.73,59.86573466
1523923200,128.62,128.85,128.62,128.84,1480.03496897
1523944800,129.02,129.3,129.29,129.23,269.50270524
1523966400,139.23,139.42,139.24,139.39,273.37247614999995
1523988000,138.99,139.0,139.0,138.99,74.04910653
1524009600,132.11,132.22,132.22,132.12,417.49109366999994
1524031200,136.42,136.5,136.49,136.42,215.80867150999998
1524052800,137.5,137.51,137.5,137.5,43.909931879999995
1524074400,137.05,137.39,137.05,137.38,545.12633774
1524096000,140.49,140.5,140.5,140.49,187.67419838
1524117600,140.34,141.0,140.35,140.69,1278.8372470200002
1524139200,140.13,140.3,140.25,140.3,67.64433834
1524160800,145.19,145.55,145.2,145.55,758.4479298800002
1524182400,146.34,150.97,146.35,148.55,87885.67889922002
1524204000,145.21,145.49,145.31,145.37,128.31197334
1524225600,150.15,150.17,150.15,150.17,476.99670805999995
1524247200,150.06,150.16,150.06,150.15,82.75386025
1524268800,155.7,155.8,155.7,155.79,473.8389993499999
1524290400,154.01,154.31,154.01,154.31,369.62050596000006
1524312000,143.8,144.4,143.85,144.32,675.6925075499998
1524333600,144.1,149.34,148.27,145.7,33483.6563519
1524355200,148.33,148.74,148.33,148.66,976.2132553900003
1524376800,147.07,147.25,147.07,147.15,27.8168869
1524398400,150.81,151.08,150.81,151.07,501.0440624400001
1524420000,150.09,150.13,150.13,150.1,54.786251289999996
1524441600,146.35,146.58,146.58,146.35,84.18619059
1524463200,148.53,148.93,148.71,148.93,220.31208708999995
1524484800,151.39,151.4,151.4,151.39,30.64583485
1524506400,150.83,150.97,150.83,150.97,183.56354108
1524528000,152.59,153.18,152.59,153.15,2382.0521669299997
1524549600,160.43,162.42,160.78,160.76,26986.549359540055
1524571200,159.01,165.5,160.99,164.83,81804.01639839991
1524592800,163.8,165.87,165.0,164.72,71489.09811338001
1524614400,150.01,162.84,160.12,154.7,168077.84801000907
1524636000,143.39,155.22,154.65,148.7,90269.01594186967
1524657600,138.8,150.5,149.4,147.55,161510.02310209925
1524679200,143.25,150.9,146.27,145.0,92310.51665388969
1524700800,143.71,147.88,144.63,146.04,49295.69564987011
1524722400,142.51,146.71,145.61,145.94,28733.188157320063
1524744000,145.0,148.5,146.52,147.74,46823.01472691006
1524765600,147.01,154.65,147.2,153.1,76555.20722139002
1524787200,148.6,153.0,151.83,149.83,49511.9563732901
1524808800,149.76,153.48,149.95,152.4,26536.515204870022
1524830400,150.15,152.59,151.22,152.11,21627.32837552003
1524852000,145.29,149.68,149.3,145.9,57521.058830049325
1524873600,146.99,148.95,148.49,148.04,17051.08814039
1524895200,148.49,150.96,150.1,148.8,17035.382335560007
1524916800,150.0,152.43,151.6,151.24,40717.62730461006
1524938400,151.02,152.94,152.32,151.82,22739.009077930015
1524960000,152.39,156.39,152.49,153.77,59814.74786582013
1524981600,148.22,154.0,153.88,149.79,34258.451955890094
1525003200,149.75,152.18,151.43,151.5,11198.446620199999
1525024800,150.4,153.87,151.81,153.24,29416.37072497006
1525046400,150.61,153.79,153.24,151.49,39150.66737245013
1525068000,149.0,151.17,150.62,150.67,27219.32854155003
1525089600,150.4,151.5,150.88,150.78,20976.225035650023
1525111200,147.06,150.45,150.39,148.32,33613.75821862011
1525132800,143.64,145.67,145.28,144.46,20736.23250638003
1525154400,145.0,147.3,145.28,145.57,22336.548678049985
1525176000,143.35,145.49,144.15,145.1,25899.050723199965
1525197600,145.79,148.75,146.03,147.99,21563.683448240045
1525219200,146.53,148.34,147.75,147.3,22247.507591770012
1525240800,147.27,149.47,148.09,149.25,15143.294226040001
1525262400,147.72,149.24,147.88,148.28,20114.567164340002
1525284000,148.5,152.88,148.96,150.8,51084.53920661006
1525305600,150.9,154.35,151.38,151.2,54276.82364411016
1525327200,150.69,152.15,152.01,151.09,14391.31241435
1525348800,157.0,163.35,158.66,162.25,137743.97064602896
1525370400,158.55,162.5,160.24,161.0,64881.20918601018
1525392000,157.51,159.5,157.81,158.34,27150.335703210025
1525413600,158.31,163.99,159.55,162.55,38470.488232760305
1525435200,158.6,163.33,159.99,162.56,29263.158910770126
1525456800,162.01,171.28,162.31,168.2,136458.60500299872
1525478400,168.25,173.0,169.56,170.62,76143.54197995027
1525500000,169.34,173.39,169.36,171.82,24333.516993720088
1525521600,174.86,182.35,174.89,178.5,103752.01876260962
1525543200,172.5,180.2,179.05,177.73,78280.66808443995
1525564800,173.49,180.68,179.58,173.49,55366.409388010055
1525586400,167.94,173.49,173.49,167.94,33623.28001497007
1525608000,166.36,170.91,169.89,170.07,39368.86956323005
1525629600,167.7,171.88,169.56,171.07,39416.47174411009
1525651200,161.55,166.4,166.35,165.01,62235.17008763994
1525672800,160.01,164.08,161.89,162.01,33469.614371010044
1525694400,160.45,165.16,160.59,163.54,42112.66097056007
1525716000,162.26,167.5,164.07,164.09,54775.405021460145
1525737600,164.35,168.1,166.82,164.55,37088.04894497007
1525759200,159.11,165.48,164.39,160.0,44312.94068024997
1525780800,158.3,161.23,160.55,158.3,47079.061072160104
1525802400,157.08,159.86,158.94,158.98,47084.03394201009
1525824000,151.05,158.28,158.27,153.79,74655.0312111599
1525845600,152.77,158.35,152.77,158.03,26358.45900917004
1525867200,157.0,160.33,157.44,158.81,31382.73812291002
1525888800,155.91,158.83,158.44,156.83,27051.793723520037
1525910400,158.8,160.45,159.45,158.95,7269.538306250011
1525932000,156.61,160.01,158.54,156.63,22240.428724079997
1525953600,151.5,158.04,158.0,152.95,50691.76438043972
1525975200,148.01,152.8,151.6,148.18,45436.50076230992
1525996800,146.01,148.61,147.28,148.21,50287.80926227013
1526018400,138.6,144.94,141.9,138.76,61375.03245716015
1526040000,139.0,141.92,141.48,140.5,43669.41598452006
1526061600,133.52,140.75,139.49,136.51,96649.29341097007
1526083200,133.59,138.67,137.45,134.01,32810.89165396999
1526104800,133.03,143.12,133.03,141.41,40744.86766264009
1526126400,136.46,144.66,144.66,138.75,50077.80987777013
1526148000,139.76,143.6,141.9,142.0,25360.418881930036
1526169600,137.4,143.57,142.0,138.43,36277.53138384005
1526191200,137.2,141.56,138.2,140.35,13049.541660470013
1526212800,140.5,146.2,141.18,143.38,52699.878613730136
1526234400,144.01,146.73,144.6,144.43,30771.776934140085
1526256000,135.48,144.14,143.63,136.58,78392.2410164498
1526277600,135.7,138.87,136.74,138.57,24831.21386630001
1526299200,144.05,150.79,146.86,148.2,64844.704771259814
1526320800,145.25,152.94,150.28,147.32,72665.65445822984
1526342400,144.18,149.72,147.33,147.42,57093.89584883006
1526364000,144.3,148.6,147.48,146.32,29821.65273166001
1526385600,139.31,144.75,144.75,141.0,64812.55580103999
1526407200,138.1,141.0,140.92,139.78,31052.403304460044
1526428800,135.4,137.71,135.43,136.08,32185.55855496005
1526450400,136.12,140.99,136.73,139.92,22929.311366940034
1526472000,136.23,138.9,136.35,138.05,25237.441019650036
1526493600,137.51,139.46,137.68,139.36,18826.76684118998
1526515200,138.1,141.75,140.35,139.54,35789.25388398001
1526536800,137.08,139.27,139.02,138.32,12403.533473280002
1526558400,136.34,140.0,138.63,136.98,24748.586186870027
1526580000,131.37,135.5,134.5,132.65,58078.083178859895
1526601600,130.0,133.1,130.29,131.44,34011.981705740094
1526623200,131.79,133.75,132.51,132.59,23676.619055480034
1526644800,131.19,133.54,131.56,132.71,23314.19565694005
1526666400,135.41,137.55,136.99,136.3,20436.608840869987
1526688000,134.95,136.65,134.98,135.43,9576.951592060012
1526709600,133.25,137.5,133.95,137.37,14731.52154506001
1526731200,135.2,136.88,136.62,135.89,11843.172446709996
1526752800,133.36,135.99,135.75,135.0,19572.24094880999
1526774400,133.97,135.6,133.97,135.3,13207.842708550002
1526796000,135.06,138.7,135.2,136.75,20229.99130787001
1526817600,136.65,140.7,136.66,139.41,30589.60844246007
1526839200,138.61,140.32,139.7,139.38,21578.373829549993
1526860800,137.8,139.0,138.04,138.55,10924.688833279994
1526882400,135.51,138.95,138.45,136.01,17272.869857200007
1526904000,134.25,136.48,136.48,134.68,21990.362522040043
1526925600,133.65,135.4,133.81,134.26,18526.588992089983
1526947200,132.84,133.63,133.01,133.47,12084.458935390005
1526968800,132.1,135.35,135.1,132.36,12315.974067249994
1526990400,132.11,133.35,132.81,132.11,14023.481205239994
1527012000,127.6,132.28,132.11,128.11,53518.36192288008
1527033600,126.2,128.17,126.59,126.85,28384.153311220038
1527055200,123.35,127.4,127.4,124.11,39425.60000904008
1527076800,116.27,125.18,125.04,117.92,103178.80364323984
1527098400,117.85,123.0,118.62,118.85,70438.95782172009
1527120000,119.66,122.0,120.34,120.94,23994.263149770028
1527141600,115.11,118.29,117.58,117.32,25173.857382700047
1527163200,120.04,123.8,120.4,122.3,52275.367982440075
1527184800,121.7,124.65,124.56,122.99,26626.58220563005
1527206400,122.71,123.95,122.99,123.65,10584.701265460002
1527228000,118.45,122.1,121.59,120.56,31049.914051750016
1527249600,118.48,120.78,120.41,118.62,25501.12182038003
1527271200,117.3,119.38,118.35,119.05,16503.528549910054
1527292800,118.0,119.61,118.82,119.0,14667.19201731999
1527314400,120.68,122.26,121.79,120.86,9933.943033110007
1527336000,120.61,121.5,120.79,121.49,7919.278647799998
1527357600,117.5,121.81,121.6,118.33,22728.136425740016
1527379200,117.01,118.38,117.4,117.16,12565.688275279994
1527400800,117.0,118.2,117.74,117.9,8087.045470049997
1527422400,116.9,118.69,117.32,118.53,13625.180565889987
1527444000,116.89,117.9,117.1,117.83,6022.5774302199925
1527465600,112.61,118.95,118.1,112.75,44711.71499119993
1527487200,112.75,114.23,114.12,112.82,22883.152957879993
1527508800,113.4,115.42,115.27,113.78,24992.52366452002
1527530400,110.51,114.12,114.08,111.24,40508.53209567003
1527552000,110.85,112.83,111.41,111.48,25906.221005099964
1527573600,111.34,121.01,111.37,120.31,37948.49059448994
1527595200,118.41,121.9,121.64,121.39,31582.141455650002
1527616800,118.51,120.8,120.33,119.52,24501.667334469996
1527638400,120.0,121.77,121.56,120.03,12248.488863029992
1527660000,119.82,122.6,120.83,121.46,11812.701450009989
1527681600,115.0,121.51,121.5,116.76,54043.015728960105
1527703200,116.54,117.91,117.08,117.18,12580.189811469996
1527724800,116.49,119.76,116.5,119.12,18127.76917461001
1527746400,118.51,120.85,120.37,119.32,14297.412315609992
1527768000,118.17,120.29,119.86,120.04,17637.391536799998
1527789600,117.1,119.69,119.32,118.36,27385.67685830999
1527811200,117.78,118.81,118.49,117.95,15030.63389408999
1527832800,117.0,120.82,119.18,117.0,24155.610682220013
1527854400,117.91,118.76,118.39,118.46,9582.800460369992
1527876000,118.34,119.95,118.61,119.88,15390.913891119997
1527897600,118.84,120.13,118.92,120.0,10823.895318719995
1527919200,121.5,123.8,121.56,122.89,22143.64451531003
1527940800,122.08,123.42,122.09,122.6,12034.026879830015
1527962400,123.09,124.4,124.36,123.66,13226.205810919999
1527984000,122.56,123.97,123.79,123.5,11791.380819959999
1528005600,126.18,127.67,127.49,126.81,11686.338756329998
1528027200,125.01,127.56,127.55,125.78,22910.573560309997
1528048800,124.41,125.55,124.95,125.0,12094.686225029991
1528070400,123.07,126.26,125.8,123.29,12982.314490989991
1528092000,120.01,122.44,122.43,120.08,13688.998144789988
1528113600,118.22,119.86,119.5,119.26,23504.34982143002
1528135200,118.86,120.38,119.14,119.87,16760.003234199987
1528156800,116.17,117.68,117.0,117.31,20018.411345570017
1528178400,117.15,118.77,117.3,117.62,8845.804111579995
1528200000,116.7,121.99,116.96,121.51,34740.09333057003
1528221600,120.03,122.5,121.53,121.87,26999.835712420023
1528243200,120.1,121.45,121.16,120.54,7896.314660839998
1528264800,120.67,122.25,121.75,121.64,5247.556182810001
1528286400,118.48,122.0,121.77,119.31,26101.374115809995
1528308000,118.67,122.25,118.81,121.37,29637.958453359992
1528329600,121.59,122.76,122.43,122.02,8028.13505203
1528351200,121.12,122.25,121.91,121.4,8251.535856659999
1528372800,121.0,121.96,121.73,121.29,15095.85631645999
1528394400,119.45,121.7,121.6,121.63,21640.80584862999
1528416000,119.59,120.41,120.41,119.91,11830.740298459998
1528437600,118.59,119.74,119.48,118.86,13613.28730154
1528459200,118.6,119.99,118.77,119.87,19529.270278879994
1528480800,119.6,120.59,119.82,120.04,15931.402051189993
1528502400,120.19,120.74,120.72,120.37,3604.83990647
1528524000,119.75,120.5,120.09,119.99,3305.432473490001
1528545600,118.72,119.79,119.27,119.05,13246.558857869992
1528567200,117.15,119.24,119.18,117.43,20431.555235360003
1528588800,113.5,114.98,114.14,114.53,16845.93326603001
1528610400,112.3,113.7,113.11,113.42,10530.840691909994
1528632000,104.56,114.15,114.08,106.96,77170.53639265975
1528653600,103.35,108.44,106.21,106.97,116336.57547696975
1528675200,106.85,108.99,108.02,107.18,26391.013322530012
1528696800,106.26,107.91,107.45,107.4,11788.641685119987
1528718400,103.2,106.67,106.65,105.73,48860.22391491005
1528740000,104.38,107.47,105.87,107.47,31753.272668350015
1528761600,105.15,107.95,106.2,106.99,29468.92440289
1528783200,106.02,107.9,107.08,106.7,13862.345405559987
1528804800,104.02,105.9,105.84,104.66,19120.238689100013
1528826400,98.3,100.44,99.87,100.19,26495.790106540044
1528848000,98.61,100.35,99.5,99.37,43108.50736852007
1528869600,93.71,98.11,97.9,95.33,48615.07263347
1528891200,89.25,94.98,94.68,94.35,145489.23315940972
1528912800,90.78,94.2,92.22,93.82,51977.80550799006
1528934400,93.0,97.3,93.05,96.04,82457.8194319901
1528956000,95.5,98.25,96.1,97.76,37976.78852446012
1528977600,93.72,102.0,95.4,100.62,86789.69416767865
1528999200,99.8,103.06,100.99,101.12,46560.11249115041
1529020800,98.0,100.3,99.81,99.09,32299.763671700213
1529042400,96.95,99.94,97.24,98.02,25708.548149510003
1529064000,96.51,99.95,96.85,98.13,31716.17343485004
1529085600,94.75,98.31,98.19,95.54,35219.42774297007
1529107200,95.09,96.43,96.06,95.42,11352.357004389994
1529128800,95.19,96.94,95.31,96.13,6567.830021640001
1529150400,92.79,97.25,95.95,96.81,38303.853083490045
1529172000,96.05,97.64,96.59,96.72,8739.406034999995
1529193600,97.0,97.85,97.43,97.01,7496.087464359998
1529215200,95.65,98.0,97.24,96.12,7525.788679229992
1529236800,95.1,96.18,95.23,95.82,13401.271371449971
1529258400,94.75,97.31,96.01,95.01,24113.52297418008
1529280000,93.6,94.77,94.77,94.12,8974.500423829992
1529301600,93.2,94.9,94.9,93.6,9561.434300719997
1529323200,93.75,99.5,93.95,98.19,62352.92259179984
1529344800,98.26,99.7,98.26,98.63,21882.882308460008
1529366400,96.86,98.99,98.87,97.87,20438.45183027999
1529388000,97.08,100.13,97.11,99.1,18639.165096620054
1529409600,97.25,99.36,99.09,98.15,22734.85051834015
1529431200,98.11,98.79,98.15,98.58,7480.891800449969
1529452800,95.51,97.0,97.0,96.0,13432.926219110032
1529474400,95.95,96.9,96.58,96.15,6123.3471084799985
1529496000,95.59,98.89,96.05,97.82,32734.3976044201
1529517600,97.0,97.95,97.66,97.83,14670.11498095999
1529539200,97.5,98.93,98.93,97.99,9541.161678239994
1529560800,96.59,97.74,97.25,96.76,9556.734744899994
1529582400,96.36,96.97,96.6,96.61,13399.901379419993
1529604000,96.15,97.14,96.48,96.69,11301.216094939995
1529625600,93.26,96.77,96.7,93.97,41512.90717557009
1529647200,87.49,93.3,93.3,89.14,78481.0603451902
1529668800,84.53,87.38,85.22,85.91,50471.60733409999
1529690400,80.29,86.22,83.81,85.03,76707.45875716994
1529712000,84.17,86.39,86.03,84.32,20219.874879430015
1529733600,83.02,85.15,84.5,84.45,13167.85760936
1529755200,81.59,83.9,83.9,82.98,31009.29769658002
1529776800,82.26,84.87,82.98,83.21,39753.10918691002
1529798400,76.16,82.15,82.13,77.11,88182.33633742001
1529820000,77.34,78.82,77.73,78.53,20243.069351400016
1529841600,73.46,82.25,76.55,80.88,122479.4056714698
1529863200,79.82,83.75,80.87,80.61,54364.27500052004
1529884800,78.8,81.94,79.83,80.22,33481.32661288999
1529906400,80.0,82.77,80.93,82.77,25013.594768350013
1529928000,80.05,84.49,80.55,82.52,77726.22804461
1529949600,81.4,82.42,82.18,81.67,30476.162878839998
1529971200,81.48,82.55,81.8,82.39,11856.197464719997
1529992800,80.53,81.58,81.58,80.95,8604.492084660003
1530014400,78.71,80.5,79.23,79.22,23135.077669239992
1530036000,75.37,79.61,78.66,75.8,60903.449219210044
1530057600,75.1,76.58,76.37,76.21,30784.559545619988
1530079200,76.38,79.5,76.39,78.8,20935.607153260007
1530100800,76.98,80.87,78.55,80.85,54331.47249068998
1530122400,79.67,81.97,80.69,80.73,48910.67969553997
1530144000,78.17,81.2,81.16,79.2,33048.86712970006
1530165600,77.91,79.08,78.75,78.49,13389.908474479933
1530187200,79.09,79.82,79.82,79.38,12996.808375399989
1530208800,74.01,78.25,78.25,74.25,73857.78833356
1530230400,72.88,75.18,74.64,74.97,42248.37868322992
1530252000,73.16,74.99,74.98,73.47,27144.846556199987
1530273600,73.5,73.96,73.51,73.95,6125.3160806399965
1530295200,73.2,80.49,73.21,78.94,94518.58280320973
1530316800,81.24,83.27,82.53,82.05,39550.06187025009
1530338400,81.48,82.84,82.04,82.21,13033.266125659991
1530360000,80.1,82.33,82.16,80.14,27072.771073799955
1530381600,79.43,81.3,79.73,81.01,13513.616024450017
1530403200,79.61,80.15,79.86,80.01,6232.035172770002
1530424800,79.6,80.25,80.25,80.13,2787.38066678
1530446400,77.72,79.38,78.49,79.12,17311.837522500005
1530468000,78.85,80.3,78.94,79.89,30329.645375950036
1530489600,78.82,79.88,79.8,78.82,10132.4555215
1530511200,79.26,80.03,79.39,79.98,6001.475085680003
1530532800,79.98,85.97,80.0,85.06,101554.44458783008
1530554400,84.98,86.98,85.57,85.45,52268.588662929986
1530576000,86.23,90.0,86.25,88.45,56612.99919425006
1530597600,85.44,87.98,87.72,86.34,23203.72346175998
1530619200,85.85,86.87,86.06,86.68,21302.39228407999
1530640800,84.01,87.9,87.21,84.96,52894.2185714897
1530662400,83.55,84.11,84.08,84.06,12256.411809429992
1530684000,83.97,85.71,84.04,85.65,10814.70744866
1530705600,86.26,88.1,87.85,86.98,25681.500023530007
1530727200,85.08,86.99,86.71,85.4,25455.244017400044
1530748800,84.5,86.81,84.96,84.96,28949.992633930025
1530770400,84.34,85.75,84.61,84.34,13103.191405190002
1530792000,83.06,85.1,84.06,83.6,24970.37090928005
1530813600,82.0,84.0,83.64,83.3,43183.30763555003
1530835200,82.56,83.91,83.29,82.57,18335.689178429995
1530856800,80.76,82.75,82.57,82.24,20272.59467515999
1530878400,82.23,84.01,82.24,83.24,32605.866665440015
1530900000,82.3,83.69,83.25,82.96,23010.177370760015
1530921600,82.45,83.4,82.97,83.13,15845.93142650999
1530943200,81.71,83.18,83.14,81.77,8640.732969090004
1530964800,79.85,82.25,81.77,80.5,32497.70982529998
1530986400,79.42,85.2,80.5,84.7,50125.93660648994
1531008000,83.89,85.72,84.69,83.96,28139.44268794999
1531029600,83.35,84.1,83.96,84.07,5574.350045420001
1531051200,83.47,85.22,84.1,84.54,26265.298674710015
1531072800,82.0,84.6,84.53,82.2,25778.11498330003
1531094400,81.2,82.87,82.21,82.0,26893.62453970003
1531116000,81.2,82.57,82.0,82.32,12521.260233540008
1531137600,81.0,82.88,82.32,81.39,26829.929465579997
1531159200,80.02,83.07,81.39,80.49,47591.57000399001
1531180800,77.64,80.5,80.49,77.87,53263.436769680055
1531202400,74.7,77.93,77.86,75.27,57225.556310309956
1531224000,74.51,76.89,75.27,76.05,59763.372229290006
1531245600,74.82,78.33,76.05,75.95,46615.52067823998
1531267200,75.48,77.75,75.95,76.51,32079.479082760023
1531288800,75.59,80.84,76.53,79.53,26800.638630140005
1531310400,77.0,79.87,79.54,78.11,30196.283228000008
1531332000,76.01,78.35,78.11,78.35,26656.340622800006
1531353600,76.35,78.35,78.34,76.65,22792.371939340013
1531375200,74.5,76.66,76.63,75.52,41974.69071500002
1531396800,75.4,76.85,75.53,76.2,29699.778730400023
1531418400,74.52,77.0,76.19,76.97,40511.45658175
1531440000,76.62,78.1,76.95,77.45,36872.394937320016
1531461600,76.8,77.46,77.45,77.23,10132.180204839997
1531483200,77.15,78.49,77.23,77.19,27763.334540850006
1531504800,75.24,78.47,77.2,76.68,50857.897070170024
1531526400,76.01,77.4,76.68,76.31,16767.248176309986
1531548000,75.68,76.5,76.28,76.11,11378.911655969998
1531569600,76.02,76.83,76.12,76.61,13720.145723829992
1531591200,76.0,77.44,76.61,76.2,26742.587418490013
1531612800,75.36,77.08,76.25,76.96,16537.59774825
1531634400,76.86,78.0,76.96,77.55,15878.088108699978
1531656000,76.95,78.17,77.55,78.16,23299.688410779996
1531677600,77.85,79.25,78.17,78.51,27730.54029592003
1531699200,77.8,79.0,78.51,78.34,16780.861834950003
1531720800,78.22,83.33,78.33,82.53,41077.67166882004
1531742400,81.56,83.62,82.54,83.25,53744.35309673002
1531764000,82.37,84.0,83.25,83.53,39514.22211725001
1531785600,82.6,84.5,83.52,82.81,39676.25749597
1531807200,81.61,83.36,82.8,81.61,18235.5084641
1531828800,81.55,87.58,81.62,87.58,64581.69959264996
1531850400,87.5,90.07,87.57,88.98,125062.11239160983
1531872000,88.92,94.39,88.99,91.13,89321.36055633007
1531893600,89.48,91.73,91.15,90.96,33429.434964520005
1531915200,89.8,92.12,90.95,91.51,51428.64815927003
1531936800,85.11,92.59,91.51,86.27,110820.17758700003
1531958400,85.01,86.94,86.28,86.67,36519.54077063
1531980000,86.25,87.92,86.68,87.71,15139.273026649991
1532001600,85.58,88.9,87.7,86.2,44246.58673352001
1532023200,85.94,88.0,86.19,86.14,35529.242933360016
1532044800,84.52,86.14,86.14,84.52,44070.513131690015
1532066400,82.8,85.41,84.52,84.89,28476.75623263001
1532088000,81.78,86.61,84.89,81.81,63308.328875349944
1532109600,81.0,83.25,81.81,81.72,45068.35426911
1532131200,79.77,82.07,81.73,81.93,36685.47546942998
1532152800,81.46,82.8,81.94,82.48,9708.027883150005
1532174400,82.21,84.69,82.49,83.93,24043.61548386
1532196000,83.5,84.59,83.93,83.5,19059.555798219997
1532217600,82.75,83.98,83.5,83.0,14371.625280779992
1532239200,82.56,83.38,83.0,83.09,8430.950912680002
1532260800,81.81,83.5,83.09,82.97,23356.11526798
1532282400,82.02,83.88,82.97,82.22,25588.617946459955
1532304000,81.88,85.8,82.22,85.1,52230.80950113999
1532325600,83.54,85.42,85.1,83.83,28775.928985390015
1532347200,82.25,85.18,83.83,82.76,37183.903690830004
1532368800,81.32,83.84,82.75,81.52,37950.80950012003
1532390400,81.0,83.9,81.52,83.9,41707.34598371003
1532412000,83.8,89.0,83.9,87.81,83165.76335481001
1532433600,86.32,88.94,87.83,87.16,70519.18123162014
1532455200,87.13,89.5,87.15,89.02,49428.24000587008
1532476800,87.3,90.6,89.06,88.4,57683.62446879996
1532498400,85.3,88.41,88.41,86.02,29670.264576789974
1532520000,84.82,87.06,86.02,86.19,42457.217324920006
1532541600,85.98,87.68,86.18,86.35,34301.56195864
1532563200,86.32,87.3,86.32,86.44,14707.995642089989
1532584800,86.43,87.87,86.43,87.31,17147.642711659988
1532606400,86.41,87.32,87.32,86.76,16797.607545120005
1532628000,82.79,87.02,86.77,83.46,61822.67794098005
1532649600,82.74,83.76,83.46,83.57,21381.945902679978
1532671200,81.76,83.58,83.58,82.57,21621.372969740052
1532692800,81.6,84.9,82.57,84.24,53526.135736280004
1532714400,84.11,85.15,84.24,84.52,35834.53145642005
1532736000,83.75,84.7,84.52,83.81,12280.524514069995
1532757600,83.74,84.3,83.82,84.0,6078.211480349999
1532779200,82.51,83.98,83.98,83.47,23693.51948257999
1532800800,83.37,84.0,83.46,83.99,11394.734688109998
1532822400,83.7,85.25,84.0,84.0,16262.235987180016
1532844000,83.41,84.15,84.0,83.54,6666.785504489999
1532865600,83.53,84.26,83.54,83.72,11865.365590549995
1532887200,83.55,84.55,83.71,83.93,12921.23298412
1532908800,82.65,84.7,83.94,83.94,28354.45912782008
1532930400,82.8,84.03,83.94,83.03,11196.636437549998
1532952000,80.04,83.06,83.03,80.14,45587.22493545993
1532973600,79.76,82.46,80.14,82.22,40995.62855575008
1532995200,81.15,82.43,82.22,81.61,20350.25956944001
1533016800,78.7,81.71,81.61,79.07,27666.37858447001
1533038400,76.01,79.13,79.07,78.31,83288.76690237003
1533060000,77.3,79.31,78.34,78.88,40620.120792970025
1533081600,76.23,79.07,78.88,76.99,47631.81639979001
1533103200,76.9,78.32,76.99,77.93,15799.679329780001
1533124800,76.94,78.23,77.93,77.12,24429.568858569997
1533146400,75.97,78.25,77.15,77.64,43819.64676052005
1533168000,77.49,78.39,77.64,77.6,21984.77965645998
1533189600,76.43,77.89,77.6,76.44,15444.073754850015
1533211200,75.51,77.31,76.43,76.25,40685.87238271002
1533232800,75.88,76.54,76.26,76.23,23209.750194770008
1533254400,75.02,76.24,76.23,75.66,40130.20324606001
1533276000,75.0,75.98,75.64,75.38,16003.643798749998
1533297600,75.31,77.34,75.39,77.3,31583.569049580008
1533319200,76.19,77.8,77.3,77.6,30634.563328570006
1533340800,77.22,78.0,77.6,77.5,16384.019204109987
1533362400,76.54,77.56,77.48,76.7,7513.214691389996
1533384000,72.32,76.71,76.71,72.99,64706.32844276014
1533405600,72.8,73.69,73.0,73.04,27266.576437990017
1533427200,72.41,73.45,73.03,73.29,21385.861171899996
1533448800,73.01,74.38,73.32,73.9,11849.648672889998
1533470400,73.17,74.62,73.9,74.09,21422.23097526002
1533492000,74.02,74.71,74.09,74.65,15914.646586759984
1533513600,74.6,76.84,74.65,75.59,27993.08890278005
1533535200,73.55,75.89,75.59,74.09,16061.542400209968
1533556800,73.07,74.19,74.08,73.18,23755.27570372998
1533578400,72.51,73.89,73.18,73.58,34612.84830954006
1533600000,73.22,74.18,73.61,73.35,16087.406435909961
1533621600,73.22,74.89,73.35,74.78,16527.730338710047
1533643200,74.22,75.5,74.78,74.73,25329.527145440043
1533664800,66.6,74.7,74.66,67.36,155173.01899528987
1533686400,65.1,67.49,67.36,66.27,115889.63853433005
1533708000,65.07,66.31,66.3,66.01,41893.64525395003
1533729600,61.01,66.15,66.01,62.02,159863.36129069954
1533751200,61.3,63.71,61.93,62.27,97837.87651612987
1533772800,62.16,63.94,62.28,63.94,42604.187136140106
1533794400,61.86,64.14,63.94,61.99,25917.238056230002
1533816000,60.25,64.29,61.98,63.53,88977.26849033017
1533837600,62.8,65.14,63.54,63.08,51671.99914470004
1533859200,62.28,63.36,63.08,62.43,36143.95637234002
1533880800,61.06,62.83,62.42,61.33,33671.904434920005
1533902400,61.01,62.86,61.3,62.04,49585.6789305901
1533924000,58.1,62.19,62.05,59.14,94638.9794369697
1533945600,55.13,59.19,59.13,55.93,84031.2075927801
1533967200,55.25,56.67,55.93,55.76,32345.615540429986
1533988800,55.3,59.8,55.78,59.46,71209.87647691989
1534010400,57.97,60.32,59.45,58.1,65172.8939018401
1534032000,57.35,61.8,58.1,61.39,57133.433726220115
1534053600,59.7,61.4,61.4,60.2,19875.301992449982
1534075200,58.78,60.3,60.21,59.49,41646.032818690044
1534096800,58.6,60.23,59.5,59.44,36254.480475520075
1534118400,58.73,59.56,59.43,59.08,19651.840949189995
1534140000,59.08,60.6,59.09,60.06,21554.67132463003
1534161600,55.72,60.21,60.05,56.58,75527.3643672399
1534183200,55.75,56.8,56.6,56.48,59407.83952583026
1534204800,49.33,56.49,56.49,51.88,235433.03812403028
1534226400,50.61,52.19,51.88,51.22,45525.82032571002
1534248000,50.85,53.95,51.22,51.33,100411.20429836016
1534269600,51.33,54.57,51.35,54.39,67619.63131042005
1534291200,54.1,56.44,54.39,55.44,259853.62021868874
1534312800,54.91,57.28,55.44,55.6,52785.74460904016
1534334400,55.1,59.44,55.6,58.26,87823.59076276989
1534356000,54.0,58.7,58.27,54.44,84216.86302356994
1534377600,54.13,55.7,54.44,54.91,41353.895677690096
1534399200,54.78,57.5,54.91,57.17,28606.621722010004
1534420800,55.45,57.68,57.16,56.76,45131.02385041013
1534442400,54.77,56.92,56.76,55.47,42364.939679320145
1534464000,55.16,57.38,55.48,56.65,41495.838594860004
1534485600,56.54,58.24,56.63,57.41,30722.761083620004
1534507200,57.2,59.87,57.41,59.41,80930.16511132
1534528800,58.17,61.88,59.4,61.82,85106.54545474988
1534550400,59.5,62.6,61.82,59.89,59259.80517533006
1534572000,58.0,60.22,59.88,58.99,24715.304590800017
1534593600,55.66,59.58,58.98,55.85,48121.1942980901
1534615200,55.8,57.7,55.84,57.39,26757.489389020007
1534636800,56.51,57.6,57.39,56.86,18798.987175629987
1534658400,56.4,58.2,56.89,57.45,12305.309732070007
1534680000,56.64,58.98,57.44,56.75,34202.07481263003
1534701600,56.74,58.5,56.75,57.85,29970.469632399967
1534723200,57.32,58.55,57.85,57.61,23321.980450679996
1534744800,54.65,57.63,57.6,56.45,83353.36564178995
1534766400,55.02,57.36,56.34,56.95,54969.00091676037
1534788000,53.19,56.99,56.91,53.4,125548.49269536955
1534809600,53.15,54.58,53.4,54.3,27328.220048180025
1534831200,54.26,56.44,54.3,55.82,21399.462703680027
1534852800,54.6,56.06,55.82,54.88,36656.998742830096
1534874400,54.77,56.78,54.91,56.39,35248.064362650046
1534896000,55.51,59.21,56.37,57.45,97986.96075538927
1534917600,57.06,57.8,57.45,57.79,18638.50186921999
1534939200,54.95,58.0,57.79,55.2,54582.592624329525
1534960800,54.01,55.85,55.19,55.2,83119.81604484974
1534982400,55.01,55.73,55.21,55.46,24479.07356292998
1535004000,55.1,55.78,55.46,55.1,10838.69782668999
1535025600,55.05,56.66,55.11,56.21,27329.990024080013
1535047200,55.45,57.91,56.21,57.31,48811.078528640086
1535068800,56.57,57.5,57.32,56.94,15712.833488159988
1535090400,56.51,57.18,56.94,56.94,10124.68208065
1535112000,55.55,58.3,56.94,57.4,48782.45518035999
1535133600,57.4,58.36,57.4,57.94,33907.09682083007
1535155200,57.51,58.31,57.94,57.72,21109.477057689994
1535176800,57.08,58.01,57.73,57.66,10051.821194009999
1535198400,57.55,58.36,57.66,58.01,15305.515412379995
1535220000,57.73,58.07,58.01,58.01,13683.439371299994
1535241600,56.18,58.2,58.0,56.3,25233.808572039998
1535263200,56.02,57.22,56.29,57.21,11333.123738689997
1535284800,56.52,57.36,57.21,56.64,15200.31522914
1535306400,56.6,57.18,56.65,57.11,20592.30280652995
1535328000,56.64,58.26,57.11,57.63,29453.03754892003
1535349600,57.22,57.87,57.63,57.44,9403.36427413
1535371200,56.91,58.02,57.45,57.84,24505.48212071997
1535392800,57.66,61.14,57.87,60.7,70104.72684004974
1535414400,59.76,61.06,60.7,60.36,49725.126994239996
1535436000,60.1,61.45,60.35,61.26,21742.65743008007
1535457600,60.81,62.2,61.26,61.5,53261.92397334006
1535479200,61.44,63.91,61.5,63.18,77879.84743134008
1535500800,61.1,63.44,63.18,62.0,47300.80925093013
1535522400,61.75,63.3,62.0,62.68,16891.53800976996
1535544000,60.27,62.86,62.68,61.52,48317.47157742015
1535565600,61.0,62.1,61.51,61.54,29164.29902654999
1535587200,60.3,61.75,61.53,60.31,30694.691474170042
1535608800,59.0,60.66,60.3,59.21,25794.36064623
1535630400,58.58,59.63,59.21,59.36,35738.94638829006
1535652000,58.6,60.56,59.37,60.25,40448.32184643006
1535673600,59.55,60.89,60.26,60.56,20094.207421779996
1535695200,60.15,61.0,60.56,60.69,10935.852194969997
1535716800,59.75,62.8,60.69,62.35,44726.24562186013
1535738400,61.91,62.62,62.35,62.13,29994.231230190017
1535760000,62.12,63.99,62.13,63.63,52951.084874260174
1535781600,63.34,64.87,63.63,63.95,22466.21682297001
1535803200,63.48,66.91,63.96,66.69,61633.26794642021
1535824800,65.83,67.96,66.68,66.47,60687.27329786999
1535846400,64.52,66.85,66.47,66.85,46946.32165691017
1535868000,64.1,66.85,66.85,64.42,27286.46991307002
1535889600,64.3,65.62,64.42,65.46,25791.806664889962
1535911200,65.12,66.49,65.46,66.23,26946.721063120058
1535932800,64.44,66.51,66.23,64.82,36393.93866682012
1535954400,64.5,65.11,64.81,64.5,8163.648509409997
1535976000,64.51,65.27,64.51,65.02,20958.138975219976
1535997600,64.72,66.2,65.03,65.37,29994.329857079952
1536019200,65.32,67.39,65.37,66.58,40866.53140326029
1536040800,66.38,68.78,66.59,68.65,28319.401475980012
1536062400,67.59,69.03,68.67,68.89,44019.99517317005
1536084000,67.19,69.44,68.85,67.75,58013.33292822011
1536105600,67.49,68.35,67.75,68.14,25943.394940709957
1536127200,60.88,68.14,68.14,62.08,100250.1257770795
1536148800,59.2,63.4,62.26,60.12,133587.50435021007
1536170400,57.41,60.8,60.13,57.68,105105.91673061991
1536192000,53.79,57.75,57.68,55.39,215117.49077419995
1536213600,54.06,55.68,55.3,55.09,39238.83713259999
1536235200,54.8,56.78,55.09,55.04,63106.77344465001
1536256800,54.88,57.72,55.03,57.48,56598.813763560094
1536278400,56.91,58.93,57.48,57.9,42813.43404707992
1536300000,55.01,58.02,57.91,55.62,33519.2051932
1536321600,55.59,56.79,55.61,55.99,43147.864041320005
1536343200,55.5,56.78,55.98,55.5,30066.83870497001
1536364800,55.41,56.47,55.56,56.35,15795.383495510005
1536386400,56.15,57.28,56.35,56.7,12720.198846149999
1536408000,51.77,56.71,56.7,53.03,54192.115850149916
1536429600,51.9,53.31,53.03,53.2,72524.16630944994
1536451200,52.17,53.25,53.2,52.89,24692.150780969976
1536472800,52.6,55.48,52.89,55.01,32039.309488780047
1536494400,54.99,56.31,55.02,55.31,29981.102401769997
1536516000,54.23,56.74,55.31,54.71,39474.56804858001
1536537600,54.63,56.49,54.79,55.16,37867.30996105004
1536559200,53.67,55.53,55.16,54.3,22621.614358779992
1536580800,53.05,54.89,54.3,53.2,41174.11082828001
1536602400,53.18,54.3,53.19,54.3,26936.354451019957
1536624000,53.64,54.81,54.3,54.03,32633.862718200016
1536645600,52.92,54.29,53.99,53.45,17854.169767569998
1536667200,51.0,53.67,53.44,51.22,76321.94594883012
1536688800,50.0,52.0,51.21,51.97,76280.9812321901
1536710400,49.74,51.99,51.97,50.54,63120.713726299975
1536732000,47.19,50.54,50.53,47.69,75786.27382646008
1536753600,47.64,50.73,47.69,50.26,76652.3615992302
1536775200,49.92,52.08,50.24,51.6,94375.13446515996
1536796800,51.6,53.63,51.6,52.04,65139.57728234989
1536818400,52.04,53.99,52.05,53.82,24941.658544829974
1536840000,53.52,55.2,53.83,54.96,88719.05192939015
1536861600,53.35,55.6,54.96,54.66,82668.13854182007
1536883200,53.89,55.83,54.6,55.01,55134.45285838006
1536904800,53.03,55.48,55.04,53.8,58350.963647320015
1536926400,52.92,56.2,53.8,55.37,61773.84256359011
1536948000,55.12,58.9,55.37,56.33,104376.19056705968
1536969600,56.05,57.82,56.33,56.74,33899.53245571997
1536991200,56.41,58.44,56.74,57.62,18344.35423785998
1537012800,57.61,58.73,57.62,57.96,32420.846298490073
1537034400,55.55,57.99,57.96,56.34,32668.588698579955
1537056000,54.45,56.65,56.35,55.46,39797.61122460999
1537077600,55.1,56.69,55.45,56.4,12902.429037250004
1537099200,55.71,57.31,56.4,56.46,28252.521983510003
1537120800,56.33,57.45,56.47,56.78,30498.195139060004
1537142400,56.33,57.85,56.82,56.74,36072.46814196001
1537164000,55.12,56.85,56.75,55.95,29499.953271050003
1537185600,52.56,56.02,55.95,53.74,88030.44827671
1537207200,51.44,53.97,53.75,52.05,82661.02020896992
1537228800,50.55,52.3,52.05,51.73,48806.671081900015
1537250400,51.47,51.76,51.74,51.74,2849.8106749900003
1537272000,52.29,54.29,52.49,54.03,27756.25816332
