1541780100,564.41,565.96,564.41,565.96,60.27
1541780400,565.97,567.0,565.97,566.99,53.98
1541780700,564.86,567.02,567.0,566.02,84.59
1541781000,565.38,566.97,565.97,566.97,11.45
1541781300,565.8,566.8,566.8,565.83,14.1
1541781600,564.23,566.0,565.89,564.24,42.57
1541781900,563.6,564.25,564.23,563.9,16.22
1541782200,563.69,564.24,563.97,564.24,3.88
1541782500,564.12,564.24,564.23,564.13,14.84
1541782800,563.53,564.13,564.13,563.54,56.81
1541783100,563.35,563.54,563.54,563.51,16.08
1541783400,563.12,563.54,563.52,563.12,27.41
1541783700,563.11,563.54,563.14,563.39,14.66
1541784000,563.11,563.54,563.39,563.5,49.83
1541784300,563.12,563.54,563.12,563.54,15.76
1541784600,563.16,563.54,563.53,563.53,13.68
1541784900,560.3,563.45,563.17,560.3,91.3
1541785200,560.01,563.25,560.3,560.6,113.11
1541785500,559.21,560.86,560.61,559.21,169.02
1541785800,560.26,562.28,560.59,561.56,38.43
1541786100,561.05,563.33,561.74,563.33,17.79
1541786400,563.1,564.54,563.33,563.11,52.3
1541786700,563.0,563.7,563.11,563.0,17.2
1541787000,562.38,563.03,562.6,562.97,15.99
1541787300,562.97,562.98,562.98,562.98,7.43
1541787600,562.47,562.98,562.98,562.47,3.73
1541787900,561.04,562.48,562.48,561.04,10.01
1541788200,560.91,562.83,561.03,562.22,72.68
1541788500,562.16,562.78,562.49,562.56,16.22
1541788800,562.55,562.64,562.56,562.61,4.43
1541789100,560.55,562.56,562.55,560.55,49.8
1541789400,560.2,562.99,560.28,561.16,58.08
1541789700,559.74,561.16,561.15,559.74,104.86
1541790000,557.2,559.75,559.74,557.21,75.43
1541790300,555.28,557.21,557.2,555.28,126.75
1541790600,555.28,558.94,555.6,558.94,219.42
1541790900,556.75,558.66,558.66,556.76,13.5
1541791200,557.11,557.39,557.11,557.11,1.89
