1535762100,543.64,543.65,543.65,543.65,5.3363362599999995
1535762400,543.36,543.65,543.65,543.37,40.53653340000001
1535762700,541.51,543.37,543.37,541.61,11.631402510000001
1535763000,541.64,543.07,542.08,543.07,45.787192680000004
1535763300,543.64,543.91,543.65,543.91,14.730211599999997
1535763600,543.92,544.99,543.92,544.99,68.91736553
1535763900,544.99,545.6,544.99,545.59,58.43100447
1535764200,544.9,545.59,545.59,545.47,17.15342511
1535764500,545.47,545.48,545.48,545.48,7.4865299499999995
1535764800,544.01,545.48,545.47,544.01,9.83524861
1535765100,544.0,544.01,544.0,544.0,5.879133629999999
1535765400,544.0,544.01,544.0,544.0,4.28293138
1535765700,544.0,544.01,544.01,544.01,4.30148378
1535766000,544.0,544.01,544.01,544.01,7.05992519
1535766300,544.0,544.01,544.01,544.01,1.85098012
1535766600,544.01,544.01,544.01,544.01,4.10541135
1535766900,544.0,544.01,544.01,544.01,4.3071133800000005
1535767200,544.01,545.0,544.01,544.99,14.427308279999997
1535767500,544.99,545.01,545.0,545.01,21.34734443
1535767800,545.01,545.5,545.01,545.49,10.390427019999999
1535768100,545.49,545.5,545.5,545.5,7.245981670000001
1535768400,545.49,545.5,545.5,545.49,4.58387849
1535768700,545.49,545.89,545.5,545.89,20.66253091
1535769000,545.89,546.0,545.89,546.0,6.20571083
1535769300,545.99,546.18,545.99,546.18,1.33837672
1535769600,546.18,546.2,546.18,546.2,11.80811622
1535769900,546.19,546.96,546.19,546.96,47.153333860000004
1535770200,546.96,547.12,546.96,547.12,86.33576731
1535770500,547.16,548.0,547.17,548.0,14.267723850000001
1535770800,548.0,548.0,548.0,548.0,0.6132621600000001
1535771100,547.99,548.0,548.0,548.0,15.583262349999998
1535771400,547.99,548.0,547.99,548.0,5.824777610000001
1535771700,547.99,548.34,548.0,548.34,18.7493912
1535772000,548.34,550.0,548.34,550.0,199.41450606999996
1535772300,549.99,550.0,550.0,550.0,1.9392425599999998
1535772600,550.0,550.0,550.0,550.0,4.97618375
1535772900,549.99,552.98,550.0,552.46,61.778679100000005
1535773200,552.46,554.93,552.47,553.27,60.95113123
1535773500,552.4,555.19,554.01,553.9,120.69077936000001
1535773800,553.36,555.18,553.36,554.44,25.974642129999996
1535774100,554.04,554.44,554.44,554.04,13.556893930000001
1535774400,554.04,554.11,554.04,554.11,12.162303510000001
1535774700,554.11,554.47,554.11,554.14,4.8472287
1535775000,552.92,554.46,554.46,552.92,19.87260201
1535775300,552.64,553.54,552.92,553.24,9.70935072
1535775600,552.49,553.24,553.24,552.49,13.276181690000001
1535775900,551.54,552.49,552.49,551.84,11.56850457
1535776200,551.04,551.84,551.84,551.05,20.447442820000003
1535776500,551.04,551.05,551.05,551.05,1.41791737
1535776800,551.04,551.08,551.04,551.08,3.3711671799999996
1535777100,551.08,552.15,551.08,552.15,6.25060318
1535777400,552.14,552.15,552.15,552.15,2.5755636899999996
1535777700,552.14,552.17,552.15,552.17,4.35661918
1535778000,551.98,552.17,552.16,552.16,58.65919214999998
1535778300,552.16,552.17,552.17,552.17,0.7209934800000001
1535778600,552.17,552.17,552.17,552.17,2.88277665
1535778900,552.16,552.17,552.17,552.17,6.30353864
1535779200,550.01,552.16,552.16,550.13,21.370388880000007
1535779500,550.12,550.13,550.12,550.12,1.4474729
1535779800,550.13,550.5,550.13,550.5,12.174356309999999
1535780100,550.49,550.5,550.5,550.5,18.50951561
1535780400,550.82,550.96,550.82,550.96,0.46521067
1535780700,550.95,550.97,550.96,550.96,7.420691079999999
1535781000,550.96,550.97,550.96,550.97,7.221828720000001
1535781300,550.96,550.97,550.97,550.97,9.879799540000002
1535781600,550.96,550.97,550.97,550.97,8.97569066
1535781900,550.96,550.97,550.97,550.97,7.026129490000001
1535782200,550.97,551.27,550.97,551.27,0.41409518
1535782500,551.25,551.26,551.25,551.25,0.48680183
1535782800,551.54,551.69,551.54,551.69,1.27361805
1535783100,551.68,552.1,551.69,551.76,2.83949123
1535783400,551.77,552.15,551.77,552.01,4.219692910000001
1535783700,552.0,552.17,552.01,552.16,2.6579232
1535784000,552.16,552.28,552.17,552.28,13.350147119999999
1535784600,552.27,553.24,552.28,553.23,18.93366795
1535784900,553.23,553.24,553.24,553.23,4.87561052
1535785200,553.24,553.24,553.24,553.24,11.84389973
1535785500,553.23,553.24,553.24,553.24,0.25129128
1535785800,553.24,553.95,553.24,553.95,11.65475894
1535786100,553.69,553.7,553.7,553.7,1.43838157
1535786400,553.7,553.7,553.7,553.7,0.5115249
1535786700,553.69,553.73,553.69,553.73,2.43903232
1535787000,553.72,553.73,553.73,553.73,6.122539670000001
1535787300,553.73,553.76,553.74,553.76,1.53468539
1535787600,553.75,553.95,553.75,553.95,13.83337717
1535787900,553.94,555.0,553.94,555.0,20.281831299999993
1535788200,554.99,555.0,555.0,554.99,0.87626151
1535788500,554.99,555.0,554.99,554.99,15.952052389999999
1535788800,554.99,555.0,555.0,554.99,7.36896929
1535789100,554.3,554.34,554.31,554.34,0.77643332
1535789400,554.33,554.34,554.34,554.33,0.5475121199999999
1535789700,553.0,554.33,554.33,553.01,21.01239022
1535790000,553.01,553.01,553.01,553.01,0.04760342
1535790300,553.0,553.01,553.01,553.0,2.32390645
1535790600,553.0,553.01,553.0,553.01,2.09253465
1535790900,553.49,554.79,553.5,554.79,17.572268700000002
1535791200,554.64,554.75,554.64,554.74,0.09612588999999999
1535791500,554.75,554.84,554.75,554.83,0.8153124300000001
1535791800,554.84,555.3,554.84,555.3,3.5799981499999998
1535792100,555.29,555.3,555.3,555.3,5.504137589999999
1535792400,555.29,555.3,555.3,555.3,2.35223658
1535792700,555.29,555.3,555.29,555.3,1.49365356
1535793000,555.3,555.3,555.3,555.3,0.29595258999999996
