1548349800,127.4,127.6,127.4,127.6,23.4
1548350100,127.66,127.82,127.66,127.68,44.92
1548350400,127.65,127.82,127.8,127.65,16.41
1548350700,127.44,127.78,127.66,127.44,5.96
1548351000,127.45,127.6,127.45,127.56,6.45
1548351300,127.58,127.69,127.59,127.65,29.0
1548351600,127.59,127.61,127.61,127.59,4.85
1548351900,127.48,127.59,127.59,127.49,29.57
1548352200,127.34,127.49,127.49,127.36,3.74
1548352500,127.35,127.48,127.36,127.48,14.88
1548352800,127.48,127.49,127.49,127.48,0.68
1548353100,127.48,127.81,127.49,127.8,24.38
1548353400,127.63,127.8,127.8,127.78,0.99
1548353700,127.7,127.92,127.78,127.92,66.96
1548354000,127.71,127.89,127.83,127.71,5.84
1548354300,127.71,127.82,127.79,127.8,18.55
1548354600,127.71,127.88,127.83,127.88,24.27
1548354900,127.81,127.83,127.83,127.81,1.01
