1539375060,0.77,0.77,0.77,0.77,37.93813
1539375180,0.76,0.76,0.76,0.76,100.0
1539375240,0.75,0.76,0.76,0.76,12604.29571
1539375360,0.76,0.76,0.76,0.76,1049.4831199999999
1539375480,0.76,0.76,0.76,0.76,25.449959999999997
1539375780,0.76,0.76,0.76,0.76,2655.59899
1539376020,0.76,0.76,0.76,0.76,44.60303
1539376140,0.76,0.76,0.76,0.76,131.18539
1539376200,0.76,0.76,0.76,0.76,262.63315
1539376620,0.76,0.76,0.76,0.76,65.59269
1539376680,0.76,0.76,0.76,0.76,365.53497000000004
1539376740,0.76,0.76,0.76,0.76,30.68426
1539376800,0.76,0.76,0.76,0.76,52.47415
1539376860,0.75,0.75,0.75,0.75,1295.2468399999998
1539377040,0.76,0.76,0.76,0.76,102.23277
1539377220,0.76,0.76,0.76,0.76,1392.83465
1539377280,0.76,0.76,0.76,0.76,101.03898
1539377340,0.76,0.76,0.76,0.76,27.54893
1539377460,0.76,0.76,0.76,0.76,283.75399000000004
1539377580,0.76,0.76,0.76,0.76,45.91488
1539377640,0.76,0.76,0.76,0.76,1298.73537
1539377880,0.76,0.76,0.76,0.76,1228.13139
1539377940,0.76,0.76,0.76,0.76,147.43926
1539378120,0.76,0.76,0.76,0.76,325.6205
1539378180,0.76,0.76,0.76,0.76,34.75101
1539378240,0.76,0.77,0.76,0.77,1206.8829799999999
1539378300,0.77,0.78,0.77,0.78,1258.5116799999998
1539378480,0.77,0.78,0.78,0.77,160.02627
1539378540,0.77,0.78,0.77,0.78,4963.05322
1539378600,0.77,0.77,0.77,0.77,12496.91
1539378780,0.77,0.77,0.77,0.77,32.37041
1539378900,0.76,0.76,0.76,0.76,206.88298
1539379080,0.77,0.77,0.77,0.77,12.94816
1539379260,0.77,0.77,0.77,0.77,1048.64626
1539379380,0.77,0.77,0.77,0.77,25.89633
1539379500,0.76,0.77,0.76,0.77,253.07163
1539379620,0.76,0.76,0.76,0.76,250.0
1539379740,0.76,0.77,0.77,0.76,549.83401
1539380400,0.77,0.77,0.77,0.77,129.48168
1539380460,0.77,0.77,0.77,0.77,95.71286
1539380520,0.77,0.77,0.77,0.77,129.48168
1539380640,0.77,0.77,0.77,0.77,433.89311
1539380700,0.77,0.77,0.77,0.77,2047.97296
1539380880,0.77,0.77,0.77,0.77,12.94816
1539381060,0.76,0.76,0.76,0.76,250.0
1539381180,0.76,0.76,0.76,0.76,5396.9336
1539381420,0.75,0.75,0.75,0.75,47.97296
1539381480,0.75,0.76,0.75,0.76,1131.18539
1539381600,0.75,0.76,0.76,0.76,928.3203
1539381780,0.76,0.76,0.76,0.76,1012.43637
1539381840,0.75,0.75,0.75,0.75,1500.0
1539382320,0.76,0.76,0.76,0.76,1311.85391
1539382380,0.76,0.76,0.76,0.76,111.50758
1539382500,0.76,0.76,0.76,0.76,10.0
1539382620,0.76,0.76,0.76,0.76,65.59269
1539382680,0.76,0.76,0.76,0.76,509.54244
1539382920,0.76,0.76,0.76,0.76,25.0
1539382980,0.75,0.76,0.75,0.76,99.05020999999999
1539383100,0.76,0.76,0.76,0.76,655.92695
1539383220,0.75,0.75,0.75,0.75,42.2
1539383400,0.76,0.76,0.76,0.76,1010.12751
1539383640,0.76,0.76,0.76,0.76,1.777
1539383700,0.76,0.76,0.76,0.76,11.331
1539383760,0.76,0.76,0.76,0.76,10.661999999999999
1539383820,0.76,0.76,0.76,0.76,8.885
1539383880,0.76,0.76,0.76,0.76,21.323999999999998
1539383940,0.76,0.76,0.76,0.76,1.777
1539384000,0.76,0.76,0.76,0.76,5.3309999999999995
1539384060,0.76,0.76,0.76,0.76,19.108
1539384120,0.76,0.76,0.76,0.76,23.331
1539384180,0.76,0.76,0.76,0.76,38.885
1539384240,0.76,0.76,0.76,0.76,44.606970000000004
1539384300,0.76,0.76,0.76,0.76,383.47878000000003
1539384360,0.76,0.76,0.76,0.76,17.331
1539384420,0.76,0.76,0.76,0.76,3.554
1539384480,0.76,0.76,0.76,0.76,14.215999999999998
1539384540,0.75,0.75,0.75,0.75,26648.405689999996
1539384720,0.75,0.75,0.75,0.75,1387.966
1539384780,0.75,0.76,0.76,0.75,760.5902400000001
1539384840,0.75,0.75,0.75,0.75,273.858
1539384900,0.75,0.76,0.76,0.75,2045.33312
1539384960,0.75,0.75,0.75,0.75,71.09077
1539385020,0.74,0.75,0.75,0.74,1108.78503
1539385080,0.75,0.75,0.75,0.75,62.09371
1539385680,0.75,0.75,0.75,0.75,13.29345
1539386040,0.74,0.75,0.75,0.75,1495.46726
1539386100,0.75,0.75,0.75,0.75,39.88035
1539386220,0.75,0.75,0.75,0.75,132.93452
1539386460,0.74,0.74,0.74,0.74,41.27561
1539386640,0.73,0.74,0.74,0.73,10814.347969999999
1539386700,0.73,0.73,0.73,0.73,1246.95
1539386820,0.72,0.73,0.73,0.73,6223.4227599999995
1539386880,0.74,0.74,0.74,0.74,134.73094
1539386940,0.74,0.74,0.74,0.74,107.78475
1539387000,0.74,0.74,0.74,0.74,4.59615
1539387300,0.73,0.74,0.74,0.73,1683.78222
1539387600,0.74,0.74,0.74,0.74,100.0
1539387840,0.73,0.73,0.73,0.73,180.02402
1539387960,0.74,0.74,0.74,0.74,13.89076
1539388440,0.74,0.74,0.74,0.74,227.54708
1539388500,0.73,0.73,0.73,0.73,5552.96136
1539388560,0.74,0.74,0.74,0.74,6384.858930000001
1539388860,0.74,0.74,0.74,0.74,707.33744
1539388920,0.73,0.73,0.73,0.73,25.72436
1539389160,0.74,0.74,0.74,0.74,2387.40535
1539389340,0.74,0.74,0.74,0.74,176.53795
1539389460,0.73,0.75,0.73,0.75,10911.65548
1539389520,0.74,0.75,0.75,0.74,235.02913999999998
1539389580,0.75,0.76,0.75,0.75,15497.43572
1539389640,0.75,0.76,0.75,0.76,1735.47776
1539389700,0.76,0.76,0.76,0.76,67.59269
1539389760,0.75,0.75,0.75,0.75,2.083
1539389880,0.76,0.76,0.76,0.76,144.25145
1539390120,0.74,0.75,0.75,0.74,4852.5
1539390420,0.76,0.76,0.76,0.76,2182.81996
1539390480,0.76,0.76,0.76,0.76,70.24977
1539390540,0.76,0.76,0.76,0.76,87.77614
1539390600,0.76,0.76,0.76,0.76,1760.6653700000002
1539391140,0.76,0.76,0.76,0.76,28.86078
1539391320,0.75,0.76,0.75,0.76,4020.6697600000007
1539391380,0.76,0.76,0.76,0.76,7737.31437
1539391440,0.76,0.76,0.76,0.76,18.66768
1539391560,0.76,0.76,0.76,0.76,190.42871
1539391620,0.75,0.75,0.75,0.75,3000.0
1539391680,0.75,0.75,0.75,0.75,5224.999
1539391740,0.75,0.76,0.76,0.75,2801.2360599999997
1539391800,0.76,0.76,0.76,0.76,115.63992
1539391920,0.75,0.76,0.76,0.75,1331.9908599999999
1539391980,0.75,0.75,0.75,0.75,987.551
1539392460,0.75,0.75,0.75,0.75,3.50037
1539392940,0.74,0.74,0.74,0.74,409.0
1539393180,0.75,0.75,0.75,0.75,57.09538
1539393240,0.75,0.75,0.75,0.75,13.29345
1539393300,0.74,0.74,0.74,0.74,1.0
1539393360,0.75,0.75,0.75,0.75,84.94516
1539393480,0.75,0.75,0.75,0.75,212.88135
1539393600,0.74,0.75,0.74,0.75,133.67165
1539393660,0.74,0.74,0.74,0.74,49.0
1539393720,0.74,0.74,0.74,0.74,352.48005
1539393840,0.75,0.75,0.75,0.75,1652.77853
1539393900,0.75,0.75,0.75,0.75,390.041
1539394080,0.74,0.75,0.75,0.74,9.759
1539394140,0.75,0.75,0.75,0.75,1857.274
1539394440,0.75,0.75,0.75,0.75,25.9887
1539394500,0.75,0.75,0.75,0.75,13.62578
1539394620,0.75,0.75,0.75,0.75,132.93452
1539394680,0.75,0.75,0.75,0.75,398.80358
1539394800,0.73,0.74,0.74,0.74,23371.049759999998
1539394920,0.74,0.74,0.74,0.74,175.47357
1539395520,0.73,0.73,0.73,0.73,1000.0
1539395640,0.74,0.74,0.74,0.74,8093.4224300000005
1539395820,0.73,0.74,0.74,0.73,227.17373999999998
1539396420,0.74,0.74,0.74,0.74,67.36547
1539396480,0.74,0.74,0.74,0.74,67.36547
1539396540,0.74,0.74,0.74,0.74,1333.83632
1539396660,0.74,0.75,0.74,0.75,2001.6064000000001
1539396720,0.75,0.75,0.75,0.75,125.91558
1539396840,0.75,0.76,0.75,0.76,552.37265
1539396900,0.76,0.76,0.76,0.76,745.4085
1539396960,0.74,0.75,0.74,0.75,8193.12332
1539397020,0.75,0.75,0.75,0.75,75.54669
1539397320,0.73,0.75,0.74,0.75,8322.27623
1539397740,0.75,0.75,0.75,0.75,706.16151
1539397800,0.75,0.75,0.75,0.75,716.7430999999999
1539397980,0.75,0.76,0.75,0.76,176.69074999999998
1539398340,0.76,0.76,0.76,0.76,1383.29747
1539398820,0.76,0.76,0.76,0.76,52.47414
1539398880,0.76,0.76,0.76,0.76,67.27186
1539399120,0.75,0.75,0.75,0.75,12.94816
1539399300,0.74,0.75,0.75,0.74,7937.7734199999995
1539399660,0.75,0.76,0.75,0.76,445.937
1539399720,0.75,0.76,0.76,0.75,2107.29475
1539399780,0.75,0.75,0.75,0.75,1800.828
1539400260,0.76,0.76,0.76,0.76,32.79634
1539400740,0.75,0.75,0.75,0.75,13.26595
1539400860,0.75,0.75,0.75,0.75,13.21704
1539400920,0.76,0.76,0.76,0.76,36.98116
1539401100,0.75,0.75,0.75,0.75,13.11436
1539401640,0.76,0.76,0.76,0.76,13.11853
1539401820,0.76,0.76,0.76,0.76,91.98719
1539401940,0.75,0.75,0.75,0.75,8672.39546
1539402240,0.76,0.76,0.76,0.76,15.11255
1539402300,0.76,0.76,0.76,0.76,29.30681
1539402360,0.76,0.76,0.76,0.76,26.23707
1539402540,0.76,0.76,0.76,0.76,41.52017
1539402960,0.76,0.76,0.76,0.76,15.7816
1539403740,0.76,0.76,0.76,0.76,131.18539
1539404040,0.75,0.76,0.76,0.75,8427.941780000001
1539404820,0.75,0.76,0.76,0.75,198.75331999999997
1539405600,0.75,0.75,0.75,0.75,10000.0
1539405780,0.74,0.76,0.76,0.74,3849.43843
1539406800,0.76,0.76,0.76,0.76,131.18539
1539406860,0.76,0.76,0.76,0.76,31.62879
1539407280,0.75,0.75,0.75,0.75,58.49119
1539414660,0.75,0.75,0.75,0.75,497.925
1539415140,0.75,0.75,0.75,0.75,2202.7898299999997
1539417720,0.75,0.75,0.75,0.75,16.4307
1539418080,0.75,0.75,0.75,0.75,478.09903
1539418200,0.75,0.75,0.75,0.75,398.80358
1539418560,0.75,0.75,0.75,0.75,66.46726
1539422580,0.75,0.75,0.75,0.75,128.95978
1539422640,0.74,0.74,0.74,0.74,977.32136
1539422760,0.74,0.74,0.74,0.74,580.84685
1539424080,0.75,0.75,0.75,0.75,6979.062809999999
1539424140,0.75,0.75,0.75,0.75,997.00897
1539424500,0.75,0.75,0.75,0.75,502.49252
1539424680,0.75,0.75,0.75,0.75,505.15121
1539425160,0.75,0.75,0.75,0.75,46.52708
1539425340,0.74,0.74,0.74,0.74,44299.47618
1539425640,0.74,0.74,0.74,0.74,2694.61884
1539425880,0.74,0.74,0.74,0.74,1726.0
1539426000,0.74,0.75,0.74,0.75,3994.62605
1539426420,0.75,0.75,0.75,0.75,998.33831
1539426720,0.75,0.75,0.75,0.75,331.00697
1539426840,0.75,0.75,0.75,0.75,16.80292
1539427200,0.74,0.74,0.74,0.74,1885.80798
1539427380,0.73,0.73,0.73,0.73,3.45987
1539427740,0.73,0.74,0.73,0.74,1412.2641500000002
1539427800,0.74,0.74,0.74,0.74,13.54045
1539427980,0.74,0.74,0.74,0.74,67.36547
1539428160,0.73,0.73,0.73,0.73,158.12807
1539428220,0.73,0.73,0.73,0.73,10750.00501
1539428580,0.74,0.74,0.74,0.74,6765.54711
1539428820,0.74,0.74,0.74,0.74,5115.96292
1539428880,0.74,0.74,0.74,0.74,5.0
1539431220,0.73,0.73,0.73,0.73,400.0
1539432180,0.74,0.74,0.74,0.74,415.44286
1539438840,0.73,0.73,0.73,0.73,300.0
1539439500,0.73,0.73,0.73,0.73,19.20266
1539439620,0.73,0.73,0.73,0.73,136.57657
1539439680,0.73,0.73,0.73,0.73,27.9299
1539439920,0.72,0.72,0.72,0.72,27.9299
1539441420,0.73,0.73,0.73,0.73,682.88285
1539441540,0.72,0.72,0.72,0.72,23.97626
1539441780,0.72,0.72,0.72,0.72,16000.0
1539441900,0.73,0.73,0.73,0.73,40.97295
1539442080,0.73,0.73,0.73,0.73,162.15736
1539442200,0.73,0.73,0.73,0.73,1365.76571
1539442260,0.72,0.72,0.72,0.72,125.0
1539442440,0.72,0.72,0.72,0.72,126.47953
1539442620,0.73,0.73,0.73,0.73,341.44142
1539443220,0.73,0.73,0.73,0.73,875.64703
1539443640,0.72,0.72,0.72,0.72,488.17574
1539443700,0.7,0.73,0.73,0.7,14913.001460000001
1539443760,0.72,0.73,0.72,0.73,1395.0296600000001
1539444420,0.72,0.72,0.72,0.72,124.52919
1539444780,0.72,0.72,0.72,0.72,19.44167
1539444840,0.71,0.71,0.71,0.71,89.5
1539445200,0.72,0.73,0.72,0.73,6700.99226
1539445320,0.73,0.73,0.73,0.73,20.07675
1539445380,0.73,0.73,0.73,0.73,136.57657
1539445500,0.73,0.73,0.73,0.73,228.7
1539446220,0.73,0.73,0.73,0.73,14.61369
1539446340,0.73,0.73,0.73,0.73,236.33209
1539446940,0.71,0.72,0.72,0.71,7000.0
1539447120,0.72,0.72,0.72,0.72,8659.198059999999
1539447300,0.72,0.73,0.72,0.73,12516.400020000001
1539447780,0.73,0.73,0.73,0.73,14.95513
1539447840,0.73,0.73,0.73,0.73,19.78994
1539447900,0.72,0.73,0.73,0.72,1045.59129
1539448320,0.73,0.73,0.73,0.73,13.65765
1539448980,0.73,0.73,0.73,0.73,68.28828
1539449340,0.73,0.73,0.73,0.73,204.86485
1539450000,0.73,0.73,0.73,0.73,109.67098
1539450240,0.73,0.73,0.73,0.73,99.70089
1539450300,0.72,0.73,0.73,0.72,299.10267
1539450540,0.72,0.72,0.72,0.72,3491.5
1539450600,0.73,0.73,0.73,0.73,40.97297
1539450720,0.73,0.73,0.73,0.73,34.14414
1539450780,0.73,0.73,0.73,0.73,116.09008
1539451260,0.73,0.73,0.73,0.73,136.57657
1539451320,0.73,0.73,0.73,0.73,454.32768
1539451380,0.74,0.74,0.74,0.74,108.90302
1539451440,0.74,0.74,0.74,0.74,202.09641
1539451560,0.74,0.74,0.74,0.74,12.0
1539451860,0.74,0.74,0.74,0.74,62.28611
1539451980,0.74,0.74,0.74,0.74,2500.0
1539452160,0.73,0.73,0.73,0.73,20000.0
1539452700,0.74,0.74,0.74,0.74,177.62926
1539453060,0.74,0.74,0.74,0.74,62.83851
1539453120,0.74,0.74,0.74,0.74,2682.54695
1539453360,0.73,0.73,0.73,0.73,9400.000000000002
1539453420,0.72,0.73,0.73,0.72,1667.2697799999999
1539453540,0.73,0.73,0.73,0.73,1.0
1539454080,0.73,0.73,0.73,0.73,607.72477
1539454440,0.72,0.72,0.72,0.72,8.0
1539454500,0.73,0.73,0.73,0.73,500.00682
1539454920,0.73,0.73,0.73,0.73,34.14414
1539454980,0.73,0.73,0.73,0.73,72.67239
1539455100,0.72,0.72,0.72,0.72,57000.0
1539455280,0.72,0.72,0.72,0.72,250.64987
1539455460,0.73,0.73,0.73,0.73,273.15314
1539455580,0.73,0.73,0.73,0.73,1475.02697
1539455760,0.72,0.72,0.72,0.72,12.94833
1539463140,0.73,0.73,0.73,0.73,66.02111
1539463200,0.72,0.72,0.72,0.72,1.0
1539463980,0.72,0.72,0.72,0.72,3492.0373999999997
1539464280,0.72,0.72,0.72,0.72,3348.8665100000003
1539464880,0.72,0.72,0.72,0.72,579.83669
1539465000,0.73,0.73,0.73,0.73,34.14414
1539465180,0.72,0.73,0.72,0.73,478.98753999999997
1539465420,0.72,0.72,0.72,0.72,2000.0
1539465720,0.73,0.73,0.73,0.73,13.65765
1539465960,0.73,0.73,0.73,0.73,19.88554
1539466260,0.72,0.73,0.72,0.73,35.69531
1539467580,0.73,0.73,0.73,0.73,68.28828
1539468120,0.73,0.73,0.73,0.73,40.97297
1539468780,0.73,0.73,0.73,0.73,614.59457
1539469860,0.73,0.73,0.73,0.73,64.13635
1539470220,0.73,0.73,0.73,0.73,25.67639
1539470580,0.72,0.72,0.72,0.72,200.0
1539470700,0.73,0.73,0.73,0.73,196.06932
1539471420,0.73,0.73,0.73,0.73,16.33455
1539471900,0.73,0.73,0.73,0.73,1228.83404
1539472080,0.73,0.73,0.73,0.73,70.70569
1539472500,0.73,0.73,0.73,0.73,87.98262
1539473160,0.72,0.72,0.72,0.72,153.74927
1539473520,0.72,0.72,0.72,0.72,2601.4
1539473580,0.73,0.73,0.73,0.73,83.22976
1539474420,0.73,0.73,0.73,0.73,42.48897
1539475920,0.72,0.72,0.72,0.72,365.24141999999995
1539476280,0.73,0.73,0.73,0.73,648.73871
1539476640,0.72,0.72,0.72,0.72,69.0
1539477060,0.73,0.73,0.73,0.73,136.57657
1539479940,0.72,0.72,0.72,0.72,8941.50388
1539480120,0.72,0.72,0.72,0.72,9177.20952
1539480240,0.73,0.73,0.73,0.73,273.15314
1539491640,0.75,0.75,0.75,0.75,1056.6434
1539491700,0.75,0.75,0.75,0.75,997.00897
1539492180,0.75,0.75,0.75,0.75,33.4862
1539492540,0.75,0.75,0.75,0.75,34.56297
1539493020,0.75,0.75,0.75,0.75,339.71419
1539493080,0.75,0.75,0.75,0.75,263.3433
1539493260,0.75,0.75,0.75,0.75,23.19707
1539493320,0.75,0.75,0.75,0.75,66.46726
1539493500,0.75,0.75,0.75,0.75,5217.6537
1539493860,0.75,0.75,0.75,0.75,13.29345
1539493980,0.75,0.75,0.75,0.75,398.80358
1539494160,0.75,0.75,0.75,0.75,66.46726
1539494640,0.75,0.75,0.75,0.75,8.0
1539494700,0.75,0.75,0.75,0.75,1.0
1539495180,0.75,0.75,0.75,0.75,3988.03589
1539495480,0.74,0.75,0.75,0.74,3196.1748
1539496020,0.74,0.74,0.74,0.74,40.0
1539496800,0.75,0.75,0.75,0.75,718.31173
1539497040,0.75,0.75,0.75,0.75,679.7208300000001
1539498660,0.75,0.75,0.75,0.75,1329.34529
1539498900,0.75,0.75,0.75,0.75,13.29345
1539499680,0.74,0.75,0.75,0.74,283.29345
1539500280,0.75,0.75,0.75,0.75,308.68727
1539500580,0.75,0.75,0.75,0.75,774.92316
1539501360,0.74,0.74,0.74,0.74,2371.69087
1539502440,0.75,0.75,0.75,0.75,3190.662
1539502680,0.75,0.75,0.75,0.75,35.02824
1539502740,0.75,0.75,0.75,0.75,22.9312
1539502800,0.75,0.75,0.75,0.75,686.644
1539502920,0.75,0.75,0.75,0.75,992.03
1539503220,0.75,0.76,0.75,0.76,13.11854
1539504060,0.76,0.76,0.76,0.76,327.96347000000003
1539504120,0.76,0.76,0.76,0.76,1311.8539099999998
1539504540,0.76,0.76,0.76,0.76,15.26997
1539505320,0.75,0.75,0.75,0.75,157.9661
1539507120,0.75,0.75,0.75,0.75,782.68784
1539508620,0.76,0.76,0.76,0.76,1259.37975
1539516480,0.75,0.75,0.75,0.75,13.29345
1539516540,0.75,0.75,0.75,0.75,49.18757
1539516720,0.75,0.75,0.75,0.75,99.70089
1539517200,0.75,0.75,0.75,0.75,13.29345
1539517320,0.75,0.75,0.75,0.75,13.0
1539517800,0.75,0.75,0.75,0.75,23.42306
1539519840,0.75,0.75,0.75,0.75,9210.222660000001
1539519900,0.74,0.76,0.75,0.74,1347.36846
1539520620,0.75,0.75,0.75,0.75,1063.47623
1539521760,0.75,0.75,0.75,0.75,10.0
1539523920,0.75,0.75,0.75,0.75,288.09571
1539523980,0.75,0.75,0.75,0.75,1415.88566
1539524460,0.74,0.75,0.75,0.74,642.23363
1539524520,0.74,0.74,0.74,0.74,600.0
1539524580,0.73,0.74,0.74,0.73,1847.7847799999997
1539525180,0.74,0.74,0.74,0.74,26.94618
1539525540,0.74,0.74,0.74,0.74,132.70997
1539526560,0.74,0.74,0.74,0.74,13.47309
1539526920,0.74,0.74,0.74,0.74,789.52331
1539527040,0.74,0.74,0.74,0.74,22.21713
1539528180,0.74,0.74,0.74,0.74,67.36547
1539528480,0.74,0.74,0.74,0.74,637.18304
1539528900,0.73,0.73,0.73,0.73,134.73093999999998
1539529980,0.73,0.73,0.73,0.73,2157.05537
1539530940,0.74,0.74,0.74,0.74,71.46129
1539531600,0.73,0.73,0.73,0.73,10.0
1539531720,0.74,0.74,0.74,0.74,109.18594999999999
1539532860,0.74,0.74,0.74,0.74,404.19282
1539533160,0.73,0.73,0.73,0.73,22500.0
1539540420,0.74,0.74,0.74,0.74,47.85643
1539541260,0.74,0.74,0.74,0.74,18.59287
1539541320,0.74,0.74,0.74,0.74,141.65611
1539542160,0.74,0.74,0.74,0.74,843.26749
1539542340,0.73,0.73,0.73,0.73,13970.0
1539542760,0.73,0.73,0.73,0.73,15000.0
1539543000,0.73,0.73,0.73,0.73,80.72976
1539543660,0.73,0.73,0.73,0.73,615.34574
1539543780,0.73,0.73,0.73,0.73,165.0801
1539544320,0.72,0.72,0.72,0.72,3129.5769499999997
1539544860,0.72,0.72,0.72,0.72,64630.00000000001
1539545100,0.72,0.72,0.72,0.72,6600.0
1539545340,0.73,0.73,0.73,0.73,138.04375
1539545460,0.72,0.72,0.72,0.72,1121.84488
1539545520,0.72,0.72,0.72,0.72,1000.0
1539545760,0.71,0.72,0.72,0.71,316.04925000000003
1539545940,0.72,0.73,0.72,0.73,705.40953
1539546720,0.71,0.71,0.71,0.71,89.57773
1539546840,0.72,0.73,0.72,0.73,7698.5332
1539547920,0.7,0.71,0.71,0.7,48773.99982999999
1539548280,0.71,0.72,0.71,0.72,781.8947
1539548340,0.72,0.72,0.72,0.72,83.08408
1539548520,0.71,0.71,0.71,0.71,10000.0
1539549300,0.7,0.71,0.71,0.7,18543.747750000002
1539549360,0.72,0.72,0.72,0.72,1700.60651
1539549660,0.7,0.7,0.7,0.7,70.0
1539549840,0.71,0.71,0.71,0.71,667.12538
1539550080,0.7,0.7,0.7,0.7,1068.28828
1539550140,0.7,0.7,0.7,0.7,13487.550499999998
1539550380,0.7,0.7,0.7,0.7,8514.13023
1539550440,0.71,0.71,0.71,0.71,66.7013
1539550680,0.7,0.7,0.7,0.7,3365.0
1539550800,0.7,0.7,0.7,0.7,14.24298
1539550920,0.69,0.69,0.69,0.69,13443.04806
1539550980,0.69,0.69,0.69,0.69,14.4494
1539551460,0.69,0.69,0.69,0.69,154.60863
1539551580,0.68,0.69,0.69,0.68,1854.18596
1539551700,0.69,0.69,0.69,0.69,43.34821
1539551880,0.68,0.68,0.68,0.68,2500.0
1539551940,0.69,0.69,0.69,0.69,57.79762
1539552000,0.68,0.68,0.68,0.68,144.49404
1539552060,0.68,0.69,0.68,0.69,1495.89588
1539552300,0.69,0.69,0.69,0.69,28.89881
1539552480,0.68,0.68,0.68,0.68,15174.22928
1539552660,0.68,0.68,0.68,0.68,1748.18011
1539553320,0.68,0.68,0.68,0.68,315.50916
1539553380,0.68,0.68,0.68,0.68,1750.17495
1539553560,0.69,0.69,0.69,0.69,997.0089700000001
1539554040,0.69,0.69,0.69,0.69,34.15839
1539554340,0.69,0.69,0.69,0.69,2295.54813
1539554460,0.69,0.7,0.69,0.7,16973.3659
1539554640,0.7,0.7,0.7,0.7,240.35037
1539555060,0.7,0.7,0.7,0.7,21.79176
1539555360,0.7,0.7,0.7,0.7,712.14926
1539555840,0.7,0.7,0.7,0.7,1132.08943
1539556560,0.7,0.7,0.7,0.7,265.81683
1539556860,0.69,0.69,0.69,0.69,29.51386
1539557100,0.69,0.69,0.69,0.69,997.00897
1539569100,0.7,0.7,0.7,0.7,21.06537
1539569520,0.7,0.7,0.7,0.7,438.32787
1539569940,0.7,0.7,0.7,0.7,152.34297
1539570780,0.7,0.7,0.7,0.7,478.57855
1539570960,0.7,0.7,0.7,0.7,12.0
1539571080,0.7,0.7,0.7,0.7,1021.93419
1539571140,0.7,0.7,0.7,0.7,712.14926
1539571200,0.7,0.7,0.7,0.7,134.06922
1539572640,0.7,0.7,0.7,0.7,217.83634
1539572700,0.7,0.7,0.7,0.7,38.92607
1539573120,0.7,0.7,0.7,0.7,114.24298
1539573300,0.69,0.69,0.69,0.69,3.0
1539574140,0.69,0.69,0.69,0.69,495.0
1539575340,0.69,0.69,0.69,0.69,1000.0
1539575400,0.69,0.69,0.69,0.69,369.85539
1539576060,0.7,0.7,0.7,0.7,35.60746
1539576480,0.7,0.7,0.7,0.7,1853.21179
1539577980,0.7,0.7,0.7,0.7,72.98105
1539578100,0.69,0.69,0.69,0.69,217.83634
1539578280,0.69,0.69,0.69,0.69,533.5
1539578760,0.7,0.7,0.7,0.7,14.24298
1539579360,0.69,0.69,0.69,0.69,999.9999999999999
1539580200,0.69,0.69,0.69,0.69,3.0
1539580380,0.69,0.69,0.69,0.69,348.83950000000004
1539580680,0.7,0.7,0.7,0.7,1345.3354199999999
1539580860,0.7,0.7,0.7,0.7,357.07462999999996
1539580920,0.7,0.7,0.7,0.7,4.0
1539580980,0.69,0.7,0.69,0.7,1802.0937
1539581280,0.7,0.71,0.7,0.71,509.49083
1539581580,0.7,0.7,0.7,0.7,941.33644
1539581700,0.71,0.71,0.71,0.71,1347.78761
1539581820,0.71,0.71,0.71,0.71,562.97305
1539581880,0.71,0.71,0.71,0.71,20.43166
1539582120,0.71,0.72,0.71,0.72,8190.2347500000005
1539582240,0.71,0.71,0.71,0.71,100.0
1539582300,0.72,0.72,0.72,0.72,138.47346
1539582360,0.72,0.72,0.72,0.72,2660.662
1539582420,0.71,0.72,0.72,0.72,5342.339
1539582480,0.72,0.72,0.72,0.72,215.55200000000002
1539582540,0.72,0.72,0.72,0.72,1800.15509
1539582660,0.72,0.72,0.72,0.72,843.99445
1539582780,0.72,0.73,0.72,0.73,691.9260100000001
1539582900,0.72,0.72,0.72,0.72,1407.079
1539583020,0.71,0.71,0.71,0.71,20.0
1539583140,0.73,0.73,0.73,0.73,136.57657
1539583260,0.73,0.73,0.73,0.73,4102.99239
1539583440,0.73,0.74,0.73,0.74,15275.602340000001
1539583560,0.71,0.73,0.73,0.71,249.94595
1539583620,0.73,0.73,0.73,0.73,500.0
1539583680,0.73,0.74,0.73,0.73,1449.72852
1539583800,0.71,0.72,0.72,0.71,2085.126
1539583860,0.72,0.73,0.72,0.73,342.82614
1539583920,0.73,0.73,0.73,0.73,136.57657
1539584040,0.72,0.72,0.72,0.72,52.64425
1539584100,0.72,0.72,0.72,0.72,427.454
1539584160,0.73,0.73,0.73,0.73,40.97296
1539584340,0.72,0.72,0.72,0.72,866.90175
1539584400,0.72,0.72,0.72,0.72,709.12262
1539584580,0.72,0.72,0.72,0.72,138.47346
1539584640,0.71,0.71,0.71,0.71,2407.5165700000002
1539584700,0.71,0.72,0.72,0.71,273.61346
1539584760,0.72,0.72,0.72,0.72,535.41314
1539585180,0.72,0.72,0.72,0.72,15.10745
1539585300,0.71,0.71,0.71,0.71,1000.0
1539585360,0.72,0.72,0.72,0.72,138.47346
1539586080,0.71,0.71,0.71,0.71,1319.48297
1539586140,0.72,0.72,0.72,0.72,1107.78774
1539586440,0.71,0.71,0.71,0.71,521.491
1539586500,0.72,0.72,0.72,0.72,138.47346
1539586560,0.72,0.72,0.72,0.72,138.47346
1539593460,0.72,0.72,0.72,0.72,61.91148
1539594240,0.72,0.72,0.72,0.72,1384.7346799999996
1539594540,0.72,0.73,0.72,0.73,10703.574260000001
1539595080,0.72,0.72,0.72,0.72,10.0
1539595140,0.72,0.72,0.72,0.72,5.0
1539595440,0.73,0.73,0.73,0.73,124.62612
1539595560,0.71,0.72,0.72,0.71,157.25047
1539595680,0.72,0.72,0.72,0.72,91.51710999999999
1539596160,0.72,0.72,0.72,0.72,61.05295
1539596280,0.71,0.71,0.71,0.71,23.19707
1539596580,0.72,0.72,0.72,0.72,18.27849
1539596820,0.72,0.72,0.72,0.72,975.14401
1539597120,0.72,0.72,0.72,0.72,61.32989
1539597240,0.71,0.71,0.71,0.71,100.0
1539597780,0.72,0.72,0.72,0.72,138.47346
1539597960,0.72,0.74,0.72,0.74,9312.400660000001
1539598020,0.71,0.72,0.72,0.71,3075.5369400000004
1539599040,0.72,0.73,0.72,0.73,255.18236000000002
1539599220,0.73,0.73,0.73,0.73,1963.83452
1539600480,0.72,0.72,0.72,0.72,1201.4900000000002
1539601140,0.71,0.72,0.72,0.71,1.689
1539601500,0.71,0.71,0.71,0.71,13.0
1539603060,0.72,0.72,0.72,0.72,579.6267899999999
1539603120,0.73,0.73,0.73,0.73,1000.0
1539603540,0.71,0.71,0.71,0.71,336.363
1539604320,0.72,0.73,0.72,0.73,428.22136
1539604560,0.73,0.73,0.73,0.73,100.0
1539604680,0.72,0.73,0.73,0.72,3136.57657
1539604800,0.71,0.71,0.71,0.71,9924.34474
1539604860,0.7,0.7,0.7,0.7,928.22136
1539605340,0.72,0.72,0.72,0.72,26.76692
1539605580,0.72,0.72,0.72,0.72,410.07532
1539606180,0.72,0.72,0.72,0.72,30.46416
1539606240,0.71,0.71,0.71,0.71,1000.0
1539606480,0.71,0.71,0.71,0.71,3663.636
1539606540,0.71,0.72,0.71,0.72,6438.47246
1539607860,0.71,0.71,0.71,0.71,5554.25451
1539608400,0.71,0.71,0.71,0.71,2395.33512
1539608460,0.71,0.71,0.71,0.71,34.40383
1539608700,0.7,0.7,0.7,0.7,1502.34228
1539608760,0.7,0.7,0.7,0.7,240.68653
1539608820,0.7,0.7,0.7,0.7,648.95187
1539609780,0.71,0.71,0.71,0.71,28.50603
1539609840,0.7,0.7,0.7,0.7,2445.44293
1539610020,0.71,0.71,0.71,0.71,33.70171
1539610620,0.71,0.71,0.71,0.71,70.68934
1539616620,0.7,0.7,0.7,0.7,938.3589999999999
1539616980,0.71,0.71,0.71,0.71,351.05949
1539617040,0.71,0.71,0.71,0.71,485.86633
1539617340,0.71,0.71,0.71,0.71,183.95516
1539618000,0.71,0.71,0.71,0.71,50.31384
1539618300,0.71,0.71,0.71,0.71,4714.307769999999
1539618720,0.71,0.71,0.71,0.71,16.85085
1539618900,0.71,0.71,0.71,0.71,140.42378
1539619080,0.71,0.71,0.71,0.71,318.76201
1539619560,0.71,0.71,0.71,0.71,421.27139
1539619740,0.71,0.71,0.71,0.71,28.08475
1539619800,0.71,0.71,0.71,0.71,70.21189
1539619860,0.71,0.71,0.71,0.71,2956.89977
1539619920,0.71,0.71,0.71,0.71,7431.45211
1539619980,0.71,0.71,0.71,0.71,472.14693
1539620040,0.72,0.72,0.72,0.72,176.74751999999998
1539620100,0.72,0.73,0.72,0.72,78116.38896000001
1539620160,0.72,0.73,0.72,0.73,976.1888
1539620220,0.73,0.73,0.73,0.73,698.90053
1539620280,0.73,0.73,0.73,0.73,3899.6162
1539620340,0.73,0.73,0.73,0.73,633.15532
1539620400,0.72,0.73,0.73,0.73,101.09122
1539620460,0.73,0.73,0.73,0.73,1461.9838800000002
1539620520,0.73,0.73,0.73,0.73,573.7445
1539620580,0.73,0.74,0.73,0.74,5357.34167
1539620640,0.74,0.74,0.74,0.74,4345.827359999999
1539620700,0.74,0.74,0.74,0.74,490.62331000000006
1539620760,0.74,0.74,0.74,0.74,3171.57983
1539620820,0.74,0.74,0.74,0.74,134.73094
1539620880,0.74,0.74,0.74,0.74,3579.8280600000003
1539620940,0.73,0.74,0.74,0.73,3942.96025
1539621000,0.74,0.74,0.74,0.74,203.79402
1539621060,0.73,0.74,0.73,0.74,1697.47973
1539621120,0.74,0.74,0.74,0.74,7176.43016
1539621180,0.74,0.74,0.74,0.74,2870.9816100000003
1539621240,0.74,0.75,0.74,0.75,28050.62203
1539621300,0.75,0.75,0.75,0.75,1242.73843
1539621360,0.74,0.75,0.74,0.75,1778.07909
1539621420,0.75,0.75,0.75,0.75,2965.17777
1539621480,0.75,0.8,0.75,0.76,72480.82683999989
1539621540,0.78,0.78,0.78,0.78,621.35605
1539621600,0.75,0.78,0.77,0.77,6944.20462
1539621660,0.76,0.81,0.77,0.76,74697.68039000001
1539621720,0.76,0.78,0.76,0.78,4207.682989999999
1539621780,0.78,0.78,0.78,0.78,622.21025
1539621840,0.77,0.79,0.78,0.77,2228.68041
1539621900,0.77,0.77,0.77,0.77,37.670770000000005
1539621960,0.78,0.78,0.78,0.78,561.1243
1539622020,0.77,0.78,0.78,0.77,10447.463909999999
1539622080,0.75,0.76,0.76,0.76,18524.601219999997
1539622140,0.75,0.76,0.76,0.76,8584.2013
1539622200,0.76,0.76,0.76,0.76,1556.14733
1539622260,0.76,0.76,0.76,0.76,150.45652
1539622320,0.76,0.76,0.76,0.76,405.36285
1539622380,0.76,0.76,0.76,0.76,170.72465000000003
1539622440,0.76,0.76,0.76,0.76,341.08201
1539622500,0.76,0.77,0.76,0.77,26193.55349
1539622560,0.76,0.76,0.76,0.76,1.0
1539622620,0.76,0.76,0.76,0.76,131.18539
1539622680,0.76,0.76,0.76,0.76,2427.4544699999997
1539622740,0.76,0.76,0.76,0.76,336.09172
1539622800,0.76,0.76,0.76,0.76,524.0594
1539622860,0.76,0.76,0.76,0.76,262.37078
1539622980,0.76,0.76,0.76,0.76,16731.738970000002
1539623040,0.76,0.76,0.76,0.76,3314.77934
1539623100,0.76,0.76,0.76,0.76,1450.93666
1539623220,0.76,0.76,0.76,0.76,388.13820999999996
1539623280,0.76,0.76,0.76,0.76,262.37078
1539623340,0.76,0.76,0.76,0.76,19.44167
1539623460,0.76,0.76,0.76,0.76,454.05886000000004
1539623520,0.76,0.76,0.76,0.76,492.05015
1539623580,0.75,0.76,0.76,0.75,7628.506620000001
1539623640,0.74,0.75,0.75,0.74,50099.022070000006
1539623820,0.74,0.75,0.75,0.75,6214.29507
1539623880,0.75,0.75,0.75,0.75,13.29345
1539623940,0.75,0.75,0.75,0.75,194.08441
1539624300,0.74,0.74,0.74,0.74,19.20266
1539624420,0.74,0.75,0.75,0.74,2929.7175800000005
1539624480,0.74,0.75,0.74,0.75,408.36364
1539624540,0.75,0.75,0.75,0.75,751.63841
1539624660,0.74,0.75,0.75,0.74,339.01829
1539624780,0.75,0.75,0.75,0.75,69.51146
1539624960,0.75,0.75,0.75,0.75,13.29345
1539625020,0.75,0.75,0.75,0.75,70.34895
1539625080,0.74,0.75,0.75,0.75,29263.17047
1539625140,0.74,0.74,0.74,0.74,810.7974
1539625200,0.74,0.74,0.74,0.74,107.73086
1539625320,0.74,0.74,0.74,0.74,269.78523
1539625380,0.74,0.74,0.74,0.74,20.54646
1539625440,0.74,0.74,0.74,0.74,1305.79881
1539625560,0.74,0.74,0.74,0.74,726.3479699999999
1539625620,0.73,0.74,0.74,0.73,425.46159
1539625740,0.74,0.74,0.74,0.74,70.06009
1539625920,0.74,0.75,0.74,0.75,5775.13542
1539625980,0.74,0.74,0.74,0.74,3000.0
1539626040,0.75,0.75,0.75,0.75,66.46726
1539626100,0.75,0.75,0.75,0.75,1256.43068
1539626220,0.74,0.74,0.74,0.74,859.89184
1539626280,0.74,0.75,0.75,0.74,17190.51861
1539626400,0.75,0.75,0.75,0.75,177.89298
1539626460,0.74,0.74,0.74,0.74,1000.0
1539626580,0.75,0.75,0.75,0.75,12.0
1539626700,0.75,0.75,0.75,0.75,168.70721
1539626880,0.75,0.75,0.75,0.75,1543.80857
1539626940,0.75,0.75,0.75,0.75,485.58324
1539627000,0.74,0.75,0.74,0.74,3307.11325
1539627180,0.74,0.75,0.74,0.75,1026.5869
1539627240,0.75,0.75,0.75,0.75,108.74042999999999
1539627300,0.74,0.74,0.74,0.74,5000.0
1539627480,0.74,0.74,0.74,0.74,189.20496000000003
1539627660,0.74,0.74,0.74,0.74,11252.741759999999
1539627840,0.74,0.74,0.74,0.74,104.302
1539627960,0.72,0.73,0.73,0.72,38230.366859999995
1539628140,0.73,0.73,0.73,0.73,13.65765
1539628260,0.73,0.73,0.73,0.73,341.44142
1539628320,0.73,0.73,0.73,0.73,1773.37848
1539628440,0.73,0.73,0.73,0.73,520.42502
1539628500,0.73,0.73,0.73,0.73,525.3008
1539628680,0.73,0.73,0.73,0.73,32.20475
1539628800,0.73,0.73,0.73,0.73,87.19048
1539628860,0.72,0.73,0.72,0.73,12185.18416
1539629100,0.72,0.72,0.72,0.72,50118.000000000015
1539629160,0.73,0.73,0.73,0.73,92.05260000000001
1539629340,0.73,0.73,0.73,0.73,18.62904
1539629640,0.73,0.73,0.73,0.73,21.87956
1539629760,0.72,0.72,0.72,0.72,42.36111
1539629820,0.72,0.72,0.72,0.72,9224.070000000002
1539629880,0.73,0.73,0.73,0.73,113.54975999999999
1539630120,0.73,0.73,0.73,0.73,355.09907
1539630180,0.73,0.73,0.73,0.73,288.80481
1539630420,0.73,0.73,0.73,0.73,330.22848
1539630480,0.73,0.73,0.73,0.73,277.85137
1539630540,0.73,0.73,0.73,0.73,27.20605
1539630660,0.73,0.73,0.73,0.73,21.70201
1539630960,0.73,0.73,0.73,0.73,40.372029999999995
1539631080,0.73,0.73,0.73,0.73,150.23422
1539631500,0.73,0.73,0.73,0.73,665.04595
1539631980,0.73,0.73,0.73,0.73,1000.0
1539632040,0.73,0.73,0.73,0.73,285.486
1539632220,0.73,0.73,0.73,0.73,109.26125
1539632280,0.73,0.73,0.73,0.73,1649.6128
1539632340,0.73,0.73,0.73,0.73,45.64389
1539632400,0.73,0.73,0.73,0.73,721.43842
1539632460,0.73,0.73,0.73,0.73,1375.70849
1539632520,0.73,0.74,0.73,0.74,6801.84689
1539632580,0.72,0.73,0.73,0.72,8952.75956
1539632700,0.73,0.73,0.73,0.73,136.57657
1539632820,0.73,0.73,0.73,0.73,15.29657
1539632880,0.73,0.73,0.73,0.73,342.08333
1539632940,0.73,0.73,0.73,0.73,1368.6474799999999
1539633180,0.73,0.73,0.73,0.73,136.57657
1539633300,0.73,0.73,0.73,0.73,20.48648
1539633540,0.73,0.73,0.73,0.73,2500.0
1539633600,0.72,0.72,0.72,0.72,26000.0
1539633660,0.71,0.72,0.72,0.71,475.42897
1539633720,0.72,0.72,0.72,0.72,69.23673
1539633780,0.72,0.72,0.72,0.72,72.93397
1539633900,0.72,0.72,0.72,0.72,2007.74065
1539634140,0.71,0.71,0.71,0.71,33.6092
