1544946660,0.27219,0.275001,0.275001,0.27219,13035.94
1544946780,0.272323,0.27535,0.275346,0.272323,82.27
1544946960,0.272728,0.272728,0.272728,0.272728,293.66
1544947020,0.272729,0.272729,0.272729,0.272729,15.01
1544947080,0.272762,0.272762,0.272762,0.272762,50.0
1544947140,0.273099,0.2731,0.273099,0.2731,85.66
1544947260,0.272853,0.2731,0.2731,0.272855,58.81
1544947380,0.272854,0.272854,0.272854,0.272854,16.35
1544947560,0.272854,0.272855,0.272855,0.272855,167.71
1544947620,0.272855,0.272855,0.272855,0.272855,1169.43
1544947680,0.272521,0.272854,0.272854,0.272521,124.53
1544947740,0.272855,0.272855,0.272855,0.272855,536.1
1544947860,0.272855,0.272855,0.272855,0.272855,24.55
1544947920,0.272855,0.272855,0.272855,0.272855,14.62
1544947980,0.272855,0.272855,0.272855,0.272855,603.6
1544948040,0.272522,0.272855,0.272855,0.272855,1421.27
1544948100,0.272855,0.272855,0.272855,0.272855,879.31
1544948160,0.272946,0.2731,0.272946,0.2731,18.26
1544948280,0.272522,0.272865,0.272865,0.272522,3975.75
1544948340,0.2731,0.273858,0.2731,0.273858,352.44
1544948400,0.272521,0.272557,0.272557,0.272521,888.43
1544948520,0.272538,0.272572,0.272538,0.272571,401.59
1544948640,0.2732,0.273291,0.273291,0.273201,417.79
1544948700,0.272524,0.273629,0.272524,0.273629,144.1
1544948820,0.272521,0.273044,0.272521,0.273037,1086.12
1544949000,0.272911,0.2737,0.272911,0.273658,274.54
1544949060,0.272521,0.272521,0.272521,0.272521,69.92
1544949360,0.272522,0.272522,0.272522,0.272522,100.0
1544949540,0.272522,0.272522,0.272522,0.272522,102.27
1544949600,0.2724,0.272522,0.272522,0.2724,86.2
1544949720,0.2724,0.27241,0.272401,0.2724,386.47
1544949780,0.272,0.273455,0.272326,0.273455,2745.59
1544949900,0.273196,0.273212,0.273212,0.273196,105.68
1544949960,0.273094,0.273094,0.273094,0.273094,422.67
1544950020,0.272102,0.272163,0.272163,0.272102,482.05
1544950140,0.272002,0.273497,0.273124,0.272002,591.0
1544950200,0.273196,0.273196,0.273196,0.273196,100.0
1544950260,0.273009,0.27311,0.27311,0.273009,142.2
1544950320,0.27283,0.272884,0.272884,0.27283,167.48
1544950440,0.272,0.272,0.272,0.272,37.24
1544950500,0.272847,0.272847,0.272847,0.272847,25.56
1544950800,0.272001,0.272002,0.272001,0.272002,255.21
1544950860,0.272,0.272001,0.272001,0.272,395.99
1544950980,0.27121,0.272,0.272,0.27121,3338.53
1544951100,0.271258,0.273276,0.271258,0.271282,476.53
1544951220,0.272676,0.272676,0.272676,0.272676,101.97
1544951280,0.272578,0.272621,0.272616,0.272578,2766.46
1544951340,0.273572,0.273575,0.273575,0.273572,349.18
1544951520,0.271445,0.272869,0.271445,0.272869,204.62
1544951760,0.271259,0.27126,0.27126,0.271259,1591.45
1544951820,0.273581,0.273581,0.273581,0.273581,32.76
1544952000,0.27267,0.272671,0.27267,0.272671,898.8
1544952240,0.271227,0.271294,0.271294,0.271227,397.47
1544952300,0.271345,0.271345,0.271345,0.271345,61.94
1544952360,0.271217,0.271217,0.271217,0.271217,593.53
1544952480,0.271897,0.271897,0.271897,0.271897,18.33
1544952540,0.271776,0.271776,0.271776,0.271776,367.0
1544952720,0.271215,0.271318,0.271215,0.271318,819.0
1544952900,0.27121,0.27121,0.27121,0.27121,151.93
1544953020,0.271211,0.271211,0.271211,0.271211,1738.65
1544953080,0.271516,0.271516,0.271516,0.271516,920.0
1544953140,0.271551,0.271551,0.271551,0.271551,1000.0
1544953260,0.2718,0.272921,0.2718,0.272921,80.0
1544953320,0.272877,0.272877,0.272877,0.272877,15.58
1544953380,0.272626,0.272626,0.272626,0.272626,67.55
1544953440,0.272557,0.272582,0.272582,0.272557,104.03
1544953500,0.272442,0.272442,0.272442,0.272442,1799.12
1544953560,0.271318,0.271318,0.271318,0.271318,105.59
1544953800,0.271516,0.271516,0.271516,0.271516,249.99
1544953980,0.273064,0.273064,0.273064,0.273064,535.67
1544954040,0.273698,0.273698,0.273698,0.273698,7.31
1544954100,0.273544,0.273544,0.273544,0.273544,3.0
1544954160,0.273535,0.273535,0.273535,0.273535,21.85
1544954280,0.271383,0.273588,0.271735,0.273588,439.46
1544954340,0.273401,0.273401,0.273401,0.273401,25.51
1544954700,0.273167,0.273167,0.273167,0.273167,5.41
1544954760,0.27201,0.27201,0.27201,0.27201,3.0
1544954940,0.27174,0.27174,0.27174,0.27174,396.14
1544955000,0.273324,0.274205,0.273324,0.274152,230.67
1544955180,0.27381,0.27381,0.27381,0.27381,808.86
1544955240,0.273175,0.273175,0.273175,0.273175,76.05
1544955660,0.273888,0.273888,0.273888,0.273888,25.51
1544955780,0.274273,0.274273,0.274273,0.274273,32.67
1544955840,0.272721,0.274293,0.274277,0.272721,424.45
1544956020,0.27345,0.27345,0.27345,0.27345,80.22
1544956140,0.274052,0.274834,0.274336,0.274052,485.19
1544956200,0.2741,0.274799,0.2741,0.274784,60.74
1544956260,0.274769,0.274772,0.274769,0.274772,1784.03
1544956320,0.27477,0.27477,0.27477,0.27477,173.86
1544956380,0.273401,0.274894,0.274894,0.273401,249.77
1544956440,0.273425,0.273425,0.273425,0.273425,1000.0
1544956680,0.273594,0.274663,0.274663,0.273594,197.01
1544956740,0.274729,0.27473,0.274729,0.27473,230.16
1544956800,0.273602,0.273602,0.273602,0.273602,267.36
1544956860,0.274667,0.274687,0.274687,0.274667,39.88
1544957100,0.273705,0.274866,0.273705,0.274866,453.66
1544957520,0.274624,0.274624,0.274624,0.274624,71.85
1544957580,0.274622,0.274622,0.274622,0.274622,63.65
1544957640,0.272596,0.274837,0.273709,0.274837,78.85
1544957700,0.274814,0.274814,0.274814,0.274814,14.52
1544957760,0.273113,0.274742,0.273113,0.274742,177.3
1544957880,0.273721,0.273721,0.273721,0.273721,18.36
1544958000,0.274889,0.274889,0.274889,0.274889,101.43
1544958180,0.273785,0.273785,0.273785,0.273785,4.14
1544958300,0.274889,0.27489,0.274889,0.27489,351.15
1544958420,0.274889,0.274889,0.274889,0.274889,968.52
1544958480,0.274887,0.274887,0.274887,0.274887,34.42
1544958540,0.27489,0.274891,0.27489,0.274891,354.8
1544958960,0.274365,0.274365,0.274365,0.274365,393.67
1544959200,0.274893,0.274894,0.274893,0.274894,173.78
1544959260,0.274893,0.274894,0.274893,0.274894,398.2
1544959380,0.274264,0.274894,0.274264,0.274894,86.89
1544959440,0.274893,0.274894,0.274893,0.274894,333.05
1544959740,0.274893,0.274894,0.274893,0.274894,309.55
1544959800,0.274893,0.274893,0.274893,0.274893,47.13
1544959860,0.274893,0.274893,0.274893,0.274893,67.0
1544959980,0.274891,0.274891,0.274891,0.274891,7.28
1544960040,0.274889,0.274889,0.274889,0.274889,348.07
1544960100,0.273892,0.274264,0.274264,0.273892,412.71
1544960220,0.273744,0.274775,0.274775,0.273744,961.21
1544960280,0.274555,0.27477,0.274555,0.27477,348.15
1544960340,0.27477,0.27477,0.27477,0.27477,35.0
1544960460,0.273311,0.274889,0.274889,0.273311,118.36
1544960760,0.274113,0.274894,0.274867,0.274113,3554.99
1544960820,0.274892,0.274892,0.274892,0.274892,52.52
1544961060,0.274891,0.274892,0.274891,0.274892,367.12
1544961120,0.274892,0.274894,0.274892,0.274894,173.78
1544961180,0.274894,0.274894,0.274894,0.274894,72.39
1544961240,0.274894,0.274894,0.274894,0.274894,2418.14
1544961540,0.274999,0.274999,0.274999,0.274999,50.0
1544961600,0.274159,0.275061,0.27418,0.275061,810.22
1544961720,0.275059,0.275061,0.275059,0.275061,1818.23
1544961780,0.275061,0.275061,0.275061,0.275061,350.93
1544961840,0.274214,0.275061,0.275061,0.274214,273.8
1544961900,0.275059,0.275059,0.275059,0.275059,10.89
1544961960,0.275059,0.276,0.275059,0.276,32053.85
1544962020,0.274339,0.275999,0.274339,0.275999,371.44
1544962200,0.275997,0.275997,0.275997,0.275997,23.51
1544962380,0.274545,0.274545,0.274545,0.274545,75.75
1544962500,0.275995,0.275995,0.275995,0.275995,14.46
1544962560,0.275984,0.275986,0.275984,0.275986,129.33
1544962620,0.275995,0.275995,0.275995,0.275995,173.09
1544962680,0.275319,0.275319,0.275319,0.275319,409.05
1544962740,0.275993,0.275993,0.275993,0.275993,353.82
1544962920,0.275993,0.275995,0.275993,0.275995,359.75
1544962980,0.275649,0.275995,0.275995,0.275649,449.74
1544963040,0.275994,0.275998,0.275994,0.275998,696.42
1544963100,0.275651,0.275651,0.275651,0.275651,3640.77
1544963160,0.275998,0.275998,0.275998,0.275998,14.46
1544963220,0.275649,0.275998,0.275998,0.275998,1963.67
1544963280,0.275998,0.276,0.275998,0.276,1974.49
1544963340,0.275649,0.276,0.276,0.275649,110.79
1544963400,0.273958,0.276,0.276,0.276,404.97
1544963460,0.276,0.276,0.276,0.276,205.82
1544963520,0.27475,0.27475,0.27475,0.27475,745.69
1544963580,0.275998,0.275998,0.275998,0.275998,433.13
1544963640,0.275998,0.276,0.275998,0.276,349.74
1544963700,0.276,0.276,0.276,0.276,1120.85
1544963760,0.276,0.276,0.276,0.276,710.25
1544963880,0.273575,0.274351,0.274338,0.274351,32147.6
1544963940,0.275555,0.275588,0.275587,0.275555,132.52
1544964000,0.275302,0.275302,0.275302,0.275302,14.49
1544964060,0.275189,0.27598,0.275239,0.27598,2334.45
1544964120,0.275963,0.275963,0.275963,0.275963,108.2
1544964180,0.274055,0.274555,0.274555,0.274055,196.24
1544964360,0.274804,0.274804,0.274804,0.274804,30.0
1544964540,0.274957,0.274957,0.274957,0.274957,31.88
1544964720,0.274,0.274,0.274,0.274,2073.47
1544964780,0.274,0.274,0.274,0.274,126.53
1544964840,0.27434,0.274372,0.274371,0.27434,241.23
1544964960,0.274271,0.274271,0.274271,0.274271,32.69
1544965200,0.271782,0.272745,0.272745,0.271782,16710.87
1544965260,0.271838,0.273653,0.271839,0.273653,55.1
1544965320,0.273569,0.273569,0.273569,0.273569,32.77
1544965380,0.271902,0.272979,0.272977,0.272,6086.65
1544965500,0.271219,0.271224,0.271224,0.271219,394.25
1544965620,0.271843,0.271843,0.271843,0.271843,32.97
1544965680,0.2717,0.2717,0.2717,0.2717,120.67
1544965800,0.271923,0.271923,0.271923,0.271923,477.0
1544965860,0.271908,0.271911,0.271908,0.271911,3691.89
1544965920,0.27136,0.271911,0.271911,0.27136,1198.07
1544965980,0.27187,0.271925,0.27187,0.271925,102.52
1544966100,0.271362,0.271867,0.271867,0.271362,480.28
1544966160,0.271742,0.271915,0.271742,0.271915,490.76
1544966220,0.271907,0.271907,0.271907,0.271907,16.61
1544966280,0.271924,0.271925,0.271924,0.271925,3118.92
1544966400,0.271916,0.271921,0.271916,0.271921,132.97
1544966460,0.271915,0.271915,0.271915,0.271915,67.73
1544966640,0.271907,0.271907,0.271907,0.271907,100.0
1544984220,0.271199,0.271469,0.271199,0.271469,133.02
1544984280,0.271469,0.271469,0.271469,0.271469,172.36
1544984340,0.271103,0.271469,0.271103,0.271469,144.39
1544984400,0.270225,0.271103,0.271103,0.270225,6030.0
1544984460,0.27023,0.271468,0.2713,0.27023,2626.79
1544984520,0.27023,0.27146,0.27146,0.27023,4166.21
1544984580,0.271437,0.271437,0.271437,0.271437,355.55
1544984640,0.271442,0.271442,0.271442,0.271442,355.63
1544984700,0.271438,0.27144,0.27144,0.271438,528.45
1544984760,0.27101,0.27101,0.27101,0.27101,11.5
1544984820,0.271,0.271432,0.27101,0.271345,2363.38
1544984880,0.271334,0.271334,0.271334,0.271334,33.04
1544984940,0.271323,0.271329,0.271329,0.271323,11.08
1544985000,0.271313,0.27132,0.27132,0.271313,69.28
1544985060,0.271311,0.271311,0.271311,0.271311,139.4
1544985120,0.27023,0.271274,0.271274,0.27023,169.1
1544985180,0.271274,0.271274,0.271274,0.271274,535.54
1544985240,0.27023,0.271271,0.27023,0.27023,3857.84
1544985300,0.27023,0.271271,0.271271,0.271271,184.03
1544985360,0.271266,0.271266,0.271266,0.271266,468.0
1544985420,0.271266,0.271271,0.271266,0.271271,29.42
1544985540,0.270233,0.270235,0.270233,0.270235,814.42
1544985600,0.271266,0.271271,0.271266,0.271266,163.23
1544985660,0.270233,0.271266,0.271266,0.271266,117.41
1544985780,0.270235,0.271266,0.271266,0.271266,1788.14
1544985840,0.271266,0.271266,0.271266,0.271266,659.25
1544985900,0.271266,0.271266,0.271266,0.271266,42.22
1544985960,0.270235,0.271266,0.271266,0.271263,4400.1
1544986080,0.27126,0.27126,0.27126,0.27126,102.19
1544986140,0.27126,0.27126,0.27126,0.27126,176.11
1544986200,0.270244,0.271434,0.27126,0.271434,4462.43
1544986260,0.270232,0.271434,0.271434,0.270232,1057.37
1544986320,0.271432,0.271432,0.271432,0.271432,396.06
1544986380,0.270303,0.271434,0.271432,0.271434,488.99
1544986500,0.2713,0.271434,0.2713,0.271434,89.71
1544986620,0.270356,0.270356,0.270356,0.270356,76.86
1544986680,0.270356,0.271432,0.271432,0.271432,1815.88
1544986740,0.270363,0.271432,0.27143,0.270363,2016.94
1544986800,0.271432,0.271432,0.271432,0.271432,367.21
1544986860,0.271432,0.271432,0.271432,0.271432,355.62
1544986920,0.271432,0.271432,0.271432,0.271432,355.62
1544986980,0.270359,0.2714,0.2704,0.2714,99.7
1544987040,0.270359,0.270359,0.270359,0.270359,20.69
1544987100,0.270359,0.27143,0.27139,0.27143,2402.39
1544987160,0.271392,0.271396,0.271396,0.271392,194.96
1544987220,0.271364,0.271373,0.27137,0.271364,139.33
1544987340,0.27135,0.271352,0.271352,0.27135,491.47
1544987400,0.2704,0.2704,0.2704,0.2704,18.55
1544987460,0.270353,0.2704,0.2704,0.270353,18.55
1544987520,0.27134,0.27134,0.27134,0.27134,617.54
1544987640,0.270657,0.271344,0.270661,0.270657,10057.36
1544987700,0.270233,0.270753,0.270753,0.270233,10904.43
1544987760,0.270235,0.271344,0.2713,0.270257,874.69
1544987820,0.270334,0.27143,0.271346,0.270756,682.86
1544987880,0.271401,0.271401,0.271401,0.271401,332.05
1544987940,0.271102,0.271389,0.271389,0.271102,2470.72
1544988120,0.271,0.271,0.271,0.271,334.2
1544988300,0.270999,0.271,0.271,0.271,215.36
1544988360,0.270999,0.271,0.271,0.270999,937.97
1544988420,0.270999,0.271,0.271,0.270999,1014.24
1544988480,0.270999,0.271,0.270999,0.271,828.26
1544988540,0.270999,0.271,0.271,0.270999,116.2
1544988600,0.271,0.271,0.271,0.271,100.0
1544988720,0.271,0.271,0.271,0.271,40.46
1544988780,0.271,0.272285,0.271,0.272285,18083.61
1544988840,0.270806,0.272284,0.270999,0.272284,51.92
1544988900,0.27228,0.27228,0.27228,0.27228,895.41
1544989020,0.27228,0.27228,0.27228,0.27228,107.94
1544989080,0.270821,0.272297,0.27228,0.272297,3341.24
1544989140,0.272297,0.272297,0.272297,0.272297,138.9
1544989260,0.270833,0.270833,0.270833,0.270833,27.16
1544989320,0.270839,0.272297,0.270839,0.272297,2764.48
1544989380,0.272294,0.272295,0.272294,0.272294,127.71
1544989500,0.272294,0.272294,0.272294,0.272294,4087.89
1544989560,0.272294,0.272294,0.272294,0.272294,21.96
1544989620,0.272294,0.272294,0.272294,0.272294,78.64
1544989680,0.270853,0.272294,0.272294,0.270853,1325.32
1544989740,0.27201,0.272292,0.27201,0.272292,1000.06
1544989860,0.272292,0.272292,0.272292,0.272292,100.0
1544989920,0.272292,0.272292,0.272292,0.272292,489.78
1544990040,0.270831,0.272292,0.272292,0.270831,1738.84
1544990100,0.27229,0.272291,0.272291,0.27229,784.53
1544990160,0.270901,0.27229,0.27229,0.27226,4346.05
1544990220,0.272252,0.272274,0.272252,0.272274,32.93
1544990280,0.270911,0.271557,0.271557,0.271557,4544.68
1544990400,0.271495,0.271559,0.271498,0.271559,1262.73
1544990460,0.270984,0.272221,0.27156,0.272208,1021.13
1544990520,0.272205,0.272205,0.272205,0.272205,504.78
1544990580,0.270998,0.271,0.271,0.270998,780.04
1544990640,0.271924,0.271966,0.271966,0.271924,892.59
1544990700,0.270902,0.271765,0.271765,0.270902,99.11
1544990760,0.27114,0.271279,0.271279,0.27114,423.6
1544990820,0.27081,0.271049,0.27096,0.271049,4408.38
1544990880,0.270805,0.27081,0.27081,0.270805,618.55
1544990940,0.27023,0.270804,0.270804,0.27023,7419.17
1544991000,0.27081,0.271295,0.27081,0.271295,1859.71
1544991060,0.270235,0.270235,0.270235,0.270235,968.52
1544991120,0.270232,0.271038,0.271038,0.270232,1277.67
1544991240,0.270236,0.271028,0.271028,0.270236,71.71
1544991300,0.271032,0.271032,0.271032,0.271032,33.08
1544991360,0.270994,0.270998,0.270998,0.270994,172.61
1544991480,0.270246,0.270984,0.270246,0.270984,102.86
1544991540,0.270236,0.270238,0.270236,0.270238,447.19
1544991600,0.270233,0.270236,0.270236,0.270233,136.02
1544991660,0.270236,0.270236,0.270236,0.270236,504.48
1544991780,0.270236,0.270991,0.270236,0.270991,2451.87
1544991840,0.270979,0.270985,0.270985,0.270979,468.98
1544991900,0.270302,0.270986,0.270977,0.270302,479.84
1544991960,0.2709,0.270986,0.2709,0.270986,191.01
1544992020,0.270402,0.270992,0.270985,0.270988,2230.49
1544992080,0.27098,0.270997,0.270988,0.270983,438.9
1544992140,0.270238,0.27055,0.27055,0.270238,1258.1
1544992200,0.27075,0.27075,0.27075,0.27075,882.78
1544992260,0.2707,0.2707,0.2707,0.2707,970.47
1544992320,0.270238,0.270238,0.270238,0.270238,388.39
1544992380,0.270237,0.270239,0.270237,0.270239,2258.74
1544992440,0.270239,0.271262,0.270239,0.270241,1894.85
1544992500,0.270239,0.271294,0.270239,0.271284,548.14
1544992560,0.271284,0.271471,0.271284,0.271471,33.05
1544992620,0.270268,0.270268,0.270268,0.270268,211.96
1544992680,0.271372,0.271373,0.271373,0.271372,372.58
1544992740,0.271372,0.271372,0.271372,0.271372,6280.5
1544992800,0.271372,0.271372,0.271372,0.271372,67.87
1544992860,0.270618,0.271372,0.271372,0.27137,1012.87
1544992920,0.270241,0.27137,0.27137,0.27137,143.03
1544992980,0.27137,0.27137,0.27137,0.27137,14.7
1544993040,0.270305,0.271367,0.270305,0.271367,682.48
1544993100,0.271364,0.271369,0.271364,0.271369,227.59
1544993160,0.270997,0.270997,0.270997,0.270997,477.0
1544993220,0.270995,0.270995,0.270995,0.270995,102.85
1544993280,0.2703,0.270995,0.270995,0.270995,1354.91
1544993340,0.270989,0.270989,0.270989,0.270989,14.72
1544993400,0.270302,0.2706,0.2706,0.270302,37.16
1544993460,0.27065,0.271362,0.270986,0.27065,887.57
1544993520,0.271351,0.271351,0.271351,0.271351,14.7
1544993580,0.270305,0.271351,0.271351,0.271351,1003.67
1544993640,0.271351,0.271351,0.271351,0.271351,104.14
1544993760,0.270456,0.27135,0.27135,0.270456,1129.51
1544993820,0.271192,0.271298,0.271298,0.271192,173.69
1544993880,0.2712,0.271349,0.2712,0.271349,855.73
1544993940,0.2706,0.2706,0.2706,0.2706,25.26
1544994060,0.270233,0.271255,0.270457,0.271255,13539.57
1544994120,0.271245,0.271283,0.271283,0.271245,978.5
1544994180,0.270001,0.271193,0.270238,0.270001,10781.93
1544994240,0.270001,0.270978,0.270001,0.270978,100.3
1544994360,0.270005,0.270398,0.270398,0.270396,236.23
1544994480,0.27,0.270394,0.270003,0.270394,3644.23
1544994540,0.27,0.270942,0.270396,0.270921,2302.89
1544994600,0.27,0.270878,0.270878,0.27,20300.91
1544994660,0.270664,0.270826,0.270826,0.270664,284.91
1544994720,0.269994,0.270659,0.270659,0.269994,339.56
1544994780,0.269988,0.269988,0.269988,0.269988,146.28
1544994840,0.269924,0.269924,0.269924,0.269924,354.47
1544994900,0.269,0.269918,0.269918,0.269,5097.51
1544994960,0.267043,0.269,0.269,0.267044,1454.92
1544995080,0.267043,0.269137,0.267043,0.269109,3540.96
1544995140,0.266423,0.26715,0.26715,0.266423,17017.17
1544995200,0.268768,0.268768,0.268768,0.268768,350.0
1544995260,0.266471,0.267144,0.267144,0.266471,3500.59
1544995320,0.266471,0.267654,0.267654,0.266471,1440.46
1544995380,0.266471,0.267529,0.266471,0.267529,644.34
1544995440,0.266473,0.267483,0.266473,0.267483,134.35
1544995500,0.267484,0.267484,0.267484,0.267484,732.82
1544995560,0.266486,0.266488,0.266488,0.266486,246.73
1544995740,0.267197,0.267197,0.267197,0.267197,31.71
1544995860,0.267199,0.267199,0.267199,0.267199,372.43
1544995980,0.267198,0.267199,0.267198,0.267199,2037.72
1544996040,0.267197,0.267198,0.267198,0.267198,647.64
1544996160,0.267197,0.267197,0.267197,0.267197,187.13
1544996220,0.267198,0.267198,0.267198,0.267198,547.45
1544996280,0.267198,0.267198,0.267198,0.267198,91.31
1544996400,0.267197,0.267198,0.267198,0.267197,113.88
1544996520,0.267198,0.267199,0.267198,0.267199,361.26
1544996640,0.267197,0.267199,0.267197,0.267199,65.16
1544996700,0.267197,0.267199,0.267197,0.267199,347.5
1544996760,0.267198,0.2672,0.267198,0.267198,5394.81
1544996820,0.267197,0.267199,0.267197,0.267199,1554.72
1544996880,0.267197,0.267199,0.267197,0.267199,152.84
1544996940,0.267197,0.267199,0.267197,0.267199,108.78
1544997000,0.267197,0.267197,0.267197,0.267197,327.51
1544997120,0.267197,0.267198,0.267198,0.267197,2097.54
1544997180,0.267198,0.267198,0.267198,0.267198,314.82
1544997240,0.267197,0.267198,0.267198,0.267198,2107.52
1544997300,0.266,0.267197,0.267197,0.266,11848.11
1544997360,0.265,0.265965,0.265965,0.265002,11389.07
1544997420,0.265,0.265004,0.265003,0.265004,10186.03
1544997480,0.265906,0.265943,0.265933,0.265906,1985.76
1544997540,0.26319,0.265905,0.265905,0.265791,19347.93
1544997600,0.264286,0.265787,0.265787,0.264286,1148.05
1544997720,0.263215,0.264858,0.263215,0.264858,939.27
1544997840,0.263134,0.263134,0.263134,0.263134,56.31
1544997900,0.261101,0.264653,0.264653,0.261101,109164.79
1544997960,0.263765,0.263851,0.263851,0.263765,1159.69
1544998020,0.263553,0.263721,0.263721,0.263553,182.28
1544998080,0.261667,0.263514,0.263513,0.26179,4396.89
1544998140,0.261829,0.263004,0.261829,0.263004,93.11
1544998200,0.261879,0.263504,0.26296,0.263458,27031.71
1544998260,0.262142,0.262156,0.262156,0.262142,2988.29
1544998320,0.263024,0.263024,0.263024,0.263024,3235.79
1544998380,0.262967,0.263433,0.262967,0.26342,5769.38
1544998500,0.263317,0.263355,0.263355,0.263317,240.5
1544998560,0.263255,0.263323,0.263264,0.263255,368.46
1544998620,0.261573,0.263097,0.262011,0.263097,296.67
1544998680,0.261821,0.263046,0.263044,0.261821,1193.01
1544998740,0.263008,0.263018,0.263018,0.263008,1638.92
1544998800,0.261757,0.26297,0.261757,0.26297,3669.85
1544998860,0.262879,0.262888,0.262888,0.262879,1017.0
1544998920,0.262839,0.26299,0.262888,0.262839,1046.77
1544998980,0.26299,0.263021,0.26299,0.263021,134.43
1544999040,0.262839,0.262839,0.262839,0.262839,24.23
1544999100,0.262839,0.263076,0.262839,0.263076,2535.89
1544999160,0.263018,0.263024,0.263021,0.263024,302.76
1544999220,0.262839,0.262839,0.262839,0.262839,3.82
1544999280,0.263024,0.263024,0.263024,0.263024,15.17
1544999340,0.263024,0.263074,0.263024,0.263069,503.15
1544999400,0.263066,0.263785,0.263066,0.263753,5689.29
1544999460,0.262855,0.26372,0.26372,0.262855,351.48
1544999520,0.262844,0.263627,0.263627,0.262844,114.66
1544999580,0.261836,0.263494,0.263494,0.261836,2802.17
1544999640,0.261733,0.263314,0.263314,0.263224,1527.18
1544999700,0.263094,0.263212,0.263212,0.263094,543.53
1544999760,0.263,0.263279,0.263,0.263279,5000.0
1544999820,0.261991,0.263331,0.261991,0.263331,862.77
1544999880,0.262104,0.2622,0.262104,0.262144,392.25
1544999940,0.263331,0.263331,0.263331,0.263331,15.15
1545000000,0.2633,0.263331,0.26333,0.263329,835.61
1545000060,0.263326,0.263326,0.263326,0.263326,245.0
1545000180,0.263325,0.263325,0.263325,0.263325,33.25
1545000300,0.263325,0.263326,0.263326,0.263325,1760.76
1545000360,0.263326,0.263331,0.263326,0.263331,4142.61
1545000420,0.263331,0.263861,0.263331,0.263861,547.84
1545000480,0.262364,0.2635,0.263497,0.262364,3297.96
1545000540,0.2634,0.2635,0.263497,0.2634,515.0
1545000600,0.2634,0.2634,0.2634,0.2634,88.81
1545000660,0.2634,0.2634,0.2634,0.2634,17.23
1545000720,0.263399,0.2634,0.263399,0.2634,143.59
1545000780,0.262742,0.262742,0.262742,0.262742,99.99
1545000840,0.262486,0.2634,0.262743,0.2634,844.66
1545000900,0.262489,0.2634,0.263399,0.262558,470.11
1545000960,0.262493,0.2634,0.2634,0.262493,420.48
1545001080,0.2633,0.2634,0.2633,0.2634,124.72
1545001260,0.262192,0.2634,0.2634,0.262192,498.88
1545001320,0.26258,0.26258,0.26258,0.26258,226.61
1545001380,0.262755,0.263498,0.262755,0.263496,280.41
1545001440,0.263496,0.263497,0.263496,0.263497,40.0
1545001500,0.263016,0.263503,0.263016,0.263503,1019.41
1545001620,0.263495,0.263502,0.263501,0.263502,592.52
1545001680,0.263492,0.263492,0.263492,0.263492,3.81
1545001740,0.262801,0.263498,0.2632,0.263498,441.19
1545001800,0.263489,0.263502,0.263489,0.263502,638.27
1545001860,0.263495,0.263495,0.263495,0.263495,3.81
1545001920,0.262804,0.263492,0.263492,0.262804,197.71
1545001980,0.2611,0.262804,0.262804,0.2611,26600.0
1545002040,0.261673,0.263354,0.263354,0.261744,6198.7
1545002100,0.263046,0.2636,0.263046,0.263598,24436.21
1545002160,0.263583,0.263867,0.263584,0.263583,8988.11
1545002220,0.263585,0.263585,0.263585,0.263585,51.0
1545002280,0.261554,0.263675,0.2628,0.263675,592.51
1545002340,0.263671,0.26385,0.263671,0.26385,3752.32
1545002400,0.263666,0.263668,0.263666,0.263668,105.7
1545002460,0.263667,0.26367,0.263668,0.26367,197.26
1545002520,0.262627,0.26367,0.26367,0.262627,4990.33
1545002760,0.26367,0.263857,0.26367,0.263857,365.88
1545002820,0.263849,0.26385,0.263849,0.26385,103.78
1545002940,0.263848,0.263848,0.263848,0.263848,51.74
1545003000,0.262849,0.263831,0.263831,0.262849,7.66
1545003060,0.263825,0.263827,0.263825,0.263827,33.98
1545003120,0.263819,0.263821,0.26382,0.26382,604.46
1545003180,0.263809,0.26381,0.26381,0.26381,432.51
1545003240,0.263847,0.263847,0.263847,0.263847,105.63
1545003300,0.262115,0.262849,0.262849,0.262115,4488.15
1545003360,0.262224,0.262224,0.262224,0.262224,76.66
1545003420,0.2635,0.263723,0.2635,0.263723,2743.39
1545003480,0.2625,0.263817,0.263722,0.2625,763.36
1545003540,0.263699,0.263794,0.263794,0.263699,177.37
1545003600,0.262508,0.2637,0.2637,0.262508,4684.09
1545003660,0.262408,0.263621,0.2628,0.263621,1245.58
1545003720,0.262549,0.262549,0.262549,0.262549,19.71
1545003780,0.262478,0.263431,0.263431,0.262478,562.66
1545003840,0.262628,0.262628,0.262628,0.262628,2065.65
1545003900,0.26329,0.263299,0.26329,0.263299,2000.0
1545003960,0.261609,0.26328,0.26328,0.261609,1185.75
1545004080,0.261708,0.263256,0.261708,0.263256,1328.97
1545004140,0.260001,0.261782,0.261782,0.260001,84006.02
1545004200,0.260001,0.261005,0.261005,0.260021,19694.89
1545004260,0.261003,0.261003,0.261003,0.261003,3.85
1545004320,0.260023,0.2605,0.2605,0.260023,2140.58
1545004380,0.260001,0.260001,0.260001,0.260001,2025.5
1545004440,0.260003,0.260497,0.260003,0.260004,2934.74
1545004500,0.260387,0.260456,0.260456,0.260387,650.74
1545004560,0.260004,0.26044,0.26036,0.260004,1150.27
1545004620,0.260003,0.260004,0.260004,0.260003,50.13
1545004680,0.260363,0.260402,0.260402,0.260363,974.32
1545004740,0.260003,0.260999,0.260003,0.260844,2676.99
1545004860,0.260728,0.260841,0.260728,0.260841,99.94
1545004980,0.26014,0.260997,0.26079,0.260997,5432.39
1545005040,0.260504,0.260998,0.260995,0.260998,7896.0
