1543040340,0.399405,0.399406,0.399406,0.399405,1027.84
1543040400,0.399083,0.399098,0.399098,0.399083,244.41
1543040460,0.399091,0.399091,0.399091,0.399091,241.87
1543040640,0.39908,0.39908,0.39908,0.39908,10.0
1543040700,0.399072,0.399074,0.399074,0.399072,92.3
1543041060,0.398888,0.399042,0.398888,0.399042,337.37
1543041120,0.398897,0.399035,0.398897,0.399035,54.51
1543041180,0.399028,0.399031,0.399031,0.399028,82.47
1543041240,0.399025,0.399025,0.399025,0.399025,10.0
1543041300,0.399018,0.399022,0.399022,0.399018,1558.63
1543041360,0.399018,0.399018,0.399018,0.399018,100.0
1543041420,0.399018,0.399018,0.399018,0.399018,658.13
1543041480,0.398967,0.399018,0.398967,0.399018,961.48
1543041540,0.399018,0.399018,0.399018,0.399018,513.75
1543041600,0.399018,0.399018,0.399018,0.399018,241.91
1543041660,0.398982,0.399018,0.398982,0.399018,99.06
1543041720,0.399018,0.399018,0.399018,0.399018,250.0
1543041900,0.398766,0.398766,0.398766,0.398766,250.0
1543041960,0.399018,0.399018,0.399018,0.399018,1274.7
1543042020,0.399018,0.399018,0.399018,0.399018,22.47
1543042080,0.399018,0.399018,0.399018,0.399018,10.0
1543042140,0.398769,0.399018,0.399018,0.398769,261.91
1543042260,0.398771,0.399016,0.399016,0.398771,152.75
