1552027440,0.235,0.235,0.235,0.235,38.06
1552027500,0.235,0.235,0.235,0.235,27.9
1552027560,0.235,0.235,0.235,0.235,844.17
1552027620,0.235,0.235,0.235,0.235,21.21
1552027800,0.234999,0.23529,0.235,0.234999,10471.11
1552027860,0.234139,0.234632,0.23453,0.234632,4408.23
1552027920,0.2344,0.234401,0.2344,0.234401,355.75
1552028100,0.2344,0.2344,0.2344,0.2344,582.25
1552028160,0.234023,0.234244,0.2341,0.234146,918.73
1552028220,0.233629,0.234023,0.234023,0.233629,430.0
1552028280,0.233628,0.233628,0.233628,0.233628,366.13
1552028340,0.233629,0.23425,0.233629,0.23425,500.0
1552028400,0.23425,0.23425,0.23425,0.23425,268.21
1552028460,0.234233,0.234233,0.234233,0.234233,38.27
1552028580,0.234053,0.23442,0.234053,0.23442,4125.75
1552028700,0.234066,0.234066,0.234066,0.234066,119.07
1552028880,0.233924,0.233924,0.233924,0.233924,1727.5
1552028940,0.233833,0.233833,0.233833,0.233833,491.56
1552029000,0.233715,0.233715,0.233715,0.233715,280.93
1552029120,0.233715,0.233715,0.233715,0.233715,4.3
1552029300,0.233714,0.233715,0.233715,0.233714,238.5
1552029360,0.23371,0.23371,0.23371,0.23371,17.07
1552029540,0.233698,0.233698,0.233698,0.233698,413.04
1552029600,0.2336,0.233698,0.233628,0.233698,218.41
1552029660,0.2335,0.2335,0.2335,0.2335,828.57
1552029960,0.233001,0.233556,0.233556,0.233001,937.59
1552030080,0.233554,0.233554,0.233554,0.233554,204.54
1552030500,0.233509,0.233509,0.233509,0.233509,1205.02
1552030560,0.233504,0.233504,0.233504,0.233504,17.09
1552030680,0.233458,0.233458,0.233458,0.233458,100.2
1552030740,0.233434,0.233434,0.233434,0.233434,3107.97
1552030860,0.23343,0.23343,0.23343,0.23343,204.65
1552030980,0.233326,0.233326,0.233326,0.233326,100.26
1552031040,0.233032,0.233032,0.233032,0.233032,184.16
1552031100,0.233242,0.233242,0.233242,0.233242,180.73
1552031220,0.233223,0.233223,0.233223,0.233223,228.77
1552031280,0.233223,0.233223,0.233223,0.233223,115.0
1552031340,0.233222,0.233222,0.233222,0.233222,100.3
1552031400,0.233222,0.233538,0.233222,0.233538,1000.0
1552031520,0.233498,0.233498,0.233498,0.233498,302.64
1552031580,0.233498,0.233498,0.233498,0.233498,39.1
1552031640,0.233494,0.233494,0.233494,0.233494,38.4
1552031700,0.232999,0.23304,0.23304,0.232999,12462.22
1552031760,0.233,0.233378,0.233378,0.233,1151.27
1552031880,0.233,0.233,0.233,0.233,1011.62
1552031940,0.233316,0.233316,0.233316,0.233316,26.93
1552032120,0.233538,0.233538,0.233538,0.233538,100.0
1552032300,0.233025,0.233025,0.233025,0.233025,115.0
1552032360,0.233427,0.233427,0.233427,0.233427,12563.63
1552032480,0.233025,0.233025,0.233025,0.233025,13.03
1552032600,0.233026,0.233026,0.233026,0.233026,435.53
1552032720,0.233026,0.233465,0.233026,0.233464,2378.26
1552032780,0.233025,0.233446,0.233446,0.233025,409.25
1552032840,0.233025,0.233025,0.233025,0.233025,25.83
1552032960,0.233053,0.233548,0.233548,0.233495,213.15
1552033380,0.233555,0.233555,0.233555,0.233555,204.54
1552033620,0.233555,0.233555,0.233555,0.233555,4.3
1552033740,0.233555,0.233555,0.233555,0.233555,17.08
1552033800,0.233555,0.234099,0.233555,0.234099,2149.77
1552034100,0.234099,0.234276,0.234099,0.234276,1255.78
1552034160,0.233392,0.234208,0.234208,0.234131,6067.28
1552034220,0.23401,0.23401,0.23401,0.23401,204.04
1552034280,0.233437,0.23398,0.233437,0.233441,1100.25
1552034400,0.233964,0.233964,0.233964,0.233964,78.72
1552034640,0.233714,0.233714,0.233714,0.233714,208.66
1552034700,0.233313,0.233313,0.233313,0.233313,43.08
1552034820,0.233321,0.233321,0.233321,0.233321,43.08
1552034880,0.233981,0.233981,0.233981,0.233981,408.88
1552034940,0.233326,0.233959,0.233326,0.233959,434.09
1552035180,0.233488,0.233488,0.233488,0.233488,132.84
1552035360,0.233987,0.233987,0.233987,0.233987,400.0
1552035420,0.233979,0.233988,0.233981,0.233988,884.66
1552035480,0.233987,0.233987,0.233987,0.233987,100.0
1552035540,0.233537,0.233917,0.233917,0.233537,108.86
1552035600,0.234289,0.234548,0.234289,0.234548,608.38
1552035780,0.233603,0.233603,0.233603,0.233603,34.38
1552035900,0.234049,0.234049,0.234049,0.234049,1000.0
1552035960,0.234048,0.234048,0.234048,0.234048,283.07
1552036020,0.233606,0.233606,0.233606,0.233606,201.99
1552036320,0.234048,0.234262,0.234048,0.234222,1037.84
1552036560,0.2336,0.233635,0.233635,0.2336,70.15
1552036680,0.233483,0.2335,0.2335,0.233483,22.0
1552036740,0.2334,0.233405,0.233405,0.2334,12.0
1552036800,0.233241,0.233544,0.233544,0.233241,347.42
1552036860,0.233001,0.233432,0.233432,0.233001,409.29
1552036920,0.233001,0.233424,0.233001,0.233424,772.89
1552036980,0.233415,0.233415,0.233415,0.233415,93.97
1552037040,0.233001,0.233001,0.233001,0.233001,1122.69
1552037220,0.233306,0.233306,0.233306,0.233306,119.46
1552037280,0.233289,0.233289,0.233289,0.233289,113.83
1552037520,0.233003,0.233496,0.233004,0.233496,2294.81
1552037580,0.232131,0.233004,0.233004,0.232131,20438.46
1552037700,0.232438,0.233087,0.232438,0.233087,86.75
1552037820,0.232438,0.232438,0.232438,0.232438,863.16
1552038720,0.232992,0.232992,0.232992,0.232992,414.29
1552038840,0.232991,0.232991,0.232991,0.232991,79.05
1552039080,0.232967,0.232967,0.232967,0.232967,70.52
1552039140,0.232967,0.232967,0.232967,0.232967,290.32
1552039260,0.232467,0.232467,0.232467,0.232467,200.0
1552039620,0.2331,0.2331,0.2331,0.2331,2.0
1552039680,0.2332,0.2334,0.2332,0.233391,422.0
1552039740,0.233496,0.233979,0.233496,0.233979,1063.82
1552039800,0.233496,0.233511,0.233511,0.233496,92.0
1552039920,0.23364,0.233758,0.23364,0.233758,78.82
1552039980,0.233641,0.233641,0.233641,0.233641,17.08
1552040040,0.233641,0.233647,0.233641,0.233647,171.92
1552040160,0.233592,0.233871,0.233763,0.23377,304.89
1552040220,0.23377,0.233937,0.233787,0.233937,187.33
1552040280,0.233904,0.234272,0.233904,0.234265,229.01
1552040340,0.234259,0.234259,0.234259,0.234259,99.86
1552040400,0.233609,0.234235,0.234235,0.233609,203.99
1552040460,0.233681,0.233681,0.233681,0.233681,468.22
1552040520,0.233681,0.234218,0.233681,0.234218,102.15
1552040580,0.23368,0.234218,0.234218,0.23368,87.21
1552041060,0.234188,0.234188,0.234188,0.234188,38.28
1552041360,0.2343,0.234577,0.2343,0.234577,390.81
1552041480,0.234212,0.234212,0.234212,0.234212,23.52
1552041540,0.234578,0.234699,0.234578,0.234697,737.68
1552041660,0.234288,0.234288,0.234288,0.234288,12.4
1552041720,0.234578,0.234993,0.234578,0.234993,8351.52
1552041900,0.234502,0.234502,0.234502,0.234502,78.54
1552041960,0.234493,0.234499,0.234496,0.234493,811.39
1552042320,0.234744,0.234744,0.234744,0.234744,100.0
1552042380,0.234744,0.234744,0.234744,0.234744,12.76
1552042620,0.234744,0.234744,0.234744,0.234744,579.84
1552042680,0.234744,0.234744,0.234744,0.234744,229.11
1552042740,0.234744,0.234744,0.234744,0.234744,1708.82
1552042800,0.234744,0.234744,0.234744,0.234744,212.36
1552042860,0.235,0.235246,0.235,0.235246,4246.81
1552042920,0.234718,0.234718,0.234718,0.234718,24.81
1552042980,0.235245,0.235245,0.235245,0.235245,203.07
1552043040,0.235076,0.235076,0.235076,0.235076,407.02
1552043100,0.235009,0.235009,0.235009,0.235009,1251.57
1552043520,0.2349,0.2349,0.2349,0.2349,13.01
1552043580,0.234999,0.234999,0.234999,0.234999,38.15
1552043700,0.235009,0.235009,0.235009,0.235009,78.37
1552104660,0.240487,0.240487,0.240487,0.240487,37.28
1552104720,0.240663,0.240663,0.240663,0.240663,596.67
1552104780,0.24069,0.24069,0.24069,0.24069,198.48
1552104960,0.24069,0.240886,0.24069,0.240886,1724.11
1552105080,0.2409,0.24164,0.2409,0.24164,1141.37
1552105260,0.24147,0.24147,0.24147,0.24147,296.7
1552105440,0.24129,0.24129,0.24129,0.24129,55.71
1552105500,0.241092,0.241092,0.241092,0.241092,3433.48
1552105560,0.241092,0.241092,0.241092,0.241092,493.9
1552105620,0.241092,0.241092,0.241092,0.241092,235.33
1552105740,0.240603,0.241091,0.241091,0.240603,4341.98
1552105800,0.240888,0.241341,0.24089,0.241341,7914.75
1552105860,0.240603,0.240887,0.240603,0.240887,228.31
1552105920,0.240885,0.240885,0.240885,0.240885,97.11
1552106160,0.240867,0.240867,0.240867,0.240867,37.22
1552106220,0.240008,0.240797,0.240797,0.240008,1200.0
1552106760,0.240037,0.240037,0.240037,0.240037,97.46
1552106820,0.240037,0.2403,0.240037,0.2403,402.13
1552106880,0.240058,0.240058,0.240058,0.240058,199.0
1552106940,0.23891,0.24,0.24,0.2394,39824.79
1552107000,0.2399,0.240125,0.2399,0.240125,20.81
1552107060,0.24,0.24,0.24,0.24,261.93
1552107120,0.239879,0.24,0.24,0.239879,1348.64
1552107180,0.24,0.240527,0.24,0.240527,387.6
1552107300,0.240027,0.240702,0.2406,0.240027,321.0
1552107360,0.240384,0.240828,0.2408,0.240384,586.97
1552107480,0.2409,0.241,0.2409,0.2409,1243.48
1552107540,0.241,0.241,0.241,0.241,1776.28
1552107600,0.241,0.241428,0.241,0.241428,1031.59
1552107660,0.241325,0.241325,0.241325,0.241325,300.0
1552107720,0.241325,0.241325,0.241325,0.241325,55.7
1552107960,0.241324,0.241324,0.241324,0.241324,16.53
1552108080,0.241324,0.241999,0.241324,0.241499,3923.37
1552108140,0.241499,0.241999,0.241499,0.241997,1886.53
1552108200,0.241446,0.241462,0.241446,0.241461,1125.73
1552108320,0.241638,0.241997,0.241638,0.241997,169.34
1552108380,0.241689,0.241997,0.241997,0.241689,169.62
1552108500,0.241997,0.241997,0.241997,0.241997,211.57
1552108620,0.241997,0.241997,0.241997,0.241997,197.4
1552108680,0.241997,0.242,0.241997,0.242,10020.6
1552108740,0.241997,0.242,0.241997,0.242,276.59
1552108920,0.242,0.242,0.242,0.242,95.75
1552109040,0.241801,0.242,0.242,0.241801,297.16
1552109160,0.242,0.242,0.242,0.242,1250.62
1552109220,0.241821,0.242,0.241821,0.242,5408.93
1552109400,0.241348,0.241348,0.241348,0.241348,1093.5
1552109520,0.24192,0.242,0.24192,0.242,398.98
1552109700,0.242,0.242,0.242,0.242,1846.94
1552109820,0.242,0.242,0.242,0.242,1007.87
1552109880,0.241999,0.242,0.242,0.242,1942.53
1552110000,0.241985,0.242,0.241999,0.242,5920.31
1552110060,0.242,0.242,0.242,0.242,6784.0
1552110120,0.242,0.242,0.242,0.242,8126.64
1552110180,0.242,0.242,0.242,0.242,12273.6
1552110240,0.242,0.242,0.242,0.242,3896.33
1552110300,0.2421,0.2422,0.2421,0.2422,4.0
1552110360,0.2423,0.2426,0.2423,0.2426,9.1
1552110420,0.2427,0.2427,0.2427,0.2427,2.0
1552110480,0.2428,0.243,0.2428,0.243,1237.89
1552110660,0.242999,0.243,0.242999,0.243,724.81
1552110840,0.243,0.243,0.243,0.243,28.7
1552110900,0.243,0.243,0.243,0.243,12.33
1552110960,0.243,0.243,0.243,0.243,2011.15
1552111020,0.243,0.243,0.243,0.243,36.89
1552111080,0.243,0.243,0.243,0.243,1143.67
1552111140,0.243,0.243,0.243,0.243,10107.91
1552111200,0.243,0.243,0.243,0.243,9602.84
1552111260,0.243,0.2439,0.243,0.2439,6662.62
1552111380,0.2439,0.244998,0.2439,0.244998,8922.98
1552111440,0.245,0.245,0.245,0.245,812.36
1552111560,0.245,0.245,0.245,0.245,1913.52
1552111620,0.24456,0.245,0.245,0.245,10827.94
1552111680,0.244999,0.245877,0.245,0.245877,20232.25
1552111740,0.245185,0.247299,0.245877,0.247299,6864.19
1552111800,0.245217,0.246729,0.245415,0.246729,58620.45
1552111860,0.246305,0.246394,0.246394,0.246305,684.43
1552111920,0.246306,0.246306,0.246306,0.246306,391.6
1552112040,0.2457,0.246301,0.246301,0.2457,12372.0
1552112100,0.2453,0.246159,0.246159,0.2453,2124.12
1552112160,0.24451,0.2452,0.2452,0.244543,126.51
1552112220,0.244544,0.245093,0.244544,0.245092,601.97
1552112280,0.244544,0.245092,0.245092,0.244544,310.27
1552112340,0.243898,0.245092,0.245091,0.243898,7783.43
1552112400,0.243601,0.245058,0.2448,0.244899,41271.78
1552112460,0.2449,0.245037,0.2449,0.245037,4106.86
1552112520,0.245033,0.245033,0.245033,0.245033,16.28
1552112640,0.243515,0.24493,0.244333,0.243652,6466.89
1552112700,0.2445,0.24469,0.2445,0.244632,787.88
1552112760,0.2447,0.244725,0.2447,0.244725,8.18
1552112820,0.24459,0.244624,0.244624,0.244623,1010.18
1552112940,0.244617,0.244617,0.244617,0.244617,75.29
1552113000,0.244615,0.244615,0.244615,0.244615,36.65
1552113060,0.244605,0.244605,0.244605,0.244605,75.34
1552113180,0.244489,0.244491,0.244489,0.244491,1002.5
1552113240,0.244482,0.244494,0.244483,0.244482,2399.9
1552113420,0.244475,0.244539,0.244475,0.244539,203.58
1552113480,0.244552,0.244552,0.244552,0.244552,736.49
1552113540,0.244552,0.244552,0.244552,0.244552,75.31
1552113660,0.2441,0.2441,0.2441,0.2441,1570.0
1552113720,0.243803,0.244528,0.244101,0.243881,3162.11
1552113780,0.243957,0.244523,0.244523,0.243957,3828.11
1552113840,0.243977,0.244518,0.244518,0.243977,1135.55
1552113900,0.243989,0.244011,0.243999,0.243989,922.16
1552113960,0.243893,0.243998,0.24399,0.243919,3045.31
1552114020,0.243958,0.243958,0.243958,0.243958,2000.0
1552114080,0.243966,0.244503,0.244503,0.243966,484.91
1552114140,0.244526,0.244526,0.244526,0.244526,95.67
1552114200,0.244577,0.245092,0.244577,0.245092,2003.87
1552114380,0.244304,0.244392,0.244392,0.244304,588.09
1552114440,0.244271,0.245037,0.244271,0.245037,522.6
1552114680,0.243869,0.24431,0.24431,0.243869,9271.42
1552114740,0.244207,0.244997,0.244468,0.244996,4520.73
1552114800,0.244472,0.244993,0.244993,0.244472,579.92
1552114980,0.244993,0.245436,0.244993,0.245435,16019.66
1552115040,0.245411,0.245436,0.245411,0.245436,2770.91
1552115280,0.245297,0.245297,0.245297,0.245297,393.51
1552115340,0.245369,0.245436,0.245369,0.245436,1404.32
1552115400,0.24528,0.245998,0.245436,0.24528,26376.76
1552115640,0.245601,0.245601,0.245601,0.245601,401.17
1552115700,0.2456,0.2456,0.2456,0.2456,100.0
1552115760,0.245496,0.245581,0.245581,0.245496,1018.61
1552115820,0.2444,0.245188,0.245188,0.244467,6584.42
1552115880,0.245298,0.245361,0.245298,0.245356,1080.18
1552116060,0.244652,0.244652,0.244652,0.244652,43.13
1552116120,0.245178,0.245178,0.245178,0.245178,16.27
1552116180,0.244962,0.244962,0.244962,0.244962,36.6
1552116240,0.24495,0.24495,0.24495,0.24495,34.53
1552116420,0.24495,0.245451,0.24495,0.245451,7316.48
1552116540,0.245168,0.245359,0.245168,0.245355,1159.86
1552116600,0.245167,0.245167,0.245167,0.245167,16.27
1552116660,0.245227,0.245474,0.245227,0.245474,390.01
1552116840,0.2455,0.2455,0.2455,0.2455,16.25
1552117080,0.245498,0.245498,0.245498,0.245498,87.83
1552117140,0.245029,0.245029,0.245029,0.245029,8.2
1552117260,0.244752,0.244783,0.244783,0.244752,1000.87
1552117320,0.245237,0.245387,0.245237,0.245387,999.14
1552117380,0.245277,0.245277,0.245277,0.245277,194.74
1552117440,0.245357,0.245357,0.245357,0.245357,32.52
1552117500,0.244858,0.244864,0.244858,0.244864,583.14
1552117560,0.245357,0.245357,0.245357,0.245357,75.07
1552117620,0.244831,0.245357,0.245357,0.244831,242.29
1552117800,0.245218,0.245218,0.245218,0.245218,91.38
1552117860,0.245218,0.245218,0.245218,0.245218,408.0
1552117920,0.244831,0.244831,0.244831,0.244831,186.14
1552118040,0.244752,0.245011,0.244814,0.244752,1012.76
1552118220,0.244979,0.244979,0.244979,0.244979,113.77
1552118280,0.244979,0.24498,0.244979,0.24498,1000.44
1552118340,0.244919,0.244919,0.244919,0.244919,107.74
1552118520,0.245012,0.245012,0.245012,0.245012,119.97
1552118580,0.244958,0.245499,0.245012,0.244958,20083.77
1552118700,0.245499,0.245499,0.245499,0.245499,133.79
1552118760,0.244959,0.245495,0.244959,0.245495,91.38
1552118820,0.244954,0.244954,0.244954,0.244954,14.99
1552118880,0.244753,0.244954,0.244954,0.244753,205.15
1552119120,0.244753,0.244753,0.244753,0.244753,253.0
1552119180,0.2447,0.244752,0.244752,0.2447,16.28
1552119300,0.244752,0.244753,0.244753,0.244752,494.39
1552119360,0.244753,0.24499,0.244753,0.24499,200.18
1552119540,0.2447,0.244896,0.244896,0.2447,390.23
1552119600,0.244784,0.244784,0.244784,0.244784,390.83
1552119840,0.244701,0.244701,0.244701,0.244701,154.93
1552119900,0.243902,0.244701,0.2447,0.244701,1099.54
1552119960,0.243964,0.243964,0.243964,0.243964,79.97
1552120020,0.244701,0.244701,0.244701,0.244701,394.47
1552120140,0.2447,0.2447,0.2447,0.2447,99.66
1552120260,0.244701,0.244988,0.244701,0.244988,760.21
1552120320,0.244293,0.244294,0.244294,0.244293,500.0
1552120380,0.244987,0.244987,0.244987,0.244987,36.59
1552120620,0.24499,0.24499,0.24499,0.24499,75.18
1552120680,0.24499,0.24499,0.24499,0.24499,24.45
1552120860,0.244939,0.244939,0.244939,0.244939,95.51
1552121160,0.244939,0.244939,0.244939,0.244939,36.6
1552121340,0.244517,0.244518,0.244518,0.244517,400.0
1552121400,0.244925,0.244936,0.244936,0.244925,330.0
1552121520,0.244439,0.244469,0.244469,0.244439,626.93
1552121640,0.244097,0.244097,0.244097,0.244097,95.83
1552121760,0.244,0.24409,0.244089,0.24409,55.0
1552121820,0.243143,0.244,0.244,0.243143,232.33
1552121880,0.243112,0.243112,0.243112,0.243112,250.0
1552122000,0.243963,0.243963,0.243963,0.243963,99.95
1552122240,0.243321,0.243701,0.243701,0.243321,1065.34
1552122360,0.243488,0.243488,0.243488,0.243488,254.02
1552122660,0.2441,0.244894,0.2441,0.244894,4005.57
1552122720,0.243831,0.244573,0.2439,0.244573,644.53
1552122780,0.243792,0.243843,0.243843,0.243792,1000.0
1552122840,0.243991,0.243991,0.243991,0.243991,38.76
1552123020,0.243737,0.243778,0.243778,0.243737,600.0
1552123080,0.243672,0.243718,0.243718,0.243672,865.42
1552123140,0.243623,0.243672,0.243672,0.243623,1336.58
1552123200,0.243573,0.243608,0.243608,0.243573,1220.05
1552123260,0.243001,0.243501,0.243501,0.243472,1080.22
1552123320,0.243001,0.24342,0.243001,0.24342,203.94
1552123740,0.243,0.243154,0.243154,0.243,240.81
1552123800,0.243,0.24315,0.24315,0.243,374.56
1552123860,0.243,0.24315,0.243,0.24315,142.2
1552124220,0.242302,0.243,0.243,0.242302,8858.21
1552124280,0.242351,0.242351,0.242351,0.242351,418.05
1552124340,0.243254,0.243254,0.243254,0.243254,204.56
1552124400,0.243149,0.243149,0.243149,0.243149,201.94
1552124460,0.241913,0.242454,0.242454,0.241913,3813.0
1552124580,0.241964,0.242895,0.242582,0.242895,29738.55
1552124700,0.242777,0.242778,0.242777,0.242778,602.47
1552124760,0.242783,0.242783,0.242783,0.242783,192.67
1552124880,0.242237,0.242237,0.242237,0.242237,333.7
1552125480,0.242359,0.242359,0.242359,0.242359,16.46
