1544463000,0.057,0.057,0.057,0.057,13989.0
1544463900,0.056,0.056663,0.056663,0.056101,38203.0
1544464800,0.0564,0.0564,0.0564,0.0564,60.0
1544465700,0.055517,0.056201,0.056201,0.055517,1843.0
1544467500,0.055599,0.0556,0.0556,0.055599,3258.0
1544468400,0.0555,0.0555,0.0555,0.0555,600.0
1544469300,0.055,0.055101,0.055101,0.055,1101.0
1544470200,0.0547,0.0547,0.0547,0.0547,1828.0
1544472000,0.055,0.055599,0.055596,0.055599,1026.0
1544474700,0.0551,0.0551,0.0551,0.0551,5000.0
1544475600,0.0551,0.0554,0.0551,0.0554,31294.0
1544476500,0.05537,0.05537,0.05537,0.05537,500.0
1544477400,0.055361,0.055498,0.055498,0.055361,1001.0
1544478300,0.05537,0.056,0.055785,0.05537,10509.0
1544479200,0.05462,0.055241,0.055241,0.054621,38234.0
1544481000,0.055282,0.055282,0.055282,0.055282,200.0
1544481900,0.055195,0.055427,0.055195,0.055427,150.0
1544483700,0.054943,0.054943,0.054943,0.054943,5818.0
1544485500,0.05525,0.05525,0.05525,0.05525,200.0
1544487300,0.05528,0.05529,0.05528,0.05529,200.0
1544488200,0.055269,0.055269,0.055269,0.055269,1150.0
1544489100,0.055,0.055002,0.055002,0.055,327.0
1544490000,0.05462,0.054621,0.054621,0.05462,2109.0
1544493600,0.054,0.054542,0.054542,0.054,1198.0
1544498100,0.054441,0.054441,0.054441,0.054441,2326.0
1544508000,0.054946,0.055291,0.054946,0.055291,905.0
1544509800,0.054945,0.055089,0.055089,0.054945,35.0
1544510700,0.054251,0.054459,0.054459,0.054251,4410.0
1544511600,0.054252,0.054252,0.054252,0.054252,470.0
1544513400,0.05425,0.05425,0.05425,0.05425,592.0
1544514300,0.053959,0.0543,0.0543,0.053959,2401.0
1544520600,0.05395,0.053959,0.053959,0.05395,22.0
1544523300,0.053,0.053643,0.053643,0.053,14864.0
1544524200,0.052979,0.052979,0.052979,0.052979,47.0
1544526900,0.052979,0.052979,0.052979,0.052979,189.0
1544531400,0.0522,0.0522,0.0522,0.0522,1.0
1544532300,0.052,0.052051,0.052051,0.052,9189.0
1544533200,0.052156,0.052231,0.052156,0.052231,4.0
1544534100,0.052453,0.052453,0.052453,0.052453,7611.0
1544535000,0.052301,0.052453,0.052453,0.052301,1059.0
1544536800,0.0523,0.0525,0.052394,0.0525,15431.0
1544537700,0.0523,0.0523,0.0523,0.0523,48368.0
1544538600,0.052,0.052,0.052,0.052,2036.0
1544544000,0.051549,0.05155,0.05155,0.051549,64.0
1544550300,0.05119,0.05119,0.05119,0.05119,732.0
