1522742400,399.62,402.97,401.99,400.0,2620.7997559200057
1522746000,398.74,403.54,400.0,402.9,3331.134200260017
1522749600,397.45,405.0,402.89,398.84,3353.0931588899966
1522753200,398.02,400.22,398.84,399.0,3760.5500076100025
1522756800,398.81,405.2,399.0,403.91,5516.622773000011
1522760400,401.64,408.48,403.91,402.69,8212.12458754005
1522764000,399.99,403.9,402.68,402.75,6076.886642270026
1522767600,402.28,407.0,402.75,405.18,4937.843854710014
1522771200,403.85,407.68,405.17,405.81,5856.526846850019
1522774800,405.01,407.79,405.81,407.79,3384.7120558899987
1522778400,407.04,414.5,407.78,413.13,14364.400809620043
1522782000,413.0,421.59,413.14,413.4,14287.154855600078
1522785600,412.03,418.8,413.4,414.6,6464.029406730063
1522789200,412.63,415.37,414.6,415.37,3424.4613504300114
1522792800,410.53,415.75,415.37,413.0,3752.4248821500064
1522796400,411.08,416.5,412.99,416.38,3914.9066935099986
1522800000,414.0,417.94,416.29,417.79,4508.218859770012
1522803600,402.9,418.0,417.79,406.99,9450.25067684007
1522807200,400.1,406.99,406.99,402.0,6572.747984670047
1522810800,401.13,405.72,402.0,402.79,2543.29952080001
1522814400,398.67,403.1,403.1,401.59,4510.00045665002
1522818000,401.5,407.92,401.58,405.09,4517.242564910004
1522821600,404.65,407.46,405.09,406.01,1472.71479645
1522825200,405.0,408.02,406.01,405.01,1557.8891017099959
1522828800,403.76,406.12,404.8,404.7,1053.6667415200006
1522832400,389.2,404.7,404.69,390.13,6110.702777010043
1522836000,376.0,390.74,390.12,381.18,20072.056376039876
1522839600,379.91,385.91,381.18,385.0,4574.46418334002
1522843200,380.23,385.89,384.99,385.89,3317.1990701500144
1522846800,385.6,388.97,385.89,386.77,2839.5841053300137
1522850400,370.08,386.9,386.77,373.69,11537.216993290065
1522854000,370.39,377.0,373.6,371.34,5779.661477660012
1522857600,371.33,381.89,371.34,380.15,4566.414602300028
1522861200,378.08,381.6,380.14,380.0,3743.428463909996
1522864800,375.0,381.0,380.0,379.5,3750.754721240008
1522868400,377.32,383.86,380.06,381.13,4281.244896550013
1522872000,380.87,385.0,381.14,381.08,3574.78740174001
1522875600,377.0,383.0,381.07,378.5,2634.4504323100036
1522879200,375.0,379.21,378.49,377.06,3767.1427916100183
1522882800,375.33,380.0,376.31,378.43,2975.1064112500017
1522886400,372.5,379.81,378.42,373.0,5081.41456022002
1522890000,366.54,374.14,373.29,369.0,7137.521297660045
1522893600,367.24,371.47,369.0,370.87,5036.044051910017
1522897200,370.0,379.4,370.87,379.4,4418.42803480001
1522900800,377.0,382.44,379.39,379.75,4769.643459340022
1522904400,378.13,382.31,379.75,382.31,2414.1100231000055
1522908000,376.23,382.42,382.31,378.21,2627.9122581200036
1522911600,376.2,380.99,377.98,379.75,1735.0510362999999
1522915200,379.04,384.75,379.75,382.8,1413.1335871699998
1522918800,381.61,384.74,382.82,382.37,1397.307889389999
1522922400,378.73,382.74,382.38,380.76,1515.4717593099972
1522926000,378.89,382.74,380.75,379.47,2594.87487685
1522929600,373.0,379.86,379.48,375.56,3868.3062013300055
1522933200,372.01,383.65,375.56,383.64,5131.316528830033
1522936800,379.63,387.2,383.63,380.0,8221.212754570053
1522940400,376.34,381.44,380.01,378.57,4148.2930970900115
1522944000,374.13,379.65,378.6,375.74,5491.193241860053
1522947600,374.32,379.9,375.74,375.93,2999.690201130016
1522951200,373.75,378.59,375.93,376.07,3829.673182200063
1522954800,376.0,380.0,376.09,377.41,3667.208326810049
1522958400,376.25,378.87,377.31,378.53,3298.914927500011
1522962000,375.2,378.45,378.21,376.4,2614.0301219500006
1522965600,376.21,384.0,376.4,383.77,3616.419837140009
1522969200,381.0,385.55,383.66,381.26,5559.562272660026
1522972800,381.11,386.21,381.55,383.09,3819.550287310045
1522976400,379.03,384.75,383.09,380.64,2216.840109100002
1522980000,378.0,381.66,380.64,380.16,3243.600768630006
1522983600,375.02,380.15,380.15,376.77,6454.105835950013
1522987200,370.57,378.85,376.76,377.49,9012.69146610004
1522990800,377.01,380.77,377.5,377.05,3432.098108520013
1522994400,366.03,377.05,377.04,368.38,8905.863757500027
1522998000,366.02,369.93,368.39,368.8,3204.967873060014
1523001600,367.4,371.35,368.81,370.3,3402.552937470014
1523005200,368.81,371.22,370.36,370.52,2049.822151700002
1523008800,363.33,371.03,370.53,363.33,3718.3914820700084
1523012400,363.34,371.46,363.34,368.8,3511.816899010013
1523016000,365.55,368.99,368.8,367.61,3304.8168910600207
1523019600,366.11,369.96,367.69,369.11,3689.2878730100083
1523023200,366.56,369.58,369.1,366.97,3065.195106719997
1523026800,366.0,368.0,366.56,366.52,3635.3341722400082
1523030400,366.0,370.36,366.51,368.72,4239.802764070029
1523034000,367.46,373.59,368.71,370.71,6606.933903000031
1523037600,369.57,373.86,370.71,369.58,7474.149595520041
1523041200,367.55,371.78,369.58,371.2,3186.9243178700076
1523044800,367.99,371.2,371.19,370.54,3061.097495269995
1523048400,370.1,371.32,370.37,370.98,1543.5965628599977
1523052000,367.51,371.27,370.9,367.71,2056.724341739993
1523055600,367.01,370.53,367.7,370.32,1897.4625817499993
1523059200,369.2,370.9,370.32,370.9,2069.476929079996
1523062800,370.9,384.12,370.9,378.99,8857.44832303006
1523066400,376.75,380.39,379.0,379.89,2166.852672330001
1523070000,379.17,383.0,379.89,382.17,1320.865008199999
1523073600,380.0,382.39,382.16,380.32,1967.947433119998
1523077200,378.92,382.09,380.32,381.77,1966.4786417599964
1523080800,381.1,383.0,381.74,381.97,1928.4735187199963
1523084400,380.02,381.97,381.97,381.63,732.545362170001
1523088000,381.58,384.96,381.63,382.91,2250.1190188000023
1523091600,380.62,382.92,382.92,382.05,769.166820869998
1523095200,381.33,382.64,382.05,381.33,988.5539797900001
1523098800,380.17,382.18,381.34,382.18,1201.8179582699986
1523102400,381.72,383.2,381.86,383.0,1060.6491294800019
1523106000,377.2,383.56,383.0,380.51,2541.6806948500007
1523109600,379.88,381.65,380.5,381.0,1275.4992881299997
1523113200,380.99,388.87,381.0,388.41,4939.838311780026
1523116800,386.72,395.9,388.41,391.95,9354.133180600063
1523120400,390.47,393.63,391.95,391.69,2303.551063700001
1523124000,388.0,392.0,391.69,388.1,2687.236218209997
1523127600,387.04,389.48,388.1,389.47,3814.190174650002
1523131200,388.3,392.34,389.48,391.76,1670.4273156500005
1523134800,390.12,392.01,391.76,390.25,1202.4976173899986
1523138400,384.09,392.2,390.25,385.57,4066.3468140800005
1523142000,383.54,385.56,385.56,384.61,1658.1556496599994
1523145600,384.61,388.86,384.62,387.21,2710.0975505700076
1523149200,385.0,388.04,387.05,386.06,2817.197904250005
1523152800,384.95,387.39,386.05,386.22,1579.5560846799983
1523156400,385.18,389.49,386.22,389.39,2318.5078721100017
1523160000,388.16,394.93,389.39,390.4,3118.9796148000023
1523163600,385.88,394.99,390.4,388.49,6639.768602460063
1523167200,386.33,388.49,388.48,387.39,1526.0583566600003
1523170800,387.38,390.29,387.39,390.01,921.1920058299993
1523174400,390.0,392.0,390.01,391.99,1012.1474137399995
1523178000,391.75,393.81,391.99,393.0,1324.8207870099986
1523181600,393.01,394.18,393.01,393.32,895.6232597600005
1523185200,392.8,404.01,393.17,400.88,12085.548775930029
1523188800,399.7,404.1,400.88,403.46,3939.983190960015
1523192400,400.55,403.6,403.46,401.46,2865.5838475400005
1523196000,398.45,401.95,401.46,398.45,3014.23805075
1523199600,398.45,404.4,398.45,401.22,4359.569774300008
1523203200,397.62,401.75,401.22,398.4,4161.760072810016
1523206800,393.38,399.16,398.4,396.63,5153.7901456200425
1523210400,395.05,398.38,396.63,398.0,1478.099162049998
1523214000,396.82,398.85,398.01,398.56,1946.7151052099975
1523217600,396.58,399.39,398.56,397.62,1913.6396891299971
1523221200,396.66,398.0,396.71,397.97,926.3031175599996
1523224800,397.26,401.75,397.98,399.78,2515.0133484000057
1523228400,398.66,400.19,399.78,399.9,1728.5453954300003
1523232000,399.67,409.96,399.9,407.35,11941.238966840125
1523235600,407.01,412.75,407.35,410.45,6328.32945627004
1523239200,408.43,413.11,410.45,408.91,5321.042341250027
1523242800,405.85,411.4,408.71,411.4,3612.110192330007
1523246400,408.6,412.47,411.4,411.63,2994.945662370015
1523250000,409.89,413.0,411.63,412.6,2333.0700561399967
1523253600,409.28,413.56,412.6,411.89,2567.0155474499966
1523257200,411.6,419.0,411.9,418.94,6407.5501634600305
1523260800,418.93,430.0,418.93,429.99,8089.013216650035
1523264400,418.17,432.0,430.0,420.78,8433.597902430036
1523268000,402.75,421.0,420.78,402.75,9452.175471500033
1523271600,393.95,402.69,402.69,395.16,11344.824426930063
1523275200,392.12,399.32,395.16,394.48,6308.987259000048
1523278800,393.25,396.25,394.48,393.4,5047.613585190035
1523282400,388.0,394.26,393.41,394.24,6215.698904830034
1523286000,393.0,399.05,394.24,397.76,5036.0167485200345
1523289600,395.25,398.77,397.75,397.0,2707.5476283400026
1523293200,396.96,398.69,397.0,398.5,2387.937516890001
1523296800,397.59,402.65,398.49,400.43,3239.958097320006
1523300400,392.69,401.41,400.43,395.3,6599.534816280028
1523304000,389.22,395.3,395.3,390.11,4935.907610690018
1523307600,390.16,396.98,390.16,395.58,3022.0403450199983
1523311200,391.09,395.6,395.58,392.45,3206.720510650004
1523314800,392.44,398.8,392.45,398.8,3948.7848932500137
1523318400,396.92,399.23,398.8,397.8,1582.3246719300005
1523322000,395.0,398.42,397.81,397.01,1874.4997449099974
1523325600,397.0,398.9,397.02,397.03,1643.9442424499978
1523329200,397.0,399.96,397.04,399.96,1785.6515435799988
1523332800,398.84,402.9,399.96,400.96,2984.812792340029
1523336400,398.06,401.36,400.81,400.84,2798.406199600001
1523340000,395.01,401.96,400.84,395.59,2877.9242053400108
1523343600,394.19,398.33,395.6,396.78,1876.726251409998
1523347200,393.7,397.0,396.79,395.9,1931.7929614799978
1523350800,394.83,398.0,395.91,397.01,898.4453184799993
1523354400,393.08,397.96,397.01,394.18,1844.4239736999996
1523358000,392.25,396.24,394.18,396.16,1860.1712922699976
1523361600,395.34,398.0,396.15,397.1,1874.705014929998
1523365200,397.09,399.44,397.09,399.11,1740.5230690599985
1523368800,399.02,400.96,399.11,400.0,2478.5354401800078
1523372400,400.0,408.0,400.0,406.51,6305.115080040034
1523376000,405.45,409.5,406.52,407.66,4683.325131380015
1523379600,407.3,412.16,407.67,412.15,3794.975224320002
1523383200,408.58,412.58,412.16,411.75,6738.472935750023
1523386800,410.01,412.27,411.75,412.17,2480.3495501499997
1523390400,409.5,412.19,412.17,411.52,2486.9895772200016
1523394000,410.62,413.0,411.56,413.0,2301.032317710002
1523397600,408.53,418.26,413.0,411.08,7150.771135580071
1523401200,409.81,415.65,410.66,415.45,3540.130934470013
1523404800,415.45,419.32,415.45,418.08,5613.748131450018
1523408400,414.06,418.59,418.08,416.0,3214.7840966400086
1523412000,415.41,417.92,416.0,415.71,2434.1677126200057
1523415600,411.2,415.75,415.7,412.8,3053.340716709994
1523419200,411.57,415.2,412.81,415.16,2039.0957572500015
1523422800,415.16,419.8,415.16,419.32,4885.60954948001
1523426400,415.48,419.32,419.32,417.61,4256.206145370003
1523430000,416.28,418.8,417.61,416.84,1407.2846957800018
1523433600,415.42,417.69,416.8,417.48,1322.399370609997
1523437200,416.87,418.39,417.47,417.66,1047.9775601499985
1523440800,414.15,417.66,417.66,414.16,1615.3669087000005
1523444400,410.11,416.31,414.16,416.2,2998.633985690002
1523448000,413.58,416.0,415.98,416.0,2758.2674815600076
1523451600,415.42,424.24,416.0,420.37,10161.778647400073
1523455200,420.37,424.94,420.37,422.84,7964.94774065003
1523458800,420.38,423.68,422.84,420.55,3701.0775545200395
1523462400,420.03,421.5,420.55,420.67,2250.6157821199995
1523466000,420.2,423.6,420.68,421.46,3897.9709803600226
1523469600,419.3,424.0,421.47,422.09,4309.491403960035
1523473200,421.43,423.45,422.08,423.05,2119.6572617499987
1523476800,420.0,423.01,423.01,421.0,2161.1479673199988
1523480400,420.25,422.0,420.93,421.74,1951.735936659998
1523484000,421.75,423.43,421.75,423.1,2744.286250280014
1523487600,423.09,433.83,423.1,430.81,13705.359347060046
1523491200,430.81,434.9,430.82,433.0,8526.846102500032
1523494800,428.01,432.95,432.95,432.63,4359.404907920042
1523498400,431.66,436.0,432.37,436.0,4555.2438976600215
1523502000,427.5,438.66,436.0,435.99,17908.432090909995
1523505600,432.74,436.99,435.99,434.65,5061.925450130021
1523509200,433.1,436.48,436.06,433.1,2017.694777829999
1523512800,417.45,434.01,433.26,417.85,7558.394460970074
1523516400,413.81,423.0,417.49,421.95,8627.563578900024
1523520000,420.64,423.7,421.8,423.18,2153.6955252099974
1523523600,421.0,424.44,423.17,424.01,2404.7754933899987
1523527200,423.77,433.5,424.0,433.34,3330.9324538700116
1523530800,433.33,477.84,433.34,461.92,35076.83592895948
1523534400,454.19,466.11,461.91,462.16,19748.285798900026
1523538000,459.18,465.0,462.59,463.6,12530.74316381005
1523541600,463.05,471.2,463.52,467.0,14798.259049320091
1523545200,463.06,467.0,466.99,464.97,6258.189500940019
1523548800,451.7,464.98,464.98,456.44,13855.75267972004
1523552400,456.43,464.4,456.43,462.52,8703.120887300052
1523556000,456.02,463.35,462.53,458.77,7249.122691790025
1523559600,458.77,466.9,458.77,463.13,7404.241423050012
1523563200,462.51,469.71,463.13,467.1,7576.66529276002
1523566800,467.1,489.5,467.1,485.69,15412.597254080096
1523570400,475.26,492.0,485.68,491.99,17062.99709845008
1523574000,486.58,497.0,492.14,493.41,15679.783220540086
1523577600,483.9,502.0,493.42,490.89,20962.920202839872
1523581200,481.18,490.9,490.89,484.0,12566.262282030022
1523584800,484.0,492.89,484.0,492.63,9638.004441700054
1523588400,489.29,494.76,492.63,489.64,6111.516000530031
1523592000,485.67,490.46,489.64,485.67,5090.51471483001
1523595600,483.6,488.5,485.68,485.63,3452.585142010012
1523599200,485.64,493.83,485.64,492.84,6839.130111070021
1523602800,492.3,517.22,492.83,509.91,14672.475771200066
1523606400,509.0,524.0,509.21,520.96,14363.718720710074
1523610000,509.24,521.0,520.7,509.63,8688.19020855004
1523613600,506.0,516.0,509.64,513.5,8231.808217270032
1523617200,512.63,521.0,513.5,518.0,8502.163470620002
1523620800,514.0,529.36,517.99,527.54,11656.149950760033
1523624400,515.02,528.79,527.54,518.49,11903.956432420033
1523628000,508.92,519.38,518.89,513.43,10827.636300720038
1523631600,509.45,517.99,513.43,517.6,6807.460337940043
1523635200,514.64,519.44,517.59,519.43,6403.705920540001
1523638800,511.11,519.43,519.42,514.5,7176.23128976003
1523642400,512.0,516.5,514.51,516.49,5600.525405610028
1523646000,491.53,516.47,516.47,510.12,16579.957631700112
1523649600,488.21,510.14,510.12,492.86,17208.926103370053
1523653200,488.39,494.63,492.87,489.28,6758.392766650025
1523656800,484.01,495.1,489.29,495.1,8948.077066780083
1523660400,491.01,502.79,495.1,495.22,7144.8973938200015
1523664000,488.0,498.71,495.76,493.96,4451.022877960029
1523667600,492.45,509.0,493.96,507.95,6738.744725470049
1523671200,502.88,513.0,507.94,509.47,6576.73257604002
1523674800,504.01,509.86,509.47,508.68,2973.9106693000153
1523678400,497.59,508.68,508.68,499.02,4153.041926330026
1523682000,499.01,503.6,499.02,499.46,3226.4197041900143
1523685600,499.0,505.0,499.27,503.19,2027.2275276999987
1523689200,499.39,513.19,503.18,512.0,3698.0059595600246
1523692800,506.71,513.86,512.05,508.65,1970.2727132100001
1523696400,502.24,511.0,508.64,505.79,1958.4087914999939
1523700000,493.04,507.16,505.78,493.48,3036.475260350008
1523703600,493.48,499.97,493.49,496.91,1723.0754096499993
1523707200,488.0,497.33,496.92,489.39,4415.756105850011
1523710800,488.84,494.86,489.38,494.85,2561.5706755500078
1523714400,490.25,496.2,494.85,492.0,3391.7547500700075
1523718000,491.48,495.76,492.0,494.2,2315.8328864400014
1523721600,492.5,498.65,494.38,498.65,2581.237563900001
1523725200,494.0,499.12,498.55,497.51,2476.193101280006
1523728800,495.12,502.0,497.5,502.0,1889.2869856499967
1523732400,500.99,505.05,502.0,505.04,3058.7207030500076
1523736000,503.5,509.0,505.05,507.53,4395.346710970019
1523739600,505.44,509.0,507.54,506.05,2244.7291136000026
1523743200,505.37,507.79,506.54,507.42,1761.4693254700003
1523746800,501.59,507.42,507.42,502.4,3663.406908660008
1523750400,502.4,513.33,502.4,509.14,8692.81770827003
1523754000,506.13,519.9,509.14,518.21,6671.352844600044
1523757600,508.54,519.45,518.2,512.26,12868.593719190085
1523761200,510.17,513.0,512.25,511.59,2400.486102819997
1523764800,511.21,515.69,511.59,513.95,2777.437516339993
1523768400,510.5,515.96,513.95,515.96,1840.7158828199977
1523772000,512.43,515.96,515.96,512.6,1670.027759169999
1523775600,508.61,513.0,512.6,509.57,1490.4898145300024
1523779200,509.12,512.0,509.57,511.49,793.7747593699972
1523782800,509.75,514.11,511.49,512.75,1680.3759989100006
1523786400,511.63,513.66,512.13,512.58,809.8222806899988
1523790000,512.08,525.95,512.58,521.72,6727.992459820051
1523793600,520.1,525.92,521.71,524.57,2846.4466553600096
1523797200,523.0,529.8,524.55,528.42,4191.9785502500135
1523800800,525.5,529.99,528.42,528.51,5842.527211590009
1523804400,520.26,529.79,528.51,521.55,6563.21764826004
1523808000,521.54,524.95,521.54,523.72,3029.402359700005
1523811600,523.44,528.3,523.71,527.94,2914.0547970600073
1523815200,526.0,529.3,527.93,526.7,3658.1800117800112
1523818800,520.12,526.7,526.69,522.46,4979.175157220001
1523822400,524.09,525.0,524.99,524.1,40.431074040000006
1523826000,524.96,525.58,525.21,525.5,32.843276290000006
1523829600,523.42,524.75,524.0,524.7,72.31302230000001
1523833200,528.47,528.97,528.9,528.97,135.40522783
1523836800,533.99,534.0,534.0,533.99,89.45905662999999
1523840400,533.89,535.05,533.9,535.05,156.65936850999998
1523844000,525.58,526.93,525.58,526.41,415.64064558000007
1523847600,511.0,513.94,513.0,513.93,445.5775443599998
1523851200,517.09,517.96,517.09,517.39,125.18182930999996
1523854800,512.38,514.27,514.26,512.76,177.40947490000002
1523858400,506.5,506.86,506.86,506.5,100.17389570000002
1523862000,510.6,511.26,510.92,511.0,62.776096290000005
1523865600,514.58,515.1,514.58,515.07,49.03550688
1523869200,515.61,516.77,516.77,515.94,28.035423060000003
1523872800,513.0,513.81,513.81,513.39,6.207506609999999
1523876400,511.46,511.47,511.46,511.47,3.06462109
1523880000,511.46,512.62,512.13,511.46,61.2741827
1523883600,501.85,502.52,502.52,502.45,72.13211344
1523887200,501.99,502.74,502.74,502.51,83.60571497999999
1523890800,503.0,503.64,503.01,503.63,54.3101576
1523894400,503.65,504.0,504.0,503.66,33.01590928
1523898000,502.18,502.19,502.19,502.19,5.68445381
1523901600,508.52,509.0,508.8,508.79,157.44064653999996
1523905200,504.0,504.21,504.0,504.2,22.09987177
1523908800,502.62,503.95,503.95,503.19,26.58055383
1523912400,501.71,502.38,501.79,502.38,65.73137254
1523916000,505.48,505.99,505.5,505.83,32.56750734
1523919600,506.8,510.46,506.8,510.46,1234.0729764299995
1523923200,511.28,511.89,511.29,511.88,183.75438276
1523926800,508.97,510.0,508.97,510.0,78.54373619
1523930400,507.99,508.52,508.0,508.19,92.6627108
1523934000,506.58,506.89,506.58,506.89,68.90549717
1523937600,506.99,507.0,506.99,506.99,3.5601606099999996
1523941200,506.69,506.7,506.69,506.7,11.700437999999998
1523944800,505.15,506.0,505.45,505.99,24.88579834
1523948400,507.2,508.28,507.42,507.98,89.15605191999997
1523952000,513.99,514.84,513.99,514.84,138.20324395
1523955600,517.2,517.82,517.2,517.8,106.0048163
1523959200,518.58,518.93,518.58,518.92,47.151712
1523962800,515.4,515.9,515.9,515.82,7.57218732
1523966400,517.14,517.64,517.14,517.37,62.87244385
1523970000,515.03,517.46,515.03,517.45,291.9605309300001
1523973600,514.07,514.48,514.48,514.08,71.35404182999999
1523977200,514.69,515.0,514.69,515.0,41.89133466
1523980800,513.37,514.0,513.37,514.0,64.94540000000002
1523984400,515.09,515.54,515.09,515.53,42.53790000000003
1523988000,514.98,515.75,515.75,514.98,253.8747948399998
1523991600,505.8,506.72,506.72,505.8,538.3025722699999
1523995200,503.15,503.68,503.35,503.29,95.44382051
1523998800,502.34,502.98,502.98,502.34,92.97824044000001
1524002400,505.59,505.88,505.59,505.88,4.0371999999999995
1524006000,503.5,504.27,503.71,503.5,46.46930943999999
1524009600,501.2,502.43,502.43,501.22,216.06926189999996
1524013200,504.47,504.99,504.47,504.99,144.87462653
1524016800,506.6,506.96,506.61,506.86,26.35573685
1524020400,503.97,504.97,504.97,504.0,707.1638556799999
1524024000,506.82,506.83,506.83,506.83,24.15360552
1524027600,505.57,506.0,505.99,505.87,17.3609132
1524031200,507.5,508.32,507.77,508.32,42.04664699999999
1524034800,514.82,515.0,514.82,515.0,339.95164746000006
1524038400,514.16,515.5,514.94,515.36,51.17351640999999
1524042000,513.55,513.97,513.56,513.96,32.02478764999999
1524045600,513.96,514.0,513.96,514.0,31.876494119999997
1524049200,513.72,513.85,513.72,513.85,94.47992110000001
1524052800,515.75,515.88,515.75,515.88,9.10885134
1524056400,516.84,516.85,516.84,516.84,10.5865834
1524060000,514.58,515.0,514.9,515.0,188.50384438000003
1524063600,507.55,509.99,508.38,509.99,1379.9351682599993
1524067200,509.24,509.78,509.25,509.78,38.67423309
1524070800,515.33,515.34,515.34,515.34,92.86207242
1524074400,514.34,514.94,514.34,514.94,118.00282252
1524078000,515.09,515.1,515.09,515.09,20.464861410000005
1524081600,515.51,515.96,515.82,515.96,276.86281628999996
1524085200,521.99,522.13,521.99,522.0,73.6120368
1524088800,524.35,524.4,524.35,524.4,62.51971280000001
1524092400,522.41,523.0,522.41,523.0,41.63656538
1524096000,524.78,526.0,525.9,524.86,107.19248828999999
1524099600,525.47,525.48,525.48,525.48,21.463313380000002
1524103200,530.0,530.78,530.0,530.21,32.950960399999985
1524106800,536.1,537.0,537.0,536.11,248.85917399000004
1524110400,533.91,535.98,535.97,534.86,395.5799914699997
1524114000,533.02,534.99,534.99,533.03,325.84554144999976
1524117600,532.09,533.0,532.09,532.99,162.94965449
1524121200,532.04,533.13,532.92,533.07,152.40995351
1524124800,530.47,532.06,532.06,531.19,230.35512788999995
1524128400,530.83,531.38,531.38,531.27,40.44267639
1524132000,534.27,534.69,534.67,534.52,161.12938367000004
1524135600,535.07,535.92,535.07,535.48,35.08339961
1524139200,535.98,536.01,535.98,536.01,133.06247683
1524142800,542.99,543.09,543.0,543.09,90.61018081999997
1524146400,545.79,545.89,545.8,545.89,160.81143695
1524150000,546.01,548.08,546.01,546.65,853.0106794199997
1524153600,546.96,547.51,546.96,547.51,80.80769367999996
1524157200,554.3,554.3,554.3,554.3,20.77928677
1524160800,559.31,562.21,560.0,561.18,544.8629801799997
1524164400,555.33,557.45,557.45,555.34,391.62342745999996
1524168000,554.69,557.3,557.3,554.69,336.19596129999974
1524171600,553.25,553.82,553.25,553.47,43.20118506
1524175200,561.33,561.52,561.33,561.48,51.96294399999999
1524178800,560.0,569.95,560.72,567.29,8331.043338180065
1524182400,567.28,579.8,567.29,578.63,10842.084904590072
1524186000,574.52,585.79,578.63,584.68,9812.31935748007
1524189600,567.55,587.0,584.68,570.62,21970.684336809987
1524193200,570.6,570.61,570.6,570.61,25.614799890000004
1524196800,566.6,573.35,573.35,566.99,1576.87654629
1524200400,561.5,562.03,562.03,561.5,40.03336471
1524204000,564.23,564.38,564.23,564.37,21.84769787
1524207600,571.01,571.5,571.5,571.01,77.23314526000001
1524211200,570.0,570.55,570.0,570.55,23.783442919999995
1524214800,571.0,571.01,571.01,571.0,1.20228206
1524218400,571.0,572.0,571.76,571.8,311.62349480999995
1524222000,584.81,586.0,584.81,585.39,47.558263530000026
1524225600,590.45,590.46,590.46,590.46,19.104256699999993
1524229200,590.19,591.31,590.79,590.86,227.12805120000002
1524232800,583.7,584.49,583.75,584.14,37.618233499999995
1524236400,588.0,589.0,589.0,589.0,328.18998406000003
1524240000,585.03,585.04,585.03,585.03,45.555628459999994
1524243600,589.17,589.33,589.33,589.17,42.461443499999994
1524247200,588.99,589.0,588.99,589.0,56.8960019
1524250800,593.02,593.03,593.03,593.03,52.93485814
1524254400,593.55,593.56,593.56,593.56,19.365794209999997
1524258000,592.77,592.9,592.81,592.9,120.0838367
1524261600,597.37,598.69,597.37,598.69,235.64723101999996
1524265200,614.0,616.19,615.04,616.18,432.48524265000003
1524268800,617.17,617.6,617.17,617.55,261.2738031
1524272400,611.0,611.98,611.98,611.0,209.60108686
1524276000,605.0,606.0,606.0,605.0,101.90124420999994
1524279600,610.49,610.9,610.5,610.9,81.62083719
1524283200,607.99,608.58,607.99,608.58,130.89462512999992
1524286800,609.49,609.73,609.72,609.49,20.2856
1524290400,610.31,610.38,610.31,610.38,48.84692561000001
1524294000,619.27,619.87,619.65,619.29,35.04435614999999
1524297600,612.13,614.56,614.11,612.13,254.22465273
1524301200,602.2,603.44,603.0,602.21,110.42754356999998
1524304800,588.86,589.46,589.46,589.44,18.157007419999996
1524308400,583.23,585.25,585.25,584.49,483.79430284
1524312000,586.11,588.69,587.29,588.69,267.78974732999995
1524315600,595.73,595.92,595.73,595.92,44.2420106
1524319200,593.47,599.49,594.35,597.46,2643.7902082600062
1524322800,597.46,609.61,597.47,609.3,4042.3388987300123
1524326400,601.55,614.0,608.92,602.56,4689.825134640025
1524330000,602.56,606.0,602.56,604.15,2897.463049160004
1524333600,602.59,610.11,604.15,608.97,2512.501138979999
1524337200,608.97,610.88,608.98,609.0,2030.9311019999984
1524340800,597.88,609.01,609.0,604.0,4347.426728600001
1524344400,604.26,605.0,604.96,605.0,7.99292146
1524348000,603.09,603.52,603.52,603.09,107.41535219
1524351600,603.24,603.25,603.24,603.25,9.63593713
1524355200,603.69,605.19,605.16,604.08,215.96278004999994
1524358800,594.0,596.62,595.66,594.0,103.33585699999999
1524362400,595.01,595.99,595.98,595.92,28.71544804
1524366000,602.13,603.25,602.13,603.25,367.41126624
1524369600,600.5,602.33,600.87,600.5,353.5552195300001
1524373200,605.27,605.95,605.27,605.95,25.02422795
1524376800,606.22,606.31,606.31,606.22,15.3883971
1524380400,610.74,610.75,610.75,610.75,80.3750775
1524384000,611.84,612.88,611.84,612.88,118.65676804
1524387600,622.99,623.0,623.0,623.0,13.70790402
1524391200,618.69,618.7,618.69,618.69,20.391871039999998
1524394800,623.0,623.51,623.5,623.51,150.75050839000002
1524398400,626.0,628.39,626.0,628.39,117.21529457000003
1524402000,619.0,620.58,620.31,620.33,110.79936787
1524405600,626.16,627.16,626.16,627.16,66.94643588000001
1524409200,634.74,637.9,637.4,635.38,277.75415385
1524412800,633.53,634.3,633.81,634.13,21.005400859999998
1524416400,634.99,635.98,635.0,635.83,128.64513349000003
1524420000,642.0,642.49,642.0,642.49,22.516400549999997
1524423600,636.63,642.39,641.99,636.85,1017.9799533899998
1524427200,636.96,636.97,636.96,636.97,10.5712546
1524430800,640.08,640.89,640.49,640.74,21.955366340000005
1524434400,637.54,637.55,637.54,637.55,16.81708661
1524438000,630.92,630.93,630.93,630.93,50.65895311000001
1524441600,619.8,620.08,620.08,619.81,27.320745230000004
1524445200,627.04,628.29,627.49,627.9,92.32734028000002
1524448800,630.57,632.47,630.57,632.47,23.602326040000012
1524452400,631.8,633.44,632.49,632.94,289.29293597000014
1524456000,635.07,635.53,635.53,635.07,30.08865866
1524459600,632.68,632.92,632.68,632.91,17.804069889999997
1524463200,633.2,634.0,634.0,633.48,272.1948680800001
1524466800,637.91,639.0,637.91,638.87,144.71375827
1524470400,639.0,639.0,639.0,639.0,28.918433529999998
1524474000,637.08,637.09,637.09,637.09,14.4475793
1524477600,635.14,636.0,635.92,635.99,101.74628243000005
1524481200,634.72,635.31,635.31,634.72,41.96813007
1524484800,636.0,636.01,636.01,636.01,61.854069679999995
1524488400,644.45,644.46,644.46,644.46,66.63302268
1524492000,644.3,646.0,646.0,644.3,220.05746815000003
1524495600,644.24,644.25,644.25,644.24,44.13765973
1524499200,644.29,644.81,644.3,644.8,169.95353093
1524502800,643.0,643.01,643.0,643.01,86.31769548999999
1524506400,635.75,636.49,636.46,636.49,43.375062289999995
1524510000,639.99,640.14,640.0,640.14,79.40782029999998
1524513600,636.71,637.9,637.34,636.71,48.22795332
1524517200,639.74,639.75,639.75,639.75,5.18224523
1524520800,639.98,640.0,639.98,640.0,92.61555843000001
1524524400,641.22,642.0,641.23,641.99,1725.6693634899996
1524528000,642.85,644.7,642.85,644.66,2201.2177202400007
1524531600,658.25,661.2,661.19,658.25,800.7514989599997
1524535200,669.98,670.83,669.99,670.55,1229.25176214
1524538800,666.99,668.0,667.0,667.0,789.32364555
1524542400,669.18,679.37,669.25,679.37,9026.001364009997
1524546000,676.12,683.0,681.0,678.3,3441.12105415
1524549600,680.75,683.71,683.52,681.11,1063.22471141
1524553200,675.5,678.0,677.01,675.5,503.40206627
1524556800,678.27,682.0,678.27,681.91,1259.34185441
1524560400,680.0,683.97,681.0,680.81,2550.181932
1524564000,683.0,685.8,683.09,685.69,2224.53011298
1524567600,688.3,689.67,688.3,689.67,218.10352329999992
1524571200,687.25,697.88,687.97,697.88,8676.826635529998
1524574800,697.94,707.07,700.98,707.07,7544.002624089998
1524578400,687.1,694.5,694.5,690.0,3667.2030805599998
1524582000,698.48,704.06,699.06,699.36,4896.833919039999
1524585600,696.79,701.44,700.0,696.79,2576.1195298799994
1524589200,698.99,703.0,698.99,702.99,1815.41593049
1524592800,702.98,709.0,709.0,704.0,1364.11533895
1524596400,700.75,709.0,708.0,705.99,8507.994922929995
1524600000,701.2,709.59,708.99,702.89,6536.084629230001
1524603600,703.76,708.07,705.88,708.07,1736.5424010200002
1524607200,703.46,705.25,704.56,703.46,1051.1892079200006
1524610800,702.05,707.25,703.3,705.61,5239.896590639999
1524614400,686.56,704.0,703.38,686.57,11810.132667209999
1524618000,678.59,688.24,684.39,685.81,4098.83506065
1524621600,694.55,696.72,694.55,696.72,695.41116832
1524625200,681.11,695.96,693.43,683.28,5999.48025118
1524628800,654.47,660.62,656.2,660.62,3526.3449412899986
1524632400,638.13,660.99,638.13,657.55,13179.482532409998
1524636000,652.54,668.65,656.0,663.45,4764.9183341200005
1524639600,659.32,662.99,660.0,660.95,850.74905775
1524643200,659.34,660.1,659.34,660.1,167.49955309
1524646800,636.88,646.03,637.0,638.02,2129.7307522600004
1524650400,617.0,637.65,637.06,618.3,5598.909958809999
1524654000,608.99,624.87,620.49,618.12,8414.951877440002
1524657600,624.34,639.79,629.23,628.38,7358.1536521
1524661200,626.54,631.0,628.67,630.75,2076.0643693899997
1524664800,614.0,619.47,614.0,614.55,374.6725824100001
1524668400,596.0,615.0,598.0,609.0,13806.608547789996
1524672000,602.04,619.0,618.99,604.84,4856.287565420001
1524675600,613.07,625.63,616.68,625.63,5692.48039109
1524679200,628.0,636.0,634.69,630.25,3591.6633151899996
1524682800,627.17,631.0,630.16,627.53,216.4702861700001
1524686400,629.01,642.45,629.01,638.35,5744.726945579999
1524690000,636.86,647.43,636.87,647.36,2529.99086068
1524693600,640.78,648.0,647.48,640.83,1850.5395877399997
1524697200,622.11,624.95,622.11,624.95,535.88613245
1524700800,600.0,617.79,617.5,609.06,15934.377054449995
1524704400,607.09,619.53,612.57,619.2,7197.217226509998
1524708000,611.98,620.0,611.99,617.17,2462.167868049999
1524711600,620.37,622.0,622.0,620.37,486.7973640799999
1524715200,617.01,623.56,617.23,623.0,3276.841685600001
1524718800,630.28,636.91,630.56,632.94,2122.6069108599995
1524722400,630.8,636.46,632.0,636.33,770.155929
1524726000,619.15,620.49,620.49,620.48,151.07989831999993
1524729600,623.21,635.54,631.25,623.28,2766.8724710799993
1524733200,620.66,626.33,621.7,622.96,868.1029905199995
1524736800,619.73,624.98,619.74,624.97,1143.8660682199995
1524740400,629.5,630.01,630.01,629.51,26.790650080000006
1524744000,632.0,638.12,632.0,637.0,2690.2730572
1524747600,628.03,636.09,636.04,631.01,1834.5718834199997
1524751200,631.01,632.14,631.1,632.14,1047.4175286199998
1524754800,628.04,629.45,628.56,628.33,81.78043421999999
1524758400,625.66,633.0,627.99,633.0,3404.7615157399996
1524762000,633.88,637.12,635.9,634.61,2269.5899255199997
1524765600,630.04,633.0,632.2,631.75,718.4553876400001
1524769200,629.24,630.75,630.51,629.99,245.26194287
1524772800,628.0,644.45,628.99,642.0,7027.097008809998
1524776400,647.39,649.9,647.39,649.9,1826.9488080599997
1524780000,647.06,651.94,647.06,651.79,1118.6884102100003
1524783600,657.31,664.74,660.81,660.89,4668.885778239999
1524787200,657.68,662.5,661.01,657.69,1523.96575695
1524790800,656.1,660.0,656.74,659.55,389.80775668
1524794400,659.7,663.0,660.01,660.58,1658.8270993700005
1524798000,655.12,659.76,659.27,655.96,1840.12384889
1524801600,645.73,652.0,648.77,651.27,2945.8228006000004
1524805200,652.14,655.0,654.22,652.49,1462.16102699
1524808800,648.91,654.0,649.59,654.0,1782.7447065400004
1524812400,653.41,656.75,656.3,655.27,614.7734924399998
1524816000,655.62,661.48,656.92,661.48,1639.2510799599997
1524819600,660.99,673.1,662.0,673.1,4072.53774172
1524823200,674.37,683.16,676.0,680.75,4272.062582569999
1524826800,677.92,681.94,680.75,680.24,4511.8431875900005
1524830400,679.35,684.9,680.72,683.19,941.13395176
1524834000,680.39,681.4,680.51,680.6,97.77581006000003
1524837600,670.51,674.87,672.76,673.53,2509.21528623
1524841200,672.14,680.0,680.0,672.17,1705.6566639799998
1524844800,672.79,677.64,672.79,677.64,1583.9563559800001
1524848400,677.45,677.8,677.46,677.8,30.09486457
1524852000,675.0,679.11,679.11,677.39,1651.4358185500002
1524855600,673.29,674.25,673.8,674.24,326.40151799
1524859200,646.2,662.81,658.0,646.2,5454.55265755
1524862800,640.0,654.5,648.27,651.01,4808.776067909999
1524866400,645.98,650.46,646.0,650.02,572.4715369199998
1524870000,651.87,654.33,653.32,653.74,398.6214812099998
1524873600,638.7,656.4,643.11,656.4,3003.2835235499997
1524877200,654.38,661.88,655.28,661.88,1738.8267911499997
1524880800,660.08,667.17,665.96,662.48,1638.1937228400002
1524884400,657.45,661.46,657.45,661.46,635.59126281
1524888000,665.95,666.66,665.95,665.95,189.32781484000003
1524891600,663.9,668.2,664.0,665.23,1278.48250454
1524895200,666.53,671.45,667.2,669.0,1055.7843023700004
1524898800,669.01,670.92,670.55,669.68,581.7284263
1524902400,669.41,669.42,669.42,669.41,56.857895019999994
1524906000,668.55,680.0,672.99,678.89,1869.5160706500003
1524909600,678.51,685.07,679.96,683.98,3144.0291475399995
1524913200,675.85,682.0,681.93,677.0,820.7426011
1524916800,677.22,679.12,677.22,679.12,201.87438046000003
1524920400,686.79,693.15,689.35,686.85,2773.4096295199997
1524924000,688.92,691.73,690.0,689.5,2118.51118932
1524927600,676.0,683.9,683.9,681.43,2447.92127591
1524931200,683.24,688.0,686.34,686.0,1775.91129112
1524934800,680.21,683.0,680.55,682.95,375.88001827999994
1524938400,680.72,685.0,680.73,684.99,563.63819196
1524942000,685.0,688.31,688.31,685.1,1633.46062309
1524945600,685.92,688.31,686.46,686.95,1421.3643227999996
1524949200,680.05,683.11,683.1,680.32,976.4009867999998
1524952800,676.27,683.5,676.27,683.5,798.9991284199999
1524956400,685.89,685.9,685.9,685.89,54.12370463999999
1524960000,682.0,687.5,682.01,686.47,2446.9555340399997
1524963600,686.15,687.5,687.5,686.86,717.59197079
1524967200,694.0,696.71,694.0,696.25,1395.0904417699999
1524970800,689.99,694.38,694.38,691.5,2065.46376325
1524974400,690.07,694.0,692.87,692.66,1201.1325517299997
1524978000,687.82,693.0,692.5,690.5,2131.7522282699965
1524981600,687.68,693.84,690.5,692.5,1342.6789306499895
1524985200,690.8,695.0,692.51,691.29,746.33120562
1524988800,682.05,691.89,690.72,684.18,1871.6299640699992
1524992400,666.68,681.0,674.05,677.27,4165.422081509999
1524996000,679.27,683.2,681.4,682.99,478.13168212000005
1524999600,669.04,672.79,672.79,669.05,72.02472861999999
1525003200,670.0,678.4,675.06,670.0,1919.5286561700007
1525006800,673.98,679.24,673.99,676.75,1041.3821786299998
1525010400,680.99,683.55,682.0,682.0,825.6890395299997
1525014000,678.01,680.0,678.01,679.5,259.75064037000004
1525017600,676.47,680.69,680.01,678.0,1045.3676666699996
1525021200,671.0,679.87,675.56,679.15,2993.249606350009
1525024800,675.65,679.15,679.15,679.0,1594.4780096799986
1525028400,677.54,680.69,679.01,678.02,1693.435042589994
1525032000,678.0,679.0,678.02,678.38,145.54281813999998
1525035600,677.66,680.0,678.11,679.47,415.90945025
1525039200,681.0,681.66,681.19,681.65,200.67877274000003
1525042800,685.95,688.83,687.52,687.51,1883.5356574099976
1525046400,685.2,692.45,688.0,691.69,4703.126146120084
1525050000,688.0,691.69,691.68,690.31,2431.95133032
1525053600,688.96,691.97,690.16,690.11,2732.107063489999
1525057200,685.22,692.04,690.99,685.23,2061.0448208699995
1525060800,677.48,682.66,677.48,681.35,1887.70845924
1525064400,678.49,680.88,678.5,680.88,127.65927376000002
1525068000,679.0,685.85,685.0,682.5,1838.09824887
1525071600,673.43,684.0,682.11,678.31,3159.0364937100007
1525075200,676.88,681.0,676.89,679.4,950.4102210699997
1525078800,682.43,685.0,684.0,683.53,593.5846981100001
1525082400,681.19,689.9,685.54,689.9,2351.64278888
1525086000,685.0,689.0,687.55,685.01,1775.8177811700004
1525089600,684.33,684.9,684.88,684.9,711.06121118
1525093200,685.99,689.0,685.99,686.0,803.58826325
1525096800,676.63,683.95,683.15,678.02,6385.478965930025
1525100400,677.99,679.46,678.01,678.24,838.56751079
1525104000,680.0,682.41,680.17,682.41,1596.1288407399998
1525107600,677.16,679.99,677.16,679.99,3234.7743565900005
1525111200,678.03,684.5,679.61,682.0,2757.72711314
1525114800,675.03,680.91,680.0,677.06,1872.74482005
1525118400,676.11,677.0,677.0,676.88,261.64575290000005
1525122000,667.69,671.0,670.95,669.51,1426.11996825
1525125600,668.0,672.0,669.11,669.01,1355.3252311899998
1525129200,662.7,667.75,663.8,664.55,1512.1102269899998
1525132800,669.81,669.87,669.82,669.86,37.620727089999995
1525136400,627.2,640.6,633.23,638.97,16572.42665554
1525140000,640.67,648.25,647.38,641.9,6532.033563969999
1525143600,646.5,655.0,649.02,652.36,1848.0102080600002
1525147200,636.98,643.18,639.83,642.5,2270.4010742000014
1525150800,649.76,653.41,653.03,649.76,789.7239563200001
1525154400,650.37,655.41,651.72,655.41,2570.682183129999
1525158000,657.77,663.0,658.0,661.34,2648.29415724
1525161600,658.86,664.48,659.96,664.47,1306.4438310500002
1525165200,670.44,673.0,670.44,673.0,296.05239650000004
1525168800,662.0,668.0,666.79,665.5,1262.2065334500003
1525172400,665.03,669.74,665.04,667.0,1477.7439502599998
1525176000,651.5,658.97,657.66,652.4,3326.8820572999994
1525179600,641.17,651.18,650.97,642.5,2400.4160331199996
1525183200,646.9,647.1,646.9,647.1,176.29998834999998
1525186800,641.46,648.0,643.99,648.0,3077.55856031
1525190400,647.01,655.23,647.01,654.99,1860.3758637000005
1525194000,653.19,656.85,653.99,655.61,1624.8407412399997
1525197600,657.86,659.23,657.86,659.22,109.08812831000003
1525201200,658.0,661.32,658.99,660.58,1156.4143790500002
1525204800,660.15,661.32,660.42,661.17,1250.2816794200003
1525208400,662.16,667.0,662.17,666.99,773.02464562
1525212000,669.21,672.39,669.21,672.25,498.6337682599999
1525215600,668.99,672.0,670.09,671.38,2046.3384362800002
1525219200,670.74,676.33,670.74,675.89,2635.888162290001
1525222800,665.93,669.82,669.81,665.95,1562.6620625799999
1525226400,671.68,674.0,671.69,673.99,538.3274422700001
1525230000,663.57,669.74,669.74,669.0,3108.9502425600003
1525233600,671.7,678.0,671.99,675.87,5350.927847950028
1525237200,673.02,680.99,675.87,679.0,4139.102458590002
1525240800,676.0,681.03,677.46,681.03,2590.7085792300004
1525244400,680.01,684.0,683.21,683.5,1562.0246147400003
1525248000,680.0,683.33,681.93,680.01,472.20575769
1525251600,677.0,680.0,679.23,677.92,224.27898832000002
1525255200,677.99,684.0,678.0,682.34,2617.92272398
1525258800,680.5,683.0,681.73,680.51,1462.56362859
1525262400,676.24,680.0,679.98,676.77,1124.39780907
1525266000,667.23,671.54,670.08,671.28,1966.27357364
1525269600,673.99,675.99,675.99,674.0,278.9804998900002
1525273200,673.4,680.0,673.41,680.0,1757.65610582
1525276800,677.16,681.0,680.25,679.61,1134.2602263299996
1525280400,678.0,679.98,678.01,678.49,432.1255625100001
1525284000,671.26,676.47,676.47,672.49,1315.63567426
1525287600,670.25,677.0,676.01,673.48,4169.386014819999
1525291200,673.1,675.29,675.29,673.13,1210.12656938
1525294800,679.99,689.0,679.99,685.47,5255.980495479999
1525298400,684.0,684.88,684.88,684.31,416.2716437600001
1525302000,684.0,689.98,689.5,685.53,2958.9528000399996
1525305600,684.0,686.93,685.65,685.97,1258.1694807000001
1525309200,684.08,686.72,685.22,685.4,1156.14205684
1525312800,690.2,692.0,691.84,692.0,840.21676693
1525316400,707.0,718.87,707.0,713.29,16291.578951740175
1525320000,713.28,724.0,713.29,722.16,5200.219022989999
1525323600,714.5,721.48,718.42,716.0,1377.6307601800002
1525327200,703.23,719.0,709.58,715.4,4193.099542939999
1525330800,713.66,723.7,715.8,723.7,1808.97800394
1525334400,709.86,722.0,720.0,714.99,1599.3876468500002
1525338000,707.0,713.5,713.41,711.11,966.95896357
1525341600,714.3,719.0,714.54,718.76,2403.4831015500004
1525345200,713.0,722.67,722.66,714.38,2813.5260678299996
1525348800,718.73,727.9,718.97,727.9,2237.3596545699997
1525352400,736.89,741.0,736.9,740.52,1744.4465334800002
1525356000,740.03,753.87,753.01,742.48,5769.66551653
1525359600,743.5,747.0,743.96,743.51,1842.6960684300002
1525363200,741.0,741.85,741.84,741.8,298.46345531000003
1525366800,758.61,772.94,764.99,764.99,8255.01000031
1525370400,747.8,768.0,767.0,753.44,9441.30552776
1525374000,755.0,760.0,757.99,757.61,1627.99377305
1525377600,755.13,758.82,758.71,756.0,411.00688457
1525381200,754.05,765.5,754.05,763.0,3805.0987901999993
1525384800,762.87,768.36,762.87,766.5,3348.2371656900004
1525388400,770.7,784.76,778.48,779.41,7092.566790349998
1525392000,761.22,776.9,775.51,767.6,5073.181498939999
1525395600,761.5,778.38,761.5,774.0,6214.516238660053
1525399200,771.0,777.74,774.0,773.4,4976.692883970037
1525402800,762.03,774.12,773.39,769.0,3289.517038169999
1525406400,767.01,775.0,767.01,774.08,3719.648114780034
1525410000,773.26,776.0,775.0,774.02,515.9237412499998
1525413600,768.0,778.0,770.01,778.0,2302.15310551
1525417200,773.0,778.68,776.13,775.35,2330.2794894500007
1525420800,777.72,787.89,777.74,787.76,2969.29762051
1525424400,796.0,799.0,797.99,796.12,1604.9218347099998
1525428000,786.0,795.0,791.64,793.0,3626.104001939999
1525431600,781.15,791.02,791.02,787.9,2275.3211891700003
1525435200,795.03,798.89,796.26,797.99,2264.1984105
1525438800,794.23,797.0,794.56,795.95,644.9742699000001
1525442400,785.02,794.9,792.82,789.97,5039.372497309999
1525446000,761.11,794.99,794.01,770.32,14276.940683929994
1525449600,762.69,776.5,771.81,776.5,6380.863782279999
1525453200,774.0,781.0,776.0,775.5,4032.1911032699995
1525456800,766.0,774.97,774.51,768.99,4402.62060687
1525460400,772.0,774.73,774.47,774.73,1344.1079173700002
1525464000,779.79,786.0,779.8,786.0,2065.3427487599997
1525467600,783.49,785.0,783.5,785.0,593.8525534800001
1525471200,782.0,788.01,786.0,785.0,2317.6438988100003
1525474800,780.21,789.33,788.1,784.31,1907.2359683699995
1525478400,778.5,785.05,783.01,784.0,1238.25140404
1525482000,787.31,791.54,791.54,788.0,418.62271993
1525485600,793.5,799.1,793.5,797.33,5180.6849260499985
1525489200,795.02,799.99,797.99,799.99,2373.213792169999
1525492800,801.0,804.5,801.01,803.67,1991.57081214
1525496400,802.43,811.21,809.0,805.01,3632.07523619
1525500000,802.0,807.0,806.43,804.91,1239.0509147299997
1525503600,799.0,804.91,799.0,803.61,933.1598413099998
1525507200,798.54,804.67,802.74,804.66,1111.8554903299998
1525510800,805.11,807.7,807.7,807.69,118.35486352999999
1525514400,806.44,816.62,806.45,812.98,2717.93052297
1525518000,804.12,814.0,814.0,808.92,3306.1594740999994
1525521600,811.8,819.59,811.81,819.03,1521.7580836
1525525200,818.5,823.85,818.5,823.85,1216.5906479500002
1525528800,812.98,822.98,812.99,822.97,3984.5594086899996
1525532400,817.0,822.23,820.19,819.65,2696.7773790700026
1525536000,806.99,817.65,816.0,816.48,3082.8804056999998
1525539600,817.72,817.83,817.73,817.83,565.78324947
1525543200,800.0,808.62,805.0,805.0,2416.9505029799993
1525546800,805.04,808.36,808.35,806.36,1800.6104747600007
1525550400,797.12,806.0,806.0,799.99,4033.2188018600004
1525554000,790.3,799.0,797.28,799.0,2954.21715164
1525557600,800.0,803.4,803.31,803.4,560.9849999200001
1525561200,808.12,808.13,808.12,808.13,23.58621338
1525564800,811.3,817.99,812.0,817.33,2056.5351594900003
1525568400,820.5,823.99,821.1,823.93,3006.66372938
1525572000,826.7,828.97,828.0,828.07,1223.7909729399998
1525575600,825.14,825.15,825.15,825.15,115.97988950999999
1525579200,810.08,821.05,818.09,810.08,3287.0743601400013
1525582800,800.11,814.68,810.09,801.21,5557.218614190003
1525586400,775.0,800.63,800.63,791.47,12786.795389110102
1525590000,785.58,799.0,791.47,791.0,3447.9045848700093
1525593600,776.09,791.0,790.99,778.99,2177.7425556
1525597200,763.58,774.93,770.16,773.58,3792.3673389199994
1525600800,772.88,780.21,772.89,780.21,923.7123981399997
1525604400,769.84,775.35,775.35,769.85,213.09449123
1525608000,750.7,767.0,766.1,762.12,6620.13617222
1525611600,762.0,774.74,767.9,774.54,2163.2786525300003
1525615200,768.19,777.57,773.14,772.89,1076.95107925
1525618800,771.11,776.97,773.81,771.24,668.14754139
1525622400,771.0,781.36,771.01,781.36,3781.6498336600016
1525626000,781.68,785.0,782.53,784.99,2358.8905263100005
1525629600,777.37,783.6,783.01,779.1,724.70819606
1525633200,778.0,780.0,778.0,779.71,497.06930077000004
1525636800,776.01,778.38,776.69,778.38,313.6471953499999
1525640400,770.4,778.39,773.12,778.03,1245.9452111199998
1525644000,779.73,785.0,779.74,782.99,3369.7235101999995
1525647600,779.0,784.69,782.0,784.61,1391.4747027599997
1525651200,784.29,789.13,784.88,789.0,1440.7974021000007
1525654800,770.01,774.31,774.31,770.3,688.38389685
1525658400,748.87,761.0,760.23,748.87,6353.774753239998
1525662000,744.01,748.5,748.49,744.61,2608.3750665000002
1525665600,749.53,757.0,754.0,752.98,4110.78635687
1525669200,743.6,749.01,749.01,744.67,1688.3265306599994
1525672800,754.02,755.99,754.05,754.68,302.6954257500001
1525676400,745.55,752.99,752.01,748.11,1007.5630530599998
1525680000,725.84,734.99,734.99,731.96,2063.59915905
1525683600,728.84,737.42,737.0,729.61,320.14655383999997
1525687200,696.18,722.78,696.54,716.46,8551.94287497
1525690800,717.0,730.64,720.9,729.7,4899.748420740001
1525694400,731.99,739.0,731.99,738.5,2199.56457204
1525698000,715.29,729.86,728.8,717.89,3712.255003339999
1525701600,699.0,708.0,708.0,699.0,2961.958953259999
1525705200,714.0,729.0,714.31,728.0,7634.913883559997
1525708800,722.36,729.0,726.0,726.0,5050.604023419999
1525712400,731.0,743.0,732.35,743.0,3852.7871497999995
1525716000,736.14,740.0,736.15,740.0,1172.1074954099997
1525719600,742.92,758.0,743.55,753.02,7611.460023209999
1525723200,750.02,756.47,755.89,753.8,1697.72118295
1525726800,758.99,763.83,759.0,763.8,3040.6294537299996
1525730400,744.01,751.54,749.64,751.33,2125.5349154099995
1525734000,740.49,744.0,740.5,744.0,688.0584188400001
1525737600,752.01,762.46,752.43,758.09,4350.9152392
1525741200,759.97,775.0,759.97,768.03,6782.958084919999
1525744800,768.16,773.0,768.62,771.38,2521.06611029
1525748400,762.25,771.4,767.31,764.7,1687.9550015400005
1525752000,765.8,770.5,770.0,766.83,747.7225405999998
1525755600,754.93,764.4,764.4,754.99,5958.140077139999
1525759200,744.9,757.77,749.99,757.45,3562.831730349999
1525762800,752.16,757.99,752.22,755.4,447.20659984
1525766400,758.09,760.0,759.0,760.0,189.68640150999997
1525770000,732.29,758.66,758.08,732.85,5369.260828719997
1525773600,737.75,751.68,740.94,740.55,1898.0945454500004
1525777200,731.5,743.72,743.71,731.8,3447.6474466299987
1525780800,720.0,728.23,728.22,723.37,4477.122999889999
1525784400,734.94,740.35,736.7,740.25,432.74714312000003
1525788000,727.81,736.55,728.88,732.55,4295.539992490001
1525791600,728.22,734.4,731.66,730.84,2116.02586433
1525795200,731.5,734.0,734.0,732.85,1566.0044327199987
1525798800,729.44,732.37,731.45,732.21,598.8991919500002
1525802400,733.02,734.77,734.77,733.02,108.57817465
1525806000,745.04,750.0,745.34,747.13,1809.1372618199998
1525809600,746.04,748.24,747.18,746.9,1268.6405108899999
1525813200,738.0,739.84,739.65,738.0,22.525854399999997
1525816800,746.0,754.7,746.0,754.02,2385.2708859800005
1525820400,752.75,755.89,752.76,752.75,1109.51446079
1525824000,743.39,749.29,746.99,744.45,1437.7292455400002
1525827600,739.1,741.0,739.15,740.99,257.80752454000003
1525831200,725.5,742.84,741.47,726.35,6155.770770120101
1525834800,716.0,726.99,726.35,718.0,10303.41550039012
1525838400,708.8,720.0,717.95,719.99,9473.04506436003
1525842000,713.64,723.32,720.0,720.69,2322.4507068500006
1525845600,719.4,723.62,721.29,721.98,1018.65010744
1525849200,719.45,722.21,722.21,720.12,183.06452347000004
1525852800,716.16,724.61,716.48,723.32,2279.8348346999996
1525856400,724.24,732.0,724.25,731.77,1052.1160274300003
1525860000,726.21,730.05,730.0,730.0,376.30337642999996
1525863600,735.72,740.0,739.03,740.0,1136.9834599
1525867200,742.99,748.5,743.0,747.55,5452.891673300001
1525870800,742.03,746.63,746.63,746.0,1505.37595611
1525874400,740.3,744.0,743.31,744.0,1843.8608401699998
1525878000,746.46,746.5,746.46,746.49,541.03843296
1525881600,746.12,749.98,747.1,749.1,2940.8965154000007
1525885200,748.79,759.5,748.8,756.01,6152.5549645699975
1525888800,750.78,755.0,750.92,754.99,1198.3581601699998
1525892400,746.1,748.99,747.39,746.1,1018.5443981999999
1525896000,748.82,750.0,748.82,750.0,82.13541880000001
1525899600,740.8,744.0,741.74,744.0,4243.226400229999
1525903200,745.03,752.78,745.04,750.75,2557.14421774
1525906800,747.01,750.0,749.33,748.81,455.39297844
1525910400,749.99,751.89,750.0,751.88,669.1013634500002
1525914000,751.47,757.0,752.01,754.68,2159.5087481599994
1525917600,750.19,755.0,754.0,755.0,2158.5670871399966
1525921200,751.0,757.32,754.99,751.72,1829.38391589
1525928400,751.99,768.0,751.99,764.63,3732.9893244699992
1525932000,756.0,758.98,756.36,758.97,597.8891233200001
1525935600,755.46,758.0,755.46,757.02,295.9443964700001
1525939200,760.0,764.77,761.25,761.01,1062.41397691
1525942800,760.02,763.41,761.21,762.03,594.1063451
1525946400,759.58,764.0,763.83,761.99,557.7567678599999
1525950000,757.99,763.0,763.0,760.09,848.7501074500001
1525953600,755.62,758.0,757.63,756.5,413.4915687799999
1525957200,757.28,765.99,758.93,762.99,3178.67677101
1525960800,759.12,765.0,765.0,760.0,1487.2530032400002
1525964400,757.12,761.24,758.57,759.57,1698.1769965300002
1525968000,758.75,760.82,758.75,760.0,843.8080784900001
1525971600,758.74,760.03,760.03,758.75,153.83947864000004
1525975200,733.1,743.8,741.48,743.8,6571.575036129998
1525978800,733.99,741.0,741.0,738.35,2928.2130454499993
1525982400,730.11,737.88,736.41,735.0,3105.2594675899995
1525986000,733.81,738.22,737.33,737.73,1598.3167873200002
1525989600,735.03,736.0,735.89,735.53,217.74041313
1525993200,723.01,733.88,733.85,723.51,6821.654439290053
1525996800,716.0,723.51,723.51,719.49,7378.410494849997
1526000400,722.74,727.0,726.02,726.5,861.3566882299998
1526004000,727.5,730.88,728.0,727.51,2514.8023069900005
1526007600,723.55,730.86,723.55,730.45,3006.0160680299973
1526011200,729.68,734.58,730.45,732.5,806.0556159600003
1526014800,732.3,733.99,732.62,733.5,237.13256112000005
1526018400,721.1,735.18,735.17,722.59,3479.21832143
1526022000,691.08,718.13,712.85,693.28,14021.543262339996
1526025600,692.0,713.0,692.84,705.04,7822.088705529998
1526029200,689.42,700.76,700.0,689.9,3029.87006201
1526032800,689.01,696.99,692.86,694.99,2096.640513069999
1526036400,688.05,690.99,689.0,690.86,411.11980835
1526040000,668.34,681.13,676.66,672.0,6755.11887524
1526043600,673.73,681.1,678.94,680.98,2189.47545276
1526047200,666.92,689.79,666.93,687.05,12993.896320100132
1526050800,675.1,689.29,687.08,677.06,7657.918795679998
1526054400,679.9,688.9,682.26,683.55,4225.62656734
1526058000,678.0,692.92,688.7,680.98,7119.953945080055
1526061600,680.42,680.99,680.99,680.42,86.20428676
1526065200,684.29,691.99,685.46,691.0,4545.85302886
1526068800,670.1,691.75,689.33,670.1,5928.0125572
1526072400,662.18,678.32,674.53,667.41,8914.774434900104
1526076000,667.07,670.0,667.96,670.0,436.7660994799999
1526079600,676.75,685.96,678.75,678.05,4482.016787860025
1526083200,678.05,682.0,678.05,682.0,303.10221849000004
1526086800,678.14,685.24,685.24,681.72,2528.7215916700075
1526090400,681.1,686.0,681.71,683.75,2831.7282253700077
1526094000,674.5,684.1,683.54,677.0,2284.3462497699998
1526097600,673.0,680.0,676.44,673.01,3205.19385923001
1526101200,673.0,675.0,673.0,674.0,182.88207441
1526104800,640.04,657.11,657.1,647.99,9980.143477089998
1526108400,643.65,651.0,648.71,650.62,2057.0398765200002
1526112000,645.26,653.29,653.29,647.68,1371.90921472
1526115600,637.65,647.0,644.87,641.0,2273.31075947
1526119200,663.04,672.0,666.0,668.34,2081.87315988
1526122800,677.13,682.79,680.7,679.79,1538.7481352599998
1526126400,678.34,687.0,678.51,685.0,3860.00558879
1526130000,676.97,688.7,687.44,681.63,3409.8679664399992
1526133600,666.33,676.01,676.0,674.08,3772.2784245999997
1526137200,671.04,675.01,675.0,671.04,576.5735185899999
1526140800,661.55,661.56,661.56,661.56,22.495679350000007
1526144400,658.67,666.0,658.67,666.0,1525.3777398699997
1526148000,665.02,670.0,670.0,667.8,1052.65378966
1526151600,667.07,670.65,669.1,670.65,612.5980795500001
1526155200,681.19,683.92,681.19,681.87,243.79039331
1526158800,669.88,679.78,679.01,672.39,2467.3016443599986
1526162400,675.0,681.72,675.44,679.95,988.8969193499996
1526166000,682.3,692.39,682.3,687.95,3972.9304513999987
1526169600,684.7,689.24,684.7,686.4,575.8942564600002
1526173200,676.99,681.88,676.99,681.01,1197.1125063799996
1526176800,671.0,677.78,676.0,676.75,1930.7334628799997
1526180400,677.07,680.88,678.42,680.88,1122.9294526900003
1526184000,678.76,683.0,681.0,679.66,615.41886994
1526187600,671.74,675.9,671.75,672.65,422.0991575100001
1526191200,677.41,677.76,677.42,677.75,17.971329299999997
1526194800,682.04,687.0,683.63,685.77,1422.99433765
1526198400,683.6,687.0,685.18,683.64,495.12956403999993
1526202000,681.53,683.82,682.76,683.22,215.49732745999998
1526205600,698.03,701.22,700.19,700.0,155.49966472
1526209200,691.99,698.8,693.79,698.8,1340.2364412399995
1526212800,697.01,704.0,697.59,703.24,1511.58297808
1526216400,700.18,705.0,705.0,701.75,1612.5680235999998
1526220000,704.0,709.2,704.23,707.22,1286.2954382699995
1526223600,720.01,723.49,723.48,720.01,380.93065027
1526227200,723.34,737.33,726.27,733.82,5189.71644013
1526230800,728.15,738.99,733.94,730.88,2867.35135973
1526234400,721.0,729.8,721.5,729.8,1365.3424363299996
1526238000,732.84,734.84,732.85,734.02,429.21115638
1526241600,728.58,739.6,728.61,736.07,3260.22433029
1526245200,730.2,740.31,736.0,732.36,3468.3598527199983
1526248800,726.53,736.0,727.57,733.99,1370.2400095599999
1526252400,734.73,738.5,734.73,736.69,1177.4793225599997
1526256000,720.0,730.0,729.29,722.73,2520.007067859999
1526259600,727.6,733.5,729.61,729.35,2793.3236729000005
1526263200,717.54,730.01,730.01,720.0,4065.5086531500397
1526266800,698.19,722.0,720.0,702.0,10797.80058761
1526270400,689.0,704.65,696.08,699.82,7708.339413010067
1526274000,686.57,699.82,699.82,689.57,3501.460431809999
1526277600,696.02,698.99,698.99,696.02,335.20627279999997
1526281200,693.87,704.62,704.62,697.73,2629.561137639999
1526284800,698.07,702.95,702.11,702.0,1048.70647495
1526288400,705.0,708.96,708.96,706.82,1293.9812843200004
1526292000,701.54,707.0,707.0,705.19,492.0918380300001
1526295600,707.08,707.98,707.98,707.53,101.74471999999999
1526299200,702.68,711.97,711.97,704.0,2332.0946357099997
1526302800,693.0,704.0,703.99,693.36,2437.5087458599996
1526306400,722.62,732.0,724.68,730.99,5661.112721219998
1526310000,729.86,732.01,729.86,730.62,1540.39516908
1526313600,729.0,735.5,732.47,731.1,3915.3143462400003
1526317200,725.51,732.88,731.32,729.23,1832.85641655
1526320800,730.06,733.5,731.4,731.49,1659.7463370799996
1526324400,732.88,737.5,732.88,736.08,1548.7368060699996
1526328000,730.5,746.06,733.58,739.1,8153.613630210005
1526331600,735.55,739.66,736.39,738.03,1340.7962971099998
1526335200,721.0,730.56,728.15,724.39,5507.46432772
1526338800,717.81,725.0,718.37,724.99,1856.7445543599995
1526342400,726.91,728.32,726.91,728.32,318.85409572000015
1526346000,720.23,729.53,727.34,726.36,3472.6741154300294
1526349600,721.33,729.33,726.91,722.69,1819.1273774499919
1526353200,720.2,727.51,722.69,727.0,2504.906726989992
1526356800,724.99,727.0,727.0,726.53,751.90432253
1526360400,726.91,729.42,728.35,728.29,214.99560714
1526364000,731.5,735.7,732.54,734.07,1885.0922817999997
1526367600,730.84,734.0,733.0,733.85,434.60112066
1526371200,726.03,735.0,734.6,726.12,1979.53338816
1526374800,728.8,730.69,730.68,729.95,583.4651769300003
1526378400,725.75,727.59,727.59,725.85,129.65498018
1526382000,728.15,736.0,734.64,729.49,2709.2865877899994
1526385600,730.55,733.95,730.68,730.94,1440.0741841900012
1526389200,726.33,734.36,734.36,728.32,2065.26058648
1526392800,724.51,729.59,729.59,725.16,800.1252899499998
1526396400,709.33,722.91,712.22,718.0,4292.8736226500005
1526400000,716.41,727.26,718.23,723.9,1876.2068719099998
1526403600,718.1,726.0,724.06,718.1,1810.8190408399998
1526407200,707.08,716.2,716.2,712.08,2767.3516070900005
1526410800,708.09,712.99,712.99,712.11,1074.4109505300003
1526414400,709.0,715.0,712.07,713.01,3557.4677092200013
1526418000,708.74,713.26,711.72,711.04,2011.4969920800004
1526421600,702.41,709.56,709.3,702.97,3241.87440238
1526425200,699.44,709.0,700.85,708.91,2359.1163570300005
1526428800,702.94,707.62,706.09,707.62,611.1885273100002
1526432400,700.47,702.0,701.78,701.53,123.97016327999998
1526436000,677.55,692.98,692.98,683.78,8497.408969179998
1526439600,681.0,691.99,681.13,688.43,2934.25043817
1526443200,680.23,691.94,680.23,687.02,3954.8284141299996
1526446800,682.0,687.5,687.09,682.02,1739.0238597700002
1526450400,683.75,687.23,684.56,686.15,719.0278181599999
1526454000,686.68,689.99,687.52,688.99,465.07311561
1526457600,688.0,691.63,691.63,688.02,164.02435964999998
1526461200,685.7,694.27,686.47,690.85,905.49332957
1526464800,693.74,706.99,693.74,706.39,3851.22486434
1526468400,701.58,706.95,701.58,706.01,981.1079011699998
1526472000,705.46,707.0,705.79,706.53,178.13211131000003
1526475600,703.01,703.67,703.29,703.01,8.47537388
1526479200,684.49,692.9,684.91,690.38,1975.53474345
1526482800,691.55,700.32,692.52,700.0,2443.3573960899994
1526486400,696.98,702.92,697.0,701.0,1159.3051336199999
1526490000,694.0,695.43,695.0,694.0,222.34946384
1526493600,694.82,702.0,694.82,699.72,2169.8056942499998
1526497200,696.0,698.51,696.13,698.22,819.01462848
1526500800,693.62,698.0,696.44,694.88,1543.10200784
1526504400,692.57,694.55,694.49,692.87,745.1339941500001
1526508000,694.85,697.0,694.85,697.0,77.57238826
1526511600,700.01,705.73,700.72,705.73,1635.2838015900006
1526515200,707.45,715.0,707.45,709.29,4585.19807798
1526518800,710.1,715.0,710.5,710.42,1047.09664926
1526522400,711.56,714.4,711.56,713.71,713.77714723
1526526000,710.54,717.17,713.17,711.5,3848.2762174700006
1526529600,709.19,714.0,709.88,709.52,1233.2748447399983
1526533200,706.42,711.9,709.32,710.45,1509.4604068000003
1526536800,709.29,711.68,711.68,709.55,147.57712379999998
1526540400,703.18,707.33,706.59,703.19,1127.1215968799997
1526544000,697.01,701.33,698.55,700.0,1170.3246747699998
1526547600,697.59,703.0,698.39,702.54,979.3409966800001
1526551200,700.0,702.65,702.63,700.0,290.03905901
1526554800,700.8,700.84,700.82,700.84,125.94382415999999
1526558400,699.06,703.98,699.43,699.18,2164.8830402600006
1526562000,694.48,699.86,696.99,699.22,1290.0698073899996
1526565600,700.48,702.77,700.48,702.57,834.1243000599994
1526569200,704.54,705.7,705.69,704.55,205.57358503
1526572800,694.0,706.87,706.04,695.66,3144.36127168
1526576400,686.0,699.41,699.11,690.9,6362.531294660002
1526580000,687.01,690.94,690.39,687.03,999.8510083700002
1526583600,679.31,686.41,681.05,685.0,1982.9734767499995
1526587200,683.15,688.0,683.68,687.35,917.1947572699999
1526590800,683.1,687.47,687.46,684.69,1187.4699970799998
1526594400,661.0,679.0,679.0,668.01,10028.373668849998
1526598000,668.0,675.26,671.76,668.0,2058.38221751
1526601600,665.25,668.56,668.56,667.57,460.43606780000016
1526605200,660.01,662.0,660.01,662.0,121.09125714000001
1526608800,662.47,671.63,664.94,671.55,2845.86185946
1526612400,669.74,674.0,669.99,671.76,1661.49458015
1526616000,667.82,673.5,670.02,673.48,656.7783637700002
1526619600,673.12,677.28,673.41,673.81,545.2696064400002
1526623200,672.0,675.85,674.54,674.0,1606.2682962
1526626800,667.5,680.0,668.14,679.99,3608.2793452999986
1526630400,676.58,681.0,676.79,678.16,1809.7236595100003
1526634000,681.0,682.0,681.48,681.85,201.00122369000002
1526637600,679.14,680.89,680.02,680.0,58.546872530000016
1526641200,674.38,683.72,682.78,678.48,2329.3972622500005
1526644800,678.3,683.0,680.46,681.03,1859.9384259300007
1526648400,680.17,682.07,681.22,680.48,77.18930890999998
1526652000,672.02,677.0,676.23,672.06,1903.8563249100002
1526655600,669.0,673.0,671.85,672.8,1067.6795784800004
1526659200,671.51,677.0,676.36,673.51,905.7397385799999
1526662800,678.94,682.6,679.01,682.51,855.6899193300003
1526666400,678.16,680.0,678.85,678.81,284.06211349999995
1526670000,685.22,691.0,687.4,689.0,5205.4260362800005
1526673600,686.78,689.98,689.18,686.78,2175.5544867700005
1526677200,687.7,689.66,687.7,689.66,692.4267179399999
1526680800,688.74,692.0,688.74,691.06,401.81385925999996
1526684400,690.58,690.68,690.68,690.62,56.03764817
1526688000,689.0,696.65,694.5,689.0,2513.8998478999993
1526691600,685.0,690.5,688.45,686.47,1134.0473184999998
1526695200,685.43,689.49,687.03,689.18,380.8824617300001
1526698800,687.11,688.78,687.94,687.17,200.98533159000002
1526702400,690.02,694.27,692.22,690.66,1008.4125735899999
1526706000,690.12,692.0,690.7,691.99,427.86397396000007
1526709600,691.0,693.23,691.63,691.76,415.46263240999997
1526713200,688.56,689.26,689.26,689.25,132.95242626000004
1526716800,683.01,684.99,684.99,684.98,119.24270507000004
1526720400,687.94,692.41,690.67,689.87,422.7914982200001
1526724000,690.66,696.36,690.78,695.65,978.7886431
1526727600,695.01,696.5,695.1,695.91,315.12245156000006
1526731200,706.51,710.0,709.5,707.74,818.98784715
1526734800,708.99,710.0,708.99,710.0,282.2776369799999
1526738400,705.0,709.77,705.01,708.49,1274.2920436000004
1526742000,704.0,707.25,706.99,706.67,862.4502452099999
1526745600,704.44,706.92,706.9,704.47,586.1197627099999
1526749200,700.13,702.51,702.51,702.0,256.89140284000007
1526752800,701.94,702.0,701.95,701.97,134.90870900000002
1526756400,701.0,702.42,702.42,701.73,400.6117546200001
1526760000,702.57,704.5,703.81,703.02,439.3922417099999
1526763600,697.0,697.76,697.76,697.01,311.49030612999996
1526767200,689.21,690.62,689.28,690.62,97.24607916999997
1526770800,689.71,694.11,690.99,694.11,1408.9523277000005
1526774400,693.5,695.97,695.97,694.08,635.1115190200001
1526778000,687.7,694.0,689.88,693.1,1049.9584261800003
1526781600,694.04,695.96,694.25,695.96,922.0198263299999
1526785200,702.12,707.0,706.23,703.37,1915.7295826200002
1526788800,700.52,706.15,701.47,704.08,1022.33917008
1526792400,703.0,705.3,704.08,703.0,425.96525719
1526796000,703.08,704.28,704.27,703.93,409.72604090999994
1526799600,701.92,703.35,702.54,703.35,162.24570457000002
1526803200,704.04,710.0,705.42,710.0,1905.8587865799998
1526806800,705.5,710.0,708.59,710.0,1305.7470966600006
1526810400,711.99,714.99,711.99,714.99,1282.6797034199997
1526814000,708.91,712.0,710.99,710.01,261.73907849
1526817600,710.99,713.0,711.0,713.0,75.99269307
1526821200,707.0,710.0,707.34,709.15,1158.9025014899992
1526824800,708.28,711.0,708.31,709.95,792.5393075799998
1526828400,709.0,710.0,709.28,710.0,868.9053253200001
1526832000,713.0,719.96,713.0,718.0,2521.697857349997
1526835600,716.88,719.0,718.1,717.28,417.40506252
1526839200,719.67,723.0,719.68,722.01,2332.0850696200005
1526842800,715.0,722.18,722.18,717.61,3147.3548013499994
1526846400,718.45,719.9,719.18,718.98,565.0541936200001
1526850000,718.57,719.9,718.58,719.8,526.33138788
1526853600,718.5,719.01,718.61,719.01,444.63092223000007
1526857200,711.09,714.0,711.1,714.0,452.80846011
1526860800,710.2,716.0,714.0,710.2,1736.5111059599997
1526864400,708.59,711.92,711.92,709.52,932.38707981
1526868000,705.47,709.0,705.72,708.99,695.5404823099999
1526871600,709.73,712.0,710.51,711.97,709.52565211
1526875200,710.01,710.99,710.7,710.52,236.59297
1526878800,712.25,713.0,712.6,712.91,79.63226977000002
1526882400,710.61,713.0,713.0,712.0,940.5338991100002
1526886000,713.91,716.5,715.81,715.14,851.9713854499997
1526889600,712.22,716.05,716.04,715.12,748.2251676899999
1526893200,714.75,716.49,715.71,715.93,150.16391059000003
1526896800,709.01,710.75,710.75,710.75,212.73133635
1526900400,704.95,709.0,706.96,709.0,1785.6214018399994
1526904000,706.78,709.0,708.99,708.3,757.7305163600003
1526907600,705.32,706.78,706.77,705.32,801.08521119
1526911200,697.69,706.99,706.98,699.61,2653.44077852
1526914800,696.1,699.0,698.95,698.99,667.9341309900002
1526918400,698.56,700.93,700.4,698.56,164.56229975000002
1526922000,695.01,696.37,696.17,695.4,960.9776130500001
1526925600,689.12,693.55,693.55,691.48,2608.122815620002
1526929200,687.73,693.0,687.73,692.96,1592.8302587
1526932800,694.1,696.35,696.34,695.65,542.9668732699998
1526936400,697.51,698.2,698.19,697.51,154.80920192000002
1526940000,693.24,695.0,694.02,695.0,1101.03407202
1526943600,697.9,699.0,698.0,697.9,953.35008634
1526947200,696.77,699.0,696.77,697.82,480.62448266000007
1526950800,683.45,694.78,694.78,686.62,4203.660266709999
1526954400,685.5,687.36,687.22,687.0,373.95233286
1526958000,686.86,687.84,687.75,687.21,136.21076699999998
1526961600,683.0,687.39,687.39,687.23,1418.17647565
1526965200,686.98,688.89,686.99,687.52,826.2534617299998
1526968800,688.0,695.1,688.01,692.0,2752.63580303
1526972400,691.5,694.0,693.78,693.23,278.60712656
1526976000,692.8,694.0,692.94,692.97,311.5078296
1526979600,684.01,689.38,689.38,684.01,580.3245700199993
1526983200,684.0,693.16,684.0,691.69,1093.91765574
1526986800,682.99,691.4,690.5,685.43,742.40208004
1526990400,680.0,684.25,684.09,682.5,2132.1734523499995
1526994000,677.99,684.05,678.0,684.05,1253.3426206200004
1526997600,683.0,684.85,684.22,684.84,431.46583392
1527001200,677.96,682.21,680.51,678.06,2923.674576350008
1527004800,677.0,680.0,678.06,678.06,3063.520182700001
1527008400,675.1,678.72,678.5,675.1,2170.408555280003
1527012000,670.0,675.1,675.1,670.7,4532.7909745200395
1527015600,662.38,671.93,670.71,666.69,7967.27640827005
1527019200,654.1,667.0,666.7,654.24,8764.835195580046
1527022800,646.2,657.82,654.23,647.82,11313.14893495009
1527026400,638.0,653.08,647.46,638.99,16447.579989150163
1527030000,638.99,641.0,639.0,640.77,657.0845087500002
1527033600,639.61,648.46,640.13,645.01,4405.936052369998
1527037200,625.0,637.0,636.85,627.07,10743.12941885
1527040800,627.8,630.0,629.26,629.99,2094.331550669999
1527044400,632.0,636.5,633.32,635.51,1198.3028067700002
1527048000,638.01,639.62,639.62,638.39,308.60063076000006
1527051600,632.0,641.85,633.82,637.97,1713.5707903599987
1527055200,636.49,642.79,637.97,642.0,2366.2207261
1527058800,627.21,640.64,640.64,628.71,2647.7816698200004
1527062400,620.91,626.97,620.91,622.7,1645.5506097699997
1527066000,613.24,618.84,615.43,613.24,1275.43788952
1527069600,614.59,617.29,615.09,617.29,248.78955819999993
1527073200,612.0,622.49,619.0,617.11,3050.231403360001
1527076800,616.98,621.99,620.55,621.29,1528.37439666
1527080400,621.0,626.0,624.5,621.98,1822.00315194
1527084000,614.5,619.79,619.67,617.24,1683.4881921999995
1527087600,616.99,617.73,616.99,617.69,132.85666639
1527091200,577.78,599.98,599.44,584.16,23112.276029499997
1527094800,571.93,588.9,586.86,574.3,9561.846727729997
1527098400,566.2,578.0,570.11,578.0,6542.1217794099975
1527102000,579.55,586.33,579.55,586.33,1988.57606681
1527105600,590.16,592.5,592.01,592.5,509.69934780000017
1527109200,586.0,593.88,586.75,589.01,2651.199641440001
1527112800,586.0,597.99,596.99,586.05,2886.8709010200005
1527116400,572.49,585.0,582.41,576.19,4491.885832669997
1527120000,577.2,584.6,577.2,584.6,1090.8186028300001
1527123600,587.64,589.0,588.03,587.79,335.62912825
1527127200,588.0,595.0,591.62,588.99,3369.1657393200285
1527130800,588.0,590.0,589.4,590.0,388.71958749999993
1527134400,595.05,607.99,596.01,604.65,7450.215039559999
1527138000,605.5,609.21,608.1,607.4,1756.7345881000003
1527141600,598.59,604.99,603.99,598.59,1558.6428132899998
1527145200,599.39,602.9,599.5,602.9,992.3449375900005
1527148800,588.8,591.0,590.17,588.8,77.97996824000002
1527152400,545.36,576.96,574.27,564.25,13726.276611769998
1527156000,560.0,568.88,564.16,565.73,2484.11915241
1527159600,561.62,570.0,563.89,567.36,2340.5934841300004
1527163200,560.0,565.71,564.72,563.4,1073.7832906
1527166800,582.16,589.62,583.0,586.0,1806.9621168400004
1527170400,576.68,591.58,580.75,586.48,4063.5579631500004
1527174000,581.33,588.75,586.53,585.0,2045.51176172
1527177600,586.69,594.24,593.5,587.0,2921.5243690700004
1527181200,582.36,587.8,582.36,586.01,664.3264574900002
1527184800,583.2,586.0,585.93,583.99,378.45709587999994
1527188400,590.4,598.0,594.45,594.9,5763.610298540004
1527192000,587.57,596.98,596.97,588.0,3417.037473280001
1527195600,583.04,592.95,590.91,584.1,1429.7766762499998
1527199200,587.06,590.09,588.46,590.08,553.8026695000002
1527202800,593.01,594.99,594.98,593.25,289.89456912
1527206400,589.33,603.0,602.65,590.61,3190.42170439
1527210000,590.04,599.0,595.3,599.0,2869.4734123499966
1527213600,596.68,607.0,599.0,607.0,7533.8337289900355
1527217200,602.22,607.42,606.99,602.56,1187.1825893399998
1527220800,601.42,602.93,602.39,602.69,26.147149180000003
1527224400,605.96,610.93,606.0,610.0,2558.1908531300005
1527228000,610.48,614.79,611.0,614.39,2387.9016783300003
1527231600,586.25,598.28,594.65,587.23,4300.198824009999
1527235200,590.01,595.5,594.88,593.4,730.8470698700004
1527238800,595.43,598.13,597.51,596.13,212.5280135299999
1527242400,591.0,598.35,593.33,592.47,2405.593575680001
1527246000,585.33,598.35,587.45,596.01,3685.80406405
1527249600,597.47,606.85,597.62,603.86,2429.556212559999
1527253200,597.0,606.23,606.19,601.91,2638.892778439995
1527256800,595.0,603.13,601.91,595.79,3265.233569940012
1527260400,591.7,600.11,595.78,599.17,4570.306010350033
1527264000,594.67,599.18,599.18,594.68,2187.9996626300026
1527267600,581.64,594.67,594.67,586.06,6656.410416550106
1527271200,577.6,586.04,585.72,581.65,5269.732720930046
1527274800,576.0,583.0,581.66,580.73,5070.783399950053
1527278400,576.71,584.0,580.76,583.83,2549.2943076800025
1527282000,579.25,584.45,583.83,580.9,1873.4111324500036
1527285600,568.27,582.0,580.9,572.81,4187.77071248002
1527289200,571.64,584.04,572.81,584.02,2897.301902710011
1527292800,577.65,584.02,584.02,582.36,3359.325263900013
1527296400,581.86,588.36,582.36,586.92,1793.0888260199965
1527300000,579.92,586.92,586.91,583.0,2216.4117173899954
1527303600,581.24,587.0,583.0,584.89,1389.8216306099973
1527307200,580.35,584.89,584.89,582.47,1024.5456876299947
1527310800,581.0,587.0,582.47,587.0,1040.7743516699973
1527314400,585.0,588.25,587.0,587.59,1086.7582663200003
1527318000,587.59,606.0,587.6,599.14,5134.055200690029
1527321600,598.39,601.0,599.15,600.03,1790.3757749799952
1527325200,597.88,602.0,600.03,599.4,1307.3256227499974
1527328800,593.42,600.0,599.41,598.93,914.3196737699983
1527332400,598.0,602.99,598.93,599.6,1043.1297760499979
1527336000,594.08,601.0,599.38,598.38,1281.0080030200002
1527339600,598.47,601.86,598.88,601.86,773.56860616
1527343200,602.72,604.59,602.9,603.7,483.49108904000013
1527346800,600.61,602.43,600.62,602.31,316.47379645
1527350400,599.17,603.07,603.0,600.0,1410.1634143599995
1527354000,599.5,602.0,600.8,600.45,813.26091779
1527357600,603.34,605.52,603.91,604.23,814.4431322700001
1527361200,602.22,604.0,603.58,603.34,406.93596129
1527364800,597.75,600.7,600.01,599.51,978.6304704799996
1527368400,599.0,605.74,599.23,602.11,1583.11584198
1527372000,594.12,596.54,596.54,594.51,513.7597711099999
1527375600,583.2,587.0,583.95,587.0,864.07244511
1527379200,576.33,585.25,585.0,581.1,2817.2578810000005
1527382800,579.64,584.02,580.82,582.13,2453.96024352
1527386400,582.45,585.0,582.45,583.0,885.3727951000002
1527390000,582.47,583.98,583.98,582.71,381.6478423100001
1527393600,579.69,584.0,580.96,581.0,1153.84384016
1527397200,581.34,583.26,582.95,582.08,247.40841295
1527400800,580.03,582.98,580.52,582.2,360.76258233
1527404400,582.97,582.98,582.98,582.98,95.97774098000001
1527408000,586.73,587.42,587.42,586.74,22.927106179999996
1527411600,572.0,576.41,575.0,574.68,1758.8018411399996
1527415200,571.23,575.99,574.48,571.23,622.4184632800002
1527418800,571.9,575.02,574.99,574.32,283.33579046999995
1527422400,574.28,575.73,575.5,574.89,369.43733269
1527426000,564.01,573.0,572.99,566.51,5759.72834033
1527429600,564.3,569.0,566.25,568.28,1963.60198071
1527433200,570.0,571.9,570.02,570.63,851.7143305599999
1527436800,568.0,570.2,570.2,569.84,662.6509352400002
1527440400,566.24,569.73,569.15,569.7,1048.0932195
1527444000,562.0,571.0,569.16,563.8,2394.06585769
1527447600,556.96,559.7,558.41,558.76,666.0099620200001
1527451200,558.45,562.0,559.2,562.0,586.2497164000001
1527454800,559.5,563.0,561.65,563.0,1110.32890419
1527458400,564.35,567.0,564.35,567.0,507.2679392699999
1527462000,568.99,570.0,569.0,569.8,729.0715644200001
1527465600,570.19,570.75,570.75,570.45,675.9103124100001
1527469200,568.18,570.98,570.84,569.7,1412.4931994599997
1527472800,568.81,570.61,569.81,570.44,913.9884992399999
1527476400,570.54,574.0,570.66,572.44,1806.06794257
1527480000,566.85,572.17,571.2,569.03,652.5243334700001
1527483600,556.11,558.0,556.11,557.35,89.54510459000002
1527487200,520.22,534.55,521.25,527.54,6639.814732669999
1527490800,530.36,540.05,532.0,533.7,3860.58258187002
1527494400,526.11,535.99,533.69,529.19,3005.4485362600058
1527498000,528.83,530.0,529.2,530.0,59.61929893999999
1527501600,532.53,538.0,532.69,537.25,1053.0629991300002
1527505200,530.13,537.36,537.35,530.99,1597.6637356200001
1527508800,521.66,534.52,530.6,534.49,2962.830791940001
1527512400,537.0,540.11,538.92,537.11,863.33626726
1527516000,532.39,534.0,534.0,534.0,654.0855427999998
1527519600,528.01,532.0,528.81,530.04,3585.4795292000003
1527523200,528.0,531.99,530.04,528.25,3641.53436259
1527526800,523.79,528.11,528.08,526.49,4914.009387750022
1527530400,526.5,526.75,526.5,526.74,32.89512600000002
1527534000,521.0,530.0,521.0,526.85,4790.0929046700285
1527537600,526.96,528.44,527.14,527.56,395.68839299
1527541200,517.23,524.99,524.74,519.77,2996.870911439999
1527544800,507.0,517.62,515.92,512.36,6546.3632099199995
1527548400,513.19,518.47,518.04,514.72,2929.1108455699996
1527552000,511.33,515.25,511.33,514.08,2886.3904143799996
1527555600,514.38,521.0,520.32,515.84,1798.4860430099998
1527559200,518.0,521.0,520.99,518.01,1089.42657003
1527562800,519.0,524.0,520.33,524.0,2997.117338669999
1527566400,523.53,526.99,524.55,526.99,1383.5933086599998
1527570000,516.32,526.0,525.99,517.44,1735.6856975599999
1527573600,520.55,523.24,520.55,522.13,653.8947716200001
1527577200,518.79,520.56,519.19,520.56,247.15748388000003
1527580800,520.39,522.67,522.0,520.39,581.2516761400001
1527584400,520.34,521.4,520.34,521.4,188.53213472999997
1527588000,519.9,530.0,522.77,530.0,2344.2811297999997
1527591600,531.17,556.79,531.17,555.3,15658.7559121
1527595200,549.19,568.85,553.05,557.0,10080.351085639997
1527598800,557.51,572.0,557.51,567.73,10744.595470780001
1527602400,555.17,569.89,567.33,559.25,6553.079836309997
1527606000,547.9,556.59,556.58,555.25,5833.27542889
1527609600,554.77,559.62,555.96,559.0,3197.0110141200007
1527613200,555.35,558.97,558.38,556.2,3298.1909455299997
1527616800,562.31,569.69,564.34,569.59,6449.404302179997
1527620400,562.76,567.24,564.33,565.0,2468.7494024900006
1527624000,562.75,573.64,563.79,571.07,5869.040316569997
1527627600,565.23,569.6,568.76,566.42,1841.94066829
1527631200,558.3,567.9,567.61,562.51,2679.09204278
1527634800,558.2,564.28,558.6,564.0,758.1720412599999
1527638400,563.74,567.58,566.65,567.12,1857.5569601399995
1527642000,573.0,585.92,573.0,578.4,5468.40222114
1527645600,576.02,581.01,579.81,578.14,1751.5662703
1527652800,571.21,571.23,571.22,571.23,59.829829989999986
1527656400,571.28,572.4,571.62,571.31,353.97093851999995
1527660000,569.29,571.73,570.01,569.3,901.9146001799999
1527663600,559.0,562.76,559.0,562.0,1116.1869629699993
1527667200,564.24,566.0,565.0,565.41,650.5115786399999
1527670800,559.63,563.06,560.9,562.53,233.49303037999994
1527674400,565.0,565.48,565.48,565.4,52.847384009999985
1527678000,569.99,570.93,569.99,570.68,90.71951100000001
1527681600,568.08,572.73,570.7,568.09,1976.914658409992
1527685200,561.6,568.65,568.09,567.7,3712.8225963500004
1527688800,551.7,569.23,566.61,552.09,7559.274651909999
1527692400,545.6,554.84,553.99,550.02,7616.365828510002
1527696000,541.36,552.0,548.82,544.83,5704.157526450002
1527699600,541.23,547.0,543.71,546.1,3659.16752904
1527703200,545.62,549.33,548.5,547.1,4578.403730790001
1527706800,545.62,547.88,546.25,547.88,1855.05486727
1527710400,548.65,553.01,548.66,549.61,4334.83161363
1527714000,546.1,549.79,548.55,547.63,2308.8358193000004
1527717600,547.32,551.0,547.58,550.91,2719.38673081
1527721200,549.98,558.86,550.71,558.1,3781.97150483
1527724800,553.6,558.29,557.22,555.83,3174.335499789999
1527728400,556.07,560.72,559.99,557.62,1592.5641496100004
1527732000,555.35,559.32,556.01,559.31,979.8230644399998
1527735600,559.18,568.0,559.18,561.22,3095.08477961
1527739200,561.11,563.52,562.36,563.37,998.9233012899997
1527742800,568.71,575.13,569.96,571.47,4555.75267163
1527746400,568.73,577.77,571.43,573.61,4014.1261286599984
1527750000,570.89,574.73,573.5,572.12,3544.0897377400047
1527753600,564.3,572.12,572.12,569.08,3431.681072570006
1527757200,568.41,572.0,568.87,570.13,1443.7015810799967
1527760800,568.72,570.99,570.13,570.98,1519.6276275300024
1527764400,570.99,576.64,570.99,575.2,2553.269116280012
1527768000,575.2,576.0,575.2,575.51,137.80497559999998
1527771600,572.21,573.94,573.94,572.21,170.37252877000003
1527775200,569.15,572.01,572.0,569.18,620.2356876899998
1527778800,573.57,575.54,573.57,574.99,692.6371762800001
1527782400,574.02,575.95,575.95,574.17,296.49141101
1527786000,574.23,576.15,574.23,574.67,596.93728478
1527789600,582.02,584.93,584.09,582.04,725.9213090400001
1527793200,576.25,579.78,579.57,577.18,2755.0582421499994
1527796800,573.55,575.63,575.01,575.63,1269.2423056699993
1527800400,579.91,581.01,581.01,579.91,977.2150801799999
1527804000,573.0,584.94,584.94,573.0,2460.95535452
1527807600,572.18,576.0,572.55,574.4,1302.38911032
1527811200,576.87,581.12,577.1,579.76,1138.3758617000003
1527814800,577.7,578.82,578.81,578.22,646.8453121199998
1527818400,568.05,579.76,576.75,572.49,10539.061911359997
1527822000,566.94,570.91,570.91,570.85,983.5224757099999
1527825600,568.37,572.3,572.3,570.81,1443.9279905600004
1527829200,571.35,573.35,571.99,572.79,691.9818941399999
1527832800,572.99,580.82,572.99,579.37,1902.8809388199998
1527836400,580.81,584.73,580.82,583.36,2078.25473234
1527840000,580.77,584.69,581.97,584.65,653.9134154600001
