1546454400,0.069,0.069,0.069,0.069,100.0
1546454820,0.068796,0.068796,0.068796,0.068796,350.0
1546455660,0.068745,0.068745,0.068745,0.068745,754.0
1546460520,0.069035,0.069035,0.069035,0.069035,1000.0
1546460580,0.069035,0.069035,0.069035,0.069035,10000.0
1546460640,0.07,0.070597,0.07,0.070597,45000.0
1546460700,0.070547,0.070547,0.070547,0.070547,40000.0
1546460820,0.070535,0.070535,0.070535,0.070535,1710.0
1546461960,0.0696,0.0696,0.0696,0.0696,700.0
1546465500,0.069799,0.069799,0.069799,0.069799,15904.0
1546465680,0.0698,0.0698,0.0698,0.0698,300.0
1546465740,0.0698,0.0698,0.0698,0.0698,9212.0
1546468140,0.07,0.07,0.07,0.07,5000.0
1546468200,0.07,0.07,0.07,0.07,1035.0
1546470180,0.070517,0.070517,0.070517,0.070517,1.0
1546470360,0.070518,0.070518,0.070518,0.070518,989.0
1546473180,0.07057,0.07057,0.07057,0.07057,14453.0
1546473600,0.0695,0.0695,0.0695,0.0695,1193.0
1546474200,0.0695,0.0695,0.0695,0.0695,40.0
1546474260,0.0695,0.0695,0.0695,0.0695,15971.0
1546474320,0.0693,0.0693,0.0693,0.0693,12695.0
1546474380,0.0693,0.0693,0.0693,0.0693,3262.0
1546510500,0.068371,0.068371,0.068371,0.068371,27.0
1546510560,0.068371,0.068371,0.068371,0.068371,60.0
1546511760,0.0683,0.0683,0.0683,0.0683,155.0
1546513440,0.06837,0.068568,0.068568,0.06837,1243.0
1546514340,0.068245,0.068245,0.068245,0.068245,1.0
1546515360,0.068,0.068,0.068,0.068,830.0
1546515480,0.0679,0.0679,0.0679,0.0679,100.0
1546515600,0.0678,0.0678,0.0678,0.0678,120.0
1546515780,0.06775,0.06775,0.06775,0.06775,40.0
1546516560,0.067605,0.067605,0.067605,0.067605,3957.0
1546519260,0.0676,0.0676,0.0676,0.0676,18.0
1546521480,0.068553,0.068553,0.068553,0.068553,709.0
1546526700,0.068552,0.068552,0.068552,0.068552,1458.0
1546527120,0.068024,0.068024,0.068024,0.068024,241.0
1546527180,0.0676,0.068024,0.068024,0.0676,68700.0
1546561980,0.067224,0.067232,0.067232,0.067224,70.0
1546562040,0.067177,0.067224,0.067223,0.067177,120.0
1546562100,0.06717,0.067175,0.067175,0.06717,130.0
1546562160,0.067149,0.06717,0.06717,0.067149,25.0
1546562220,0.067145,0.067149,0.067149,0.067145,35.0
1546562280,0.067139,0.067145,0.067145,0.067139,37.0
1546562340,0.067135,0.067139,0.067139,0.067135,17.0
1546562400,0.067135,0.067135,0.067135,0.067135,13.0
1546562460,0.067134,0.067135,0.067135,0.067134,10.0
1546562520,0.067133,0.06777,0.067134,0.06777,5.0
1546562580,0.067695,0.067753,0.067753,0.067695,8.0
1546562640,0.067657,0.067678,0.067678,0.067657,5.0
1546562880,0.067585,0.067585,0.067585,0.067585,300.0
1546563480,0.067344,0.067344,0.067344,0.067344,1.0
1546563780,0.067254,0.067254,0.067254,0.067254,2.0
1546571400,0.067,0.067,0.067,0.067,409.0
1546576380,0.067001,0.067001,0.067001,0.067001,4000.0
1546576440,0.066995,0.067,0.066995,0.067,5556.0
1546576920,0.0668,0.0668,0.0668,0.0668,660.0
1546581660,0.066645,0.0667,0.0667,0.066645,16009.0
1546609620,0.070403,0.070403,0.070403,0.070403,6490.0
1546609740,0.0704,0.0704,0.0704,0.0704,3551.0
1546610100,0.0703,0.0703,0.0703,0.0703,1.0
1546611180,0.0705,0.0705,0.0705,0.0705,604.0
1546611420,0.070601,0.070601,0.070601,0.070601,50.0
1546611480,0.0706,0.0706,0.0706,0.0706,20256.0
1546612980,0.0701,0.0702,0.0702,0.0701,599.0
1546613220,0.0697,0.07,0.07,0.0697,344.0
1546613280,0.0696,0.0696,0.0696,0.0696,1.0
1546614060,0.0695,0.0695,0.0695,0.0695,11.0
1546614540,0.0694,0.0694,0.0694,0.0694,121.0
1546614600,0.0693,0.0693,0.0693,0.0693,1.0
1546614720,0.0692,0.0692,0.0692,0.0692,1.0
1546615800,0.0694,0.0694,0.0694,0.0694,821.0
1546617780,0.0691,0.0691,0.0691,0.0691,1101.0
1546619700,0.069794,0.069794,0.069794,0.069794,14381.0
1546620480,0.07023,0.07023,0.07023,0.07023,510.0
1546621380,0.071,0.0711,0.071,0.0711,208.0
1546621440,0.0711,0.0711,0.0711,0.0711,993.0
1546621860,0.0714,0.0714,0.0714,0.0714,120.0
1546622160,0.0717,0.0717,0.0717,0.0717,120.0
1546622220,0.0719,0.0719,0.0719,0.0719,112.0
1546622280,0.072,0.072,0.072,0.072,320.0
1546622640,0.0724,0.0724,0.0724,0.0724,120.0
1546623300,0.0722,0.0722,0.0722,0.0722,76.0
1546623360,0.0722,0.0722,0.0722,0.0722,35000.0
1546623420,0.072,0.072001,0.072001,0.072,10201.0
1546623540,0.072,0.072,0.072,0.072,395.0
1546623600,0.072001,0.072001,0.072001,0.072001,7287.0
1546623840,0.072021,0.072021,0.072021,0.072021,2798.0
1546623900,0.072021,0.072021,0.072021,0.072021,10921.0
1546624320,0.072,0.072,0.072,0.072,19466.0
1546624500,0.072,0.0725,0.0725,0.072,6278.0
1546624620,0.072,0.072,0.072,0.072,4735.0
1546624920,0.072189,0.07219,0.072189,0.07219,13034.0
1546662360,0.070552,0.070552,0.070552,0.070552,70.0
1546665480,0.071,0.071,0.071,0.071,158.0
1546669080,0.071,0.07101,0.07101,0.071,1973.0
1546672620,0.071,0.071,0.071,0.071,150.0
1546679400,0.070526,0.070526,0.070526,0.070526,8332.0
1546680660,0.070527,0.070527,0.070527,0.070527,4500.0
1546681200,0.070526,0.070526,0.070526,0.070526,10053.0
1546707420,0.070421,0.070421,0.070421,0.070421,100.0
1546708860,0.070399,0.070399,0.070399,0.070399,719.0
1546709580,0.070004,0.070004,0.070004,0.070004,3544.0
1546711260,0.069986,0.070006,0.070006,0.069986,12488.0
1546711320,0.069985,0.069985,0.069985,0.069985,1001.0
1546712040,0.06999,0.06999,0.06999,0.06999,1000.0
1546716720,0.0704,0.0704,0.0704,0.0704,217.0
1546718760,0.0706,0.0706,0.0706,0.0706,651.0
1546720200,0.0705,0.0705,0.0705,0.0705,1416.0
1546720380,0.0704,0.0704,0.0704,0.0704,1.0
1546722420,0.0703,0.0703,0.0703,0.0703,557.0
1546723980,0.0703,0.0703,0.0703,0.0703,359.0
1546726020,0.0705,0.0705,0.0705,0.0705,100.0
1546726080,0.069985,0.0703,0.0703,0.069985,1307.0
1546726140,0.0697,0.0699,0.0699,0.0697,963.0
1546726200,0.0696,0.0696,0.0696,0.0696,31.0
1546726320,0.07,0.07,0.07,0.07,1000.0
1546726560,0.0694,0.0695,0.0695,0.0694,2.0
1546763700,0.06936,0.06936,0.06936,0.06936,12091.0
1546765440,0.06937,0.06937,0.06937,0.06937,3909.0
1546766340,0.069301,0.069301,0.069301,0.069301,548.0
1546767900,0.069301,0.069301,0.069301,0.069301,20000.0
1546768320,0.069301,0.069301,0.069301,0.069301,312.0
1546778340,0.06961,0.06961,0.06961,0.06961,45.0
1546813260,0.0716,0.0716,0.0716,0.0716,1.0
1546814400,0.0715,0.0715,0.0715,0.0715,2.0
1546815600,0.0714,0.0714,0.0714,0.0714,1.0
1546816080,0.0719,0.0719,0.0719,0.0719,100.0
1546818240,0.0715,0.0715,0.0715,0.0715,40.0
1546820460,0.0716,0.0716,0.0716,0.0716,10000.0
1546820700,0.0719,0.0719,0.0719,0.0719,40.0
1546821000,0.072,0.072,0.072,0.072,40.0
1546821900,0.072,0.072,0.072,0.072,1750.0
1546824000,0.072,0.072,0.072,0.072,645.0
1546825440,0.071892,0.071892,0.071892,0.071892,34622.0
1546825500,0.071892,0.071892,0.071892,0.071892,272.0
1546825920,0.071892,0.071892,0.071892,0.071892,500.0
1546826100,0.071892,0.071892,0.071892,0.071892,5472.0
1546831200,0.0714,0.0714,0.0714,0.0714,100.0
1546868160,0.070805,0.071999,0.071999,0.070805,1335.0
1546869720,0.071809,0.071809,0.071809,0.071809,3500.0
1546872120,0.071826,0.071826,0.071826,0.071826,100.0
1546878600,0.0705,0.0705,0.0705,0.0705,700.0
1546878900,0.0707,0.0707,0.0707,0.0707,1.0
1546879020,0.0706,0.0706,0.0706,0.0706,1.0
1546921980,0.070326,0.07034,0.07034,0.070326,13.0
1546923720,0.070539,0.070539,0.070539,0.070539,495.0
1546960140,0.072224,0.072224,0.072224,0.072224,140.0
1546960260,0.072438,0.072448,0.072438,0.072448,21873.0
1546960440,0.072499,0.072499,0.072499,0.072499,564.0
1546960500,0.072499,0.0725,0.072499,0.0725,6150.0
1546960920,0.07275,0.0729,0.07275,0.0729,40.0
1546961580,0.073,0.073437,0.073,0.073437,437.0
1546961880,0.0735,0.0735,0.0735,0.0735,442.0
1546961940,0.073645,0.07375,0.073645,0.07375,42.0
1546963680,0.0726,0.0726,0.0726,0.0726,2578.0
1546963800,0.072435,0.072435,0.072435,0.072435,706.0
1546964820,0.072172,0.072172,0.072172,0.072172,1.0
1546965120,0.07203,0.07203,0.07203,0.07203,15000.0
1546965660,0.072014,0.072014,0.072014,0.072014,13000.0
1546965720,0.072014,0.072014,0.072014,0.072014,10000.0
1546965900,0.072538,0.072538,0.072538,0.072538,2550.0
1546966260,0.072257,0.072257,0.072257,0.072257,15000.0
1546966320,0.072259,0.072259,0.072259,0.072259,3726.0
1546966680,0.072117,0.072117,0.072117,0.072117,2386.0
1546966800,0.072117,0.072117,0.072117,0.072117,8888.0
1546970460,0.072404,0.072404,0.072404,0.072404,4998.0
1546970520,0.072762,0.072762,0.072762,0.072762,13799.0
1546970640,0.072403,0.072403,0.072403,0.072403,3572.0
1546974120,0.072501,0.072501,0.072501,0.072501,4000.0
1546974720,0.072501,0.072501,0.072501,0.072501,1.0
1546975020,0.073298,0.073298,0.073298,0.073298,7527.0
1546975080,0.072641,0.072641,0.072641,0.072641,15123.0
1546975260,0.07348,0.073483,0.07348,0.073483,13006.0
1546976100,0.073126,0.073126,0.073126,0.073126,2100.0
1546977600,0.073,0.073,0.073,0.073,127.0
1546977960,0.072263,0.072263,0.072263,0.072263,3482.0
1546979280,0.072399,0.072399,0.072399,0.072399,1146.0
1546979820,0.072399,0.072399,0.072399,0.072399,883.0
1546980180,0.072399,0.072399,0.072399,0.072399,1582.0
1547015220,0.073841,0.074797,0.073841,0.074797,20443.0
1547015400,0.073054,0.073058,0.073054,0.073057,8654.0
1547015460,0.073057,0.073058,0.073057,0.073058,7086.0
1547016720,0.072851,0.072851,0.072851,0.072851,1.0
1547020500,0.073233,0.073233,0.073233,0.073233,7192.0
1547021880,0.073163,0.073241,0.073163,0.073241,44574.0
1547021940,0.073241,0.073241,0.073241,0.073241,9174.0
1547023920,0.072742,0.072742,0.072742,0.072742,12000.0
1547024280,0.07315,0.07315,0.07315,0.07315,6500.0
1547025480,0.073603,0.073604,0.073603,0.073604,25634.0
1547027040,0.073236,0.073236,0.073236,0.073236,683.0
1547028900,0.073776,0.073776,0.073776,0.073776,4992.0
1547028960,0.073776,0.073776,0.073776,0.073776,686.0
1547030580,0.074027,0.074027,0.074027,0.074027,137.0
1547032980,0.074563,0.074563,0.074563,0.074563,2680.0
1547033940,0.074263,0.074263,0.074263,0.074263,26790.0
1547063940,0.074247,0.074254,0.074247,0.074254,2.0
1547064000,0.074277,0.074278,0.074277,0.074278,2001.0
1547064180,0.074293,0.0743,0.074293,0.0743,5001.0
1547067540,0.074213,0.074223,0.074223,0.074213,12000.0
1547067600,0.073956,0.074,0.074,0.073956,2001.0
1547067960,0.07399,0.07399,0.07399,0.07399,101.0
1547068560,0.0741,0.0741,0.0741,0.0741,14.0
1547068620,0.0741,0.0741,0.0741,0.0741,14.0
1547069400,0.073794,0.073794,0.073794,0.073794,2000.0
1547069460,0.073645,0.073645,0.073645,0.073645,1.0
1547070360,0.0735,0.0735,0.0735,0.0735,2406.0
1547070660,0.073878,0.073878,0.073878,0.073878,1.0
1547071320,0.073884,0.0739,0.073884,0.0739,69000.0
1547073000,0.073899,0.073899,0.073899,0.073899,600.0
1547073420,0.073987,0.073987,0.073987,0.073987,660.0
1547073720,0.073911,0.073911,0.073911,0.073911,1080.0
1547074620,0.0739,0.073911,0.073911,0.0739,2020.0
1547076420,0.073875,0.073875,0.073875,0.073875,5.0
1547113920,0.0665,0.0666,0.0666,0.0665,4390.0
1547113980,0.066416,0.0665,0.0665,0.066416,5799.0
1547114040,0.06625,0.066416,0.066416,0.06625,2339.0
1547114160,0.06625,0.06625,0.06625,0.06625,37088.0
1547114220,0.06625,0.06625,0.06625,0.06625,4479.0
1547114280,0.06625,0.06625,0.06625,0.06625,6441.0
1547114460,0.0662,0.0662,0.0662,0.0662,1.0
1547114520,0.0661,0.0661,0.0661,0.0661,11.0
1547114580,0.066,0.066,0.066,0.066,401.0
1547114640,0.0659,0.0659,0.0659,0.0659,1.0
1547114760,0.0655,0.0658,0.0658,0.0655,144.0
1547114820,0.0651,0.0654,0.0654,0.0651,55.0
1547114880,0.065,0.065001,0.065,0.065001,485.0
1547115540,0.065023,0.065023,0.065023,0.065023,36.0
1547115900,0.066,0.066,0.066,0.066,25.0
1547116080,0.065024,0.066999,0.065024,0.066999,2.0
1547116560,0.0655,0.0655,0.0655,0.0655,100.0
1547116920,0.065251,0.065251,0.065251,0.065251,1.0
1547117460,0.065882,0.065882,0.065882,0.065882,1145.0
1547118660,0.065806,0.066902,0.065806,0.066902,2.0
1547118900,0.066504,0.066504,0.066504,0.066504,1.0
1547118960,0.066,0.066,0.066,0.066,5345.0
1547119140,0.066474,0.066474,0.066474,0.066474,1.0
1547120100,0.066199,0.066199,0.066199,0.066199,2150.0
1547120280,0.066199,0.066199,0.066199,0.066199,356.0
1547120400,0.066199,0.066199,0.066199,0.066199,3838.0
1547120700,0.066199,0.066199,0.066199,0.066199,3701.0
1547120760,0.066199,0.066199,0.066199,0.066199,2224.0
1547121780,0.066199,0.066199,0.066199,0.066199,140.0
1547121960,0.066197,0.066199,0.066199,0.066197,7691.0
1547122440,0.066399,0.066399,0.066399,0.066399,1.0
1547122620,0.066375,0.066375,0.066375,0.066375,1.0
1547122740,0.066371,0.066371,0.066371,0.066371,1.0
1547123040,0.066353,0.066353,0.066353,0.066353,1.0
1547124240,0.066259,0.066259,0.066259,0.066259,302.0
1547124420,0.066259,0.066259,0.066259,0.066259,1.0
1547124780,0.066209,0.066209,0.066209,0.066209,1.0
1547125260,0.065688,0.065984,0.065984,0.065688,126.0
1547125440,0.065958,0.065958,0.065958,0.065958,1.0
1547126040,0.065439,0.065688,0.065688,0.065439,8264.0
1547126220,0.065605,0.065605,0.065605,0.065605,606.0
1547126520,0.065857,0.065857,0.065857,0.065857,1.0
1547126640,0.065774,0.065774,0.065774,0.065774,1.0
1547126700,0.065706,0.065714,0.065714,0.065706,3.0
1547126760,0.065704,0.065704,0.065704,0.065704,1.0
1547126820,0.06568,0.06568,0.06568,0.06568,1000.0
1547126880,0.065598,0.065615,0.065615,0.065598,2.0
1547127060,0.065573,0.065573,0.065573,0.065573,1.0
1547129820,0.065569,0.065569,0.065569,0.065569,3346.0
1547130840,0.065527,0.065527,0.065527,0.065527,1.0
1547132820,0.065727,0.065815,0.065727,0.065815,4.0
1547132940,0.065492,0.065492,0.065492,0.065492,1.0
1547133120,0.065904,0.065974,0.065904,0.065974,5.0
1547133180,0.066057,0.067175,0.066057,0.067175,3931.0
1547133960,0.067,0.067,0.067,0.067,140.0
1547176440,0.063,0.063,0.063,0.063,5811.0
1547180460,0.062803,0.063,0.063,0.062803,3400.0
1547180880,0.062803,0.062803,0.062803,0.062803,183.0
1547181240,0.0628,0.062803,0.062803,0.0628,4805.0
1547181360,0.0628,0.0628,0.0628,0.0628,553.0
1547182140,0.0628,0.0628,0.0628,0.0628,1882.0
1547183580,0.0628,0.0628,0.0628,0.0628,400.0
1547184180,0.0628,0.0628,0.0628,0.0628,1752.0
1547185620,0.0628,0.062911,0.062911,0.0628,28197.0
1547187660,0.063,0.063,0.063,0.063,83.0
1547214180,0.0645,0.0645,0.0645,0.0645,446.0
1547216040,0.064072,0.064072,0.064072,0.064072,300.0
1547219520,0.0649,0.0649,0.0649,0.0649,1190.0
1547221320,0.064071,0.064071,0.064071,0.064071,448.0
1547223000,0.064071,0.064071,0.064071,0.064071,643.0
1547224560,0.06407,0.06407,0.06407,0.06407,110.0
1547226300,0.0655,0.0655,0.0655,0.0655,1141.0
1547230260,0.0654,0.0654,0.0654,0.0654,2570.0
1547231460,0.0649,0.0649,0.0649,0.0649,200.0
1547231880,0.064619,0.064619,0.064619,0.064619,1012.0
1547284200,0.063591,0.0637,0.0637,0.063591,600.0
1547286120,0.063591,0.063591,0.063591,0.063591,2735.0
1547315400,0.064625,0.064625,0.064625,0.064625,4087.0
1547316600,0.065,0.065,0.065,0.065,4241.0
1547319120,0.065284,0.065284,0.065284,0.065284,4967.0
1547319840,0.065283,0.065283,0.065283,0.065283,79.0
1547320560,0.0653,0.0653,0.0653,0.0653,15300.0
1547322720,0.065255,0.065255,0.065255,0.065255,357.0
1547323080,0.0652,0.0652,0.0652,0.0652,8057.0
1547325360,0.0651,0.0651,0.0651,0.0651,86.0
1547325660,0.06499,0.06499,0.06499,0.06499,1444.0
1547328300,0.06499,0.06499,0.06499,0.06499,2001.0
1547367960,0.064716,0.065036,0.065036,0.064716,9.0
1547374680,0.064716,0.064716,0.064716,0.064716,99.0
1547382540,0.0644,0.064405,0.064405,0.0644,442.0
1547382600,0.064362,0.064404,0.064404,0.064362,3.0
1547382720,0.064486,0.064486,0.064486,0.064486,2.0
1547382780,0.06462,0.06462,0.06462,0.06462,4.0
1547386680,0.064318,0.064318,0.064318,0.064318,2.0
1547418780,0.060467,0.060467,0.060467,0.060467,99.0
1547420520,0.060467,0.060467,0.060467,0.060467,203.0
1547430420,0.060651,0.060651,0.060651,0.060651,2.0
1547433120,0.06073,0.06073,0.06073,0.06073,4.0
1547436360,0.060701,0.060701,0.060701,0.060701,102.0
1547436480,0.0623,0.0623,0.0623,0.0623,336.0
1547466240,0.06075,0.06075,0.06075,0.06075,200.0
1547466300,0.0607,0.060729,0.060729,0.0607,36.0
1547476380,0.061619,0.064044,0.061619,0.061769,39.0
1547476440,0.063005,0.063966,0.063005,0.063914,3795.0
1547476860,0.0608,0.06125,0.06125,0.0608,3833.0
1547479980,0.061802,0.061802,0.061802,0.061802,1.0
1547480040,0.062337,0.062337,0.062337,0.062337,1.0
1547480160,0.063407,0.064891,0.064631,0.063407,8120.0
1547480220,0.063225,0.063225,0.063225,0.063225,1.0
1547480880,0.063479,0.063479,0.063479,0.063479,1.0
1547481780,0.063842,0.063842,0.063842,0.063842,1.0
1547481960,0.063491,0.063491,0.063491,0.063491,1.0
1547482860,0.063617,0.06362,0.063617,0.06362,5889.0
1547484420,0.063621,0.063621,0.063621,0.063621,900.0
1547484660,0.063621,0.063621,0.063621,0.063621,177.0
1547486340,0.063778,0.063778,0.063778,0.063778,1.0
1547523960,0.063494,0.063494,0.063494,0.063494,1.0
1547530020,0.063316,0.06343,0.06343,0.063316,5910.0
1547530080,0.063454,0.063454,0.063454,0.063454,1.0
1547531820,0.0632,0.063313,0.063313,0.0632,797.0
1547533560,0.063215,0.063215,0.063215,0.063215,1.0
1547533680,0.063522,0.063522,0.063522,0.063522,1.0
1547534280,0.063696,0.064,0.063696,0.064,26474.0
1547534340,0.064,0.064,0.064,0.064,99.0
1547534460,0.06368,0.064131,0.064131,0.06368,7789.0
1547534520,0.063639,0.063639,0.063639,0.063639,219.0
1547534940,0.063548,0.063548,0.063548,0.063548,1.0
1547571540,0.063105,0.063105,0.063105,0.063105,1.0
1547584200,0.063105,0.063199,0.063199,0.063105,10239.0
1547584260,0.063103,0.063285,0.063199,0.063285,4525.0
1547584380,0.062739,0.063102,0.063102,0.062739,1989.0
1547584440,0.0625,0.062605,0.062605,0.0625,406.0
1547584500,0.0625,0.0625,0.0625,0.0625,1000.0
1547584620,0.062367,0.0624,0.0624,0.062367,504.0
1547584740,0.0623,0.0623,0.0623,0.0623,201.0
1547623140,0.062571,0.062583,0.062583,0.062571,554.0
1547623500,0.0625,0.062571,0.062571,0.0625,2257.0
1547628600,0.062441,0.062761,0.062441,0.062761,1200.0
1547629200,0.063229,0.063322,0.063229,0.063322,1200.0
1547636280,0.063722,0.063932,0.063722,0.063932,492.0
1547640480,0.064123,0.0648,0.064123,0.0648,500.0
1547640540,0.0648,0.064982,0.0648,0.064982,4711.0
1547668860,0.064185,0.064185,0.064185,0.064185,400.0
1547670360,0.064224,0.064224,0.064224,0.064224,400.0
1547670600,0.064185,0.064185,0.064185,0.064185,401.0
1547673660,0.064447,0.06445,0.064447,0.06445,828.0
1547673900,0.064617,0.064617,0.064617,0.064617,200.0
1547674020,0.064449,0.064449,0.064449,0.064449,266.0
1547678040,0.064449,0.064482,0.064482,0.064449,334.0
1547678220,0.064368,0.064368,0.064368,0.064368,400.0
1547684460,0.064403,0.064403,0.064403,0.064403,774.0
1547684760,0.064403,0.064403,0.064403,0.064403,1626.0
1547684820,0.0644,0.0644,0.0644,0.0644,1202.0
1547684880,0.0643,0.0643,0.0643,0.0643,1202.0
1547685360,0.06462,0.06462,0.06462,0.06462,1950.0
1547685480,0.06462,0.06462,0.06462,0.06462,1799.0
1547685660,0.06462,0.06462,0.06462,0.06462,5916.0
1547685840,0.06462,0.06462,0.06462,0.06462,1229.0
1547685900,0.06462,0.06462,0.06462,0.06462,2818.0
1547686080,0.06462,0.06462,0.06462,0.06462,7019.0
1547686140,0.06462,0.06462,0.06462,0.06462,4646.0
1547686200,0.06462,0.06462,0.06462,0.06462,6543.0
1547686680,0.064204,0.064204,0.064204,0.064204,520.0
1547721780,0.065112,0.065112,0.065112,0.065112,200.0
1547722140,0.065168,0.065168,0.065168,0.065168,1.0
1547725080,0.065138,0.065138,0.065138,0.065138,200.0
1547725620,0.065082,0.065082,0.065082,0.065082,201.0
1547726940,0.065026,0.065052,0.065052,0.065026,4045.0
1547727660,0.065,0.065,0.065,0.065,380.0
1547727900,0.064801,0.064801,0.064801,0.064801,201.0
1547727960,0.064788,0.0648,0.0648,0.064788,65.0
1547729160,0.064802,0.064802,0.064802,0.064802,200.0
1547731740,0.064688,0.064688,0.064688,0.064688,200.0
1547731800,0.064495,0.064497,0.064497,0.064495,4060.0
1547733360,0.064499,0.064499,0.064499,0.064499,200.0
1547734020,0.064454,0.064454,0.064454,0.064454,400.0
1547737140,0.064298,0.064298,0.064298,0.064298,1.0
1547737440,0.064572,0.064702,0.064572,0.064702,601.0
1547738640,0.064703,0.064703,0.064703,0.064703,201.0
1547740800,0.064822,0.064822,0.064822,0.064822,1.0
1547741100,0.064963,0.064964,0.064963,0.064964,275.0
1547741220,0.064964,0.064964,0.064964,0.064964,127.0
1547741340,0.065083,0.065333,0.065083,0.065333,1002.0
1547775060,0.06657,0.06657,0.06657,0.06657,100.0
1547775180,0.066569,0.066569,0.066569,0.066569,300.0
1547775540,0.066,0.066185,0.066185,0.066,1900.0
1547776380,0.065642,0.066042,0.066042,0.065642,573.0
1547777640,0.065641,0.065642,0.065642,0.065641,10939.0
1547777760,0.065687,0.065687,0.065687,0.065687,400.0
1547782740,0.0655,0.065645,0.065645,0.0655,502.0
1547793600,0.065417,0.065478,0.065478,0.065417,6778.0
1547794320,0.065479,0.065653,0.065479,0.065653,1718.0
1547795940,0.065416,0.065454,0.065454,0.065416,515.0
1547824440,0.063605,0.063605,0.063605,0.063605,200.0
1547824560,0.063933,0.066745,0.063933,0.066745,19401.0
1547824620,0.066674,0.06719,0.06675,0.066983,3005.0
1547824860,0.067082,0.067082,0.067082,0.067082,7665.0
1547825640,0.067039,0.067039,0.067039,0.067039,7635.0
1547826060,0.067085,0.067085,0.067085,0.067085,400.0
1547826660,0.067199,0.067199,0.067199,0.067199,425.0
1547826720,0.067036,0.067199,0.067199,0.067036,675.0
1547826840,0.066056,0.066056,0.066056,0.066056,200.0
1547827380,0.065645,0.065645,0.065645,0.065645,200.0
1547828280,0.065225,0.065225,0.065225,0.065225,200.0
1547828880,0.065703,0.065888,0.065703,0.065888,1594.0
1547829900,0.066062,0.066062,0.066062,0.066062,200.0
1547831340,0.06632,0.06632,0.06632,0.06632,200.0
1547833200,0.066909,0.066909,0.066909,0.066909,200.0
1547833920,0.066275,0.066446,0.066446,0.066275,600.0
1547834040,0.066321,0.066321,0.066321,0.066321,400.0
1547834280,0.066275,0.066284,0.066284,0.066275,400.0
1547834520,0.066017,0.066017,0.066017,0.066017,400.0
1547835660,0.065726,0.065726,0.065726,0.065726,200.0
1547836800,0.06573,0.06573,0.06573,0.06573,200.0
1547836920,0.065658,0.065681,0.065681,0.065658,545.0
1547837100,0.065726,0.06602,0.065726,0.06602,1200.0
1547837940,0.066021,0.066021,0.066021,0.066021,275.0
1547838360,0.065658,0.065681,0.065681,0.065658,455.0
1547839200,0.0656,0.0656,0.0656,0.0656,950.0
1547839380,0.065645,0.065645,0.065645,0.065645,90.0
1547840580,0.065386,0.065386,0.065386,0.065386,200.0
1547840820,0.065,0.06518,0.06518,0.065,1061.0
1547841780,0.065184,0.065225,0.065184,0.065225,600.0
1547880840,0.066904,0.066935,0.066935,0.066904,650.0
1547883180,0.066855,0.066934,0.066934,0.066855,563.0
1547892120,0.066836,0.067,0.066836,0.067,106.0
1547892180,0.067527,0.06815,0.067527,0.06815,908.0
1547921640,0.069162,0.069162,0.069162,0.069162,525.0
1547921820,0.069162,0.069162,0.069162,0.069162,4623.0
1547922120,0.069,0.069,0.069,0.069,955.0
1547922420,0.06858,0.06858,0.06858,0.06858,200.0
1547922600,0.0684,0.06849,0.06849,0.0684,350.0
1547922660,0.068245,0.0684,0.0684,0.068245,320.0
1547929320,0.0682,0.0682,0.0682,0.0682,202.0
1547930100,0.068,0.068,0.068,0.068,349.0
1547931900,0.067952,0.067952,0.067952,0.067952,200.0
1547933760,0.068,0.068,0.068,0.068,429.0
1547934360,0.067908,0.067908,0.067908,0.067908,515.0
1547934420,0.067908,0.067908,0.067908,0.067908,2996.0
1547934480,0.067908,0.067908,0.067908,0.067908,1039.0
1547936340,0.068,0.068046,0.068,0.068046,271.0
1547936400,0.068246,0.068246,0.068246,0.068246,200.0
1547936940,0.068446,0.068446,0.068446,0.068446,200.0
1547937060,0.068536,0.068536,0.068536,0.068536,200.0
1547937240,0.068626,0.068626,0.068626,0.068626,200.0
1547942040,0.068928,0.068928,0.068928,0.068928,342.0
1547975160,0.068929,0.069046,0.068929,0.069046,451.0
1547975220,0.069162,0.069162,0.069162,0.069162,101.0
1547975280,0.069167,0.069364,0.069167,0.069364,205.0
1547975340,0.0695,0.0695,0.0695,0.0695,101.0
1547975400,0.06972,0.07,0.06972,0.07,15578.0
1547975460,0.070499,0.070499,0.070499,0.070499,2670.0
1547975520,0.0705,0.0705,0.0705,0.0705,210.0
1547975880,0.07099,0.07099,0.07099,0.07099,1092.0
1547975940,0.070999,0.071,0.070999,0.071,202.0
1547976720,0.0714,0.0714,0.0714,0.0714,1633.0
1547976840,0.07139,0.07145,0.07145,0.07139,5986.0
1547976900,0.07139,0.07139,0.07139,0.07139,10900.0
1547977020,0.07139,0.07139,0.07139,0.07139,18402.0
1547977080,0.07139,0.07139,0.07139,0.07139,8079.0
1547983140,0.069444,0.069444,0.069444,0.069444,100.0
1547983740,0.06825,0.06825,0.06825,0.06825,203.0
1547983800,0.067501,0.067932,0.067932,0.067505,16856.0
1547983980,0.067,0.0675,0.0675,0.067,1258.0
1547984160,0.0668,0.0668,0.0668,0.0668,2.0
1547984580,0.066447,0.0666,0.0666,0.066447,352.0
1547984640,0.066215,0.0664,0.0664,0.066215,218.0
1547985060,0.0656,0.066018,0.066018,0.0656,206.0
1547985120,0.0649,0.0654,0.0654,0.0649,8185.0
1547986140,0.0649,0.0649,0.0649,0.0649,632.0
1547986260,0.0649,0.0649,0.0649,0.0649,1989.0
1547986380,0.0648,0.0649,0.0649,0.0648,12291.0
1547986440,0.063722,0.0646,0.0646,0.063722,782.0
1547986500,0.0631,0.063562,0.063562,0.0631,3005.0
1547986560,0.063,0.063005,0.063005,0.063,5.0
1547986680,0.062517,0.0628,0.0628,0.062517,604.0
1547986860,0.0626,0.0626,0.0626,0.0626,984.0
1547987040,0.063,0.063,0.063,0.063,2820.0
1547987100,0.063,0.063,0.063,0.063,984.0
1548027720,0.0639,0.0639,0.0639,0.0639,669.0
1548028260,0.0639,0.0639,0.0639,0.0639,331.0
1548043980,0.063899,0.063899,0.063899,0.063899,587.0
1548044520,0.063899,0.063899,0.063899,0.063899,13.0
1548044640,0.063896,0.063896,0.063896,0.063896,20.0
1548045360,0.063895,0.063895,0.063895,0.063895,164.0
1548046740,0.063895,0.063895,0.063895,0.063895,4.0
1548074880,0.064748,0.06478,0.06478,0.064748,454.0
1548079800,0.063896,0.063896,0.063896,0.063896,644.0
1548093240,0.064276,0.064276,0.064276,0.064276,200.0
1548127560,0.064,0.064003,0.064003,0.064,1069.0
1548130620,0.06389,0.063897,0.063897,0.06389,1424.0
1548138960,0.0638,0.0638,0.0638,0.0638,823.0
1548139620,0.0638,0.0638,0.0638,0.0638,232.0
1548140280,0.06379,0.0638,0.0638,0.06379,3759.0
1548140460,0.06379,0.06379,0.06379,0.06379,1643.0
1548140820,0.063501,0.063632,0.063632,0.063501,500.0
1548141420,0.0635,0.0635,0.0635,0.0635,440.0
1548145140,0.063246,0.063246,0.063246,0.063246,7769.0
1548146340,0.063246,0.063246,0.063246,0.063246,5568.0
1548146400,0.063246,0.063246,0.063246,0.063246,8948.0
1548146520,0.063246,0.063246,0.063246,0.063246,647.0
1548147240,0.063246,0.063246,0.063246,0.063246,2033.0
1548175920,0.064729,0.06473,0.064729,0.06473,2200.0
1548176520,0.0648,0.0648,0.0648,0.0648,643.0
1548176700,0.0648,0.0648,0.0648,0.0648,587.0
1548177780,0.064792,0.064792,0.064792,0.064792,500.0
1548177840,0.064792,0.0649,0.064792,0.0649,1700.0
1548183180,0.064931,0.064931,0.064931,0.064931,185.0
1548183540,0.064931,0.064931,0.064931,0.064931,215.0
1548184140,0.065,0.065,0.065,0.065,510.0
1548184380,0.065005,0.065005,0.065005,0.065005,6473.0
1548185940,0.064999,0.064999,0.064999,0.064999,5.0
1548187080,0.065,0.065008,0.065,0.065008,205.0
1548189180,0.065,0.065124,0.065115,0.065124,4331.0
1548193800,0.065332,0.065332,0.065332,0.065332,965.0
1548230760,0.06509,0.065104,0.065104,0.06509,2494.0
1548231240,0.064922,0.064996,0.064996,0.064922,748.0
1548231300,0.06472,0.064922,0.064922,0.06472,1125.0
1548231360,0.064628,0.064635,0.064635,0.064628,600.0
1548236940,0.064601,0.064602,0.064602,0.064601,1001.0
1548240420,0.064602,0.064644,0.064602,0.064644,600.0
1548246600,0.06493,0.06493,0.06493,0.06493,15601.0
1548247860,0.064931,0.065005,0.064931,0.065005,600.0
1548248460,0.065109,0.0652,0.065109,0.0652,780.0
1548280620,0.063766,0.063766,0.063766,0.063766,400.0
1548282000,0.063907,0.063907,0.063907,0.063907,800.0
1548282480,0.064081,0.064081,0.064081,0.064081,800.0
1548285720,0.064072,0.064073,0.064073,0.064072,600.0
1548296040,0.064078,0.064078,0.064078,0.064078,263.0
1548298920,0.064079,0.064079,0.064079,0.064079,150.0
1548328800,0.065382,0.065654,0.065382,0.065654,7033.0
1548329160,0.065655,0.06572,0.065655,0.06572,217.0
1548330000,0.065897,0.066101,0.065897,0.066101,306.0
1548330780,0.066215,0.0666,0.066215,0.0666,1257.0
1548330900,0.066546,0.066546,0.066546,0.066546,2.0
1548331200,0.066546,0.067,0.066546,0.067,1190.0
1548331800,0.066525,0.066525,0.066525,0.066525,200.0
1548331860,0.066193,0.066193,0.066193,0.066193,4324.0
1548331920,0.066193,0.066193,0.066193,0.066193,1449.0
1548334320,0.066202,0.066202,0.066202,0.066202,150.0
1548335280,0.066202,0.066202,0.066202,0.066202,35202.0
1548335340,0.066202,0.066202,0.066202,0.066202,14192.0
1548335400,0.066202,0.066202,0.066202,0.066202,264.0
1548335460,0.066202,0.066202,0.066202,0.066202,20282.0
1548335520,0.066202,0.066202,0.066202,0.066202,8067.0
1548335580,0.066202,0.066533,0.066202,0.066533,2716.0
1548337500,0.066391,0.066391,0.066391,0.066391,256.0
1548343080,0.066534,0.066534,0.066534,0.066534,914.0
1548343620,0.06668,0.06668,0.06668,0.06668,200.0
1548344400,0.066467,0.066467,0.066467,0.066467,2769.0
1548346620,0.066689,0.067,0.066689,0.067,705.0
1548387240,0.066716,0.066716,0.066716,0.066716,593.0
1548387780,0.066716,0.066716,0.066716,0.066716,5181.0
1548387900,0.066716,0.066716,0.066716,0.066716,1839.0
1548389220,0.06671,0.06671,0.06671,0.06671,1150.0
1548389280,0.06671,0.06671,0.06671,0.06671,559.0
1548389400,0.06671,0.06671,0.06671,0.06671,552.0
1548389460,0.06671,0.06671,0.06671,0.06671,1028.0
1548389520,0.06671,0.06671,0.06671,0.06671,1035.0
1548389580,0.0667,0.06671,0.06671,0.0667,914.0
1548389700,0.0667,0.0667,0.0667,0.0667,458.0
1548389760,0.0667,0.0667,0.0667,0.0667,465.0
1548391140,0.0666,0.0666,0.0666,0.0666,900.0
1548393240,0.06633,0.06633,0.06633,0.06633,400.0
1548394260,0.066237,0.066237,0.066237,0.066237,201.0
1548401880,0.066004,0.066004,0.066004,0.066004,466.0
1548403200,0.066,0.066001,0.066001,0.066,61.0
1548434880,0.065387,0.065387,0.065387,0.065387,10327.0
1548437640,0.064604,0.065348,0.065348,0.064604,3382.0
1548440580,0.06484,0.06484,0.06484,0.06484,211.0
1548449640,0.064885,0.064885,0.064885,0.064885,318.0
1548488220,0.066237,0.066643,0.066237,0.066643,736.0
1548488520,0.066192,0.066192,0.066192,0.066192,400.0
1548491160,0.066236,0.066237,0.066236,0.066237,400.0
1548493860,0.066237,0.066238,0.066238,0.066237,900.0
1548494040,0.066191,0.066191,0.066191,0.066191,400.0
1548500400,0.066094,0.066094,0.066094,0.066094,7780.0
1548500580,0.066119,0.066119,0.066119,0.066119,4420.0
1548500820,0.066048,0.066048,0.066048,0.066048,400.0
1548534540,0.065444,0.065544,0.065444,0.065544,600.0
1548547320,0.065594,0.065594,0.065594,0.065594,210.0
1548547620,0.065368,0.065399,0.065399,0.065368,546.0
1548548520,0.065445,0.065445,0.065445,0.065445,164.0
1548548880,0.065109,0.065323,0.065323,0.065109,1474.0
1548548940,0.064652,0.065104,0.065104,0.064662,3346.0
1548549420,0.064781,0.065268,0.065268,0.064781,12000.0
1548586860,0.064185,0.064185,0.064185,0.064185,1.0
1548593220,0.064227,0.064227,0.064227,0.064227,29.0
1548598140,0.064,0.064094,0.064094,0.064,57346.0
1548598800,0.0638,0.064,0.064,0.0638,20819.0
1548598860,0.063758,0.0638,0.0638,0.063758,6790.0
1548598920,0.063757,0.063757,0.063757,0.063757,400.0
1548599100,0.063566,0.063711,0.063711,0.063566,769.0
1548599160,0.062929,0.063246,0.063246,0.062929,880.0
1548599280,0.062703,0.062905,0.062905,0.062703,65.0
1548599340,0.062626,0.062626,0.062626,0.062626,6.0
1548599460,0.062575,0.062575,0.062575,0.062575,200.0
1548599700,0.062,0.06251,0.06251,0.062,2957.0
1548599760,0.061403,0.062,0.062,0.061403,1950.0
1548600060,0.061228,0.061402,0.061402,0.061228,3074.0
1548600120,0.0605,0.061211,0.061211,0.0605,8890.0
1548600240,0.061179,0.06118,0.061179,0.06118,6689.0
1548601260,0.061495,0.061495,0.061495,0.061495,4620.0
1548639240,0.0625,0.0625,0.0625,0.0625,108.0
1548639660,0.0625,0.0625,0.0625,0.0625,4827.0
1548640200,0.0625,0.0625,0.0625,0.0625,11065.0
1548640380,0.062385,0.062385,0.062385,0.062385,200.0
1548640500,0.062003,0.062003,0.062003,0.062003,2729.0
1548640920,0.061776,0.062,0.062,0.061776,312.0
1548641280,0.06185,0.06185,0.06185,0.06185,3840.0
1548644820,0.060676,0.060676,0.060676,0.060676,4000.0
1548645360,0.06022,0.060466,0.060466,0.06022,11.0
1548645780,0.06022,0.06022,0.06022,0.06022,592.0
1548645960,0.0601,0.0602,0.0602,0.0601,1002.0
1548646020,0.06005,0.060087,0.060087,0.06005,115.0
1548646080,0.06,0.06005,0.06005,0.06,1914.0
1548646140,0.0599,0.0599,0.0599,0.0599,21.0
1548646320,0.0598,0.0598,0.0598,0.0598,499.0
1548646500,0.0597,0.059759,0.059759,0.0597,181.0
1548646920,0.0596,0.0596,0.0596,0.0596,2.0
1548647760,0.0594,0.0595,0.0595,0.0594,2.0
1548648000,0.0592,0.0593,0.0593,0.0592,2.0
1548651300,0.059339,0.059339,0.059339,0.059339,357.0
1548652560,0.0591,0.059101,0.059101,0.0591,135.0
1548652620,0.059,0.059,0.059,0.059,1.0
1548653220,0.0589,0.0589,0.0589,0.0589,1.0
1548653400,0.0588,0.0588,0.0588,0.0588,1.0
1548653820,0.058701,0.058701,0.058701,0.058701,464.0
1548654000,0.0587,0.0587,0.0587,0.0587,2557.0
1548654180,0.0586,0.0586,0.0586,0.0586,1.0
1548654420,0.0585,0.0585,0.0585,0.0585,1.0
1548654660,0.0584,0.0584,0.0584,0.0584,1.0
1548654720,0.0582,0.0583,0.0583,0.0582,243.0
1548655680,0.058,0.058101,0.058101,0.058,118.0
1548655920,0.0582,0.0582,0.0582,0.0582,1480.0
1548657540,0.0593,0.0593,0.0593,0.0593,8959.0
1548686460,0.0577,0.0583,0.0577,0.0583,1650.0
1548689460,0.0575,0.0575,0.0575,0.0575,20.0
1548689640,0.057368,0.057368,0.057368,0.057368,1000.0
1548689940,0.057,0.057,0.057,0.057,1377.0
1548690000,0.0558,0.05603,0.05603,0.0558,9407.0
1548690120,0.0558,0.0558,0.0558,0.0558,30.0
1548692820,0.056499,0.056499,0.056499,0.056499,6227.0
1548694200,0.057,0.057,0.057,0.057,20.0
1548695280,0.057,0.057,0.057,0.057,10.0
1548696420,0.0567,0.0567,0.0567,0.0567,10.0
1548696660,0.0564,0.0564,0.0564,0.0564,1266.0
1548700440,0.05639,0.05639,0.05639,0.05639,1773.0
1548700680,0.0567,0.0567,0.0567,0.0567,40.0
1548700740,0.0567,0.0567,0.0567,0.0567,10.0
1548701820,0.055933,0.05607,0.05607,0.055933,15431.0
1548702300,0.0563,0.0563,0.0563,0.0563,18.0
1548703020,0.056,0.056,0.056,0.056,9.0
1548740940,0.05501,0.05501,0.05501,0.05501,222.0
1548742200,0.05501,0.05501,0.05501,0.05501,78.0
1548745380,0.055,0.05501,0.05501,0.055,1655.0
1548746640,0.054486,0.054597,0.054597,0.054486,3819.0
1548747480,0.054485,0.054485,0.054485,0.054485,1100.0
1548748260,0.054485,0.054485,0.054485,0.054485,35.0
1548748320,0.054485,0.054485,0.054485,0.054485,365.0
1548748380,0.054,0.0543,0.0543,0.054,29790.0
1548787920,0.056612,0.056612,0.056612,0.056612,2000.0
1548794640,0.0565,0.0565,0.0565,0.0565,500.0
1548795600,0.0563,0.0563,0.0563,0.0563,98.0
1548795720,0.056272,0.056272,0.056272,0.056272,3562.0
1548796380,0.056299,0.056299,0.056299,0.056299,2019.0
1548796560,0.056272,0.056272,0.056272,0.056272,325.0
1548806220,0.055954,0.055954,0.055954,0.055954,989.0
1548851940,0.056959,0.057061,0.056959,0.057061,1374.0
1548853560,0.057059,0.057059,0.057059,0.057059,883.0
1548853980,0.057065,0.057065,0.057065,0.057065,301.0
1548856140,0.057464,0.057464,0.057464,0.057464,2655.0
1548857280,0.0574,0.0574,0.0574,0.0574,1178.0
1548901560,0.057618,0.057621,0.057618,0.057621,6542.0
1548906660,0.0575,0.0575,0.0575,0.0575,200.0
1548906960,0.057469,0.057469,0.057469,0.057469,1100.0
1548945720,0.055449,0.055449,0.055449,0.055449,501.0
1548946140,0.055449,0.055449,0.055449,0.055449,3494.0
1548946800,0.055449,0.055449,0.055449,0.055449,492.0
1548949860,0.055561,0.055561,0.055561,0.055561,12624.0
1548958980,0.05556,0.05556,0.05556,0.05556,13800.0
1548964500,0.055697,0.055697,0.055697,0.055697,12.0
1548966360,0.05637,0.05637,0.05637,0.05637,20.0
1549001160,0.054603,0.054603,0.054603,0.054603,3653.0
1549004880,0.054486,0.05456,0.05456,0.054486,5.0
1549018560,0.054765,0.054765,0.054765,0.054765,898.0
1549018920,0.054923,0.054923,0.054923,0.054923,210.0
1549019100,0.054924,0.054924,0.054924,0.054924,100.0
1549019700,0.054924,0.054924,0.054924,0.054924,10612.0
1549020480,0.055425,0.055425,0.055425,0.055425,139.0
1549048200,0.055884,0.055884,0.055884,0.055884,134.0
1549049580,0.05698,0.05698,0.05698,0.05698,2896.0
1549051500,0.056271,0.056271,0.056271,0.056271,71.0
1549062780,0.056195,0.056195,0.056195,0.056195,88.0
1549065360,0.056195,0.056195,0.056195,0.056195,912.0
1549066080,0.056195,0.056195,0.056195,0.056195,6.0
1549066680,0.056195,0.056195,0.056195,0.056195,574.0
1549120860,0.055211,0.055211,0.055211,0.055211,10.0
1549160760,0.05542,0.055457,0.055457,0.05542,1203.0
1549160820,0.055362,0.055362,0.055362,0.055362,28.0
1549236900,0.054301,0.054301,0.054301,0.054301,2026.0
1549239300,0.054301,0.054301,0.054301,0.054301,44.0
1549240260,0.054301,0.054301,0.054301,0.054301,146.0
1549246080,0.053974,0.0543,0.0543,0.053974,613.0
1549250220,0.0541,0.0541,0.0541,0.0541,9055.0
1549250520,0.0541,0.0541,0.0541,0.0541,32282.0
1549250700,0.0541,0.0541,0.0541,0.0541,14980.0
1549331760,0.055976,0.055978,0.055977,0.055978,13406.0
1549338480,0.056037,0.056037,0.056037,0.056037,1822.0
1549338600,0.056072,0.056072,0.056072,0.056072,1998.0
1549340460,0.056042,0.056042,0.056042,0.056042,2639.0
1549341000,0.056025,0.056025,0.056025,0.056025,3075.0
1549342680,0.057003,0.057004,0.057003,0.057004,5263.0
1549343040,0.056991,0.056991,0.056991,0.056991,2990.0
1549419840,0.053957,0.053957,0.053957,0.053957,5263.0
1549419900,0.053957,0.053957,0.053957,0.053957,20633.0
1549419960,0.053957,0.053957,0.053957,0.053957,365.0
1549420260,0.053957,0.053957,0.053957,0.053957,3740.0
1549421400,0.053933,0.053933,0.053933,0.053933,18.0
1549435800,0.054376,0.054376,0.054376,0.054376,1000.0
1549523280,0.05317,0.05317,0.05317,0.05317,7857.0
1549523340,0.05317,0.05317,0.05317,0.05317,10575.0
1549523400,0.05317,0.05317,0.05317,0.05317,11917.0
1549523820,0.05317,0.05317,0.05317,0.05317,88.0
1549604820,0.056377,0.056795,0.056795,0.056379,5600.0
1549607100,0.056432,0.057145,0.057145,0.056432,17692.0
1549608660,0.056966,0.057044,0.056966,0.057044,23550.0
1549608720,0.056669,0.056942,0.056942,0.056669,19556.0
1549608780,0.056669,0.056669,0.056669,0.056669,1943.0
1549612020,0.057136,0.057136,0.057136,0.057136,5056.0
1549612080,0.056762,0.056762,0.056762,0.056762,4802.0
1549612680,0.056784,0.056784,0.056784,0.056784,47.0
1549613400,0.057056,0.057056,0.057056,0.057056,2410.0
1549614060,0.057056,0.057056,0.057056,0.057056,6300.0
1549614120,0.056685,0.056715,0.056685,0.056715,4474.0
1549615140,0.05816,0.05816,0.05816,0.05816,1137.0
1549615620,0.058083,0.058159,0.058083,0.058159,8065.0
1549615680,0.058162,0.058162,0.058162,0.058162,11.0
1549615740,0.057707,0.058561,0.058552,0.057717,21627.0
1549615920,0.05875,0.059266,0.05875,0.059266,7913.0
1549616880,0.057992,0.057995,0.057992,0.057995,4597.0
1549617060,0.058619,0.058619,0.058619,0.058619,905.0
1549617360,0.057201,0.057201,0.057201,0.057201,916.0
1549618320,0.056939,0.057477,0.057476,0.056943,24361.0
1549618380,0.056947,0.056955,0.056947,0.056955,8019.0
1549619040,0.057584,0.057584,0.057584,0.057584,50.0
1549619340,0.057498,0.057501,0.057498,0.057501,11894.0
1549619520,0.057688,0.057688,0.057688,0.057688,5342.0
1549619820,0.057309,0.057312,0.057312,0.057311,5332.0
1549620000,0.057534,0.057535,0.057534,0.057535,4287.0
1549620060,0.056611,0.057663,0.056611,0.056659,6092.0
1549621260,0.0565,0.0565,0.0565,0.0565,10000.0
1549621380,0.057542,0.057542,0.057542,0.057542,4585.0
1549621440,0.057493,0.057493,0.057493,0.057493,837.0
1549621500,0.057493,0.057493,0.057493,0.057493,1941.0
1549621980,0.056758,0.056758,0.056758,0.056758,7223.0
1549622220,0.057467,0.05774,0.057467,0.05774,12968.0
1549623180,0.056124,0.056133,0.056127,0.056133,11821.0
1549623300,0.057736,0.057736,0.057736,0.057736,7679.0
1549624500,0.056939,0.056944,0.056939,0.056944,7679.0
1549624980,0.057575,0.057575,0.057575,0.057575,6122.0
1549625160,0.057239,0.057247,0.057239,0.057247,6122.0
1549625220,0.057253,0.057253,0.057253,0.057253,271.0
1549625460,0.057336,0.057336,0.057336,0.057336,1472.0
1549701360,0.05962,0.05962,0.05962,0.05962,3683.0
1549704660,0.059353,0.059353,0.059353,0.059353,1.0
1549711620,0.059128,0.059128,0.059128,0.059128,1.0
1549713840,0.059083,0.059083,0.059083,0.059083,1226.0
1549792380,0.057894,0.057895,0.057894,0.057895,6716.0
1549792440,0.057895,0.059173,0.057895,0.059173,26502.0
1549792500,0.060098,0.06051,0.0601,0.06051,14.0
1549792620,0.060997,0.061,0.061,0.060997,15.0
1549792680,0.061241,0.061588,0.06125,0.061241,1602.0
1549793940,0.059677,0.059743,0.059743,0.059677,16445.0
1549802160,0.059672,0.059672,0.059672,0.059672,15103.0
1549807680,0.059671,0.059671,0.059671,0.059671,820.0
1549893060,0.062263,0.062263,0.062263,0.062263,800.0
1549984080,0.058573,0.058574,0.058573,0.058574,8498.0
1549992900,0.0586,0.0586,0.0586,0.0586,4886.0
1550067060,0.05795,0.05817,0.05817,0.05795,9029.0
1550070780,0.05795,0.05795,0.05795,0.05795,1123.0
1550081880,0.057751,0.0579,0.0579,0.057751,2982.0
1550082240,0.057711,0.058001,0.058001,0.057711,19935.0
1550086620,0.058119,0.058119,0.058119,0.058119,1647.0
1550162520,0.057752,0.057752,0.057752,0.057752,13752.0
1550163540,0.057524,0.057524,0.057524,0.057524,5681.0
1550180160,0.0576,0.0576,0.0576,0.0576,5247.0
1550180220,0.0575,0.057535,0.057535,0.0575,6515.0
1550262960,0.057927,0.057975,0.057975,0.057927,3797.0
1550265240,0.057903,0.057903,0.057903,0.057903,7029.0
1550266860,0.057903,0.057903,0.057903,0.057903,4140.0
1550268000,0.057903,0.057903,0.057903,0.057903,414.0
1550356140,0.061001,0.061001,0.061001,0.061001,200.0
1550357340,0.061959,0.061959,0.061959,0.061959,300.0
1550358780,0.061195,0.061195,0.061195,0.061195,300.0
1550362560,0.061962,0.06325,0.061962,0.06325,5091.0
1550362620,0.064123,0.064123,0.064123,0.064123,300.0
1550363580,0.063801,0.063801,0.063801,0.063801,300.0
1550365320,0.061,0.061,0.061,0.061,2460.0
1550439900,0.062579,0.062579,0.062579,0.062579,3032.0
1550440260,0.062688,0.062688,0.062688,0.062688,1.0
1550442600,0.063357,0.063357,0.063357,0.063357,500.0
1550443380,0.063512,0.063512,0.063512,0.063512,1.0
1550449020,0.0633,0.0633,0.0633,0.0633,500.0
1550449080,0.063453,0.0645,0.063453,0.0645,11974.0
1550449800,0.064499,0.064499,0.064499,0.064499,5372.0
1550450040,0.0645,0.0645,0.0645,0.0645,781.0
1550450160,0.0645,0.06495,0.0645,0.06495,3671.0
1550450280,0.065,0.065,0.065,0.065,6156.0
1550450340,0.065,0.065,0.065,0.065,3813.0
1550450400,0.065,0.065,0.065,0.065,2343.0
1550450460,0.065,0.065043,0.065036,0.065,5135.0
1550450700,0.06515,0.06522,0.06515,0.06522,10011.0
1550450940,0.065445,0.06545,0.065445,0.06545,7074.0
1550451000,0.06545,0.06545,0.06545,0.06545,4312.0
1550451060,0.06545,0.066293,0.06545,0.06545,11063.0
1550451120,0.066493,0.066493,0.066493,0.066493,3032.0
1550451240,0.0665,0.068279,0.0665,0.068279,17604.0
1550451360,0.068208,0.068496,0.068496,0.068208,21664.0
1550451480,0.068443,0.068464,0.068464,0.068443,3812.0
1550451540,0.068296,0.068296,0.068296,0.068296,780.0
1550451720,0.067,0.067766,0.067766,0.067,3056.0
1550451780,0.066599,0.066599,0.066599,0.066599,6064.0
1550451960,0.066,0.066501,0.066501,0.066,7052.0
1550452260,0.065686,0.065943,0.065686,0.065942,2340.0
1550453400,0.066001,0.066001,0.066001,0.066001,4592.0
1550454360,0.0665,0.0665,0.0665,0.0665,780.0
1550454420,0.0665,0.0665,0.0665,0.0665,2668.0
1550455740,0.066997,0.066997,0.066997,0.066997,300.0
1550457960,0.06627,0.06627,0.06627,0.06627,557.0
1550534640,0.06682,0.06682,0.06682,0.06682,24294.0
1550535480,0.067396,0.067471,0.067396,0.067471,2051.0
1550535720,0.067863,0.069061,0.067863,0.069061,13402.0
1550535780,0.069075,0.0695,0.069075,0.0695,5781.0
1550536080,0.069123,0.069123,0.069123,0.069123,97.0
1550536140,0.068465,0.068465,0.068465,0.068465,689.0
1550536200,0.068791,0.068791,0.068791,0.068791,780.0
1550536860,0.0685,0.068585,0.068585,0.0685,499.0
1550537220,0.0684,0.0684,0.0684,0.0684,150.0
1550537280,0.068228,0.068228,0.068228,0.068228,198.0
1550538120,0.068,0.068,0.068,0.068,24.0
1550539680,0.067675,0.067675,0.067675,0.067675,100.0
1550539800,0.0675,0.067504,0.067504,0.0675,2128.0
1550539860,0.0675,0.0675,0.0675,0.0675,2974.0
1550540880,0.067268,0.067268,0.067268,0.067268,1.0
1550541360,0.06711,0.06711,0.06711,0.06711,780.0
1550541480,0.06711,0.06711,0.06711,0.06711,780.0
1550541600,0.06711,0.06711,0.06711,0.06711,780.0
1550541960,0.06711,0.06711,0.06711,0.06711,3306.0
1550543040,0.067,0.067,0.067,0.067,195.0
1550543580,0.0665,0.066501,0.066501,0.0665,10804.0
1550545860,0.066127,0.066127,0.066127,0.066127,925.0
1550608080,0.0671,0.0671,0.0671,0.0671,781.0
1550616900,0.067012,0.0671,0.067012,0.0671,923.0
1550618160,0.0671,0.06715,0.0671,0.06715,4281.0
1550618700,0.067482,0.0675,0.067482,0.0675,898.0
1550618820,0.0675,0.068,0.0675,0.068,4360.0
1550690100,0.0667,0.0667,0.0667,0.0667,30.0
1550690880,0.0665,0.0665,0.0665,0.0665,151.0
1550775540,0.06515,0.06515,0.06515,0.06515,1193.0
1550781960,0.065149,0.065149,0.065149,0.065149,7149.0
1550782500,0.065149,0.065149,0.065149,0.065149,1394.0
1550786820,0.065118,0.065118,0.065118,0.065118,42.0
1550789700,0.065112,0.065112,0.065112,0.065112,180.0
1550789760,0.06511,0.06511,0.06511,0.06511,11.0
1550867880,0.06807,0.068072,0.068072,0.06807,2600.0
1550868120,0.06807,0.06807,0.06807,0.06807,780.0
1550869080,0.06807,0.06807,0.06807,0.06807,780.0
1550872500,0.06807,0.06807,0.06807,0.06807,265.0
1550878140,0.068095,0.068095,0.068095,0.068095,74.0
1550878560,0.068095,0.0681,0.068095,0.0681,2524.0
1550953860,0.069426,0.069426,0.069426,0.069426,1085.0
1550954160,0.0695,0.0695,0.0695,0.0695,1264.0
1550956440,0.069499,0.069499,0.069499,0.069499,719.0
1550956620,0.0694,0.0694,0.0694,0.0694,26538.0
1550956860,0.0694,0.0694,0.0694,0.0694,1835.0
1550964660,0.069499,0.069499,0.069499,0.069499,14500.0
1551048300,0.063001,0.063001,0.063001,0.063001,10.0
1551131880,0.062,0.062,0.062,0.062,425.0
1551134280,0.062003,0.062003,0.062003,0.062003,204.0
1551139800,0.062249,0.062249,0.062249,0.062249,102.0
1551146400,0.062599,0.062599,0.062599,0.062599,186.0
1551148800,0.06272,0.06272,0.06272,0.06272,900.0
1551227340,0.064731,0.064731,0.064731,0.064731,14.0
1551228900,0.064731,0.064731,0.064731,0.064731,1915.0
1551230760,0.064731,0.064731,0.064731,0.064731,1915.0
1551230820,0.064731,0.064731,0.064731,0.064731,1915.0
1551230880,0.064731,0.064731,0.064731,0.064731,1915.0
1551231660,0.064731,0.064731,0.064731,0.064731,7326.0
1551237180,0.065793,0.065793,0.065793,0.065793,1914.0
1551311520,0.0649,0.06499,0.06499,0.0649,200.0
1551398820,0.065,0.065,0.065,0.065,86.0
1551401580,0.065,0.065,0.065,0.065,858.0
1551401640,0.065,0.065,0.065,0.065,4104.0
1551403260,0.064997,0.064997,0.064997,0.064997,30.0
1551488640,0.067305,0.067305,0.067305,0.067305,200.0
1551488700,0.066446,0.066446,0.066446,0.066446,751.0
1551491040,0.0666,0.0666,0.0666,0.0666,6679.0
1551491100,0.066528,0.0666,0.0666,0.066528,7819.0
1551491160,0.066604,0.06661,0.06661,0.066604,5500.0
1551491280,0.066672,0.066675,0.066672,0.066675,3640.0
1551491340,0.0666,0.0666,0.0666,0.0666,2018.0
1551491760,0.066933,0.066933,0.066933,0.066933,2214.0
1551491940,0.066706,0.066706,0.066706,0.066706,2795.0
1551492060,0.066979,0.066979,0.066979,0.066979,868.0
1551492120,0.06671,0.06671,0.06671,0.06671,750.0
1551492420,0.066856,0.067174,0.067174,0.066856,5052.0
1551492480,0.067246,0.067247,0.067246,0.067247,6064.0
1551492540,0.066897,0.066941,0.066897,0.066941,1874.0
1551492660,0.066788,0.066788,0.066788,0.066788,3729.0
1551492720,0.066788,0.066788,0.066788,0.066788,871.0
1551492780,0.066535,0.067415,0.067276,0.067415,13239.0
1551492840,0.066663,0.066905,0.066904,0.06668,8155.0
1551493200,0.067248,0.067251,0.067251,0.067248,5921.0
1551493260,0.066955,0.066955,0.066955,0.066955,1587.0
1551493380,0.066927,0.066927,0.066927,0.066927,3780.0
1551495480,0.067056,0.067449,0.067385,0.067084,14967.0
1551495540,0.067491,0.06755,0.067491,0.06755,6243.0
1551495600,0.067285,0.06763,0.06763,0.067625,23359.0
1551495660,0.067227,0.06763,0.067279,0.067234,46753.0
1551495720,0.067235,0.067235,0.067235,0.067235,1512.0
1551495780,0.067233,0.067233,0.067233,0.067233,5490.0
1551495960,0.067027,0.067027,0.067027,0.067027,5120.0
1551496020,0.066929,0.066983,0.066929,0.066951,8636.0
1551496200,0.066937,0.067367,0.06733,0.066937,7752.0
1551496260,0.066925,0.067448,0.066939,0.067448,23623.0
1551496320,0.067102,0.067431,0.067431,0.067118,13537.0
1551496380,0.067364,0.067573,0.067364,0.067573,8628.0
1551496440,0.067262,0.067329,0.067309,0.067264,8726.0
1551499260,0.067649,0.06765,0.067649,0.06765,5200.0
1551499860,0.067826,0.067826,0.067826,0.067826,100.0
1551500220,0.067826,0.067843,0.067826,0.067843,4970.0
1551501360,0.067784,0.067784,0.067784,0.067784,737.0
1551581580,0.066526,0.066526,0.066526,0.066526,80.0
1551589740,0.066996,0.066996,0.066996,0.066996,1.0
1551662880,0.066722,0.066722,0.066722,0.066722,10.0
1551673740,0.06516,0.065397,0.065397,0.06516,2062.0
1551673800,0.065,0.065104,0.065104,0.065,357.0
1551674400,0.065603,0.065603,0.065603,0.065603,1.0
1551675000,0.065397,0.065397,0.065397,0.065397,1.0
1551676680,0.06454,0.06454,0.06454,0.06454,10.0
1551676740,0.06454,0.06454,0.06454,0.06454,2.0
1551676800,0.064542,0.064542,0.064542,0.064542,1.0
1551753180,0.062969,0.063001,0.063001,0.062969,4401.0
1551754200,0.062469,0.0625,0.0625,0.062469,350.0
1551762840,0.062815,0.062815,0.062815,0.062815,200.0
1551932340,0.067998,0.068,0.067998,0.068,16526.0
1551936300,0.067997,0.067997,0.067997,0.067997,14706.0
1551948420,0.06772,0.06772,0.06772,0.06772,150.0
1552022940,0.06751,0.06751,0.06751,0.06751,3030.0
1552023660,0.06751,0.06751,0.06751,0.06751,2.0
1552023840,0.06751,0.06751,0.06751,0.06751,1.0
1552024620,0.067499,0.06751,0.06751,0.067499,37738.0
1552025280,0.067024,0.067025,0.067025,0.067024,202.0
1552026300,0.067025,0.067025,0.067025,0.067025,100.0
1552026360,0.067267,0.067267,0.067267,0.067267,2.0
1552028640,0.067078,0.067078,0.067078,0.067078,3030.0
1552099140,0.06659,0.06659,0.06659,0.06659,567.0
1552109520,0.067,0.067,0.067,0.067,1308.0
1552109700,0.067024,0.067024,0.067024,0.067024,1.0
1552111560,0.067264,0.067264,0.067264,0.067264,2.0
1552115040,0.068,0.068,0.068,0.068,114.0
1552116120,0.068419,0.068419,0.068419,0.068419,1.0
1552116360,0.06842,0.06842,0.06842,0.06842,1.0
1552196880,0.070233,0.070233,0.070233,0.070233,1914.0
1552196940,0.070233,0.070233,0.070233,0.070233,1914.0
1552199820,0.07003,0.070066,0.070066,0.07003,502.0
1552203000,0.06987,0.07,0.07,0.06987,14694.0
1552206060,0.070415,0.071119,0.070415,0.071119,6423.0
1552206120,0.071019,0.0715,0.07112,0.071019,4085.0
1552206180,0.071019,0.072438,0.071019,0.072438,15011.0
1552206240,0.0725,0.073,0.0725,0.073,34501.0
1552206840,0.072999,0.072999,0.072999,0.072999,10121.0
1552207020,0.072475,0.07262,0.072475,0.07262,14466.0
1552207320,0.072355,0.072356,0.072356,0.072355,19708.0
1552210200,0.070616,0.070616,0.070616,0.070616,1914.0
1552210260,0.070616,0.070616,0.070616,0.070616,2649.0
1552281120,0.0705,0.0705,0.0705,0.0705,3828.0
1552281780,0.0705,0.0705,0.0705,0.0705,1290.0
1552283880,0.07,0.07,0.07,0.07,85.0
1552285020,0.0695,0.069563,0.069563,0.0695,2.0
1552286640,0.069365,0.0695,0.0695,0.069365,5896.0
1552290480,0.069002,0.069036,0.069036,0.069002,3099.0
1552290720,0.069002,0.069002,0.069002,0.069002,14169.0
1552291740,0.069002,0.069002,0.069002,0.069002,9033.0
1552293060,0.069003,0.069003,0.069003,0.069003,1000.0
1552293420,0.069004,0.069004,0.069004,0.069004,3652.0
1552295220,0.069004,0.069004,0.069004,0.069004,6349.0
1552298700,0.069185,0.069185,0.069185,0.069185,3500.0
1552300860,0.0691,0.0691,0.0691,0.0691,552.0
1552300920,0.069055,0.069055,0.069055,0.069055,500.0
1552301040,0.069041,0.069041,0.069041,0.069041,350.0
1552301100,0.06901,0.06901,0.06901,0.06901,550.0
1552301520,0.069003,0.06901,0.06901,0.069003,615.0
1552372260,0.083499,0.083506,0.083506,0.083499,11464.0
1552372440,0.0825,0.084489,0.084489,0.0825,8.0
1552372500,0.0825,0.0825,0.0825,0.0825,3828.0
1552372560,0.082499,0.0825,0.0825,0.082499,10702.0
1552372680,0.0815,0.0815,0.0815,0.0815,5039.0
1552372740,0.078502,0.0805,0.0805,0.078502,44860.0
1552372860,0.078506,0.078506,0.078506,0.078506,818.0
1552372920,0.08,0.0805,0.08,0.0805,3365.0
1552372980,0.0805,0.0815,0.0805,0.0815,3636.0
1552373160,0.081499,0.081499,0.081499,0.081499,1.0
1552373280,0.0815,0.0815,0.0815,0.0815,4999.0
1552373340,0.0825,0.0835,0.0825,0.0835,10000.0
1552373400,0.0845,0.0845,0.0845,0.0845,5000.0
1552373460,0.084968,0.0855,0.084968,0.0855,212.0
1552373640,0.085499,0.085499,0.085499,0.085499,5346.0
1552373700,0.085,0.085001,0.085001,0.085001,10172.0
1552373760,0.0845,0.085,0.085,0.0845,9257.0
1552373880,0.0835,0.0835,0.0835,0.0835,1914.0
1552373940,0.0835,0.0835,0.0835,0.0835,1914.0
1552374360,0.0835,0.0835,0.0835,0.0835,1232.0
1552375200,0.0825,0.0825,0.0825,0.0825,2.0
1552375320,0.0825,0.0825,0.0825,0.0825,1272.0
1552375440,0.0825,0.0825,0.0825,0.0825,5286.0
1552376280,0.083424,0.083424,0.083424,0.083424,110.0
1552376700,0.082,0.083,0.0825,0.082,9375.0
1552378020,0.0815,0.0815,0.0815,0.0815,5062.0
1552378080,0.0805,0.0805,0.0805,0.0805,3828.0
1552378140,0.07879,0.0805,0.0805,0.07879,8397.0
1552378380,0.078615,0.078615,0.078615,0.078615,1298.0
1552378500,0.0785,0.078615,0.078615,0.0785,6050.0
1552379580,0.0785,0.0785,0.0785,0.0785,240.0
1552380420,0.083,0.084,0.083,0.084,8985.0
1552380540,0.0845,0.0845,0.0845,0.0845,3183.0
1552380600,0.0845,0.0845,0.0845,0.0845,1817.0
1552380660,0.085,0.0855,0.085,0.0855,6200.0
1552380780,0.084192,0.084192,0.084192,0.084192,640.0
1552380900,0.0845,0.0845,0.0845,0.0845,70.0
1552381020,0.080941,0.083,0.081693,0.083,14544.0
1552381200,0.080935,0.080935,0.080935,0.080935,217.0
1552381620,0.081723,0.081723,0.081723,0.081723,216.0
1552381680,0.081927,0.081927,0.081927,0.081927,3091.0
1552382160,0.08,0.08,0.08,0.08,1.0
1552382220,0.0785,0.0795,0.0795,0.0785,500.0
1552385820,0.08,0.08,0.08,0.08,1.0
1552388160,0.078003,0.0781,0.0781,0.078003,600.0
1552388280,0.0775,0.0775,0.0775,0.0775,300.0
1552390980,0.077939,0.077939,0.077939,0.077939,252.0
1552468980,0.076,0.076003,0.076,0.076003,20.0
1552471140,0.076,0.076,0.076,0.076,1.0
1552471440,0.075409,0.07541,0.07541,0.075409,410.0
1552471800,0.075,0.075022,0.075022,0.075,22.0
1552472400,0.07434,0.07435,0.07434,0.07435,3.0
1552473120,0.074175,0.074236,0.074175,0.074236,16.0
1552474020,0.0741,0.0741,0.0741,0.0741,3417.0
1552474560,0.074101,0.074101,0.074101,0.074101,150.0
1552477740,0.0741,0.074101,0.074101,0.0741,550.0
1552477860,0.0741,0.0741,0.0741,0.0741,8872.0
1552478040,0.0741,0.0741,0.0741,0.0741,1215.0
1552480020,0.074289,0.074289,0.074289,0.074289,1308.0
1552480860,0.0742,0.0742,0.0742,0.0742,150.0
1552562220,0.073994,0.073994,0.073994,0.073994,3397.0
1552562520,0.073994,0.073994,0.073994,0.073994,3603.0
1552563660,0.075398,0.0754,0.075398,0.0754,1150.0
1552563780,0.075398,0.075398,0.075398,0.075398,1.0
1552569300,0.075409,0.075409,0.075409,0.075409,142.0
1552570800,0.074865,0.074865,0.074865,0.074865,250.0
1552573380,0.073503,0.074,0.074,0.073503,597.0
1552573440,0.073005,0.074025,0.0735,0.073005,15473.0
1552573800,0.07299,0.073001,0.073001,0.07299,205.0
1552573860,0.073518,0.073518,0.073518,0.073518,1.0
1552573920,0.073504,0.073504,0.073504,0.073504,2.0
1552574160,0.073504,0.073504,0.073504,0.073504,1.0
1552574220,0.073504,0.073504,0.073504,0.073504,8.0
1552574700,0.074034,0.074037,0.074037,0.074034,3.0
1552648560,0.07661,0.07661,0.07661,0.07661,500.0
1552650060,0.0766,0.0766,0.0766,0.0766,2.0
1552660440,0.075783,0.07588,0.075783,0.07588,10503.0
1552661280,0.075933,0.075933,0.075933,0.075933,22.0
1552663020,0.07699,0.07699,0.07699,0.07699,100.0
1552663080,0.07668,0.07669,0.07669,0.07669,300.0
1552663140,0.07669,0.07669,0.07669,0.07669,1200.0
1552741020,0.075451,0.0755,0.0755,0.075451,841.0
1552741080,0.07545,0.07545,0.07545,0.07545,5774.0
1552741320,0.075451,0.075451,0.075451,0.075451,1.0
1552741380,0.07545,0.07545,0.07545,0.07545,1358.0
1552743540,0.075,0.07545,0.07545,0.075001,15507.0
1552745340,0.075001,0.075001,0.075001,0.075001,500.0
1552745640,0.075,0.075,0.075,0.075,500.0
1552745700,0.075,0.075,0.075,0.075,50.0
1552747020,0.075333,0.075333,0.075333,0.075333,790.0
1552748220,0.075,0.075,0.075,0.075,10.0
1552750260,0.075,0.075,0.075,0.075,58.0
1552750560,0.075153,0.075153,0.075153,0.075153,30.0
1552750620,0.075143,0.075147,0.075147,0.075143,25.0
1552750680,0.075137,0.075137,0.075137,0.075137,5.0
1552750800,0.075125,0.075125,0.075125,0.075125,7.0
1552754520,0.075511,0.075511,0.075511,0.075511,99.0
1552829820,0.074,0.074,0.074,0.074,5440.0
1552830780,0.074,0.074,0.074,0.074,6590.0
1552833000,0.07401,0.07401,0.07401,0.07401,3050.0
1552837080,0.074695,0.074695,0.074695,0.074695,267.0
1552839000,0.074793,0.074793,0.074793,0.074793,51.0
1552841340,0.074694,0.074694,0.074694,0.074694,8.0
1552925040,0.07492,0.07492,0.07492,0.07492,1695.0
1552925640,0.074576,0.074601,0.074601,0.074576,12795.0
1552926780,0.074367,0.0745,0.0745,0.074367,523.0
1552927020,0.0741,0.0741,0.0741,0.0741,1000.0
1552932420,0.074044,0.074044,0.074044,0.074044,3397.0
1553015040,0.074602,0.074602,0.074602,0.074602,4803.0
1553016600,0.075499,0.075499,0.075499,0.075499,150.0
1553021040,0.07542,0.07542,0.07542,0.07542,861.0
1553023980,0.07544,0.075448,0.075448,0.07544,679.0
1553025000,0.075449,0.07545,0.075449,0.07545,24963.0
1553025540,0.07544,0.075449,0.075449,0.07544,539.0
1553026620,0.07545,0.07545,0.07545,0.07545,2183.0
1553028600,0.07544,0.07544,0.07544,0.07544,987.0
1553028660,0.07544,0.07544,0.07544,0.07544,372.0
1553029020,0.07544,0.07544,0.07544,0.07544,1795.0
1553029200,0.07544,0.07544,0.07544,0.07544,1916.0
1553029560,0.075048,0.07544,0.07544,0.075048,7820.0
1553033340,0.075448,0.07545,0.075448,0.07545,10128.0
1553107500,0.0825,0.0825,0.0825,0.0825,1878.0
1553107800,0.082833,0.082834,0.082833,0.082834,5064.0
1553108820,0.082795,0.082795,0.082795,0.082795,858.0
1553111640,0.082318,0.082795,0.082795,0.082318,300.0
1553111700,0.082723,0.082725,0.082723,0.082725,200.0
1553114340,0.082292,0.082292,0.082292,0.082292,300.0
1553115000,0.082247,0.082247,0.082247,0.082247,70.0
1553115060,0.082,0.082041,0.082041,0.082,727.0
1553116680,0.082,0.082,0.082,0.082,1152.0
1553117520,0.082499,0.0825,0.082499,0.0825,5732.0
1553117580,0.082499,0.0825,0.082499,0.0825,6146.0
1553118180,0.0826,0.0826,0.0826,0.0826,4991.0
1553118360,0.0826,0.0826,0.0826,0.0826,9.0
1553119320,0.0829,0.083,0.0829,0.083,168.0
1553120460,0.08232,0.082757,0.082757,0.08232,1500.0
1553120640,0.082743,0.082743,0.082743,0.082743,1.0
1553121480,0.082455,0.082455,0.082455,0.082455,100.0
1553124060,0.082172,0.082364,0.082364,0.082172,1671.0
1553126160,0.081687,0.08191,0.08191,0.081687,1083.0
1553126580,0.081422,0.081627,0.081627,0.081422,18651.0
1553126700,0.08296,0.0845,0.08296,0.0845,42449.0
1553126760,0.084989,0.0855,0.084989,0.0855,5062.0
1553127000,0.08377,0.08377,0.08377,0.08377,3314.0
1553127240,0.083289,0.083289,0.083289,0.083289,242.0
1553127300,0.08257,0.08257,0.08257,0.08257,12.0
1553127600,0.082639,0.082658,0.082658,0.082639,4656.0
1553127960,0.082957,0.082957,0.082957,0.082957,40.0
1553202420,0.078,0.078077,0.078,0.078077,62.0
1553203140,0.0785,0.0785,0.0785,0.0785,505.0
1553203560,0.078398,0.0785,0.078398,0.078498,16509.0
1553204160,0.078497,0.078497,0.078497,0.078497,500.0
1553209140,0.0784,0.078401,0.078401,0.0784,11847.0
1553209260,0.0784,0.0784,0.0784,0.0784,5916.0
1553209320,0.0784,0.0784,0.0784,0.0784,164.0
1553209440,0.0784,0.0784,0.0784,0.0784,4200.0
1553212200,0.078401,0.078401,0.078401,0.078401,4666.0
1553212320,0.078401,0.078401,0.078401,0.078401,290.0
1553212800,0.078401,0.078401,0.078401,0.078401,2876.0
1553213040,0.0785,0.0785,0.0785,0.0785,300.0
1553213820,0.078461,0.078461,0.078461,0.078461,89.0
1553213880,0.0784,0.0784,0.0784,0.0784,7219.0
1553215260,0.078196,0.0782,0.0782,0.078196,52.0
1553216640,0.078099,0.078099,0.078099,0.078099,3537.0
1553217000,0.07805,0.07805,0.07805,0.07805,5000.0
1553217540,0.078,0.078049,0.078049,0.078,90.0
1553290140,0.078,0.078001,0.078001,0.078,3064.0
1553290200,0.077969,0.077969,0.077969,0.077969,38.0
1553292360,0.077773,0.077773,0.077773,0.077773,39.0
1553292840,0.077618,0.077618,0.077618,0.077618,117.0
1553293320,0.077618,0.077618,0.077618,0.077618,1434.0
1553295360,0.077577,0.077617,0.077617,0.077577,4438.0
1553298060,0.07761,0.07761,0.07761,0.07761,135.0
1553298120,0.07761,0.07761,0.07761,0.07761,1.0
1553300520,0.077505,0.077618,0.077618,0.077505,9696.0
1553301420,0.077502,0.077502,0.077502,0.077502,200.0
1553305860,0.077618,0.077618,0.077618,0.077618,216.0
1553307360,0.077618,0.077618,0.077618,0.077618,304.0
1553379600,0.077668,0.077668,0.077668,0.077668,38.0
1553380260,0.0777,0.0777,0.0777,0.0777,1130.0
1553396160,0.077567,0.077573,0.077573,0.077567,1025.0
1553396400,0.077485,0.077485,0.077485,0.077485,320.0
1553396700,0.077437,0.077437,0.077437,0.077437,674.0
1553472600,0.079172,0.0792,0.079172,0.0792,1000.0
1553477460,0.079199,0.0792,0.079199,0.0792,2549.0
1553478000,0.079902,0.079902,0.079902,0.079902,1000.0
1553478180,0.08,0.08,0.08,0.08,76.0
1553478540,0.08015,0.0805,0.08015,0.0805,5419.0
1553478960,0.080491,0.080491,0.080491,0.080491,50.0
1553479560,0.08049,0.08049,0.08049,0.08049,1250.0
1553480580,0.080397,0.080397,0.080397,0.080397,374.0
1553480640,0.080391,0.080567,0.080391,0.080461,18500.0
1553480700,0.08046,0.08046,0.08046,0.08046,390.0
1553482980,0.08021,0.08021,0.08021,0.08021,659.0
1553484240,0.08021,0.08021,0.08021,0.08021,690.0
1553486460,0.080577,0.080599,0.080577,0.080599,6716.0
1553486520,0.080599,0.080599,0.080599,0.080599,8350.0
1553487180,0.080936,0.080936,0.080936,0.080936,467.0
1553487360,0.080999,0.080999,0.080999,0.080999,564.0
1553487900,0.081077,0.081077,0.081077,0.081077,1.0
1553488020,0.081494,0.081494,0.081494,0.081494,162.0
1553488080,0.0815,0.081722,0.0815,0.081722,5468.0
1553488380,0.081999,0.082,0.081999,0.082,250.0
1553488860,0.081891,0.081891,0.081891,0.081891,2181.0
1553488920,0.081899,0.0819,0.0819,0.081899,5636.0
1553491020,0.0809,0.0809,0.0809,0.0809,2000.0
1553491140,0.0807,0.0807,0.0807,0.0807,100.0
1553563980,0.07901,0.07901,0.07901,0.07901,526.0
1553564280,0.07901,0.07901,0.07901,0.07901,400.0
1553568360,0.080219,0.08022,0.080219,0.08022,11744.0
1553568600,0.080591,0.080601,0.080598,0.080595,8.0
1553568720,0.080475,0.080595,0.080475,0.080547,10.0
1553568960,0.0806,0.080749,0.0806,0.080684,2190.0
1553569080,0.080663,0.080723,0.080677,0.080712,8.0
1553569140,0.080697,0.080779,0.080709,0.080779,8.0
1553569560,0.080879,0.080879,0.080879,0.080879,1.0
1553570460,0.08128,0.08128,0.08128,0.08128,1.0
1553571240,0.0812,0.081293,0.081293,0.0812,10000.0
1553571420,0.081706,0.081706,0.081706,0.081706,3.0
1553571480,0.081706,0.081879,0.081779,0.081836,15.0
1553571540,0.081838,0.082013,0.081838,0.082013,58.0
1553571600,0.08228,0.08228,0.08228,0.08228,1.0
1553571780,0.081857,0.081878,0.081878,0.081857,10.0
1553571840,0.081771,0.081858,0.081856,0.081856,17.0
1553571900,0.081856,0.081856,0.081856,0.081856,2.0
1553572020,0.082779,0.082879,0.082779,0.082879,2.0
1553572500,0.08327,0.08328,0.08327,0.083275,6.0
1553572620,0.082831,0.083779,0.083779,0.082831,4.0
1553572680,0.082829,0.082831,0.08283,0.082829,5.0
1553572800,0.083879,0.083879,0.083879,0.083879,1.0
1553573700,0.083834,0.083834,0.083834,0.083834,6222.0
1553575020,0.0825,0.0825,0.0825,0.0825,1200.0
1553575380,0.082488,0.082488,0.082488,0.082488,5262.0
1553576580,0.082487,0.082487,0.082487,0.082487,5.0
1553578140,0.081348,0.081348,0.081348,0.081348,4673.0
1553581620,0.081,0.081,0.081,0.081,605.0
1553583120,0.080698,0.0807,0.0807,0.080698,1880.0
1553656260,0.080719,0.080719,0.080719,0.080719,2100.0
1553657880,0.08072,0.080778,0.08072,0.080778,2079.0
1553659680,0.080978,0.081295,0.080978,0.081295,42.0
1553659740,0.081456,0.081456,0.081456,0.081456,1.0
1553662380,0.081369,0.081369,0.081369,0.081369,1.0
1553662440,0.081369,0.081369,0.081369,0.081369,1.0
1553663100,0.081455,0.081456,0.081455,0.081456,2618.0
1553663160,0.081778,0.08249,0.081778,0.08249,500.0
1553664780,0.081455,0.081455,0.081455,0.081455,1250.0
1553666100,0.0826,0.0826,0.0826,0.0826,1.0
1553671080,0.082,0.082,0.082,0.082,2467.0
1553750460,0.082268,0.082268,0.082268,0.082268,120.0
1553751720,0.08252,0.08252,0.08252,0.08252,1.0
1553751780,0.08252,0.082788,0.08252,0.082788,116.0
1553751840,0.082783,0.082783,0.082783,0.082783,1.0
1553752140,0.0829,0.0829,0.0829,0.0829,1.0
1553752560,0.0829,0.0829,0.0829,0.0829,8998.0
1553753220,0.083254,0.083254,0.083254,0.083254,1.0
1553753280,0.08322,0.083254,0.083254,0.08322,2.0
1553754840,0.083334,0.083334,0.083334,0.083334,1.0
1553755200,0.083289,0.083289,0.083289,0.083289,500.0
1553755680,0.08341,0.08341,0.08341,0.08341,1.0
1553757240,0.083343,0.083343,0.083343,0.083343,50.0
1553759160,0.082683,0.082683,0.082683,0.082683,7211.0
1553759340,0.083162,0.083162,0.083162,0.083162,1.0
1553760120,0.08318,0.08318,0.08318,0.08318,10006.0
1553760300,0.083111,0.083111,0.083111,0.083111,710.0
1553760540,0.083111,0.083111,0.083111,0.083111,750.0
1553762340,0.083341,0.083399,0.083341,0.083399,1000.0
1553842980,0.087593,0.087593,0.087593,0.087593,1254.0
1553846760,0.087867,0.08787,0.08787,0.087867,201.0
1553852160,0.088402,0.088402,0.088402,0.088402,5807.0
1553856900,0.088445,0.088445,0.088445,0.088445,100.0
1553928900,0.089039,0.089039,0.089039,0.089039,863.0
1553929080,0.089,0.089,0.089,0.089,120.0
1553929560,0.089163,0.089163,0.089163,0.089163,867.0
1553930100,0.089278,0.089278,0.089278,0.089278,3777.0
1553936460,0.088027,0.08847,0.08847,0.088027,1364.0
1554020280,0.086756,0.086756,0.086756,0.086756,1.0
1554020340,0.086756,0.086756,0.086756,0.086756,1.0
1554032940,0.08725,0.08725,0.08725,0.08725,1.0
1554033120,0.087776,0.087971,0.087776,0.087971,11.0
1554033600,0.088298,0.088301,0.088298,0.088301,3.0
1554035520,0.0883,0.0883,0.0883,0.0883,3622.0
1554035580,0.088301,0.088301,0.088301,0.088301,2604.0
1554036000,0.088301,0.088301,0.088301,0.088301,2716.0
1554037320,0.088604,0.088604,0.088604,0.088604,2000.0
1554039960,0.088786,0.089,0.089,0.088986,2386.0
1554112560,0.0912,0.0912,0.0912,0.0912,1000.0
1554114900,0.090754,0.090755,0.090755,0.090754,905.0
1554121200,0.091049,0.091049,0.091049,0.091049,119.0
1554121500,0.091049,0.091049,0.091049,0.091049,481.0
1554124800,0.09159,0.09159,0.09159,0.09159,1.0
1554126840,0.09169,0.09189,0.09169,0.09189,3.0
1554127320,0.09199,0.0922,0.09199,0.0922,288.0
1554127680,0.092334,0.092334,0.092334,0.092334,5.0
1554127800,0.092501,0.092501,0.092501,0.092501,243.0
1554128280,0.092718,0.09286,0.092718,0.09286,109.0
1554128340,0.092917,0.093,0.092917,0.093,7204.0
1554128400,0.093,0.093,0.093,0.093,647.0
1554129540,0.0934,0.0934,0.0934,0.0934,3202.0
1554130200,0.093345,0.093369,0.093369,0.093345,2511.0
1554205500,0.094311,0.094311,0.094311,0.094311,244.0
1554206820,0.09501,0.09501,0.09501,0.09501,50.0
1554207480,0.095627,0.095627,0.095627,0.095627,1329.0
1554207600,0.095629,0.095629,0.095629,0.095629,10000.0
1554208200,0.095746,0.095746,0.095746,0.095746,269.0
1554208260,0.095746,0.095746,0.095746,0.095746,668.0
1554208320,0.095746,0.0958,0.095746,0.0958,212.0
1554208440,0.0959,0.0959,0.0959,0.0959,3313.0
1554208560,0.09597,0.096,0.09597,0.096,5222.0
1554211680,0.096137,0.096137,0.096137,0.096137,49.0
1554211980,0.096579,0.096579,0.096579,0.096579,1993.0
1554212040,0.09674,0.09674,0.09674,0.09674,525.0
1554212280,0.09674,0.09674,0.09674,0.09674,1813.0
1554212340,0.09674,0.09674,0.09674,0.09674,2274.0
1554212520,0.096738,0.096738,0.096738,0.096738,500.0
1554212700,0.09674,0.09674,0.09674,0.09674,12733.0
1554212760,0.09674,0.097,0.096896,0.097,16066.0
1554212940,0.097,0.097,0.097,0.097,1864.0
1554213600,0.097287,0.097287,0.097287,0.097287,1.0
1554213660,0.09699,0.0973,0.0973,0.09699,1542.0
1554213780,0.09699,0.09699,0.09699,0.09699,1215.0
1554214140,0.0959,0.0959,0.0959,0.0959,2353.0
1554214200,0.095,0.095,0.095,0.095,15004.0
1554214260,0.095,0.095,0.095,0.095,15419.0
1554214320,0.094887,0.094887,0.094887,0.094887,2675.0
1554214620,0.094952,0.094952,0.094952,0.094952,2506.0
1554214800,0.094001,0.09465,0.09465,0.094001,155.0
1554214920,0.093114,0.093909,0.093909,0.093114,3127.0
1554215040,0.093515,0.093515,0.093515,0.093515,50.0
1554215100,0.093515,0.093515,0.093515,0.093515,50.0
1554215220,0.093426,0.093426,0.093426,0.093426,634.0
1554215280,0.093679,0.093679,0.093679,0.093679,10.0
1554216600,0.093989,0.094699,0.094699,0.09399,38848.0
1554216660,0.09395,0.09395,0.09395,0.09395,502.0
1554216720,0.09395,0.09395,0.09395,0.09395,39.0
1554216840,0.09395,0.09395,0.09395,0.09395,1862.0
1554217020,0.09395,0.09395,0.09395,0.09395,5343.0
1554217140,0.09395,0.09399,0.09395,0.09399,6295.0
1554217200,0.09399,0.09399,0.09399,0.09399,42.0
1554218700,0.093896,0.093896,0.093896,0.093896,3074.0
1554218880,0.09399,0.09399,0.09399,0.09399,10669.0
1554219120,0.094699,0.094699,0.094699,0.094699,54.0
1554219300,0.094699,0.094699,0.094699,0.094699,50.0
1554219360,0.094893,0.094993,0.094893,0.094993,2.0
1554221220,0.09499,0.095,0.095,0.09499,389.0
1554221340,0.095203,0.095203,0.095203,0.095203,229.0
1554222360,0.095218,0.095218,0.095218,0.095218,1.0
1554222780,0.09566,0.09566,0.09566,0.09566,2223.0
1554222840,0.09566,0.09566,0.09566,0.09566,9495.0
1554296520,0.105286,0.105287,0.105286,0.105287,39388.0
1554296700,0.105867,0.106283,0.105867,0.106283,16725.0
1554299160,0.105326,0.10539,0.10539,0.105326,33129.0
1554300240,0.105692,0.105692,0.105692,0.105692,4000.0
1554300900,0.10525,0.10528,0.10528,0.10525,103.0
1554301020,0.104749,0.10475,0.10475,0.104749,437.0
1554303060,0.104149,0.104149,0.104149,0.104149,2100.0
1554303120,0.104149,0.104149,0.104149,0.104149,261.0
1554303480,0.10296,0.10296,0.10296,0.10296,242.0
1554303840,0.101736,0.102,0.102,0.101736,268.0
1554303900,0.101449,0.101737,0.101736,0.101449,49109.0
1554304020,0.101103,0.101103,0.101103,0.101103,2361.0
1554304800,0.102594,0.102594,0.102594,0.102594,6513.0
1554305160,0.102891,0.102891,0.102891,0.102891,822.0
1554305400,0.1035,0.1035,0.1035,0.1035,1000.0
1554305520,0.103721,0.103722,0.103722,0.103722,24856.0
1554306120,0.102496,0.102496,0.102496,0.102496,100.0
1554307920,0.102629,0.102649,0.102637,0.102645,14.0
1554308280,0.103064,0.103064,0.103064,0.103064,1.0
1554309540,0.103064,0.103064,0.103064,0.103064,149.0
1554310440,0.10333,0.103335,0.103335,0.10333,1297.0
1554310680,0.103882,0.103884,0.103882,0.103884,15064.0
1554310920,0.103955,0.103955,0.103955,0.103955,333.0
1554311340,0.10408,0.104092,0.104092,0.10408,9982.0
1554311400,0.103879,0.103879,0.103879,0.103879,2.0
1554311640,0.103,0.103,0.103,0.103,145.0
1554311760,0.102,0.102439,0.102438,0.102439,4006.0
1554311820,0.101103,0.101103,0.101103,0.101103,645.0
1554311880,0.102511,0.102511,0.102511,0.102511,1.0
1554312180,0.101766,0.102362,0.101766,0.102362,4974.0
1554312300,0.101699,0.101699,0.101699,0.101699,30.0
1554312420,0.1016,0.1016,0.1016,0.1016,3272.0
1554312480,0.1016,0.1016,0.1016,0.1016,114.0
1554313800,0.1016,0.1016,0.1016,0.1016,100.0
1554313980,0.101595,0.101595,0.101595,0.101595,12908.0
1554314940,0.102,0.102,0.102,0.102,824.0
1554315060,0.102,0.102,0.102,0.102,977.0
1554387900,0.1,0.100358,0.1,0.100358,4055.0
1554388560,0.098925,0.098983,0.098983,0.098925,2500.0
1554389700,0.099,0.099,0.099,0.099,100.0
1554389820,0.100079,0.100313,0.100079,0.100313,3611.0
1554391440,0.098705,0.098705,0.098705,0.098705,234.0
1554392220,0.098304,0.098304,0.098304,0.098304,6.0
1554392640,0.099398,0.099398,0.099398,0.099398,1.0
1554393600,0.099204,0.0996,0.0996,0.099204,18.0
1554394620,0.09789,0.098205,0.098205,0.09789,105.0
1554395220,0.097011,0.097155,0.097155,0.097011,1415.0
1554395280,0.097,0.097,0.097,0.097,28.0
1554396300,0.096027,0.096027,0.096027,0.096027,1.0
1554396960,0.096018,0.096018,0.096018,0.096018,1.0
1554397020,0.096,0.096,0.096,0.096,102.0
1554397980,0.096026,0.096026,0.096026,0.096026,2000.0
1554398100,0.096026,0.096026,0.096026,0.096026,28003.0
1554398820,0.09648,0.09648,0.09648,0.09648,65.0
1554398880,0.096763,0.096763,0.096763,0.096763,505.0
1554399000,0.096,0.096,0.096,0.096,500.0
1554399480,0.095,0.0951,0.0951,0.095001,2409.0
1554399660,0.095,0.095,0.095,0.095,800.0
1554399720,0.095,0.095,0.095,0.095,1.0
1554400020,0.094999,0.095,0.095,0.094999,1634.0
1554400800,0.094,0.094,0.094,0.094,101.0
1554400920,0.0935,0.093683,0.093683,0.0935,310.0
1554401340,0.09312,0.09312,0.09312,0.09312,3380.0
1554401640,0.093036,0.09312,0.09312,0.093036,7059.0
1554401700,0.093001,0.093001,0.093001,0.093001,4622.0
1554401760,0.093,0.093001,0.093001,0.093,3552.0
1554404700,0.09319,0.09319,0.09319,0.09319,1010.0
1554405240,0.093,0.093,0.093,0.093,1204.0
1554407160,0.09319,0.09319,0.09319,0.09319,43.0
1554479940,0.100315,0.100315,0.100315,0.100315,9.0
1554486360,0.101,0.1011,0.101,0.1011,26.0
1554487260,0.101949,0.101949,0.101949,0.101949,54.0
1554488340,0.101558,0.101558,0.101558,0.101558,933.0
1554489540,0.101419,0.101419,0.101419,0.101419,10.0
1554492540,0.10099,0.10099,0.10099,0.10099,160.0
1554495360,0.101241,0.101241,0.101241,0.101241,10.0
1554495480,0.1013,0.1013,0.1013,0.1013,10099.0
1554495660,0.10099,0.10099,0.10099,0.10099,1.0
1554496020,0.100985,0.100985,0.100985,0.100985,1.0
1554496260,0.100777,0.100777,0.100777,0.100777,10.0
1554496500,0.100776,0.100776,0.100776,0.100776,8683.0
1554497400,0.10076,0.100776,0.100776,0.10076,1717.0
1554498060,0.100105,0.100105,0.100105,0.100105,8.0
1554570480,0.100499,0.100681,0.100499,0.100681,4.0
1554570900,0.100681,0.100681,0.100681,0.100681,1251.0
1554570960,0.100681,0.100681,0.100681,0.100681,748.0
1554571980,0.100826,0.100826,0.100826,0.100826,1.0
1554572700,0.100829,0.101027,0.101001,0.100831,30.0
1554572760,0.100809,0.100932,0.100822,0.100919,13.0
1554572940,0.101299,0.101299,0.101299,0.101299,5.0
1554573060,0.101437,0.101437,0.101437,0.101437,1.0
1554573300,0.101436,0.101436,0.101436,0.101436,2.0
1554575220,0.101,0.101,0.101,0.101,1.0
1554576060,0.101705,0.1023,0.101705,0.1023,15000.0
1554577080,0.101,0.101428,0.101428,0.101,390.0
1554577260,0.100801,0.101,0.101,0.100801,32200.0
1554579120,0.101143,0.101143,0.101143,0.101143,404.0
1554579540,0.101,0.101,0.101,0.101,660.0
1554579900,0.101,0.1011,0.1011,0.101,9228.0
1554580380,0.10149,0.101599,0.10149,0.101599,9329.0
1554580440,0.1013,0.1013,0.1013,0.1013,575.0
1554580620,0.10135,0.10135,0.10135,0.10135,16310.0
1554580680,0.10111,0.10122,0.10122,0.10111,1500.0
1554580800,0.101097,0.101097,0.101097,0.101097,585.0
1554581460,0.101097,0.101097,0.101097,0.101097,100.0
1554581580,0.101097,0.101097,0.101097,0.101097,383.0
1554582240,0.101097,0.101097,0.101097,0.101097,3.0
1554582480,0.101097,0.101097,0.101097,0.101097,113.0
1554582660,0.101097,0.101097,0.101097,0.101097,108.0
1554582960,0.101097,0.101097,0.101097,0.101097,1864.0
1554583080,0.101,0.101097,0.101097,0.101,1845.0
1554583200,0.100805,0.100805,0.100805,0.100805,284.0
1554583320,0.100805,0.100805,0.100805,0.100805,145.0
1554583380,0.100392,0.100805,0.100805,0.100392,6830.0
1554584220,0.099247,0.1,0.1,0.099247,314.0
1554584580,0.098803,0.099143,0.098902,0.099143,1012.0
1554584640,0.0988,0.099152,0.098901,0.098901,42.0
1554584760,0.098221,0.09831,0.09831,0.098221,105.0
1554584820,0.09724,0.097602,0.097362,0.097602,95.0
1554584880,0.098225,0.098225,0.098225,0.098225,1.0
1554589080,0.098697,0.098697,0.098697,0.098697,1.0
1554664620,0.101898,0.1019,0.101898,0.1019,262.0
1554665460,0.1019,0.1019,0.1019,0.1019,895.0
1554666420,0.1019,0.1019,0.1019,0.1019,1071.0
1554668160,0.101997,0.101997,0.101997,0.101997,1.0
1554668220,0.101997,0.102124,0.101997,0.102124,1021.0
1554669360,0.1015,0.101648,0.101648,0.1015,502.0
1554672000,0.102,0.102,0.102,0.102,577.0
1554672060,0.102,0.102,0.102,0.102,1153.0
1554672360,0.102,0.102,0.102,0.102,415.0
1554674940,0.102067,0.102067,0.102067,0.102067,500.0
1554675240,0.102319,0.102319,0.102319,0.102319,1.0
1554675300,0.10245,0.102999,0.10245,0.102999,14999.0
1554675960,0.103,0.103,0.103,0.103,4466.0
1554676020,0.101976,0.1031,0.101976,0.1031,2.0
1554676200,0.1031,0.1031,0.1031,0.1031,3.0
1554676740,0.10301,0.1032,0.10301,0.1032,4425.0
1554676800,0.1032,0.1032,0.1032,0.1032,231.0
1554677160,0.102586,0.102977,0.102977,0.102586,35023.0
1554677220,0.1032,0.1032,0.1032,0.1032,842.0
1554677460,0.102245,0.102245,0.102245,0.102245,225.0
1554677520,0.101868,0.101868,0.101868,0.101868,1.0
1554677580,0.101606,0.101606,0.101606,0.101606,1701.0
1554678060,0.102174,0.102174,0.102174,0.102174,557.0
1554679980,0.102345,0.102346,0.102346,0.102345,4341.0
1554680040,0.102541,0.102541,0.102541,0.102541,1.0
1554682740,0.103298,0.1034,0.103298,0.1034,382.0
1554683100,0.103898,0.1043,0.103898,0.1043,15452.0
1554756420,0.09896,0.09896,0.09896,0.09896,1000.0
1554757320,0.099496,0.099496,0.099496,0.099496,1.0
1554761160,0.1,0.1,0.1,0.1,1.0
1554761940,0.0998,0.099887,0.099887,0.099835,1289.0
1554762900,0.1004,0.1004,0.1004,0.1004,184.0
1554763140,0.1004,0.1004,0.1004,0.1004,2.0
1554764460,0.0989,0.0989,0.0989,0.0989,199.0
1554766560,0.0996,0.0996,0.0996,0.0996,109.0
1554768420,0.0999,0.0999,0.0999,0.0999,2998.0
1554772020,0.098021,0.098021,0.098021,0.098021,8209.0
1554772080,0.098021,0.098021,0.098021,0.098021,460.0
1554772260,0.098021,0.098021,0.098021,0.098021,2729.0
1554772320,0.098001,0.098021,0.098021,0.098001,16619.0
1554772380,0.098001,0.098001,0.098001,0.098001,6756.0
1554772440,0.098328,0.098328,0.098328,0.098328,4578.0
1554772500,0.098328,0.098328,0.098328,0.098328,15420.0
1554772560,0.098328,0.098328,0.098328,0.098328,56.0
1554772800,0.098328,0.098328,0.098328,0.098328,600.0
1554772860,0.098328,0.098328,0.098328,0.098328,1280.0
1554772920,0.098328,0.098328,0.098328,0.098328,2394.0
1554773100,0.098328,0.098328,0.098328,0.098328,9642.0
1554773400,0.098328,0.098328,0.098328,0.098328,250.0
1554773460,0.098328,0.098328,0.098328,0.098328,275.0
1554773760,0.098328,0.098328,0.098328,0.098328,2647.0
1554774120,0.098328,0.098328,0.098328,0.098328,1397.0
1554848640,0.097757,0.097869,0.097869,0.097757,227.0
1554849300,0.097758,0.097758,0.097758,0.097758,97.0
1554855600,0.096263,0.096263,0.096263,0.096263,250.0
1554860040,0.096268,0.096268,0.096268,0.096268,653.0
1554864360,0.096268,0.096268,0.096268,0.096268,5271.0
1554948240,0.093174,0.093174,0.093174,0.093174,921.0
1554951780,0.09433,0.09433,0.09433,0.09433,266.0
1554951900,0.093315,0.093315,0.093315,0.093315,203.0
1554952440,0.09312,0.09312,0.09312,0.09312,250.0
1554952560,0.093022,0.093022,0.093022,0.093022,115.0
1554952860,0.092942,0.093022,0.093022,0.092942,6723.0
1554952920,0.092794,0.092942,0.092942,0.092794,7561.0
1554953100,0.092794,0.092794,0.092794,0.092794,1216.0
1554953160,0.09236,0.092794,0.092794,0.09236,7366.0
1554953640,0.092,0.092001,0.092001,0.092,150.0
1554954120,0.091107,0.091501,0.091501,0.091107,21609.0
1554954180,0.090501,0.091107,0.091107,0.090501,20241.0
1554955200,0.092,0.092,0.092,0.092,1039.0
1554959700,0.0921,0.0921,0.0921,0.0921,270.0
1554959880,0.092,0.092,0.092,0.092,100.0
1554960600,0.091999,0.092005,0.091999,0.092005,5587.0
1554963840,0.0905,0.0905,0.0905,0.0905,5000.0
1554967080,0.0905,0.0905,0.0905,0.0905,208.0
1555054380,0.084188,0.084188,0.084188,0.084188,6.0
1555140420,0.0884,0.0884,0.0884,0.0884,245.0
1555142220,0.089037,0.089037,0.089037,0.089037,1142.0
1555143660,0.089121,0.089121,0.089121,0.089121,85.0
1555144680,0.088777,0.088781,0.088781,0.088777,55.0
1555146960,0.0886,0.0886,0.0886,0.0886,129.0
1555156920,0.087,0.087,0.087,0.087,2277.0
1555158000,0.08679,0.08679,0.08679,0.08679,41.0
1555158180,0.087571,0.087598,0.087571,0.087598,21353.0
1555244760,0.089989,0.089989,0.089989,0.089989,545.0
1555245540,0.089989,0.089989,0.089989,0.089989,1432.0
1555245660,0.089989,0.089989,0.089989,0.089989,1525.0
1555247220,0.090399,0.090399,0.090399,0.090399,2215.0
1555249620,0.0903,0.0903,0.0903,0.0903,555.0
1555250100,0.090399,0.090399,0.090399,0.090399,785.0
1555253400,0.090433,0.090433,0.090433,0.090433,900.0
1555254360,0.090433,0.090433,0.090433,0.090433,1600.0
1555254540,0.090449,0.090449,0.090449,0.090449,3010.0
1555255080,0.090449,0.090449,0.090449,0.090449,382.0
1555255560,0.090449,0.090499,0.090449,0.090499,5599.0
1555257420,0.090499,0.090499,0.090499,0.090499,9.0
1555258320,0.091347,0.091347,0.091347,0.091347,512.0
1555258800,0.091347,0.091347,0.091347,0.091347,488.0
1555335900,0.0906,0.0908,0.0908,0.0906,580.0
1555338540,0.090819,0.090819,0.090819,0.090819,245.0
1555339980,0.090306,0.090306,0.090306,0.090306,4000.0
1555340160,0.090348,0.090348,0.090348,0.090348,126.0
1555341600,0.0905,0.0905,0.0905,0.0905,2500.0
1555341660,0.0903,0.0903,0.0903,0.0903,216.0
1555341780,0.0903,0.0903,0.0903,0.0903,5047.0
1555342260,0.09019,0.09019,0.09019,0.09019,1195.0
1555343280,0.090108,0.090108,0.090108,0.090108,10.0
1555344600,0.089608,0.090219,0.090219,0.089608,11000.0
1555344900,0.090278,0.090279,0.090278,0.090279,6574.0
1555349280,0.089481,0.089481,0.089481,0.089481,5.0
1555349340,0.089,0.089125,0.089125,0.089,54256.0
1555349400,0.08876,0.089,0.089,0.08876,25058.0
1555349580,0.087898,0.0885,0.0885,0.087898,608.0
1555349640,0.087898,0.087898,0.087898,0.087898,6195.0
1555349700,0.087898,0.087898,0.087898,0.087898,1178.0
1555349760,0.087898,0.087898,0.087898,0.087898,7205.0
1555349820,0.087898,0.087898,0.087898,0.087898,13255.0
1555350840,0.08862,0.08862,0.08862,0.08862,3001.0
1555354920,0.088289,0.088289,0.088289,0.088289,131.0
1555435260,0.086514,0.086515,0.086514,0.086515,1350.0
1555435980,0.087,0.087,0.087,0.087,6140.0
1555436880,0.088,0.088,0.088,0.088,1000.0
1555437180,0.087596,0.087596,0.087596,0.087596,221.0
1555437360,0.088,0.088,0.088,0.088,368.0
1555437480,0.088066,0.088066,0.088066,0.088066,222.0
1555437540,0.088066,0.088066,0.088066,0.088066,555.0
1555438380,0.088129,0.088885,0.088129,0.088885,26814.0
1555440420,0.089107,0.089107,0.089107,0.089107,3860.0
1555440480,0.0895,0.0895,0.0895,0.0895,2357.0
1555440540,0.088889,0.088889,0.088889,0.088889,1.0
1555440600,0.08889,0.089104,0.089104,0.08889,3917.0
1555440720,0.088889,0.088889,0.088889,0.088889,265.0
1555442940,0.089414,0.089414,0.089414,0.089414,5581.0
1555443780,0.088506,0.088506,0.088506,0.088506,1.0
1555443840,0.088506,0.088506,0.088506,0.088506,1.0
1555444980,0.088506,0.088506,0.088506,0.088506,1132.0
1555445040,0.0885,0.0885,0.0885,0.0885,33.0
1555445340,0.087712,0.088128,0.088128,0.087712,545.0
1555446120,0.088626,0.088626,0.088626,0.088626,99.0
1555455840,0.088469,0.088469,0.088469,0.088469,102.0
1555534200,0.0875,0.0875,0.0875,0.0875,5000.0
1555534560,0.08688,0.087153,0.087153,0.08688,39888.0
1555534800,0.0875,0.0875,0.0875,0.0875,5000.0
1555541160,0.087527,0.087527,0.087527,0.087527,1.0
1555545600,0.08813,0.088322,0.08813,0.088165,4467.0
1555545660,0.088166,0.088166,0.088166,0.088166,2.0
1555545840,0.088473,0.088874,0.088473,0.088874,608.0
1555548780,0.0887,0.0887,0.0887,0.0887,1.0
1555550100,0.088548,0.088549,0.088548,0.088549,3803.0
1555550520,0.088575,0.088575,0.088575,0.088575,16.0
1555550580,0.088576,0.088576,0.088576,0.088576,3000.0
1555550760,0.088875,0.089041,0.088875,0.089041,36.0
1555551000,0.089051,0.089052,0.089051,0.089052,2.0
1555551120,0.089058,0.089083,0.089058,0.089083,4.0
1555551180,0.089092,0.089123,0.089092,0.089123,10.0
1555551240,0.089131,0.089185,0.089136,0.089185,12.0
1555551300,0.089196,0.089399,0.089196,0.089399,32.0
1555551360,0.089417,0.089523,0.089417,0.089523,13.0
1555551540,0.089536,0.089536,0.089536,0.089536,1.0
1555551600,0.089548,0.089571,0.089548,0.089571,5.0
1555551900,0.08958,0.089604,0.08958,0.089604,4.0
1555552320,0.089612,0.089612,0.089612,0.089612,2885.0
1555635240,0.089463,0.089463,0.089463,0.089463,150.0
1555638480,0.089,0.08945,0.08945,0.089,312.0
1555638540,0.089208,0.089209,0.089209,0.089209,6.0
1555638960,0.088699,0.088741,0.088741,0.088699,1138.0
1555640520,0.0885,0.0885,0.0885,0.0885,13.0
1555641000,0.087983,0.088,0.088,0.087983,301.0
1555642080,0.087385,0.087441,0.087441,0.087385,67.0
1555643520,0.086717,0.086729,0.086729,0.086717,7380.0
1555652880,0.087551,0.087569,0.087551,0.087569,2.0
