1545242400,0.064,0.065192,0.065192,0.064,19581.0
1545264000,0.064,0.066711,0.064,0.064477,32776.0
1545285600,0.0643,0.072391,0.064476,0.07055,81410.0
1545307200,0.068863,0.0724,0.0715,0.072177,292101.0
1545328800,0.067001,0.072177,0.072177,0.07,218323.0
1545350400,0.067667,0.0715,0.07,0.067667,161849.0
1545372000,0.0685,0.069703,0.069703,0.069,2466.0
1545393600,0.069,0.0726,0.069,0.0699,85221.0
1545415200,0.06545,0.069063,0.069063,0.06659,113021.0
1545436800,0.066159,0.067,0.067,0.066536,7970.0
1545458400,0.067,0.06851,0.067,0.068,2450.0
1545480000,0.0668,0.068999,0.068,0.068999,41241.0
1545501600,0.06899,0.072,0.06899,0.072,363410.0
1545523200,0.073,0.07384,0.073455,0.073301,76882.0
1545544800,0.0717,0.073301,0.0733,0.071701,53155.0
1545566400,0.071,0.073226,0.071719,0.073226,148648.0
1545588000,0.0715,0.073613,0.073,0.0715,59778.0
1545609600,0.0725,0.078049,0.0725,0.078049,162380.0
1545631200,0.076519,0.080958,0.079,0.076695,181542.0
1545652800,0.07601,0.080595,0.0783,0.076521,34656.0
1545674400,0.074723,0.077,0.077,0.074723,44069.0
1545696000,0.065,0.0753,0.0753,0.066795,166609.0
1545717600,0.0655,0.066875,0.0655,0.066875,41058.0
1545739200,0.064858,0.0669,0.0669,0.064858,7345.0
1545760800,0.0656,0.0682,0.065831,0.066037,9363.0
1545782400,0.067607,0.069301,0.068039,0.0682,84525.0
1545804000,0.06482,0.066638,0.066638,0.0661,15412.0
1545825600,0.0646,0.066385,0.066371,0.066385,15587.0
1545847200,0.066427,0.0676,0.0668,0.0675,13327.0
1545868800,0.065105,0.0676,0.067021,0.065115,64934.0
1545890400,0.066072,0.066526,0.066526,0.066072,698.0
1545912000,0.065784,0.067025,0.0666,0.065784,51306.0
1545933600,0.061741,0.065783,0.065783,0.0633,122379.0
1545955200,0.062402,0.0628,0.062709,0.0625,85044.0
1545976800,0.0644,0.0644,0.0644,0.0644,50.0
1545998400,0.0646,0.068843,0.0646,0.068843,46296.0
1546020000,0.0689,0.070399,0.0689,0.069493,40246.0
1546041600,0.069187,0.071546,0.069493,0.071546,210532.0
1546063200,0.0716,0.0797,0.0716,0.072065,269707.0
1546084800,0.0696,0.074999,0.073,0.070375,56840.0
1546106400,0.069,0.072801,0.07038,0.069,35887.0
1546128000,0.06828,0.074,0.069,0.071844,88638.0
1546149600,0.0704,0.072595,0.071,0.07194,58605.0
1546171200,0.07004,0.072,0.071579,0.07004,153780.0
1546192800,0.0685,0.0702,0.0702,0.0695,413943.0
1546214400,0.0682,0.070599,0.0702,0.06875,38119.0
1546236000,0.0668,0.068987,0.068747,0.068904,73245.0
1546257600,0.066635,0.067,0.067,0.066635,6767.0
1546279200,0.064175,0.066245,0.066245,0.064551,138082.0
1546300800,0.0636,0.065588,0.064551,0.064858,46828.0
1546322400,0.0644,0.0648,0.0644,0.064599,14336.0
1546344000,0.064871,0.06512,0.06499,0.064871,2687.0
1546365600,0.0645,0.0679,0.0645,0.0679,60503.0
1546387200,0.0668,0.0686,0.067246,0.0675,26799.0
1546408800,0.066889,0.07,0.066889,0.068185,29639.0
1546430400,0.06846,0.0702,0.06846,0.06999,48663.0
1546452000,0.068745,0.070597,0.069,0.07057,146508.0
1546473600,0.069,0.070571,0.0695,0.069,51954.0
1546495200,0.067605,0.069,0.069,0.067605,8777.0
1546516800,0.066601,0.068553,0.0676,0.066601,84053.0
1546538400,0.06699,0.067676,0.067,0.067319,30110.0
1546560000,0.0668,0.06777,0.067318,0.0668,13116.0
1546581600,0.066645,0.076061,0.0667,0.0745,180421.0
1546603200,0.0691,0.07419,0.07419,0.072,164812.0
1546624800,0.07124,0.0721,0.0721,0.07124,7276.0
1546646400,0.070552,0.072663,0.072025,0.071,53484.0
1546668000,0.0704,0.07101,0.07101,0.070508,27947.0
1546689600,0.070004,0.071045,0.070506,0.070004,23214.0
1546711200,0.069321,0.0705,0.0705,0.069321,4123.0
1546732800,0.0692,0.07,0.069526,0.0694,5025.0
1546754400,0.0692,0.06937,0.069266,0.069301,44645.0
1546776000,0.0693,0.072212,0.06961,0.071861,137789.0
1546797600,0.0714,0.072,0.07196,0.0715,55568.0
1546819200,0.0713,0.072,0.0716,0.0713,53542.0
1546840800,0.070783,0.07211,0.0715,0.07211,78600.0
1546862400,0.070199,0.071999,0.071999,0.070199,6146.0
1546884000,0.070992,0.071714,0.071,0.071714,54234.0
1546905600,0.070326,0.071402,0.071402,0.070539,28651.0
1546927200,0.07046,0.070879,0.07046,0.070879,3209.0
1546948800,0.071872,0.07375,0.071872,0.072117,106373.0
1546970400,0.071508,0.073483,0.072404,0.072,134552.0
1546992000,0.07265,0.074,0.073248,0.072711,186590.0
1547013600,0.072742,0.074797,0.073841,0.074263,177226.0
1547035200,0.073,0.074798,0.074262,0.074047,69460.0
1547056800,0.0735,0.0743,0.073774,0.073875,99419.0
1547078400,0.0739,0.073952,0.0739,0.073952,11534.0
1547100000,0.065,0.073955,0.073637,0.066199,413296.0
1547121600,0.062341,0.067658,0.066199,0.06251,207545.0
1547143200,0.062,0.063428,0.062501,0.06329,35106.0
1547164800,0.0628,0.0632,0.0632,0.0628,49087.0
1547186400,0.063,0.064,0.063,0.0631,36769.0
1547208000,0.06407,0.0655,0.06438,0.0655,27217.0
1547229600,0.063083,0.0654,0.0654,0.063083,8388.0
1547251200,0.063895,0.063898,0.063895,0.063898,5723.0
1547272800,0.063591,0.0637,0.0637,0.063591,3335.0
1547294400,0.0627,0.065,0.063155,0.064625,106680.0
1547316000,0.06499,0.0653,0.065,0.06499,36532.0
1547337600,0.065007,0.066,0.065007,0.065653,18.0
1547359200,0.064716,0.065431,0.065382,0.064716,2029.0
1547380800,0.0609,0.06462,0.064405,0.0609,82587.0
1547402400,0.06,0.061391,0.061,0.060467,7128.0
1547424000,0.060651,0.0623,0.060651,0.0614,1259.0
1547445600,0.0607,0.061437,0.06139,0.0607,8124.0
1547467200,0.0608,0.064891,0.061619,0.063778,22760.0
1547488800,0.0634,0.064207,0.063565,0.063452,2668.0
1547510400,0.0632,0.063702,0.063702,0.0632,32911.0
1547532000,0.062601,0.064131,0.063215,0.062871,93282.0
1547553600,0.063002,0.063757,0.063002,0.063105,66108.0
1547575200,0.062201,0.063285,0.063199,0.062342,25052.0
1547596800,0.062101,0.062807,0.0622,0.062572,30119.0
1547618400,0.062441,0.063932,0.062583,0.063932,5703.0
1547640000,0.063568,0.064982,0.064123,0.0641,86722.0
1547661600,0.064185,0.064617,0.064185,0.064368,3229.0
1547683200,0.064204,0.069,0.064403,0.066688,128960.0
1547704800,0.065042,0.067997,0.067359,0.065082,28623.0
1547726400,0.064298,0.065595,0.065052,0.065529,14360.0
1547748000,0.06623,0.067036,0.06623,0.066772,4894.0
1547769600,0.0655,0.067,0.066731,0.0655,28242.0
1547791200,0.063432,0.065653,0.065478,0.063432,42157.0
1547812800,0.063575,0.067199,0.06379,0.066275,44800.0
1547834400,0.065,0.06754,0.066017,0.06754,9334.0
1547856000,0.066901,0.066905,0.066901,0.066905,1810.0
1547877600,0.066836,0.06815,0.066935,0.06815,2227.0
1547899200,0.068245,0.0685,0.068245,0.0685,2815.0
1547920800,0.067908,0.069162,0.069,0.068928,42382.0
1547942400,0.06827,0.068276,0.068276,0.06827,1318.0
1547964000,0.0649,0.07145,0.068929,0.0649,92990.0
1547985600,0.062517,0.0658,0.0649,0.064,31919.0
1548007200,0.0639,0.0639,0.0639,0.0639,1000.0
1548028800,0.063895,0.064086,0.063899,0.064086,1463.0
1548050400,0.065,0.065,0.065,0.065,2300.0
1548072000,0.063896,0.06478,0.06478,0.064276,1298.0
1548093600,0.063641,0.064275,0.064275,0.06391,97339.0
1548115200,0.06389,0.064112,0.064009,0.06389,5714.0
1548136800,0.0623,0.0638,0.0638,0.063185,71998.0
1548158400,0.06408,0.0649,0.064201,0.0649,73630.0
1548180000,0.064931,0.065332,0.064931,0.064991,13889.0
1548201600,0.064922,0.065109,0.064922,0.065109,1896.0
1548223200,0.064601,0.065104,0.065104,0.064644,6568.0
1548244800,0.064981,0.06527,0.064981,0.06527,3148.0
1548266400,0.063766,0.065269,0.065269,0.064072,21692.0
1548288000,0.064078,0.064095,0.064078,0.064095,2699.0
1548309600,0.064307,0.0666,0.064316,0.066546,23239.0
1548331200,0.066193,0.067,0.066546,0.067,92880.0
1548352800,0.0665,0.067545,0.067545,0.0665,1804.0
1548374400,0.066237,0.066716,0.066376,0.066237,18061.0
1548396000,0.064221,0.066004,0.066004,0.06455,11005.0
1548417600,0.064604,0.065387,0.065387,0.064604,13709.0
1548439200,0.065393,0.065437,0.065393,0.065437,400.0
1548460800,0.065504,0.065504,0.065504,0.065504,1169.0
1548482400,0.066048,0.066643,0.066237,0.066048,15436.0
1548504000,0.065368,0.065498,0.065498,0.065368,11060.0
1548525600,0.065444,0.065544,0.065444,0.065544,600.0
1548547200,0.06493,0.065316,0.065316,0.06493,354.0
1548568800,0.064185,0.06483,0.06483,0.064185,1888.0
1548590400,0.0605,0.064227,0.064227,0.062386,145676.0
1548612000,0.062818,0.06347,0.06347,0.06307,11816.0
1548633600,0.0582,0.059339,0.0593,0.0582,3764.0
1548655200,0.057618,0.0593,0.058101,0.058058,11837.0
1548676800,0.0558,0.06,0.06,0.0564,52168.0
1548698400,0.055933,0.057582,0.05639,0.057582,32659.0
1548720000,0.05501,0.057501,0.057501,0.05501,31487.0
1548741600,0.054,0.05501,0.05501,0.054,36842.0
1548763200,0.055305,0.057138,0.055305,0.056972,25994.0
1548784800,0.055954,0.056679,0.056678,0.055954,14493.0
1548806400,0.055955,0.056016,0.055955,0.056016,2183.0
1548828000,0.056256,0.056256,0.056256,0.056256,26.0
1548849600,0.056877,0.057464,0.056959,0.056878,52635.0
1548871200,0.057361,0.057584,0.057444,0.057584,86291.0
1548892800,0.057469,0.057621,0.057584,0.057469,9494.0
1548914400,0.0562,0.057411,0.057411,0.0562,22293.0
1548936000,0.055449,0.056,0.056,0.055561,18270.0
1548957600,0.05556,0.056618,0.05556,0.05645,24714.0
1548979200,0.054681,0.0562,0.0562,0.054925,6546.0
1549000800,0.054486,0.055425,0.054603,0.055379,16461.0
1549022400,0.05533,0.055802,0.055802,0.055339,12103.0
1549044000,0.055716,0.05698,0.055716,0.056195,4151.0
1549065600,0.05554,0.056195,0.056195,0.05554,3009.0
1549108800,0.055051,0.055211,0.055211,0.055051,650.0
1549130400,0.055,0.056485,0.056485,0.055458,1328.0
1549152000,0.055362,0.055457,0.055457,0.055362,1231.0
1549173600,0.055363,0.055479,0.055363,0.055479,34791.0
1549195200,0.054339,0.055226,0.055226,0.054339,32384.0
1549216800,0.0543,0.054339,0.054339,0.054301,39754.0
1549238400,0.053974,0.054742,0.054301,0.054742,57156.0
1549260000,0.055555,0.059414,0.055555,0.0572,14680.0
1549281600,0.055815,0.057192,0.057192,0.056411,11403.0
1549303200,0.055976,0.057081,0.056739,0.055976,25951.0
1549324800,0.055976,0.057004,0.055977,0.056991,31193.0
1549346400,0.056,0.056402,0.056401,0.056031,36017.0
1549368000,0.055058,0.055976,0.055976,0.055058,7337.0
1549389600,0.05518,0.056,0.056,0.05518,1956.0
1549411200,0.053933,0.055163,0.055163,0.053933,36460.0
1549432800,0.053153,0.054376,0.054376,0.053293,20454.0
1549454400,0.053749,0.054062,0.0538,0.053749,2508.0
1549476000,0.052504,0.053667,0.053667,0.052504,40248.0
1549497600,0.0534,0.0534,0.0534,0.0534,2000.0
1549519200,0.05317,0.056468,0.05317,0.056468,43442.0
1549540800,0.05535,0.0561,0.055354,0.05535,27207.0
1549562400,0.054713,0.05531,0.05531,0.054738,6238.0
1549584000,0.055188,0.058136,0.055364,0.056379,70307.0
1549605600,0.056124,0.059266,0.057145,0.057334,275100.0
1549627200,0.056181,0.061496,0.057126,0.05825,235197.0
1549648800,0.058426,0.059085,0.058828,0.058426,50750.0
1549670400,0.05819,0.060977,0.05844,0.058493,71406.0
1549692000,0.059128,0.05962,0.05962,0.059128,3685.0
1549713600,0.058535,0.059083,0.059083,0.058536,20307.0
1549735200,0.058693,0.05877,0.05877,0.058712,14378.0
1549756800,0.058046,0.058802,0.058552,0.058046,11881.0
1549778400,0.057871,0.061588,0.058,0.059677,52487.0
1549800000,0.059671,0.059672,0.059672,0.059671,15923.0
1549821600,0.059001,0.061,0.059099,0.061,39185.0
1549843200,0.059671,0.064,0.060041,0.06228,90975.0
1549864800,0.062263,0.062263,0.062263,0.062263,2.0
1549886400,0.062263,0.062263,0.062263,0.062263,800.0
1549908000,0.059695,0.062,0.062,0.059695,10166.0
1549929600,0.05817,0.059755,0.059755,0.058413,34007.0
1549951200,0.058,0.058401,0.058401,0.058,12138.0
1549972800,0.058573,0.0586,0.058573,0.0586,13384.0
1549994400,0.058999,0.059005,0.059,0.058999,15876.0
1550016000,0.0586,0.058803,0.058803,0.0586,56934.0
1550037600,0.0585,0.059112,0.059112,0.0585,76714.0
1550059200,0.05795,0.05843,0.05843,0.05795,12346.0
1550080800,0.057711,0.058119,0.0579,0.058119,24638.0
1550102400,0.05771,0.057928,0.057928,0.05776,22031.0
1550124000,0.057521,0.057521,0.057521,0.057521,1217.0
1550145600,0.057476,0.057885,0.0575,0.057524,31075.0
1550167200,0.0575,0.0576,0.0576,0.0576,11767.0
1550188800,0.057611,0.057903,0.057611,0.057903,5601.0
1550232000,0.057903,0.05801,0.057904,0.057903,10563.0
1550253600,0.057903,0.057975,0.057975,0.057903,15380.0
1550275200,0.057902,0.0625,0.057903,0.059976,54834.0
1550318400,0.05999,0.064499,0.05999,0.061999,72870.0
1550340000,0.061,0.061985,0.061985,0.061195,2700.0
1550361600,0.061,0.064123,0.061962,0.061807,10342.0
1550383200,0.061675,0.062308,0.062308,0.061675,2032.0
1550404800,0.06138,0.064468,0.061675,0.062661,77304.0
1550426400,0.06212,0.063512,0.062557,0.063512,7367.0
1550448000,0.0633,0.068496,0.0633,0.06629,152086.0
1550469600,0.066291,0.069496,0.066291,0.06784,130943.0
1550491200,0.0675,0.068,0.068,0.0676,16948.0
1550512800,0.0668,0.068499,0.067483,0.06682,32600.0
1550534400,0.066117,0.0695,0.06682,0.066117,72896.0
1550556000,0.066,0.067522,0.067081,0.066005,9560.0
1550577600,0.066341,0.067347,0.066341,0.06691,12050.0
1550599200,0.067012,0.068,0.0671,0.068,11243.0
1550620800,0.0665,0.066725,0.0665,0.066725,5992.0
1550642400,0.06635,0.066758,0.066351,0.066758,9422.0
1550664000,0.0667,0.067074,0.066758,0.0667,15877.0
1550685600,0.0665,0.066775,0.0667,0.066561,690.0
1550707200,0.066504,0.0675,0.067,0.0675,5601.0
1550728800,0.0651,0.067616,0.067616,0.0651,73362.0
1550772000,0.06511,0.06515,0.06515,0.06511,9969.0
1550793600,0.065112,0.068033,0.065112,0.0665,52642.0
1550815200,0.066,0.066,0.066,0.066,24.0
1550836800,0.066064,0.0685,0.066064,0.068,15810.0
1550858400,0.06807,0.0681,0.068072,0.0681,7023.0
1550880000,0.068065,0.068066,0.068066,0.068065,7550.0
1550923200,0.068201,0.069,0.068997,0.069,11327.0
1550944800,0.069251,0.0695,0.069251,0.069499,57691.0
1550966400,0.0695,0.0707,0.0695,0.069699,17584.0
1550988000,0.06956,0.07,0.069698,0.07,12652.0
1551009600,0.063001,0.07,0.07,0.063001,61703.0
1551031200,0.063001,0.063001,0.063001,0.063001,10.0
1551052800,0.061363,0.063,0.063,0.0617,59664.0
1551074400,0.0615,0.061987,0.061791,0.0615,1734.0
1551096000,0.061324,0.062556,0.061324,0.062373,82232.0
1551117600,0.062,0.062848,0.062416,0.062003,4995.0
1551139200,0.062249,0.0639,0.062249,0.062758,96548.0
1551160800,0.062816,0.065999,0.063,0.063391,17456.0
1551182400,0.064718,0.069101,0.065999,0.064718,28320.0
1551204000,0.064478,0.064718,0.064718,0.06454,2407.0
1551225600,0.064731,0.06604,0.064731,0.06604,17453.0
1551247200,0.066,0.066808,0.06654,0.066,9327.0
1551268800,0.065,0.066155,0.06597,0.065,1419.0
1551290400,0.064,0.065413,0.06498,0.0649,68681.0
1551312000,0.064834,0.06486,0.06486,0.064834,1758.0
1551333600,0.063771,0.064899,0.0645,0.063771,2034.0
1551355200,0.063799,0.064989,0.063799,0.064,16042.0
1551376800,0.06432,0.064998,0.06432,0.064998,662.0
1551398400,0.064997,0.065,0.065,0.064997,5078.0
1551420000,0.065097,0.067979,0.0651,0.067,17001.0
1551441600,0.066018,0.06755,0.06755,0.066492,37230.0
1551463200,0.06665,0.067304,0.067304,0.06665,11287.0
1551484800,0.066446,0.067843,0.067305,0.067784,268859.0
1551506400,0.065612,0.066672,0.066672,0.065612,22030.0
1551549600,0.065995,0.066997,0.065995,0.066135,344.0
1551571200,0.066526,0.066996,0.066526,0.066996,81.0
1551592800,0.066497,0.066925,0.066925,0.066497,2811.0
1551614400,0.0657,0.06629,0.06629,0.0657,11034.0
1551636000,0.065253,0.06562,0.06562,0.065253,10113.0
1551657600,0.06454,0.066722,0.06562,0.064542,18452.0
1551679200,0.062431,0.064005,0.064005,0.0625,3617.0
1551700800,0.0624,0.063625,0.0625,0.06359,8688.0
1551722400,0.063033,0.0635,0.0635,0.063033,33652.0
1551744000,0.062469,0.0637,0.063466,0.062815,10451.0
1551787200,0.063001,0.065338,0.063004,0.065338,48123.0
1551808800,0.065245,0.06536,0.065245,0.06536,20679.0
1551830400,0.064723,0.064723,0.064723,0.064723,332.0
1551852000,0.065099,0.065579,0.06536,0.065099,1996.0
1551873600,0.065099,0.066489,0.065099,0.066489,45309.0
1551895200,0.066489,0.067366,0.066489,0.067366,31452.0
1551916800,0.06749,0.068,0.06749,0.067997,73559.0
1551938400,0.067499,0.06772,0.06772,0.067499,5155.0
1551960000,0.0675,0.068339,0.0675,0.068339,803.0
1551981600,0.068338,0.068338,0.068338,0.068338,1400.0
1552003200,0.067499,0.06872,0.068338,0.067499,66610.0
1552024800,0.067024,0.067267,0.067025,0.067078,3334.0
1552046400,0.067283,0.067283,0.067283,0.067283,1000.0
1552068000,0.06624,0.068389,0.068389,0.066601,51410.0
1552089600,0.06659,0.067024,0.06659,0.067024,2227.0
1552111200,0.067264,0.069126,0.067264,0.069126,75189.0
1552132800,0.06926,0.0715,0.06926,0.07115,23419.0
1552154400,0.06988,0.0705,0.0705,0.07,27887.0
1552176000,0.069871,0.070308,0.069871,0.070233,8478.0
1552197600,0.068502,0.073,0.070066,0.069501,129909.0
1552219200,0.068821,0.069501,0.069501,0.069001,595.0
1552240800,0.069233,0.070195,0.069233,0.070195,649.0
1552262400,0.07,0.0725,0.070758,0.07,30469.0
1552284000,0.069002,0.069563,0.069563,0.069002,55504.0
1552305600,0.068,0.073999,0.069003,0.07047,202040.0
1552327200,0.0713,0.072777,0.0714,0.072777,17815.0
1552348800,0.07099,0.082,0.071501,0.082,264082.0
1552370400,0.0775,0.0855,0.080596,0.077939,282003.0
1552392000,0.0765,0.0866,0.078375,0.0765,167270.0
1552413600,0.076,0.077497,0.076423,0.076,18566.0
1552435200,0.0735,0.075911,0.075911,0.07489,51038.0
1552456800,0.0741,0.0765,0.075147,0.0741,20038.0
1552478400,0.0735,0.076497,0.074289,0.074474,53806.0
1552500000,0.07372,0.075333,0.074,0.07438,24147.0
1552521600,0.074037,0.0765,0.075078,0.074037,56225.0
1552543200,0.073501,0.0754,0.074663,0.075398,14586.0
1552564800,0.07299,0.075409,0.075409,0.074,48379.0
1552586400,0.074499,0.075988,0.074499,0.075837,20206.0
1552608000,0.075603,0.07749,0.075997,0.075603,27515.0
1552629600,0.075603,0.07661,0.075603,0.0766,35492.0
1552651200,0.075783,0.07699,0.075783,0.07669,12125.0
1552672800,0.076276,0.0769,0.07629,0.076283,46875.0
1552694400,0.075501,0.076707,0.076284,0.075501,52352.0
1552716000,0.075411,0.076359,0.075501,0.07548,32453.0
1552737600,0.075,0.075511,0.0755,0.075511,25555.0
1552759200,0.074555,0.075,0.074724,0.075,15280.0
1552780800,0.073986,0.075473,0.075473,0.073986,47436.0
1552802400,0.074,0.074,0.074,0.074,10880.0
1552824000,0.074,0.074793,0.074,0.074694,15406.0
1552845600,0.074478,0.074973,0.074611,0.074478,2600.0
1552867200,0.074779,0.075495,0.074782,0.0751,79180.0
1552888800,0.074577,0.07458,0.07458,0.074577,1500.0
1552910400,0.0741,0.07492,0.07492,0.0741,16013.0
1552932000,0.073999,0.074044,0.074044,0.073999,4397.0
1552953600,0.0739,0.074624,0.074,0.0739,17755.0
1552996800,0.074499,0.077998,0.07467,0.075499,168078.0
1553018400,0.075048,0.0755,0.07542,0.0755,55751.0
1553040000,0.074548,0.0755,0.0755,0.074548,61896.0
1553061600,0.076,0.083693,0.076,0.083693,148437.0
1553083200,0.082511,0.0936,0.082548,0.082511,749943.0
1553104800,0.081687,0.083,0.082934,0.081687,41733.0
1553126400,0.079035,0.0855,0.081627,0.08,243398.0
1553148000,0.079871,0.082016,0.079871,0.0806,43662.0
1553169600,0.0755,0.0832,0.080174,0.077301,231857.0
1553191200,0.077199,0.0785,0.0773,0.078401,113299.0
1553212800,0.077006,0.0785,0.078401,0.077555,54424.0
1553234400,0.077256,0.078,0.0774,0.077622,21112.0
1553256000,0.07759,0.07839,0.077621,0.0782,54958.0
1553277600,0.077577,0.07836,0.0782,0.07761,50972.0
1553299200,0.077502,0.078065,0.077618,0.078065,14425.0
1553320800,0.078059,0.0785,0.078059,0.0785,70076.0
1553342400,0.0774,0.078,0.078,0.0774,17078.0
1553364000,0.077438,0.0777,0.077438,0.0777,1218.0
1553385600,0.077437,0.077573,0.077573,0.077437,2019.0
1553407200,0.077416,0.077771,0.077438,0.0775,4785.0
1553428800,0.0774,0.077805,0.07745,0.077805,71531.0
1553450400,0.077918,0.08015,0.077918,0.0799,52714.0
1553472000,0.079172,0.082,0.079172,0.0812,64546.0
1553493600,0.080436,0.092921,0.080602,0.0872,188526.0
1553515200,0.082,0.0875,0.0867,0.082358,188498.0
1553536800,0.079679,0.08234,0.082289,0.079679,132254.0
1553558400,0.078703,0.083879,0.079501,0.081348,73743.0
1553580000,0.07955,0.081,0.081,0.0807,29981.0
1553601600,0.076892,0.08065,0.08065,0.080243,176077.0
1553623200,0.0804,0.08072,0.0804,0.08072,18744.0
1553644800,0.0807,0.0826,0.08072,0.0826,18155.0
1553666400,0.080645,0.082499,0.082,0.082499,55764.0
1553688000,0.081999,0.086,0.082,0.0835,149077.0
1553709600,0.08354,0.084628,0.08416,0.084184,33580.0
1553731200,0.082268,0.083297,0.083297,0.0829,38632.0
1553752800,0.082683,0.089803,0.083254,0.086305,167194.0
1553774400,0.0859,0.088986,0.0859,0.08829,90138.0
1553796000,0.087983,0.089,0.088,0.089,46086.0
1553817600,0.0865,0.092,0.089551,0.087361,148138.0
1553839200,0.0875,0.088445,0.087593,0.0875,12306.0
1553860800,0.087262,0.0886,0.0875,0.088087,33347.0
1553882400,0.08769,0.090145,0.088058,0.089509,40420.0
1553904000,0.088031,0.091,0.089608,0.089,91198.0
1553925600,0.088027,0.089278,0.089039,0.088027,6991.0
1553947200,0.086502,0.0884,0.0884,0.086502,60083.0
1553968800,0.087119,0.088953,0.087119,0.088675,14410.0
1553990400,0.086502,0.088702,0.08856,0.086755,91673.0
1554012000,0.086657,0.087971,0.086657,0.087971,10603.0
1554033600,0.088298,0.092279,0.088298,0.09139,86984.0
1554055200,0.091256,0.0943,0.09228,0.0926,60544.0
1554076800,0.091289,0.092501,0.092501,0.092319,15906.0
1554098400,0.0905,0.092259,0.092259,0.090754,24996.0
1554120000,0.091049,0.0934,0.091049,0.091393,31323.0
1554141600,0.090509,0.091855,0.091417,0.09133,86076.0
1554163200,0.0895,0.097,0.091301,0.09149,162604.0
1554184800,0.091001,0.095,0.091004,0.094311,37454.0
1554206400,0.093114,0.098501,0.09501,0.098501,211369.0
1554228000,0.098501,0.10452,0.098501,0.101296,213828.0
1554249600,0.0981,0.103,0.103,0.1,138156.0
1554271200,0.1,0.103932,0.1,0.1038,25841.0
1554292800,0.101103,0.106283,0.103999,0.101595,236664.0
1554314400,0.092797,0.106198,0.102,0.097792,206873.0
1554336000,0.0945,0.105,0.105,0.0952,193574.0
1554357600,0.096656,0.097955,0.096656,0.097955,871.0
1554379200,0.094999,0.100358,0.099,0.094999,49794.0
1554400800,0.091848,0.095213,0.094,0.093763,155234.0
1554422400,0.095213,0.099198,0.095213,0.0977,52117.0
1554444000,0.09651,0.100398,0.097,0.100398,57765.0
1554465600,0.099143,0.1025,0.101198,0.1011,33393.0
1554487200,0.100105,0.101949,0.101949,0.101,22328.0
1554508800,0.1008,0.10195,0.101,0.10195,3809.0
1554530400,0.099694,0.101209,0.101209,0.099831,39247.0
1554552000,0.098998,0.101437,0.100353,0.101436,61395.0
1554573600,0.09724,0.1023,0.101,0.0987,127070.0
1554595200,0.09759,0.099631,0.098232,0.098488,13955.0
1554616800,0.099129,0.101296,0.099898,0.099129,13179.0
1554638400,0.098691,0.101599,0.0992,0.101599,107706.0
1554660000,0.101445,0.1032,0.101445,0.102541,73340.0
1554681600,0.101,0.1043,0.103298,0.10137,22358.0
1554703200,0.094497,0.100775,0.100775,0.094497,83461.0
1554724800,0.095905,0.098359,0.095905,0.097325,8672.0
1554746400,0.09776,0.1004,0.09872,0.0996,11050.0
1554768000,0.094,0.0999,0.0999,0.094291,209391.0
1554789600,0.093583,0.099371,0.0943,0.093583,4525.0
1554811200,0.094876,0.095997,0.095,0.095546,5099.0
1554832800,0.09504,0.097869,0.09504,0.097758,22415.0
1554854400,0.096263,0.098417,0.096263,0.098417,13334.0
1554876000,0.095528,0.098276,0.09812,0.097,47596.0
1554897600,0.097574,0.100512,0.097574,0.0991,133747.0
1554919200,0.094046,0.0996,0.0996,0.094945,28469.0
1554940800,0.090501,0.094819,0.0947,0.092005,75849.0
1554962400,0.082,0.0905,0.0905,0.082,141272.0
1554984000,0.0843,0.087,0.0843,0.0868,94364.0
1555005600,0.0856,0.088256,0.0864,0.088185,34768.0
1555027200,0.083001,0.086556,0.086556,0.083001,39115.0
1555048800,0.084188,0.086,0.084188,0.08498,12195.0
1555070400,0.086096,0.087765,0.087132,0.087765,19683.0
1555092000,0.086,0.0877,0.0877,0.086,5401.0
1555113600,0.087311,0.088363,0.088329,0.087756,13087.0
1555135200,0.0884,0.089121,0.088592,0.0886,1666.0
1555156800,0.08679,0.08904,0.087,0.08904,34618.0
1555178400,0.088076,0.089288,0.088653,0.089288,24504.0
1555200000,0.089215,0.091288,0.090078,0.089789,34226.0
1555221600,0.089082,0.090301,0.089339,0.089979,35594.0
1555243200,0.089989,0.092389,0.089989,0.092325,20495.0
1555264800,0.091952,0.0935,0.091952,0.0924,1480.0
1555286400,0.092773,0.093626,0.092773,0.0929,28069.0
1555308000,0.09,0.09244,0.09244,0.09,12036.0
1555329600,0.087898,0.091923,0.09,0.08862,163823.0
1555351200,0.087,0.088289,0.088289,0.087066,5421.0
1555372800,0.085666,0.086666,0.086666,0.085766,14005.0
1555394400,0.085993,0.086651,0.086165,0.086205,5546.0
1555416000,0.085,0.088066,0.087,0.088066,23206.0
1555437600,0.087712,0.0895,0.088129,0.088469,44709.0
1555459200,0.0879,0.088475,0.088475,0.0879,963.0
1555480800,0.0864,0.087684,0.087684,0.086665,26891.0
1555502400,0.0865,0.088325,0.086664,0.087,24067.0
1555524000,0.08688,0.087949,0.087119,0.087527,57150.0
1555545600,0.08813,0.091459,0.08813,0.091459,99268.0
1555567200,0.089478,0.09,0.09,0.089478,15376.0
1555588800,0.088578,0.089438,0.088852,0.089285,1878.0
1555610400,0.089,0.0918,0.091319,0.089,952.0
1555632000,0.086717,0.089463,0.089463,0.087569,9369.0
1555653600,0.088214,0.089811,0.088214,0.089811,410.0
1555675200,0.087931,0.089544,0.089006,0.089209,19411.0
1555696800,0.087501,0.089209,0.089209,0.088265,51507.0
1555718400,0.088323,0.089288,0.088323,0.089286,26297.0
1555740000,0.089292,0.090607,0.089292,0.0905,4977.0
1555761600,0.09065,0.092569,0.09065,0.09239,34565.0
1555783200,0.09239,0.095361,0.092568,0.09325,73103.0
1555804800,0.095137,0.09872,0.095137,0.095511,108288.0
1555826400,0.087782,0.097194,0.0956,0.088691,311809.0
1555848000,0.087,0.091385,0.087938,0.091113,29697.0
1555869600,0.091113,0.093148,0.091114,0.093104,33530.0
1555891200,0.0902,0.094,0.094,0.0902,145913.0
1555912800,0.089172,0.09088,0.0902,0.09088,40746.0
1555934400,0.08872,0.090976,0.09063,0.089455,38099.0
1555956000,0.087714,0.089428,0.088509,0.089428,45199.0
1555977600,0.0886,0.090422,0.089428,0.089362,80662.0
1555999200,0.089213,0.092915,0.089409,0.092915,56335.0
1556020800,0.09034,0.0934,0.092915,0.09034,55614.0
1556042400,0.08892,0.0912,0.09016,0.089543,212289.0
1556064000,0.0863,0.08879,0.08879,0.087106,64084.0
1556085600,0.081,0.087018,0.086239,0.081,38608.0
1556107200,0.079489,0.083414,0.081973,0.079489,116063.0
1556128800,0.079987,0.08115,0.08,0.080831,9686.0
1556150400,0.081,0.08199,0.08104,0.081,64299.0
1556172000,0.079984,0.081477,0.0809,0.0814,10334.0
1556193600,0.081504,0.0817,0.081597,0.081504,3246.0
1556215200,0.071181,0.081708,0.081708,0.072845,107967.0
1556236800,0.07,0.072552,0.07201,0.071605,124847.0
1556258400,0.070953,0.0725,0.07161,0.0725,18740.0
1556280000,0.07,0.07312,0.07251,0.0707,61886.0
1556301600,0.06992,0.073976,0.0707,0.072778,73145.0
1556323200,0.071869,0.072248,0.072248,0.071869,405.0
1556344800,0.072377,0.07238,0.072378,0.07238,16161.0
1556366400,0.072,0.072983,0.072384,0.072983,22782.0
1556388000,0.0725,0.07521,0.073556,0.07521,17265.0
1556409600,0.073129,0.078056,0.073508,0.073756,159128.0
1556431200,0.073485,0.074417,0.073505,0.074417,8643.0
1556452800,0.073592,0.074415,0.074415,0.073592,6425.0
1556474400,0.072003,0.073597,0.073597,0.07261,15391.0
1556496000,0.07261,0.072625,0.07261,0.072625,9614.0
1556517600,0.071722,0.072638,0.072638,0.071722,4366.0
1556539200,0.07,0.071778,0.071778,0.0701,48886.0
1556560800,0.06975,0.070005,0.070005,0.06975,1924.0
1556582400,0.070754,0.070893,0.070893,0.070893,651.0
