1531484700,703.74,703.75,703.74,703.75,6.267375769999999
1531484760,703.2,703.74,703.74,703.21,55.56136685
1531484820,703.2,703.21,703.21,703.2,0.13961697
1531484880,702.42,703.21,703.21,702.42,1.36074849
1531484940,702.9,703.01,703.01,702.91,0.42111858
1531485000,702.9,702.91,702.91,702.9,0.06760572
1531485060,702.9,702.91,702.91,702.9,0.10421657000000001
1531485120,702.91,702.91,702.91,702.91,0.14982210999999998
1531485180,702.9,702.91,702.91,702.9,0.07350475000000001
1531485240,702.9,703.1,702.91,702.9,10.592089069999997
1531485300,702.9,702.91,702.9,702.91,2.99951811
1531485360,702.7,702.9,702.9,702.7,6.47905785
1531485420,702.0,702.48,702.48,702.19,1.2721415900000002
1531485480,702.0,702.0,702.0,702.0,0.07361594
1531485540,702.01,702.01,702.01,702.01,0.26
1531485600,702.0,702.01,702.01,702.0,0.03317072
1531485660,702.01,702.01,702.01,702.01,0.3669917
1531485720,702.0,702.01,702.0,702.01,0.89441853
1531485780,702.0,702.0,702.0,702.0,0.1
1531485900,702.0,702.01,702.01,702.0,1.45702951
1531485960,702.0,702.01,702.0,702.01,0.34129762
1531486080,702.0,702.01,702.01,702.0,0.08760538
1531486140,702.01,702.01,702.01,702.01,0.9791135599999999
1531486200,702.0,702.0,702.0,702.0,1.44
1531486260,702.0,702.01,702.01,702.0,5.4963999999999995
1531486320,701.71,702.14,702.0,702.14,2.42199
1531486380,701.96,702.9,702.14,701.96,9.92194787
1531486440,702.64,702.64,702.64,702.64,0.41854427
1531486500,701.94,702.68,702.64,702.68,1.1044873899999998
1531486560,702.1,702.7,702.39,702.7,1.52664331
1531486620,702.43,702.7,702.43,702.7,2.02885844
1531486680,702.48,703.95,702.48,703.14,33.826524610000014
1531486740,702.46,703.69,702.9,703.29,2.45326173
1531486800,702.78,703.5,702.9,703.07,8.70449208
1531486860,701.77,702.84,702.84,701.77,5.476799999999999
1531486920,701.84,702.08,702.08,701.84,0.28
1531486980,700.83,701.29,701.29,700.9,1.2309431100000001
1531487040,700.5,701.06,701.05,701.06,6.072680719999999
1531487100,700.36,701.06,700.99,700.73,0.4639687799999999
1531487160,700.03,700.74,700.73,700.03,2.59769994
1531487280,700.3,700.38,700.3,700.3,0.48117731999999996
1531487340,700.3,700.3,700.3,700.3,0.06821526
1531487400,700.3,700.31,700.3,700.31,1.74216404
1531487580,700.29,700.31,700.3,700.31,3.16722748
1531487640,700.11,700.29,700.29,700.11,1.3194000000000001
1531487700,698.48,699.98,699.98,698.48,1.6024866
1531487760,698.74,699.32,699.32,698.74,0.38953958
1531487820,698.73,698.74,698.73,698.74,0.06883606
1531487940,698.74,698.74,698.74,698.74,0.10184643
1531488000,698.73,699.86,698.74,698.73,2.2147212999999994
1531488060,698.74,699.86,699.5,699.21,0.9113204600000001
1531488120,699.6,699.7,699.6,699.7,1.0
1531488180,699.64,699.68,699.65,699.64,0.5091079
1531488240,699.63,699.64,699.64,699.64,0.67452249
1531488360,699.64,699.64,699.64,699.64,0.02050074
1531488420,698.74,699.63,699.63,699.15,26.589233960000023
1531488480,698.74,699.21,698.74,699.21,1.01424
1531488540,699.15,699.19,699.15,699.18,0.25951042
1531488600,699.18,699.19,699.19,699.18,1.9514812099999999
1531488660,699.19,699.19,699.19,699.19,0.0654
1531488780,699.18,699.19,699.19,699.19,0.61021457
1531488960,699.18,699.19,699.18,699.18,4.736873639999999
1531489020,698.0,699.19,699.19,698.0,41.31834550999999
1531489080,697.0,698.0,698.0,697.0,2.0182382199999997
1531489140,697.37,697.39,697.37,697.39,0.28101724
1531489200,697.0,697.18,697.18,697.0,2.55398605
1531489260,697.0,697.01,697.0,697.01,2.35253678
1531489320,697.0,697.01,697.01,697.01,2.3343204900000005
1531489380,695.0,697.0,697.0,695.0,15.208839939999981
1531489440,694.5,695.09,695.09,694.5,7.075279999999999
1531489500,694.5,694.51,694.51,694.5,1.02650916
1531489560,694.5,694.51,694.51,694.51,0.9487838300000001
1531489620,694.5,694.5,694.5,694.5,3.78424252
1531489680,694.5,694.51,694.5,694.51,0.90024053
1531489740,694.51,694.51,694.51,694.51,0.33068943
1531489800,694.5,694.51,694.51,694.51,3.7441787
1531489860,694.5,694.51,694.51,694.5,0.41871564
1531489920,694.51,694.51,694.51,694.51,0.34912048
1531489980,694.5,694.51,694.5,694.5,14.629422729999998
1531490040,694.5,695.99,694.51,695.09,53.78764365999999
1531490100,695.28,695.28,695.28,695.28,1.3214092
1531490160,695.29,695.71,695.29,695.45,3.11398604
1531490220,695.6,695.68,695.66,695.68,0.1668384
1531490280,695.52,695.52,695.52,695.52,0.14858988999999997
1531490340,695.52,695.7,695.52,695.55,0.6714570200000002
1531490400,695.52,695.53,695.52,695.53,3.7880500300000004
1531490460,695.53,695.53,695.53,695.53,0.0165
1531490520,695.53,695.53,695.53,695.53,0.04007109
1531490580,695.53,695.53,695.53,695.53,0.19182406000000002
1531490640,695.51,695.53,695.53,695.52,21.441011289999995
1531490700,694.5,695.52,695.52,694.84,45.19350888
1531490760,694.92,694.96,694.92,694.96,0.04876281
1531490820,694.99,695.0,694.99,695.0,2.9808295300000003
1531490880,695.0,695.14,695.0,695.14,14.21758863
1531490940,695.48,695.94,695.48,695.94,4.291395889999998
1531491000,695.93,695.96,695.94,695.93,0.31625264
1531491120,695.93,695.94,695.93,695.94,10.21844039
1531491180,695.93,695.94,695.94,695.93,0.07343116
1531491240,695.94,698.0,695.94,698.0,12.347427799999995
1531491300,697.99,698.82,698.0,698.82,0.7627308700000001
1531491360,698.27,698.81,698.27,698.81,0.52009287
1531491420,698.34,699.17,698.34,699.17,1.01255208
1531491480,699.05,699.51,699.17,699.42,7.159778729999994
1531491540,698.8,699.72,699.42,699.72,15.70730271
1531491600,699.42,699.59,699.59,699.57,0.24372535
1531491660,699.55,699.55,699.55,699.55,0.5
1531491720,699.54,699.55,699.54,699.54,1.1376000000000002
1531491840,699.54,699.54,699.54,699.54,5.51161205
1531491900,699.55,699.55,699.55,699.55,0.10367263
1531491960,699.55,699.55,699.55,699.55,2.22414836
1531492020,699.54,699.55,699.55,699.55,1.67332065
1531492080,699.54,699.55,699.55,699.54,1.10072286
1531492140,699.54,699.54,699.54,699.54,0.58095614
1531492200,699.55,699.55,699.55,699.55,0.27875359
1531492260,699.54,699.55,699.54,699.55,2.18091022
1531492320,699.54,699.54,699.54,699.54,0.15203899
1531492380,699.42,699.54,699.54,699.43,17.602751510000008
1531492440,698.72,699.43,699.43,698.72,0.93241949
1531492500,698.77,698.77,698.77,698.77,0.06635749
1531492620,698.76,698.77,698.77,698.76,1.3742252
1531492680,698.76,698.77,698.77,698.77,5.11379494
1531492800,698.77,698.77,698.77,698.77,1.31781781
1531492860,698.76,698.77,698.76,698.77,0.2107
1531492920,698.76,698.77,698.77,698.76,3.95278212
1531492980,698.76,698.77,698.77,698.76,0.57723473
1531493040,698.76,698.77,698.77,698.77,2.38352904
1531493100,698.76,698.77,698.76,698.76,2.2170981
1531493160,698.76,698.77,698.77,698.77,1.850136
1531493220,697.05,698.77,698.77,697.94,50.29930790999998
1531493280,697.42,698.69,697.42,698.69,0.33247503
1531493340,697.99,698.3,697.99,698.28,1.6692837700000003
1531493460,698.12,698.13,698.13,698.12,0.7284655999999999
1531493520,698.12,698.12,698.12,698.12,0.7339482500000001
1531493580,698.13,698.76,698.13,698.76,0.84260633
1531493640,698.12,698.77,698.13,698.68,7.928578759999998
1531493700,698.52,698.64,698.52,698.64,0.2579034
1531493760,698.52,698.58,698.52,698.58,0.13818379000000003
1531493880,698.39,698.45,698.39,698.45,0.07125946
1531493940,698.38,698.39,698.39,698.38,0.12016604
1531494000,698.38,698.39,698.39,698.38,0.2668743
1531494060,698.39,698.39,698.39,698.39,0.32771892999999996
1531494120,698.39,698.77,698.39,698.62,1.0263565700000001
1531494180,698.3,698.55,698.53,698.3,6.07897356
1531494240,698.31,698.31,698.31,698.31,0.28808714
1531494300,698.0,698.3,698.3,698.0,1.5704661400000002
1531494360,697.0,698.01,697.55,697.0,10.62628866
1531494420,697.6,698.01,697.6,698.01,1.8476884500000001
1531494480,697.7,698.01,698.01,698.0,0.26678287
1531494540,697.99,699.64,697.99,699.01,70.23184267999986
1531494600,698.74,698.97,698.74,698.97,0.10536452
1531494660,698.96,698.97,698.97,698.96,0.21211457
1531494720,698.96,698.97,698.96,698.97,0.68068405
1531494780,698.96,698.96,698.96,698.96,1.72219768
1531494840,698.96,698.97,698.97,698.96,0.51781016
1531494900,698.97,698.97,698.97,698.97,1.27379306
1531494960,698.97,699.64,698.97,699.64,2.5210687299999996
1531495020,698.97,699.52,699.48,699.52,1.8276999999999999
1531495140,699.38,699.64,699.38,699.38,3.0697050499999996
1531495200,699.38,699.38,699.38,699.38,0.3509
1531495260,699.39,699.39,699.39,699.39,0.06830401
1531495320,699.39,700.1,699.39,700.1,28.38535127
1531495380,700.06,700.29,700.06,700.17,27.704197300000004
1531495440,699.39,700.13,700.13,699.39,2.7201748999999995
1531495500,699.99,700.0,700.0,699.99,0.41505428
1531495680,699.98,699.99,699.99,699.98,0.81472
1531495740,699.98,699.99,699.99,699.99,2.1419655099999995
1531495800,699.98,699.99,699.99,699.98,0.47248010000000007
1531495860,699.99,699.99,699.99,699.99,1.0
1531495920,699.99,700.0,699.99,699.99,3.29580714
1531495980,700.0,700.0,700.0,700.0,0.06930693
1531496040,700.0,700.0,700.0,700.0,2.0
1531496100,700.0,700.0,700.0,700.0,1.14412934
1531496160,699.99,700.0,700.0,699.99,0.23789885
1531496280,700.0,700.0,700.0,700.0,0.0263113
1531496400,699.99,700.21,699.99,700.21,2.3911931099999992
1531496460,700.21,700.21,700.21,700.21,0.19469639000000005
1531496520,700.21,700.21,700.21,700.21,0.0334086
1531496580,700.0,700.21,700.21,700.0,10.101632619999998
1531496640,700.21,700.21,700.21,700.21,0.45347024000000014
1531496700,700.2,700.2,700.2,700.2,0.03340908
1531496820,700.0,700.2,700.2,700.0,0.6174607900000001
1531496880,700.0,700.2,700.01,700.0,0.7030310000000001
1531496940,700.0,700.15,700.07,700.0,3.75157062
1531497000,700.0,700.01,700.01,700.01,2.29639504
1531497060,700.01,700.01,700.01,700.01,0.22693685
1531497120,700.0,700.01,700.01,700.0,0.12783042
1531497180,700.01,700.01,700.01,700.01,1.4067176399999999
1531497300,700.0,700.01,700.01,700.0,0.369297
1531497360,700.0,700.01,700.01,700.01,0.29328016
1531497420,700.0,700.01,700.01,700.0,0.15598584
1531497540,700.0,700.01,700.0,700.0,5.80664497
1531497600,700.0,700.01,700.0,700.01,6.576003059999999
1531497660,700.0,700.0,700.0,700.0,2.89322326
1531497720,700.0,700.0,700.0,700.0,2.09233006
1531497780,700.01,700.01,700.01,700.01,1.22906024
1531497840,700.01,700.01,700.01,700.01,0.11335817
1531497900,700.0,700.01,700.0,700.01,14.252445769999994
1531497960,700.01,700.01,700.01,700.01,0.6030732999999999
1531498020,700.01,700.01,700.01,700.01,0.31398441
1531498080,700.01,700.01,700.01,700.01,0.32769233
1531498140,700.0,700.01,700.01,700.0,0.8081398399999999
1531498200,700.01,700.01,700.01,700.01,0.03546939
1531498320,700.01,700.01,700.01,700.01,0.054
1531498380,700.0,700.0,700.0,700.0,0.2814
1531498440,700.0,700.01,700.01,700.0,2.05447557
1531498500,700.01,700.02,700.01,700.01,33.636072389999995
1531498560,700.01,700.02,700.01,700.02,0.19514759999999998
1531498620,700.0,700.02,700.02,700.0,2.14514254
1531498680,700.01,700.01,700.01,700.01,0.01738306
1531498740,700.0,700.01,700.01,700.0,4.78838326
1531498800,700.0,700.01,700.01,700.01,0.22299696000000002
1531498860,700.0,700.01,700.0,700.01,1.2374675000000002
1531498920,700.01,700.01,700.01,700.01,0.10935167
1531498980,699.0,700.01,700.01,699.3,8.268034579999973
1531499040,699.29,699.32,699.29,699.31,2.2688097199999997
1531499100,699.3,699.32,699.32,699.32,0.22539102
1531499160,699.32,699.32,699.32,699.32,0.05480804
1531499220,699.31,699.32,699.32,699.31,1.7133431000000001
1531499280,699.31,699.32,699.31,699.31,3.3516204199999997
1531499340,699.32,699.32,699.32,699.32,0.0691
1531499400,699.31,700.0,699.32,700.0,5.805288769999999
1531499460,700.0,700.0,700.0,700.0,0.5572813600000001
1531499520,699.99,700.98,699.99,700.8,15.682790509999988
1531499580,700.16,700.17,700.17,700.16,0.0213
1531499640,700.16,700.16,700.16,700.16,1.0113
1531499700,700.16,700.16,700.16,700.16,0.10291868
1531499760,700.16,700.16,700.16,700.16,0.03341098
1531499820,700.16,700.16,700.16,700.16,1.1202272500000001
1531499880,700.15,700.16,700.16,700.15,2.7989970400000006
1531499940,700.03,700.09,700.03,700.09,3.8708361
1531500000,700.08,700.09,700.09,700.09,2.41572377
1531500060,700.09,700.09,700.09,700.09,0.03341433
1531500120,700.08,700.19,700.08,700.19,4.465762759999998
1531500180,700.18,700.44,700.19,700.43,2.3067733500000003
1531500240,700.44,700.76,700.44,700.6,1.4611754700000004
1531500300,700.5,700.62,700.62,700.56,5.0
1531500420,700.57,700.77,700.57,700.77,10.425310719999999
1531500480,700.76,700.83,700.77,700.78,0.78256784
1531500540,700.76,701.0,700.79,700.76,15.002725069999995
1531500600,700.76,700.77,700.76,700.76,0.42852041999999996
1531500660,700.77,700.77,700.77,700.77,0.27308979
1531500720,700.76,700.77,700.77,700.77,0.39194653
1531500780,700.76,700.77,700.77,700.77,1.26525102
1531500840,700.76,700.77,700.76,700.76,0.46529275
1531500900,700.77,700.77,700.77,700.77,0.01918288
1531500960,699.91,700.76,700.76,700.01,59.92905396
1531501020,699.9,699.9,699.9,699.9,0.34611000000000003
1531501080,699.86,699.9,699.9,699.86,9.73152454
1531501140,699.59,699.83,699.83,699.83,1.4954321600000002
1531501200,699.7,699.7,699.7,699.7,0.40182332
1531501260,699.71,699.71,699.71,699.71,0.03201042
1531501320,699.7,699.71,699.71,699.71,3.0659190099999996
1531501380,699.71,699.71,699.71,699.71,0.24408364
1531501440,699.71,700.01,699.71,700.01,2.1483378699999998
1531501500,700.01,700.01,700.01,700.01,0.03840741
1531501560,700.0,700.09,700.01,700.09,2.55769603
1531501620,700.09,700.1,700.09,700.09,0.09265339
1531501740,700.09,700.09,700.09,700.09,1.11052462
1531501800,700.1,700.87,700.1,700.87,1.47070678
1531501920,700.1,700.17,700.17,700.1,0.44798323
1531502040,700.1,700.19,700.1,700.19,0.7335927900000002
1531502160,700.19,700.19,700.19,700.19,0.27331601
1531502220,700.18,700.19,700.18,700.19,0.05826101
1531502280,700.19,700.28,700.19,700.28,0.85483534
1531502340,700.27,700.27,700.27,700.27,0.29138797
1531502400,700.0,700.28,700.27,700.28,4.76479693
1531502460,700.28,700.88,700.28,700.37,1.39327903
1531502520,700.42,700.42,700.42,700.42,0.09466365
1531502580,700.38,700.38,700.38,700.38,0.83976611
1531502640,700.37,700.38,700.38,700.37,0.26052776
1531502700,700.38,700.38,700.38,700.38,0.09551756
1531502760,700.38,700.38,700.38,700.38,1.25985623
1531502820,700.01,700.38,700.38,700.01,0.9608317200000002
1531502880,700.0,700.01,700.0,700.01,2.02321651
1531503000,700.0,700.01,700.0,700.01,0.54920547
1531503060,700.01,700.59,700.01,700.58,22.007503190000023
1531503120,700.58,700.59,700.59,700.58,0.5978568799999999
1531503180,700.58,700.59,700.59,700.58,1.44136846
1531503300,700.59,700.59,700.59,700.59,0.7800721700000002
1531503360,700.58,700.59,700.59,700.58,0.17899103000000002
1531503420,700.58,700.59,700.59,700.58,0.22491739000000002
1531503480,700.59,700.59,700.59,700.59,25.279987130000002
1531503540,700.59,700.59,700.59,700.59,0.27429346
1531503600,700.58,700.71,700.58,700.71,15.171936050000001
1531503660,700.89,701.0,700.99,700.89,11.056611329999999
1531503720,700.0,700.58,700.58,700.25,3.02229872
1531503780,699.89,700.32,700.26,699.89,142.7237753699999
1531503840,699.31,699.7,699.7,699.31,0.4451722000000001
1531503900,699.32,700.69,699.32,700.69,7.046544639999999
1531503960,699.94,700.66,699.94,700.25,0.20481617000000002
1531504020,700.24,700.66,700.24,700.44,0.10390426
1531504080,699.92,700.66,700.47,699.92,0.88945267
1531504140,699.39,700.27,700.27,699.39,1.50213113
1531504200,699.93,699.93,699.93,699.93,1.37331779
1531504260,699.79,700.6,699.79,700.34,1.58527349
1531504320,700.31,700.32,700.32,700.31,0.5484202600000001
1531504380,700.32,700.79,700.32,700.79,0.7162371799999999
1531504440,700.76,700.99,700.76,700.99,1.0
1531504500,700.95,701.0,700.95,700.96,5.0072766
1531504560,700.97,700.97,700.97,700.97,0.13060792999999998
1531504620,700.96,700.97,700.97,700.96,1.0025077599999999
1531504680,700.97,700.97,700.97,700.97,0.032600000000000004
1531504740,700.97,700.97,700.97,700.97,0.01365055
1531504800,700.96,700.96,700.96,700.96,0.024723
1531504860,700.97,700.97,700.97,700.97,0.2707
1531504920,700.96,700.97,700.97,700.96,6.023204789999999
1531504980,700.97,701.23,700.97,701.1,7.242598989999996
1531505040,701.22,701.23,701.23,701.23,2.2094841400000003
1531505100,701.23,701.23,701.23,701.23,13.1342
1531505160,701.22,702.33,701.23,701.92,18.318067030000005
1531505220,701.96,701.97,701.97,701.97,0.46237173000000004
1531505340,701.96,702.0,701.96,702.0,4.22319809
1531505400,701.99,701.99,701.99,701.99,0.033323889999999995
1531505460,701.98,701.98,701.98,701.98,0.03309542
1531505520,701.98,701.99,701.99,701.98,1.28617826
1531505580,701.98,701.99,701.98,701.99,0.42606721000000003
1531505640,701.99,701.99,701.99,701.99,0.20445055
1531505700,701.99,701.99,701.99,701.99,0.06805103000000001
1531505760,701.99,701.99,701.99,701.99,0.30216856
1531505820,701.98,701.99,701.98,701.99,0.62704965
1531505880,701.98,701.99,701.98,701.99,1.5
1531505940,701.98,701.99,701.99,701.99,1.06496758
1531506000,701.98,703.18,701.99,703.18,36.62856090000002
1531506060,703.21,712.56,703.21,712.06,486.93257992999963
1531506120,709.98,713.5,712.14,710.31,59.01601054000001
1531506180,709.49,710.32,709.49,710.32,11.50079528
1531506240,710.31,713.0,710.31,711.3,66.41004988999998
1531506300,708.62,710.5,710.37,708.98,46.60544517
1531506360,708.76,708.98,708.76,708.98,0.37659083
1531506420,708.78,708.78,708.78,708.78,0.02888362
1531506480,708.62,708.79,708.79,708.62,11.08391082
1531506540,708.74,708.92,708.74,708.92,14.425416929999997
1531506600,708.89,709.07,708.89,709.05,4.96311418
1531506660,706.75,709.05,709.05,706.75,15.39191153
1531506720,706.0,706.75,706.75,706.6,4.497379239999999
1531506780,705.07,706.44,706.4,705.07,18.096355709999997
1531506840,705.07,706.0,705.08,705.99,5.36678398
1531506900,705.08,705.99,705.99,705.9,11.63376639
1531506960,703.59,705.28,705.07,703.59,17.072880369999996
1531507020,702.99,704.0,704.0,703.0,3.3455968499999997
1531507080,702.98,703.0,702.99,702.98,0.8718776
1531507140,702.88,702.99,702.98,702.88,6.498426579999999
1531507200,699.8,702.43,702.43,700.0,163.83280214000004
1531507260,695.93,700.0,700.0,695.93,111.60035812000007
1531507320,697.03,698.9,697.03,698.84,3.7364921299999985
1531507380,698.85,700.98,698.85,700.04,64.29463161
1531507500,700.15,700.16,700.16,700.15,0.10301914999999999
1531507560,695.0,700.15,700.15,695.0,47.19056372
1531507620,695.53,696.6,695.53,696.56,44.53482039
1531507680,696.01,696.24,696.01,696.24,1.2316100100000003
1531507740,696.23,696.24,696.24,696.23,2.04736874
1531507800,696.23,696.24,696.24,696.23,7.931473349999998
1531507860,695.3,696.23,696.23,695.3,61.69694311999997
1531507920,695.3,695.79,695.79,695.31,2.32479617
1531507980,695.31,699.6,695.31,699.6,49.94848365000001
1531508040,697.0,699.66,699.02,697.0,15.61564384
1531508100,696.77,698.61,696.77,698.16,9.039633610000001
1531508160,696.6,698.15,698.15,697.52,7.320783689999999
1531508220,696.97,697.52,697.47,696.97,2.1134349899999996
1531508280,696.97,696.98,696.97,696.98,0.10569054
1531508340,696.98,696.98,696.98,696.98,0.0156
1531508400,696.98,697.14,696.98,697.13,0.9356805600000001
1531508460,697.0,697.13,697.13,697.13,4.7365521699999995
1531508520,697.0,697.19,697.14,697.0,18.64014706
1531508580,697.0,697.01,697.0,697.0,3.4281954100000003
1531508640,696.04,697.01,697.0,696.15,31.705617450000005
1531508700,696.48,697.37,696.83,697.0,8.12174715
1531508760,695.3,697.0,697.0,695.3,53.79442036
1531508820,692.0,695.01,695.01,693.4,128.5562162399999
1531508880,692.93,693.37,692.93,693.02,4.52186855
1531508940,693.17,693.37,693.29,693.29,0.92681426
