1534871160,526.83,526.86,526.86,526.84,4.18798662
1534871220,525.9,526.37,526.37,525.9,5.174
1534871280,525.9,525.91,525.91,525.9,5.448632399999999
1534871340,525.91,526.36,525.91,526.36,1.3165078700000001
1534871400,526.36,527.35,526.36,527.35,6.161311549999992
1534871460,527.71,529.26,527.71,529.26,3.36317645
1534871520,528.14,530.0,528.93,528.87,16.04446375
1534871640,528.56,528.57,528.56,528.57,0.5435539
1534871700,527.73,528.56,528.56,527.73,0.40768619
1534871760,527.4,527.72,527.72,527.4,37.64242858
1534871820,523.38,526.61,526.61,523.82,18.81549715
1534871880,523.81,525.13,523.81,525.13,2.18251757
1534871940,525.13,527.21,525.13,525.91,7.18844574
1534872000,525.13,527.0,525.91,525.25,9.182041799999999
1534872060,525.24,525.25,525.25,525.24,0.22676391
1534872120,524.14,525.24,525.24,524.14,8.14482709
1534872180,524.71,524.71,524.71,524.71,0.18396326
1534872240,524.64,524.71,524.64,524.7,0.40966542000000006
1534872360,524.7,524.71,524.7,524.71,0.8051655900000001
1534872420,524.7,524.71,524.7,524.71,0.4191844900000002
1534872480,524.7,524.7,524.7,524.7,1.0
1534872540,524.7,524.7,524.7,524.7,0.18604243
1534872720,523.8,524.71,524.71,523.8,128.7126824500003
1534872780,522.48,522.61,522.61,522.48,0.3169079
1534872840,522.49,522.49,522.49,522.49,0.9682301
1534872900,522.49,522.5,522.49,522.5,3.8151500000000005
1534872960,522.5,523.49,522.5,523.27,1.3436344599999999
1534873080,523.5,523.72,523.5,523.5,1.5726283400000005
1534873200,522.9,523.51,523.5,523.51,1.6330716500000004
1534873260,522.89,523.51,523.5,522.89,1.3684947600000001
1534873320,522.89,522.89,522.89,522.89,0.33767225999999995
1534873380,522.9,522.9,522.9,522.9,0.05997931
1534873440,522.9,523.51,522.9,523.51,2.52461
1534873500,523.0,523.62,523.0,523.62,0.12435616999999999
1534873560,523.72,527.84,523.72,527.84,36.28505675999998
1534873620,525.19,527.83,527.83,526.43,7.493532519999997
1534873680,526.05,526.23,526.05,526.23,1.51535709
1534873740,526.23,526.23,526.23,526.23,0.05296286
1534873800,525.18,526.23,526.23,525.18,0.5488612700000002
1534873860,524.68,525.85,524.68,525.64,3.572673049999997
1534873920,524.67,525.0,525.0,524.69,0.15630000000000002
1534873980,525.52,525.84,525.52,525.84,0.8672510900000001
1534874040,525.43,525.84,525.84,525.43,0.16704924000000002
1534874100,524.68,525.17,525.17,524.69,3.2785351499999984
1534874160,524.26,525.1,524.77,525.1,2.5892
1534874220,524.48,525.11,525.1,524.48,4.587899999999997
1534874280,523.72,525.11,523.72,524.78,8.508162929999994
1534874340,524.0,525.11,524.14,524.59,7.189375029999993
1534874400,524.41,524.73,524.43,524.73,5.188249139999998
1534874460,524.0,524.72,524.72,524.0,2.724999999999991
1534874520,523.0,523.81,523.81,523.76,6.464128019999998
1534874580,523.76,524.71,523.76,524.15,1.97431639
1534874640,523.75,524.15,524.15,523.75,1.5799999999999998
1534874700,523.41,523.76,523.41,523.51,1.2003479000000004
1534874760,523.54,523.76,523.54,523.76,0.7736560700000003
1534874820,524.16,524.16,524.16,524.16,0.03513795
1534874880,524.16,526.2,524.16,526.2,9.483618479999999
1534874940,525.17,526.23,526.19,526.09,3.1293545499999986
1534875000,525.83,526.09,526.09,526.01,0.15387855
1534875060,525.56,525.84,525.84,525.56,1.93156803
1534875120,524.77,525.29,525.29,525.27,3.9778763999999986
1534875180,525.46,525.57,525.46,525.57,0.59495
1534875240,525.56,525.57,525.57,525.56,0.36014672
1534875300,524.98,526.21,525.57,526.18,1.9502800300000005
1534875360,524.98,526.17,526.17,524.98,1.63244955
1534875420,524.99,524.99,524.99,524.99,0.15310408
1534875480,524.77,524.98,524.98,524.77,0.19646265000000004
1534875540,524.28,524.77,524.28,524.77,1.8459957400000002
1534875600,524.78,525.86,524.78,525.86,2.1938135699999997
1534875720,525.46,527.06,525.46,527.06,2.25099798
1534875780,527.06,528.41,527.06,527.83,4.294600689999999
1534875840,527.08,527.84,527.08,527.84,0.41238261
1534875900,527.84,529.29,527.84,529.28,15.238313150000002
1534875960,529.29,530.0,529.29,529.99,7.253127110000001
1534876020,528.36,530.0,530.0,528.36,76.85833706000001
1534876080,527.52,527.83,527.83,527.52,2.76973675
1534876140,527.07,527.84,527.07,527.84,7.336436119999998
1534876200,527.83,528.95,527.84,528.09,0.6289147800000002
1534876260,527.44,528.96,528.01,528.51,1.5770096600000003
1534876320,528.35,528.46,528.35,528.35,0.89298206
1534876380,528.36,528.45,528.45,528.36,0.9976858100000001
1534876440,528.37,528.37,528.37,528.37,0.0353
1534876500,528.35,528.82,528.37,528.35,18.586124510000005
1534876560,528.35,528.36,528.35,528.36,1.62554931
1534876620,528.11,528.35,528.35,528.11,0.18470000000000003
1534876680,527.83,528.0,527.83,527.99,3.1932909400000002
1534876740,527.99,528.0,527.99,528.0,1.5413378899999999
1534876800,527.99,527.99,527.99,527.99,0.03479804
1534876920,528.0,528.76,528.0,528.76,0.39375414000000003
1534876980,528.12,528.75,528.75,528.12,3.20633569
1534877040,527.83,528.35,528.35,527.83,10.051125809999995
1534877100,527.84,527.84,527.84,527.84,6.176299999999999
1534877160,527.83,527.94,527.84,527.93,1.6384653800000002
1534877220,527.94,528.0,527.94,528.0,20.6037255
1534877280,527.99,528.0,527.99,528.0,0.81973831
1534877340,528.0,528.4,528.0,528.4,45.36670301999999
1534877400,528.98,529.11,529.1,528.99,3.291225569999997
1534877460,528.63,528.63,528.63,528.63,0.0219
1534877520,528.0,528.36,528.36,528.01,14.80704081
1534877580,528.36,528.63,528.36,528.63,0.37737000000000004
1534877700,528.63,529.11,528.63,529.11,1.2039383
1534877760,529.11,529.81,529.11,529.77,1.6800181200000002
1534877820,529.77,530.0,529.77,529.99,17.837962570000002
1534877880,530.0,530.0,530.0,530.0,0.03475077
1534877940,529.76,530.0,530.0,529.76,1.04590292
1534878000,529.77,529.8,529.77,529.8,6.29971749
1534878060,529.8,530.0,529.8,529.99,0.86747294
1534878120,529.99,529.99,529.99,529.99,0.15230032
1534878180,530.0,531.37,530.0,531.37,11.093330300000002
1534878240,531.15,531.36,531.36,531.34,14.36494731
1534878300,531.0,531.0,531.0,531.0,5.0
1534878360,530.79,530.92,530.87,530.79,0.27181594
1534878420,530.57,530.79,530.57,530.79,0.34289186
1534878480,530.57,531.0,530.57,531.0,1.9601562300000002
1534878540,530.8,530.8,530.8,530.8,0.77038882
1534878660,530.73,532.11,530.73,532.11,51.92634866
1534878720,530.9,530.99,530.9,530.99,1.24388279
1534878780,530.99,531.0,530.99,531.0,0.54000921
1534878840,531.54,531.55,531.54,531.55,0.22537278
1534878900,531.54,531.55,531.55,531.54,0.19724761000000002
1534878960,531.54,532.7,531.54,532.28,27.583605549999998
1534879020,532.28,532.4,532.28,532.4,1.05585097
1534879080,532.28,532.34,532.34,532.33,0.74949288
1534879140,532.32,532.32,532.32,532.32,0.0168417
1534879200,532.3,532.3,532.3,532.3,0.04394709
1534879260,532.3,532.3,532.3,532.3,0.01076713
1534879320,532.29,532.29,532.29,532.29,1.9684
1534879380,532.21,532.21,532.21,532.21,14.2427605
1534879440,532.22,532.3,532.22,532.29,4.19820573
1534879500,532.29,532.76,532.29,532.61,2.416559999999999
1534879560,532.76,533.77,532.76,533.76,27.06676758
1534879620,533.02,533.99,533.77,533.17,29.47243465
1534879680,533.0,533.45,533.0,533.12,5.63309482
1534879740,533.13,533.99,533.13,533.3,2.8868428500000003
1534879860,531.15,533.21,533.21,531.15,148.37181826000003
1534879920,531.12,531.89,531.89,531.16,7.94104062
1534879980,531.94,532.3,531.97,531.94,2.62252372
1534880040,531.06,531.94,531.94,531.06,0.5114481
1534880100,531.05,531.94,531.06,531.08,5.601108740000001
1534880160,530.81,531.68,531.09,531.68,8.893883229999998
1534880220,531.3,531.67,531.3,531.67,0.10369089000000001
1534880280,531.67,531.67,531.67,531.67,0.01867196
1534880340,531.13,531.68,531.68,531.13,0.14148128
1534880400,529.09,530.48,530.48,529.99,8.03570555
1534880460,528.65,529.99,529.99,528.65,0.18926183000000002
1534880520,528.65,528.66,528.65,528.65,0.11995498999999998
1534880580,528.01,528.65,528.65,528.01,0.44624941000000007
1534880640,528.28,528.28,528.28,528.28,0.17019117
1534880700,528.28,528.4,528.28,528.4,4.83338684
1534880760,528.41,528.66,528.41,528.66,0.20260000000000006
1534880820,528.01,528.99,528.99,528.15,1.0959406999999999
1534880880,526.81,528.14,528.14,526.81,17.0
1534880940,526.81,527.61,527.61,526.81,0.49085156
1534881000,526.23,526.23,526.23,526.23,0.67849473
1534881060,525.27,526.23,526.22,526.23,2.6233331300000002
1534881120,526.23,526.5,526.23,526.5,6.31152179
1534881180,526.5,526.59,526.5,526.59,0.09072582
1534881300,526.58,526.59,526.59,526.59,2.1048337200000002
1534881360,526.59,526.59,526.59,526.59,0.10772398
1534881420,526.59,527.0,526.59,527.0,4.460497909999998
1534881480,526.99,527.0,526.99,527.0,0.69316673
1534881540,527.0,528.5,527.0,528.5,8.474645619999992
1534881600,528.49,528.5,528.5,528.49,1.1918537999999999
1534881720,527.58,528.5,528.49,528.5,39.910563389999986
1534881840,528.08,528.1,528.1,528.08,0.29598167
1534881900,528.1,528.4,528.1,528.26,3.87830872
1534882020,527.84,528.09,528.09,527.84,1.66354895
1534882080,527.9,527.96,527.96,527.91,5.4844287000000005
1534882140,527.91,527.91,527.91,527.91,1.12349459
1534882200,524.79,527.91,527.91,524.79,31.633529070000037
1534882260,523.91,524.79,524.79,523.92,5.8519868100000005
1534882320,523.53,523.92,523.92,523.54,12.015869460000001
1534882380,523.5,523.53,523.53,523.51,2.42896502
1534882440,523.51,523.51,523.51,523.51,0.73109648
1534882500,522.1,523.5,523.5,522.1,31.499005830000037
1534882560,522.1,522.11,522.11,522.1,2.34346763
1534882620,522.1,522.1,522.1,522.1,0.28215047
1534882680,522.11,522.11,522.11,522.11,4.229427739999999
1534882800,521.98,522.1,522.1,521.98,2.2827033000000005
1534882860,521.98,521.99,521.98,521.98,12.983216409999999
1534882920,521.98,521.99,521.98,521.99,0.1340172
1534882980,521.98,522.11,521.99,522.11,110.12021405000007
1534883040,522.97,523.82,522.97,523.82,3.081564829999996
1534883100,523.04,523.81,523.81,523.25,1.9514
1534883160,523.58,523.92,523.58,523.92,1.9419900000000003
1534883220,523.91,523.92,523.92,523.92,0.6738562699999999
1534883280,523.91,523.91,523.91,523.91,0.09920000000000001
1534883340,523.91,523.92,523.91,523.91,0.1635152
1534883400,523.91,523.92,523.92,523.92,2.2639717499999996
1534883460,523.91,524.8,523.91,524.66,8.729649229999994
1534883520,524.33,524.65,524.65,524.54,0.31623650000000003
1534883580,524.54,524.83,524.54,524.83,1.08292134
1534883640,524.5,524.83,524.83,524.5,0.37481603
1534883700,524.5,524.77,524.51,524.5,2.6816441799999993
1534883760,524.5,524.51,524.51,524.5,0.17219411
1534883820,524.5,524.51,524.51,524.5,0.26619211
1534883880,524.51,524.51,524.51,524.51,0.55702516
1534883940,524.5,524.51,524.5,524.51,0.1509394
1534884000,524.5,524.5,524.5,524.5,0.07016087
1534884060,524.5,524.5,524.5,524.5,4.72705337
1534884120,524.51,524.51,524.51,524.51,0.4708
1534884180,524.51,524.83,524.51,524.58,1.43595291
1534884240,524.5,524.51,524.51,524.51,0.54741219
1534884300,524.0,524.5,524.5,524.0,5.239529659999997
1534884360,524.0,524.0,524.0,524.0,1.97936559
1534884420,524.01,524.5,524.01,524.5,2.9630393400000004
1534884480,524.43,524.43,524.43,524.43,0.02563314
1534884540,524.06,524.21,524.06,524.21,0.1754428
1534884600,524.21,525.28,524.21,525.28,5.25283876
1534884660,526.22,526.22,526.22,526.22,0.05304863
1534884720,526.21,526.56,526.22,526.56,15.386483529999998
1534884840,526.98,526.98,526.98,526.98,0.01701236
1534884900,526.98,527.44,526.98,527.44,0.6040279000000002
1534884960,527.43,527.44,527.44,527.43,1.51654
1534885020,526.97,527.43,527.43,526.97,1.04094949
1534885140,527.22,529.0,527.22,529.0,3.3481663099999985
1534885260,528.18,529.01,528.55,529.01,2.9257519199999997
1534885320,528.56,529.15,529.15,528.56,6.799387039999998
1534885380,528.55,529.15,528.56,528.55,1.0387054800000002
1534885440,528.7,529.42,528.71,529.42,1.66922565
1534885560,528.73,529.42,528.73,529.42,0.24515810000000002
1534885620,529.42,529.44,529.42,529.44,0.5463424100000001
1534885680,528.74,529.44,528.74,528.74,1.01261
1534885740,528.74,529.44,529.44,528.74,3.5
1534885800,528.73,529.24,528.74,529.24,27.753894000000003
1534885860,528.72,529.24,528.73,528.72,27.67651068
1534885920,528.72,529.24,528.72,528.72,20.86217638
1534885980,528.72,529.1,528.72,529.09,11.8986201
1534886040,528.73,529.0,529.0,528.9,10.4162
1534886100,528.91,528.91,528.91,528.91,1.88502575
1534886160,528.9,528.91,528.9,528.91,0.31856311
1534886220,528.9,529.45,528.91,529.45,52.59502636
1534886280,529.5,530.48,529.5,530.48,7.425947769999999
1534886340,530.85,532.34,530.85,532.33,7.021588669999998
1534886400,532.32,532.33,532.33,532.32,7.517904699999999
1534886460,532.32,532.33,532.32,532.33,3.20324377
1534886520,532.33,532.33,532.33,532.33,0.24675152
1534886580,532.32,532.33,532.33,532.33,1.8290753300000002
1534886640,532.33,532.33,532.33,532.33,17.0
1534886700,532.33,532.33,532.33,532.33,0.7189831799999999
1534886760,532.32,532.32,532.32,532.32,0.13427854
1534886820,532.32,532.33,532.33,532.33,0.45280415
1534886880,532.33,532.33,532.33,532.33,1.8729152400000002
1534886940,532.33,532.33,532.33,532.33,11.07047154
1534887000,532.33,533.0,532.33,533.0,40.452089289999996
1534887060,533.0,533.0,533.0,533.0,8.76809677
1534887120,533.0,533.01,533.0,533.01,3.117
1534887180,533.01,534.66,533.01,534.66,9.61320941
1534887240,535.0,535.0,535.0,535.0,0.043725299999999995
1534887300,534.99,535.0,535.0,535.0,1.08204858
1534887360,535.0,535.0,535.0,535.0,2.4557028
1534887420,535.0,537.71,535.0,537.71,16.07489066
1534887480,537.73,538.25,537.84,538.25,0.50322983
1534887540,537.74,538.25,537.74,538.0,0.57018345
1534887600,537.03,537.75,537.75,537.66,35.65220570999999
1534887660,537.66,538.0,537.66,538.0,0.9717871000000001
1534887720,537.89,537.89,537.89,537.89,2.81470344
1534887780,537.88,537.89,537.88,537.88,2.67372012
1534887840,537.65,537.92,537.88,537.65,57.304841859999996
1534887900,533.31,537.23,537.23,533.31,104.82383022000002
1534887960,534.57,534.65,534.57,534.65,1.0
1534888020,533.5,534.6,534.54,534.57,5.345534260000001
1534888080,533.61,533.71,533.71,533.61,0.6908327999999999
1534888140,534.0,534.61,534.55,534.61,5.1948774900000005
1534888200,534.54,534.61,534.54,534.61,4.2928607
1534888260,534.6,534.61,534.6,534.6,0.10383765
1534888320,534.6,534.61,534.6,534.61,0.22560000000000002
1534888380,534.61,534.61,534.61,534.61,4.21794434
1534888440,534.6,534.61,534.61,534.61,1.62390222
1534888500,534.6,534.61,534.61,534.6,2.3422025499999997
1534888560,533.65,533.82,533.82,533.66,3.2959105700000007
1534888620,533.65,533.66,533.66,533.65,0.37498487
1534888680,533.04,533.14,533.14,533.14,11.800611479999999
1534888740,532.35,533.04,533.04,532.35,0.5144118599999999
1534888800,532.57,532.68,532.57,532.67,8.23427612
1534888860,532.68,533.66,532.68,532.68,2.2460000000000004
1534888920,532.77,533.66,532.77,533.66,0.5979178999999999
1534888980,533.0,533.63,533.63,533.0,0.05042658
1534889040,533.0,533.63,533.0,533.0,0.08359731000000001
1534889100,533.63,533.63,533.63,533.63,0.04199157
1534889160,533.63,533.63,533.63,533.63,36.3372188
1534889220,533.63,533.63,533.63,533.63,6.1071143800000005
1534889280,533.63,533.63,533.63,533.63,0.9572072899999999
1534889340,533.63,533.63,533.63,533.63,0.97088342
1534889400,533.62,533.62,533.62,533.62,0.48044171
1534889460,533.0,533.62,533.62,533.0,2.58850101
1534889520,531.76,533.39,533.39,531.76,12.972091079999998
1534889580,530.53,531.77,531.76,531.0,3.4817489299999997
1534889640,530.49,531.99,530.49,531.99,1.1860208900000002
1534889700,530.0,531.26,531.26,530.0,0.80981947
1534889760,530.0,530.0,530.0,530.0,0.78735741
1534889820,530.0,530.82,530.26,530.82,4.66522118
1534889880,530.82,530.82,530.82,530.82,0.1728
1534889940,530.82,530.84,530.82,530.84,5.73385227
1534890000,530.84,531.26,530.84,531.26,122.94210998
1534890060,531.66,531.66,531.66,531.66,0.0218
1534890120,531.66,532.0,531.66,531.99,6.8343286899999995
1534890180,532.0,532.0,532.0,532.0,0.041076089999999996
1534890300,531.99,531.99,531.99,531.99,11.56565359
1534890360,531.99,532.01,532.0,532.01,6.9152650499999995
1534890420,532.79,533.13,532.79,533.13,0.10837591
1534890480,533.12,535.56,533.12,535.0,14.01149791
1534890540,534.19,535.01,535.01,534.19,0.6490795
1534890600,535.01,535.56,535.01,535.56,0.13734532
1534890660,535.19,535.55,535.19,535.55,1.14470119
1534890720,534.85,535.55,535.55,534.85,0.32794298000000005
1534890780,533.0,534.85,533.0,534.85,0.25994320000000004
1534890840,533.33,534.7,534.06,534.13,5.401399999999998
1534890900,534.05,534.06,534.06,534.05,1.5736433399999998
1534890960,534.05,534.06,534.06,534.06,0.39633287
1534891020,534.06,534.14,534.06,534.14,4.945682049999999
1534891080,534.14,535.11,534.14,535.11,1.82517632
1534891140,534.77,534.77,534.77,534.77,0.4301
1534891200,534.98,534.98,534.98,534.98,0.1953
1534891260,534.7,534.78,534.78,534.7,2.3567023799999998
1534891320,534.7,534.97,534.7,534.97,2.41908574
1534891380,534.7,535.11,534.82,535.0,18.11476023
1534891440,535.09,535.54,535.09,535.54,0.447
1534891500,534.7,535.01,535.01,534.7,0.17419019
1534891560,535.01,535.01,535.01,535.01,0.0892
1534891620,535.01,535.16,535.01,535.09,2.9332528900000003
1534891680,535.55,535.55,535.55,535.55,0.75759951
1534891740,535.0,535.26,535.08,535.26,1.03730406
1534891800,535.12,535.56,535.12,535.56,2.00096245
1534891860,535.3,535.3,535.3,535.3,1.0105
1534891920,535.48,535.59,535.48,535.59,0.22110757
1534891980,535.58,535.59,535.58,535.59,1.68436925
1534892040,535.6,535.6,535.6,535.6,1.01673856
1534892100,535.6,535.6,535.6,535.6,3.07144287
1534892160,535.59,535.6,535.6,535.59,0.5237626799999999
1534892220,535.29,535.6,535.59,535.6,7.977964
1534892280,534.58,535.59,535.59,534.58,44.994432960000005
1534892340,534.55,536.81,534.67,536.81,16.86555355000001
1534892400,536.81,537.59,536.81,537.58,8.111240449999999
1534892460,537.58,537.59,537.59,537.58,0.12120221
1534892520,537.59,537.59,537.59,537.59,5.56376963
1534892580,537.58,537.62,537.59,537.62,1.03669106
1534892640,537.61,537.62,537.62,537.62,0.68372633
1534892700,537.61,537.62,537.61,537.62,0.85113468
1534892760,537.61,538.75,537.62,538.75,24.97342603
1534892820,538.75,538.89,538.75,538.88,2.2076235100000003
1534892880,538.88,538.88,538.88,538.88,0.2853303
1534892940,538.88,539.03,538.89,539.02,10.70166763
1534893000,538.05,539.02,539.02,538.05,24.236565799999997
1534893060,537.58,537.62,537.62,537.59,3.02522196
1534893120,535.89,537.59,537.59,535.9,13.32486698
1534893180,535.9,535.9,535.9,535.9,2.706000000000001
1534893240,535.9,535.9,535.9,535.9,0.32081315000000005
1534893300,535.89,535.9,535.89,535.9,0.23531578
1534893360,535.89,535.9,535.9,535.89,4.462804900000001
1534893420,535.56,535.9,535.9,535.56,10.45293357
1534893480,535.35,535.62,535.62,535.57,4.85659457
1534893540,535.35,535.57,535.57,535.35,0.83356214
1534893660,534.84,535.36,535.36,534.84,8.203780519999999
1534893720,535.36,535.39,535.36,535.39,0.0464838
1534893780,535.02,535.39,535.02,535.39,0.6842273600000001
1534893900,535.02,535.02,535.02,535.02,0.9999999999999999
1534893960,535.03,535.03,535.03,535.03,2.24469349
1534894020,535.03,535.93,535.03,535.93,11.94152459
1534894080,535.87,536.74,535.87,536.74,0.33432368
1534894140,536.34,536.74,536.74,536.34,1.64768756
1534894200,536.29,536.35,536.29,536.35,0.039839490000000005
1534894260,536.3,536.46,536.3,536.46,0.27878826
1534894320,536.29,536.3,536.29,536.29,1.45069589
1534894440,536.29,536.29,536.29,536.29,0.24492479
1534894500,536.29,536.3,536.29,536.29,1.4913
1534894560,536.3,536.3,536.3,536.3,0.03063185
1534894620,536.29,536.3,536.29,536.3,2.0330863
1534894680,536.0,536.3,536.3,536.0,5.31913897
1534894740,536.0,536.0,536.0,536.0,0.08209931
1534894800,536.0,536.0,536.0,536.0,0.3956051
1534894860,535.68,536.25,536.01,535.68,25.244617749999996
1534894920,535.68,536.3,535.68,536.25,6.79738749
1534894980,535.68,535.83,535.83,535.69,0.5418869399999999
1534895040,535.68,536.0,535.68,536.0,0.24371726
1534895100,535.68,535.98,535.86,535.68,1.17993243
1534895160,535.98,535.98,535.98,535.98,0.13272295
1534895220,535.98,535.98,535.98,535.98,0.05014296
