1537652100,486.02,486.85,486.85,486.02,28.847503799999938
1537652160,484.47,486.02,486.02,484.47,21.71591771
1537652220,484.46,484.47,484.46,484.46,0.37612199999999996
1537652280,483.0,484.46,484.46,483.75,20.119680140000003
1537652340,483.48,483.63,483.63,483.48,0.055256770000000004
1537652400,483.49,484.53,483.49,484.46,20.060506900000007
1537652460,484.1,484.1,484.1,484.1,0.25
1537652520,483.53,484.0,483.59,484.0,50.011193229999996
1537652580,483.45,483.89,483.57,483.89,4.824982789999999
1537652640,484.0,484.0,484.0,484.0,0.04833272
1537652700,483.15,483.99,483.99,483.15,6.428710049999999
1537652760,482.5,483.44,483.0,482.5,3.3858222599999994
1537652820,482.38,482.66,482.66,482.38,10.036254000000001
1537652880,482.3,482.3,482.3,482.3,0.3812545
1537652940,482.61,483.0,482.61,482.92,11.2947565
1537653000,481.47,482.49,482.36,482.49,9.804187099999998
1537653060,481.12,483.0,482.19,482.31,20.331129660000002
1537653120,481.47,482.43,481.74,481.47,35.10355330999999
1537653180,480.0,482.04,482.04,481.72,137.07853092000002
1537653240,481.1,481.68,481.39,481.67,0.24031840999999995
1537653300,481.4,481.41,481.4,481.41,0.7665681599999999
1537653360,481.41,482.59,481.41,482.58,14.073969999999996
1537653480,482.59,483.19,482.59,483.19,1.1905475400000003
1537653540,483.25,483.99,483.25,483.98,18.882344500000002
1537653600,483.71,484.54,483.98,484.51,28.447511230000003
1537653660,483.96,483.98,483.96,483.97,1.53180173
1537653720,483.97,484.55,483.97,484.55,3.0248333400000003
1537653780,483.97,484.49,484.06,484.49,4.61995831
1537653840,483.72,484.15,484.0,483.72,9.60886004
1537653900,484.05,484.05,484.05,484.05,0.0685
1537653960,484.07,484.55,484.07,484.54,9.815243109999999
1537654080,484.43,484.43,484.43,484.43,0.02
1537654140,484.0,484.44,484.43,484.0,84.11088991
1537654200,481.51,484.0,484.0,482.56,28.37178421000001
1537654320,482.55,482.96,482.56,482.96,11.51730695
1537654380,482.97,483.4,482.97,483.4,0.5791396000000002
1537654440,483.4,484.42,483.4,483.68,1.76173234
1537654500,484.0,484.0,484.0,484.0,0.12441922
1537654560,484.0,484.0,484.0,484.0,10.7643434
1537654620,484.24,484.25,484.24,484.25,0.09865091000000001
1537654680,484.24,484.25,484.24,484.25,0.14180713
1537654740,484.24,484.25,484.24,484.24,4.654307759999999
1537654800,484.2,484.25,484.25,484.2,0.99446744
1537654860,484.21,484.21,484.21,484.21,0.31617383
1537654920,484.2,484.69,484.21,484.69,30.30338618
1537654980,484.69,486.76,484.69,486.76,13.576794510000001
1537655040,486.75,486.76,486.76,486.75,3.2815
1537655100,486.76,487.48,486.76,487.48,9.461364979999999
1537655160,487.49,487.49,487.49,487.49,0.151
1537655220,487.48,487.48,487.48,487.48,0.0318
1537655280,487.48,487.49,487.48,487.49,2.9282219199999995
1537655340,486.75,487.48,487.48,487.13,2.67691594
1537655400,486.7,486.76,486.76,486.7,7.0049496300000005
1537655460,485.11,486.7,486.7,485.11,4.13059128
1537655520,485.23,485.23,485.23,485.23,0.09845052
1537655580,485.13,485.22,485.13,485.22,0.0984675
1537655640,485.12,485.73,485.12,485.73,3.0475306300000002
1537655700,485.33,485.85,485.73,485.6,3.4773519500000005
1537655760,485.63,485.63,485.63,485.63,0.06624105
1537655820,485.63,485.71,485.64,485.71,0.13042916999999998
1537655880,485.7,485.7,485.7,485.7,4.631
1537655940,485.71,485.71,485.71,485.71,0.33955524
1537656000,485.7,485.71,485.71,485.7,0.23388045000000002
1537656060,484.87,485.71,485.71,484.87,0.34165839000000003
1537656120,484.39,484.87,484.87,484.39,0.24700000000000003
1537656180,484.37,484.38,484.38,484.38,2.2834938199999995
1537656240,484.37,484.38,484.38,484.38,0.67982368
1537656360,484.37,484.38,484.37,484.38,1.89821017
1537656420,483.32,484.37,484.37,483.36,18.50316565
1537656600,483.33,483.33,483.33,483.33,0.02935687
1537656660,483.33,483.33,483.33,483.33,5.19971316
1537656720,483.33,483.68,483.33,483.68,26.23842867
1537656780,483.68,483.68,483.68,483.68,0.21761026
1537656840,482.86,483.76,483.68,482.86,4.440997809999999
1537656900,482.78,482.78,482.78,482.78,0.0457984
1537656960,482.79,483.2,482.79,483.2,1.96345839
1537657020,483.19,483.2,483.2,483.19,11.203771790000001
1537657080,483.19,483.19,483.19,483.19,1.0
1537657140,483.19,483.2,483.19,483.2,0.08948257000000001
1537657200,482.47,483.19,483.19,482.47,9.481484180000004
1537657260,482.22,482.48,482.48,482.22,0.8260388299999999
1537657320,482.22,482.23,482.23,482.23,0.25381931
1537657380,482.23,482.23,482.23,482.23,1.0
1537657440,482.22,482.22,482.22,482.22,0.144
1537657500,482.0,482.22,482.22,482.01,2.77210576
1537657620,481.69,481.69,481.69,481.69,0.0113
1537657680,481.69,481.7,481.7,481.69,0.43385166999999997
1537657740,481.7,481.7,481.7,481.7,0.39350683000000003
1537657800,481.7,481.7,481.7,481.7,0.05174428
1537657860,481.69,481.7,481.69,481.7,3.12042357
1537657920,481.69,481.7,481.7,481.7,2.0366521399999997
1537657980,481.7,481.7,481.7,481.7,1.20852131
1537658040,481.7,481.7,481.7,481.7,0.02584131
1537658100,481.7,481.7,481.7,481.7,0.13224308
1537658160,481.7,481.7,481.7,481.7,0.01861153
1537658220,481.71,482.5,481.72,482.5,0.47671
1537658280,482.4,482.83,482.5,482.4,0.12345094999999999
1537658400,482.5,482.63,482.5,482.62,8.381423799999999
1537658460,482.62,482.63,482.63,482.62,1.76700392
1537658520,482.63,482.63,482.63,482.63,0.02166818
1537658580,482.63,482.97,482.63,482.97,1.0016877400000004
1537658640,482.97,482.97,482.97,482.97,0.13304906
1537658760,482.97,483.0,482.97,483.0,0.08792853
1537658940,483.0,483.59,483.0,483.59,4.38345629
1537659000,483.19,483.59,483.19,483.59,0.81415707
1537659060,483.51,483.56,483.56,483.51,0.29794528
1537659120,483.51,484.03,483.51,483.78,6.752383399999999
1537659180,483.72,483.72,483.72,483.72,1.40852835
1537659240,483.71,483.72,483.72,483.71,0.70089267
1537659300,483.72,486.64,483.72,486.63,35.10669491000001
1537659360,486.06,486.71,486.64,486.06,12.32511782
1537659420,485.93,485.93,485.93,485.93,0.04807429
1537659480,485.93,485.94,485.93,485.94,3.3023241499999996
1537659540,485.93,486.5,485.94,485.96,2.56487403
1537659600,485.96,486.5,485.96,486.5,2.18778454
1537659660,486.46,486.5,486.49,486.49,3.2760676199999996
1537659720,486.49,486.49,486.49,486.49,0.05728925
1537659780,486.49,486.59,486.49,486.59,7.77459138
1537659840,486.58,486.65,486.6,486.65,0.457
1537659900,485.56,486.6,486.6,485.73,75.92519708
1537660080,486.29,486.65,486.29,486.63,6.7288149799999974
1537660200,486.62,486.62,486.62,486.62,2.61921584
1537660260,486.62,486.63,486.62,486.63,7.44680183
1537660320,484.57,486.34,486.34,484.57,2.0046134700000002
1537660380,484.9,484.9,484.9,484.9,0.39443739
1537660440,484.49,484.58,484.58,484.49,0.29475194000000005
1537660500,484.5,484.93,484.5,484.93,0.8267302800000004
1537660560,484.93,485.84,484.93,485.42,9.24560157
1537660620,485.35,485.51,485.35,485.36,14.2817241
1537660680,484.04,485.36,485.36,484.27,2.3973578900000003
1537660740,483.96,484.34,484.34,484.32,4.1983046900000005
1537660800,484.31,484.99,484.31,484.99,2.2073307699999996
1537660860,484.83,484.88,484.83,484.88,1.2445115900000001
1537660920,484.88,487.41,484.88,487.41,33.12980472000001
1537660980,486.8,487.05,487.05,486.8,0.03128431
1537661040,484.97,486.59,486.59,484.97,79.48909571000002
1537661100,485.39,485.4,485.39,485.4,5.044178690000001
1537661160,485.4,485.61,485.4,485.61,0.08052
1537661220,485.61,485.61,485.61,485.61,5.38561095
1537661280,485.62,485.65,485.62,485.64,2.90588038
1537661340,485.64,486.0,485.65,486.0,0.9279112999999999
1537661400,486.0,486.11,486.0,486.11,17.72536611
1537661460,486.1,486.11,486.11,486.1,15.903122119999999
1537661520,486.1,486.48,486.1,486.45,2.761463279999999
1537661580,486.1,486.11,486.1,486.1,0.7510722900000001
1537661640,486.11,486.11,486.11,486.11,0.35360422
1537661700,485.64,486.1,486.1,485.65,6.2644877800000005
1537661760,485.49,485.64,485.64,485.49,7.88314069
1537661940,485.49,485.5,485.5,485.5,1.3365636099999998
1537662000,485.49,485.49,485.49,485.49,0.01863113
1537662060,485.49,486.23,485.49,486.23,33.755291709999995
1537662240,486.21,486.37,486.21,486.29,7.86166222
1537662300,485.48,486.3,486.3,485.48,7.16026538
1537662360,485.4,485.6,485.6,485.41,14.83565836
1537662420,485.4,485.41,485.41,485.4,3.09080517
1537662540,485.39,485.41,485.41,485.39,66.36995205000001
1537662600,485.39,485.4,485.39,485.4,30.19886148
1537662660,485.39,485.39,485.39,485.39,1.00853802
1537662720,485.34,485.39,485.39,485.34,252.78360709999998
1537662780,484.83,485.34,485.34,484.83,10.302041430000001
1537662840,484.0,484.83,484.83,484.0,27.02560196
1537662900,484.01,484.01,484.01,484.01,0.03188537
1537662960,484.0,484.01,484.01,484.01,0.25399988
1537663020,484.01,484.01,484.01,484.01,0.08430811
1537663200,484.0,484.01,484.0,484.01,0.47849401999999996
1537663260,483.96,484.0,484.0,483.96,15.788599999999999
1537663380,483.81,483.81,483.81,483.81,1.38442983
1537663500,483.8,483.81,483.8,483.81,0.12225053999999999
1537663560,483.8,483.8,483.8,483.8,0.0592
1537663620,483.81,483.81,483.81,483.81,0.02270535
1537663680,483.8,483.81,483.8,483.81,0.08965896999999999
1537663800,483.8,483.8,483.8,483.8,0.08322278
1537663980,483.81,483.81,483.81,483.81,1.01322617
1537664160,483.81,483.81,483.81,483.81,0.59332119
1537664220,483.81,483.81,483.81,483.81,1.4153823200000002
1537664280,483.8,483.81,483.8,483.8,1.08468177
1537664340,483.8,484.53,483.81,484.51,12.623181239999997
1537664400,483.87,484.52,484.52,483.87,5.12814478
1537664460,483.8,483.87,483.87,483.8,0.26586671
1537664520,480.0,483.81,483.81,480.0,31.39651026000001
1537664580,476.69,480.85,480.02,480.57,344.58822789999994
1537664640,479.4,480.58,480.58,479.52,4.544667829999998
1537664700,479.33,479.51,479.51,479.34,0.47119114
1537664760,479.33,479.34,479.34,479.33,5.299175269999999
1537664820,479.34,479.99,479.34,479.99,260.81561255999986
1537664880,480.31,480.7,480.32,480.31,0.83438699
1537664940,480.31,480.32,480.31,480.31,2.41066242
1537665000,480.31,480.32,480.32,480.31,8.47781438
1537665120,480.32,480.32,480.32,480.32,1.50045691
1537665180,480.31,480.32,480.32,480.31,1.09027705
1537665240,480.32,480.32,480.32,480.32,0.09945691
1537665300,480.31,480.32,480.31,480.31,5.528241169999999
1537665420,480.31,480.32,480.32,480.32,0.29845690999999996
1537665480,480.32,480.32,480.32,480.32,2.09054246
1537665540,480.31,480.32,480.32,480.31,1.81131816
1537665600,480.31,480.32,480.32,480.32,0.41957639
1537665660,479.7,480.31,480.31,479.7,4.892630560000001
1537665720,479.69,479.7,479.7,479.69,4.55210089
1537665840,479.0,479.7,479.69,479.0,51.63338913
1537665900,477.97,479.0,479.0,478.01,45.58961181
1537666080,476.88,476.89,476.89,476.88,1.6198058800000001
1537666140,476.88,480.0,476.89,480.0,58.66569016
1537666200,479.21,481.07,480.0,479.21,74.21538976999999
1537666260,478.21,478.49,478.21,478.49,0.67617256
1537666320,478.5,479.28,478.5,479.28,0.7689761599999998
1537666380,479.0,479.49,479.49,479.0,1.9384317299999998
1537666440,479.01,479.01,479.01,479.01,0.05195209
1537666500,478.15,479.0,479.0,478.15,6.733187800000001
1537666560,478.16,478.16,478.16,478.16,4.13931264
1537666620,478.16,478.71,478.16,478.71,6.633144830000001
1537666680,478.49,480.19,478.49,480.0,43.60889536999999
1537666740,478.98,479.26,478.98,479.26,0.1369949
1537666800,479.25,479.26,479.25,479.25,8.4
1537666860,479.25,479.26,479.26,479.26,0.65892404
1537666920,479.25,479.95,479.26,479.25,7.603953459999999
1537666980,478.0,479.25,479.25,478.0,29.90937073
1537667040,478.01,478.69,478.01,478.69,0.25218395000000005
1537667100,478.5,478.93,478.5,478.8,1.08259353
1537667160,478.8,478.8,478.8,478.8,0.4619
1537667220,478.0,478.8,478.8,478.0,5.55094087
1537667280,478.0,478.0,478.0,478.0,4.40641571
1537667340,478.0,478.8,478.0,478.8,0.8759955
1537667400,478.8,479.76,478.8,479.76,0.9602776499999999
1537667460,479.23,479.77,479.77,479.23,6.333110929999999
1537667520,479.23,479.23,479.23,479.23,1.0
1537667640,478.8,478.82,478.82,478.8,1.51629471
1537667760,478.75,478.91,478.75,478.82,0.55878333
1537667820,478.76,479.06,478.76,479.06,0.7170264500000002
1537667880,478.78,479.04,479.04,478.78,2.10135496
1537667940,478.0,478.01,478.01,478.01,0.20087591999999999
1537668000,478.01,479.77,478.01,479.77,1.73222549
1537668060,478.9,479.46,479.06,478.9,1.12365443
1537668300,479.19,479.19,479.19,479.19,0.2559386
1537668360,479.19,479.19,479.19,479.19,0.01187742
1537668480,479.19,479.19,479.19,479.19,0.09969145
1537668540,479.19,479.19,479.19,479.19,1.5476365099999998
1537668600,479.19,479.59,479.19,479.59,12.81630494
1537668660,479.59,479.6,479.59,479.6,0.26240653
1537668720,479.6,479.6,479.6,479.6,0.15960647
1537668780,479.56,479.59,479.59,479.56,2.4196000000000004
1537668840,479.09,479.55,479.09,479.55,3.87650411
1537668900,478.01,479.55,479.55,478.01,23.42588226
1537669020,478.01,478.99,478.01,478.99,1.1559792
1537669080,478.99,480.08,478.99,480.08,38.15255785000003
1537669140,480.07,480.09,480.08,480.09,2.55777361
1537669200,480.08,480.09,480.08,480.09,0.34906259
1537669320,480.08,480.17,480.09,480.08,2.8873957
1537669380,480.09,480.39,480.09,480.39,0.20101263
1537669440,480.39,480.53,480.39,480.53,0.50748729
1537669500,480.39,480.39,480.39,480.39,0.54248207
1537669560,480.39,480.39,480.39,480.39,0.16574427
1537669620,480.39,480.39,480.39,480.39,1.00035039
1537669740,480.39,480.39,480.39,480.39,0.54717369
1537669800,480.38,480.39,480.39,480.38,0.18756982
1537669860,480.38,480.39,480.38,480.39,0.17049134999999999
1537669920,480.39,480.39,480.39,480.39,0.01126779
1537669980,480.38,480.38,480.38,480.38,1.04969084
1537670040,480.39,480.39,480.39,480.39,1.1956876499999998
1537670100,480.39,480.39,480.39,480.39,1.02944242
1537670220,480.38,480.38,480.38,480.38,0.02456179
1537670280,480.39,480.39,480.39,480.39,0.5
1537670340,480.39,480.39,480.39,480.39,0.059095919999999996
1537670400,480.38,480.39,480.38,480.38,1.10205447
1537670460,480.38,480.39,480.38,480.39,2.51001244
1537670520,480.38,480.38,480.38,480.38,0.03242826
1537670580,480.39,480.39,480.39,480.39,0.20924126999999998
1537670700,480.38,480.39,480.39,480.39,0.7835657000000001
1537670760,480.38,480.4,480.39,480.4,1.47048917
1537670820,480.4,481.2,480.4,481.2,21.564003140000004
1537670940,481.38,481.9,481.38,481.9,4.77532808
1537671060,481.89,482.05,481.9,482.05,12.18377008
1537671120,482.17,482.17,482.17,482.17,0.03819638
1537671180,482.16,482.17,482.17,482.16,0.5860000000000001
1537671360,482.17,482.17,482.17,482.17,0.102525
1537671420,482.16,482.16,482.16,482.16,0.01915242
1537671480,482.16,482.17,482.17,482.17,0.2541193
1537671540,481.38,482.17,482.16,481.38,12.386393389999999
1537671600,481.38,481.39,481.39,481.38,0.2318176
1537671660,481.38,481.39,481.39,481.38,0.14578954
1537671720,481.38,481.38,481.38,481.38,0.67435937
1537671780,481.39,481.39,481.39,481.39,0.21085292
1537671840,481.38,481.39,481.39,481.39,0.09014451
1537671900,481.38,481.39,481.39,481.39,0.14350111
1537671960,481.38,481.39,481.38,481.39,9.22123235
1537672020,481.39,482.0,481.39,482.0,36.16666787
1537672080,482.0,482.19,482.0,482.19,0.7510000000000002
1537672140,482.19,482.72,482.19,482.72,0.20000149000000003
1537672200,482.69,482.69,482.69,482.69,0.08660008
1537672260,482.68,483.41,482.68,482.71,10.635868
1537672320,483.1,483.15,483.1,483.15,3.0926955200000004
1537672380,483.15,483.15,483.15,483.15,0.01
1537672440,482.68,483.16,483.16,482.68,10.78241493
1537672500,482.68,482.68,482.68,482.68,1.02867433
1537672560,482.69,483.04,482.69,483.04,1.2243574000000002
1537672620,482.68,483.14,483.03,483.13,1.4210306199999998
1537672740,482.69,483.42,482.69,483.42,6.940496680000001
1537672800,482.74,483.4,482.74,483.4,0.26664429
1537672980,483.38,483.55,483.38,483.54,1.8884971300000002
1537673040,483.54,483.71,483.54,483.71,0.5484023299999999
1537673100,483.7,483.71,483.7,483.71,0.2273
1537673220,483.7,483.7,483.7,483.7,1.11202797
1537673280,483.7,483.7,483.7,483.7,0.01853458
1537673340,483.69,483.7,483.7,483.69,0.058340699999999995
1537673400,483.65,483.69,483.69,483.65,4.57744462
1537673460,483.5,483.66,483.66,483.5,4.94108019
1537673520,482.69,482.69,482.69,482.69,0.97937873
1537673700,482.68,482.69,482.68,482.69,0.51144331
1537673760,482.18,482.68,482.68,482.18,7.116308309999999
1537673820,482.18,482.18,482.18,482.18,8.73153959
1537673880,482.19,482.19,482.19,482.19,0.27040805
1537673940,482.18,482.19,482.19,482.19,0.20832783
1537674120,481.39,482.18,482.18,481.49,17.7935994
1537674240,481.6,481.7,481.61,481.7,0.26884372000000006
1537674300,481.69,481.69,481.69,481.69,0.09052228
1537674360,481.7,482.01,481.7,482.01,0.11670141
1537674660,482.01,482.01,482.01,482.01,0.01859956
1537674840,482.01,482.73,482.01,482.73,10.151668299999999
1537674960,482.73,483.2,482.73,483.2,1.1541192599999999
1537675020,483.13,483.34,483.2,483.13,1.69490054
1537675080,483.02,483.03,483.03,483.02,9.90179077
1537675200,482.67,482.7,482.67,482.7,3.634
1537675260,482.7,482.71,482.7,482.71,0.05155485
1537675380,482.66,482.7,482.7,482.67,0.37141810999999997
1537675440,482.67,482.67,482.67,482.67,0.04228139
1537675500,482.67,482.81,482.67,482.81,16.850640569999996
1537675560,482.66,482.67,482.66,482.67,0.14888506
1537675620,482.67,482.67,482.67,482.67,0.0484659
1537675740,482.66,482.67,482.67,482.66,0.38683396999999997
1537675800,482.66,482.67,482.66,482.67,0.05947373
1537675920,482.54,482.67,482.67,482.54,17.33279525
1537675980,482.67,482.67,482.67,482.67,0.01121457
1537676100,482.67,482.67,482.67,482.67,0.02065612
1537676160,482.67,482.67,482.67,482.67,0.41312241
1537676400,482.67,482.67,482.67,482.67,2.4884999999999997
1537676460,482.66,482.67,482.67,482.66,18.851937839999998
1537676520,482.67,482.67,482.67,482.67,0.0484659
1537676580,482.67,482.67,482.67,482.67,0.3999725
1537676640,482.66,482.67,482.66,482.67,1.91066498
1537676820,482.66,482.67,482.67,482.67,2.78509
1537676880,482.67,484.16,482.68,484.06,58.50815453000002
1537676940,484.0,484.06,484.06,484.0,6.73826592
1537677000,484.01,484.01,484.01,484.01,0.25699481
1537677180,484.0,484.01,484.0,484.01,2.7353360100000006
1537677240,483.41,483.42,483.41,483.42,3.1190272099999996
1537677300,483.41,484.0,483.42,484.0,1.0967197400000002
1537677360,483.62,483.99,483.99,483.9,0.16887147
1537677420,483.9,483.98,483.9,483.98,2.30140505
1537677480,483.98,484.0,483.98,483.99,2.05371112
1537677540,483.99,484.0,484.0,484.0,0.43996529
1537677600,484.0,484.0,484.0,484.0,2.05632992
1537677660,483.99,484.0,484.0,483.99,2.26170071
1537677840,484.0,484.0,484.0,484.0,0.1581555
1537677900,484.0,484.0,484.0,484.0,0.0165
1537677960,484.0,484.0,484.0,484.0,0.12441922999999999
1537678080,483.99,484.0,484.0,484.0,2.45758994
1537678200,483.99,483.99,483.99,483.99,0.08668326
1537678380,483.99,484.0,484.0,483.99,0.15079393000000002
1537678440,484.0,484.0,484.0,484.0,0.01852309
1537678500,483.99,484.0,483.99,484.0,0.62103684
1537678560,484.0,484.0,484.0,484.0,4.17836767
1537678620,484.0,484.0,484.0,484.0,0.10870070999999999
1537678860,484.0,484.0,484.0,484.0,0.10717075
1537678920,483.99,483.99,483.99,483.99,0.053
1537678980,483.99,484.0,484.0,484.0,0.33860623
1537679100,483.98,483.99,483.99,483.99,0.08691348
1537679160,483.98,483.99,483.98,483.99,0.6714
1537679220,483.99,483.99,483.99,483.99,0.25601861000000004
1537679280,483.99,483.99,483.99,483.99,0.01153348
1537679340,483.13,483.98,483.98,483.13,0.6363277699999998
1537679400,481.77,483.0,483.0,481.77,55.98807549999999
1537679460,481.01,481.77,481.77,481.01,15.114420719999998
1537679520,481.05,481.34,481.05,481.34,1.62938948
1537679580,481.15,481.15,481.15,481.15,1.08460081
1537679700,481.16,481.76,481.16,481.16,11.594870799999999
1537679760,481.2,481.22,481.22,481.2,0.039999999999999994
1537679820,481.29,481.75,481.29,481.75,1.05067476
1537679880,481.64,482.82,481.64,482.82,27.726553410000005
1537679940,482.82,483.8,482.82,483.33,133.13368286999997
1537680000,483.33,483.33,483.33,483.33,0.44543797
1537680060,483.13,484.23,483.13,484.23,76.3738611
1537680120,484.25,484.25,484.25,484.25,0.30579999999999996
1537680180,484.25,484.25,484.25,484.25,0.9573403
1537680300,484.25,484.25,484.25,484.25,0.18679961
1537680360,484.24,484.25,484.25,484.24,0.15901561
1537680480,484.25,484.42,484.25,484.42,1.0810733099999998
1537680600,484.42,485.88,484.42,485.88,3.48362476
1537680660,486.0,486.0,486.0,486.0,2.03480452
1537680840,486.49,486.49,486.49,486.49,0.04261
1537680900,486.49,486.5,486.5,486.5,1.6104736299999998
1537680960,486.49,486.5,486.5,486.5,2.41830309
1537681020,486.49,486.5,486.49,486.5,37.498363659999995
1537681080,486.5,486.5,486.5,486.5,0.10246752
1537681140,486.5,486.5,486.5,486.5,0.41302225
1537681200,486.5,486.5,486.5,486.5,0.54666838
1537681320,486.5,486.5,486.5,486.5,0.16918999999999998
1537681380,486.49,486.5,486.49,486.5,0.13477956
1537681440,486.5,486.5,486.5,486.5,0.22502083
1537681500,486.5,486.5,486.5,486.5,0.35180725
1537681560,486.49,486.5,486.5,486.49,0.9834038700000001
1537681620,486.5,486.52,486.5,486.52,1.3642542100000001
1537681680,486.54,486.56,486.54,486.56,6.036558469999999
1537681800,486.98,489.54,486.98,489.43,50.21811309999998
1537681860,488.61,488.61,488.61,488.61,0.04
1537681920,488.61,488.61,488.61,488.61,3.158
1537681980,488.62,488.62,488.62,488.62,0.01834795
1537682040,488.61,488.62,488.61,488.62,0.55434883
1537682100,488.61,488.61,488.61,488.61,0.51193006
1537682160,488.61,488.61,488.61,488.61,0.15544813999999998
1537682220,487.83,488.61,488.61,487.83,100.99990000000001
1537682280,486.97,486.98,486.98,486.97,1.10050468
1537682340,486.97,486.98,486.97,486.98,9.033490899999999
1537682400,486.98,486.98,486.98,486.98,0.15825018
1537682460,486.97,486.98,486.97,486.98,1.14508999
1537682520,486.97,486.98,486.97,486.97,1.12852162
1537682580,486.98,487.02,486.98,487.02,21.362234179999998
1537682640,486.97,487.77,487.21,486.97,9.13632217
1537682700,486.97,486.98,486.98,486.98,4.0430044800000005
1537682760,486.98,486.98,486.98,486.98,0.01146267
1537682820,486.97,486.98,486.97,486.98,21.34030974
1537682940,486.98,486.98,486.98,486.98,0.98045646
1537683000,486.97,486.98,486.97,486.98,1.63852442
1537683060,486.97,486.97,486.97,486.97,0.35180725
1537683120,486.97,486.98,486.97,486.98,1.1258944100000001
1537683240,486.97,486.98,486.97,486.98,0.52479186
1537683300,486.97,486.97,486.97,486.97,0.04935036
1537683420,486.97,486.98,486.98,486.97,1.34167002
1537683480,486.97,486.98,486.97,486.97,1.0925876700000001
1537683540,486.97,486.98,486.97,486.97,3.75722342
1537683600,486.97,486.98,486.98,486.97,30.33057377
1537683720,486.97,486.97,486.97,486.97,20.3791281
1537683840,486.98,486.98,486.98,486.98,0.24929768
1537683900,486.98,486.98,486.98,486.98,0.82543462
1537683960,486.97,486.98,486.97,486.98,1.02760461
1537684080,486.97,486.98,486.97,486.98,1.4683368200000002
1537684260,486.98,486.98,486.98,486.98,0.11809672999999998
1537684320,486.97,487.39,486.97,487.39,15.439570039999996
1537684380,487.39,487.39,487.39,487.39,10.0663
1537684440,487.39,487.39,487.39,487.39,1.528
1537684500,487.4,487.4,487.4,487.4,0.785
1537684680,487.4,487.4,487.4,487.4,0.24908286000000002
1537684800,487.4,487.5,487.4,487.5,5.999000000000001
1537684920,487.49,487.49,487.49,487.49,7.0478000000000005
1537685040,487.39,487.39,487.39,487.39,0.21993610000000002
1537685100,487.39,487.39,487.39,487.39,0.01429076
1537685220,487.08,487.39,487.39,487.12,0.6928124600000001
1537685460,487.08,487.09,487.08,487.09,0.10809113
1537685580,487.08,487.08,487.08,487.08,0.2841
1537685640,486.0,487.08,487.08,486.01,98.89736691999997
1537685700,486.0,486.01,486.01,486.01,0.37414251
1537685880,485.65,485.65,485.65,485.65,0.06521736
1537685940,485.64,485.64,485.64,485.64,0.048
1537686000,485.64,485.64,485.64,485.64,0.11298723
1537686060,484.57,485.65,485.65,484.57,11.59545244
1537686120,484.79,484.79,484.79,484.79,1.26936345
1537686180,484.24,484.41,484.41,484.24,28.97023419
1537686300,484.25,484.79,484.25,484.79,0.19634340000000003
1537686360,484.79,485.44,484.79,485.44,0.07796037
1537686420,484.8,484.81,484.81,484.8,0.23626507
1537686540,484.81,484.83,484.81,484.83,0.26622882000000003
1537686600,484.83,485.61,484.83,485.5,2.1071899099999998
1537686660,485.03,485.03,485.03,485.03,0.0747
1537686720,485.03,485.62,485.03,485.62,0.11687997
1537686780,485.05,485.59,485.05,485.25,0.34470679000000004
1537686840,485.44,485.44,485.44,485.44,0.21718228
1537686900,485.45,485.45,485.45,485.45,5.01846776
1537686960,485.45,485.45,485.45,485.45,0.086
1537687020,485.45,486.26,485.45,486.14,4.09182876
1537687080,486.14,486.14,486.14,486.14,1.78310388
1537687140,486.14,486.14,486.14,486.14,0.04811995
1537687260,486.19,486.37,486.37,486.19,0.07566811000000001
1537687320,486.19,486.19,486.19,486.19,1.23566099
1537687380,486.35,488.0,486.35,487.89,34.83322286
1537687440,487.67,487.9,487.9,487.9,0.14601855
1537687560,487.67,487.68,487.68,487.67,2.39571021
1537687620,487.67,487.78,487.68,487.77,0.33836969000000006
1537687680,487.77,487.77,487.77,487.77,3.2286615000000003
1537687920,487.78,487.78,487.78,487.78,0.12220531000000001
1537688160,487.78,487.78,487.78,487.78,0.10711541
1537688220,487.78,487.78,487.78,487.78,0.11629499
1537688280,487.68,487.77,487.77,487.69,2.19858475
1537688340,487.68,487.68,487.68,487.68,0.21224479
1537688400,487.11,487.68,487.68,487.11,14.170460739999998
1537688460,487.45,487.47,487.47,487.46,5.6090804
1537688520,487.46,487.46,487.46,487.46,0.1980211
1537688580,487.45,487.45,487.45,487.45,26.103900000000003
1537688640,487.46,487.46,487.46,487.46,6.98474878
1537689000,486.85,487.46,487.46,486.85,1.5098500699999997
1537689060,487.31,487.44,487.31,487.44,1.8073352299999998
1537689120,487.25,487.27,487.25,487.27,0.50298477
1537689240,486.83,487.02,487.02,486.83,0.2652
1537689300,487.02,487.38,487.02,487.05,0.42409975
1537689360,487.26,487.26,487.26,487.26,0.26196809
1537689420,487.26,487.26,487.26,487.26,6.1912
1537689540,487.27,487.27,487.27,487.27,0.37114079
1537689720,487.27,487.44,487.27,487.44,5.97755
1537689780,487.45,487.45,487.45,487.45,1.04264087
1537690140,487.44,487.44,487.44,487.44,0.24533512
1537690260,487.44,487.44,487.44,487.44,0.02777304
1537690320,487.45,487.69,487.45,487.69,10.38617913
1537690380,487.68,488.0,487.69,488.0,0.22855787
1537690440,488.0,488.96,488.0,488.96,63.47716000000001
1537690500,488.96,489.7,488.96,489.7,19.8673593
1537690560,489.99,493.86,489.99,493.19,389.12310254999994
1537690620,493.91,495.54,493.91,495.54,27.1181289
1537690680,495.55,496.74,495.55,496.74,29.224552960000004
1537690800,495.29,496.74,496.74,496.72,114.61817560000007
1537690860,496.64,496.73,496.73,496.64,3.85118131
1537690920,495.64,495.78,495.78,495.64,0.9571698900000001
1537690980,496.24,496.24,496.24,496.24,0.04359804
1537691040,495.29,496.23,496.23,495.29,3.83866621
1537691100,494.18,495.3,494.37,495.3,12.31877654
1537691220,495.3,495.3,495.3,495.3,1.5090000000000001
1537691280,495.3,496.75,495.3,496.75,0.74571582
1537691340,496.74,497.0,496.74,497.0,6.7189000000000005
1537691400,498.0,499.89,498.0,499.88,39.79960444000002
1537691460,499.14,499.87,499.87,499.14,25.315325370000007
1537691520,498.58,498.58,498.58,498.58,0.02
1537691580,498.59,498.59,498.59,498.59,0.0351
1537691640,498.57,498.58,498.58,498.58,0.14071931999999998
1537691700,498.58,498.58,498.58,498.58,0.02005696
1537691820,498.58,498.87,498.58,498.87,10.3569
1537691940,498.87,498.9,498.87,498.9,6.001600000000001
1537692060,498.86,498.9,498.89,498.86,1.99110253
1537692120,497.88,498.86,498.86,497.88,17.874802680000002
1537692180,496.34,496.36,496.36,496.34,0.30510000000000004
1537692240,495.68,496.36,496.36,495.86,1.1004209999999999
1537692360,494.75,495.3,495.3,494.75,23.553903520000002
1537692420,495.23,495.66,495.23,495.47,3.24551329
1537692480,495.49,495.66,495.49,495.65,4.386443730000001
1537692540,495.65,496.0,495.65,496.0,0.40684412
1537692660,495.99,496.0,496.0,495.99,0.27277318000000006
1537692720,495.99,496.0,496.0,495.99,0.06220869
1537692780,495.99,496.0,495.99,496.0,0.752803
1537692840,496.0,496.41,496.0,496.41,37.964325030000005
1537692900,497.95,497.95,497.95,497.95,9.065
1537692960,497.95,498.39,497.95,498.39,2.11554
1537693020,497.99,497.99,497.99,497.99,0.01
1537693080,497.72,498.0,497.74,498.0,1.5354
1537693140,497.99,497.99,497.99,497.99,0.28374193
1537693200,497.5,497.5,497.5,497.5,2.2638
1537693260,497.58,497.58,497.58,497.58,2.2732
1537693320,497.57,497.57,497.57,497.57,4.01173825
1537693380,497.38,498.0,497.38,497.76,15.67321055
1537693440,497.77,498.43,497.77,498.43,0.14909999999999998
1537693500,498.34,498.44,498.34,498.44,0.19388745000000002
1537693560,498.34,498.75,498.44,498.34,0.7040000000000001
1537693620,498.66,499.35,498.66,499.35,0.99828128
1537693680,499.35,499.99,499.35,499.99,38.00358956
1537693740,499.99,499.99,499.99,499.99,0.1243
1537693860,499.99,501.64,499.99,501.64,303.54791676
1537693920,501.97,501.98,501.98,501.97,3.73748685
1537693980,501.97,502.78,501.97,502.41,18.116465660000003
1537694040,502.41,502.42,502.42,502.41,0.40515181
1537694100,500.74,502.41,502.41,500.74,41.492999999999995
1537694160,498.81,500.46,500.04,499.71,38.91514363
1537694280,500.22,500.25,500.25,500.22,0.13314028
1537694340,499.5,499.56,499.5,499.51,0.81676103
1537694400,499.51,499.51,499.51,499.51,0.023792
1537694460,499.84,499.84,499.84,499.84,0.03684761
1537694520,499.84,500.0,499.84,500.0,7.51669349
1537694580,499.99,500.0,500.0,499.99,0.03593035
1537694700,500.0,500.29,500.0,500.29,9.379876260000001
1537694820,501.25,503.0,501.25,502.99,22.856134779999998
1537694880,501.96,503.88,502.58,503.88,67.44186747999998
1537694940,503.38,505.0,503.86,505.0,166.76517609
1537695000,502.17,503.42,503.42,502.17,15.263587059999999
1537695060,502.32,502.8,502.32,502.6,8.104798959999997
1537695120,501.24,502.62,502.62,501.24,40.311361330000004
1537695180,501.25,501.78,501.25,501.34,1.32721186
1537695240,501.54,502.32,501.54,502.32,10.65880489
1537695300,503.23,503.23,503.23,503.23,27.431000000000004
1537695420,502.28,502.28,502.28,502.28,0.035
1537695480,502.27,502.28,502.27,502.27,0.7440829500000001
1537695540,502.27,503.08,502.27,502.76,1.02619164
1537695660,503.05,503.05,503.05,503.05,0.08822313000000001
1537695720,503.15,503.15,503.15,503.15,10.33164499
1537695780,503.14,503.73,503.14,503.71,0.6900675
1537695840,503.6,506.01,503.6,506.01,209.24470220999999
1537695900,505.75,508.98,505.75,508.98,287.72200827
1537695960,507.92,509.0,509.0,507.92,32.89644116
1537696020,507.14,509.77,507.91,509.77,238.9919954
1537696080,507.55,508.03,507.57,507.72,4.3824825700000005
1537696140,506.81,510.32,506.81,510.32,345.89075658999997
1537696200,507.35,507.35,507.35,507.35,0.0196513
1537696260,506.34,507.3,506.35,507.3,35.718
1537696320,507.29,507.73,507.3,507.72,5.10368424
1537696380,507.7,507.72,507.72,507.7,2.1896959000000003
1537696440,507.1,507.11,507.11,507.11,2.6795982
1537696500,506.27,507.11,507.1,507.11,6.716279580000001
1537696560,507.0,507.11,507.11,507.01,0.28000273
1537696740,506.9,507.01,507.01,506.9,2.1378
1537696800,506.15,506.66,506.15,506.66,7.95890602
1537696860,504.77,505.75,505.75,504.77,39.95726361
1537696920,504.77,504.78,504.78,504.77,10.213460850000002
1537696980,503.45,504.37,503.56,504.37,22.05161734
1537697040,504.26,504.46,504.46,504.26,0.5673785200000001
1537697100,503.18,504.26,504.26,503.18,26.316246509999996
1537697220,501.48,503.18,503.18,501.76,10.224953199999998
1537697280,501.75,502.5,501.75,502.5,1.1829
1537697340,502.5,502.5,502.5,502.5,4.7209847
1537697400,503.55,503.55,503.55,503.55,0.039718
1537697460,503.46,504.34,503.46,504.1,9.88808736
1537697580,504.09,504.42,504.09,504.42,9.722184550000001
1537697700,504.18,504.25,504.25,504.18,0.96670265
1537697760,503.31,503.6,503.6,503.31,24.6478883
1537697820,502.0,502.05,502.05,502.0,1.5
1537697880,501.93,501.95,501.93,501.95,0.61597598
1537697940,501.94,501.95,501.95,501.95,19.466329690000002
1537698000,501.95,501.99,501.95,501.99,0.35909629
1537698060,501.99,501.99,501.99,501.99,0.14273539999999998
1537698180,501.99,501.99,501.99,501.99,0.417
1537698240,501.99,502.79,501.99,502.79,0.2728
1537698300,502.03,502.07,502.03,502.07,0.69669004
1537698360,503.0,503.66,503.0,503.35,1.9902238400000003
1537698480,502.06,502.16,502.06,502.16,0.07443999999999999
1537698540,502.15,502.17,502.16,502.16,1.90474797
1537698660,502.16,502.16,502.16,502.16,0.2008
1537698720,502.15,502.15,502.15,502.15,10.951
1537698780,501.25,502.15,502.15,501.25,0.15281625999999998
1537698840,501.03,501.25,501.03,501.25,1.2822
1537698900,501.24,501.29,501.24,501.29,2.0743294999999997
1537698960,502.12,502.52,502.52,502.41,1.3780286899999998
1537699020,502.42,503.04,502.42,503.04,14.82644
1537699140,503.06,503.28,503.22,503.06,0.25461225
1537699200,503.22,503.28,503.22,503.22,1.37367855
1537699260,503.23,503.23,503.23,503.23,0.39959615000000004
1537699320,503.22,503.22,503.22,503.22,0.109
1537699380,502.48,503.23,503.22,503.23,1.6360784400000001
1537699440,502.42,502.51,502.51,502.43,4.384099109999999
1537699560,502.18,502.18,502.18,502.18,0.1237
1537699680,502.0,502.0,502.0,502.0,0.43979274
1537699740,502.0,502.18,502.0,502.18,14.00287739
1537699800,502.18,503.05,502.18,502.34,4.72703735
1537699860,503.31,503.83,503.31,503.83,1.0
1537699920,503.28,503.61,503.61,503.61,1.6977629300000001
1537699980,503.61,503.61,503.61,503.61,0.044
1537700040,503.61,504.3,503.61,504.3,2.51068367
1537700280,504.3,504.31,504.31,504.3,0.17802101
1537700340,504.3,504.3,504.3,504.3,0.20299999999999999
1537700400,503.51,504.3,504.3,503.51,0.051199999999999996
1537700520,503.37,503.67,503.37,503.67,8.23569608
1537700580,503.57,503.57,503.57,503.57,0.01137082
1537700640,503.67,503.99,503.67,503.99,5.62479303
1537700760,503.99,504.0,504.0,504.0,0.10963545
1537700820,503.27,504.0,503.99,503.78,24.75615907
1537700880,503.34,503.78,503.34,503.76,7.200839960000001
1537701000,503.34,503.34,503.34,503.34,0.02
1537701060,503.34,503.34,503.34,503.34,0.19176953
1537701120,503.02,503.33,503.33,503.02,9.219281239999999
1537701180,503.33,503.34,503.34,503.33,0.19221853
1537701240,503.34,503.53,503.34,503.53,27.274299999999997
1537701300,503.53,503.53,503.53,503.53,12.43560317
1537701360,503.31,503.32,503.32,503.32,6.533999999999999
1537701420,503.03,503.31,503.31,503.03,0.04857845
1537701480,503.26,503.26,503.26,503.26,0.0119
1537701540,503.03,503.26,503.23,503.25,6.97172911
1537701600,503.25,503.25,503.25,503.25,0.36662
1537701660,503.19,503.26,503.19,503.2,11.948140169999999
1537701720,503.01,503.26,503.01,503.26,2.0726356699999995
1537701780,502.71,504.08,503.26,503.82,52.29651612000001
1537701840,503.75,503.76,503.75,503.76,0.346
1537701900,503.76,504.31,503.76,504.31,0.44507318
1537701960,504.0,504.31,504.31,504.0,8.917631329999999
1537702080,504.31,504.31,504.31,504.31,32.67273329
1537702140,505.0,506.19,505.0,506.19,2.43401869
1537702200,505.93,505.93,505.93,505.93,0.04
1537702260,505.47,505.93,505.93,505.47,38.74499999999999
1537702320,504.51,504.6,504.6,504.51,0.1439122
1537702380,503.93,503.93,503.93,503.93,1.0
1537702440,503.83,503.84,503.84,503.84,0.10062600000000001
1537702500,504.0,504.0,504.0,504.0,0.01073995
1537702560,503.9,503.98,503.9,503.98,2.2
1537702620,502.24,503.85,503.85,502.24,25.821709199999997
1537702740,502.44,503.55,502.44,503.55,1.45684327
1537702860,503.01,503.09,503.09,503.03,1.07998602
1537702920,503.0,503.04,503.01,503.0,0.16055358000000003
1537702980,503.01,503.01,503.01,503.01,0.95567964
1537703040,502.76,503.55,503.0,502.76,54.40784995
1537703100,502.7,502.71,502.71,502.7,0.26122723999999997
1537703160,502.0,502.7,502.7,502.0,25.082301440000002
1537703220,501.8,502.01,502.0,501.8,6.265318109999999
1537703280,501.73,501.73,501.73,501.73,0.09521285
1537703340,501.0,501.73,501.73,501.0,5.07883791
1537703400,501.0,501.01,501.01,501.01,12.519340500000002
1537703460,501.0,501.64,501.01,501.0,0.90665768
1537703640,501.13,501.13,501.13,501.13,0.5
1537703700,501.13,501.13,501.13,501.13,1.86234499
1537703760,501.13,501.13,501.13,501.13,2.00551778
1537703820,500.0,501.13,501.13,500.0,37.98871528
1537703880,500.0,500.01,500.01,500.0,8.6393171
1537703940,500.0,500.01,500.0,500.0,2.48891056
1537704000,500.01,500.18,500.01,500.18,54.59686523999999
1537704060,500.01,500.01,500.01,500.01,1.0
1537704120,500.01,500.01,500.01,500.01,9.29742123
1537704180,499.0,500.0,500.0,499.0,5.281074659999999
1537704240,499.0,499.0,499.0,499.0,1.108
1537704300,497.51,499.0,499.0,498.06,53.91344321000001
1537704360,496.52,497.83,497.83,496.52,14.9083769
1537704420,496.52,496.53,496.53,496.52,1.79900346
1537704480,496.52,496.53,496.52,496.53,3.14878237
1537704540,496.0,496.52,496.52,496.0,12.7841376
1537704600,495.87,496.28,495.87,496.28,0.05115
1537704660,495.57,496.13,495.57,496.13,0.043056
1537704720,496.12,496.14,496.12,496.14,3.90972093
1537704780,496.13,496.13,496.13,496.13,0.98804562
1537704840,495.86,496.01,496.01,495.86,0.5198021899999999
1537704900,495.85,496.02,495.85,496.01,0.56953838
1537704960,496.02,496.94,496.02,496.93,0.14052737999999995
1537705020,496.91,496.91,496.91,496.91,0.04288
1537705080,496.93,496.93,496.93,496.93,0.0157
1537705140,495.81,496.92,496.92,495.81,5.855222110000001
1537705200,495.81,495.82,495.81,495.82,5.891660020000001
1537705260,495.03,495.81,495.81,495.21,1.0597312900000002
1537705320,495.22,495.23,495.22,495.23,0.28144342
1537705380,495.24,495.24,495.24,495.24,0.19491027
1537705440,495.23,495.23,495.23,495.23,0.7256
1537705560,495.24,495.93,495.24,495.93,1.4008857300000002
1537705620,495.23,495.89,495.23,495.89,2.4948420700000002
1537705680,495.22,495.42,495.22,495.42,0.048502939999999994
1537705740,495.26,495.42,495.32,495.41,1.8925064500000002
1537705800,495.22,495.42,495.42,495.37,7.060131319999999
1537705920,495.19,495.2,495.2,495.19,3.17534017
1537705980,494.0,495.2,495.2,494.01,47.77477442999999
1537706040,494.0,494.01,494.0,494.0,36.818839
1537706100,493.12,494.0,494.0,493.12,7.7971169300000005
1537706160,493.12,493.13,493.12,493.12,1.75191213
1537706220,493.13,493.13,493.13,493.13,0.043181
1537706280,493.0,493.12,493.12,493.0,8.22792426
1537706340,492.54,493.01,493.01,492.63,2.5233839799999997
1537706400,492.64,493.5,492.64,493.5,85.5001386
1537706460,493.5,494.47,493.5,494.23,1.34635731
1537706520,495.08,495.21,495.08,495.21,4.58855933
1537706580,494.78,495.09,495.09,494.78,0.40790776
1537706640,494.65,494.66,494.66,494.65,2.1015239500000003
1537706760,494.65,494.66,494.66,494.65,8.31
1537706820,494.66,494.66,494.66,494.66,0.2291
1537706880,494.66,495.42,494.66,495.42,0.09943262
1537706940,495.42,495.42,495.42,495.42,1.97896312
1537707000,494.75,494.75,494.75,494.75,0.035
1537707060,494.7,495.32,494.7,495.32,13.20266019
1537707120,494.75,495.16,495.16,494.75,8.73667313
1537707180,494.77,494.78,494.78,494.77,0.05058577
1537707240,494.88,494.88,494.88,494.88,0.02252755
1537707300,494.89,494.89,494.89,494.89,0.52203168
1537707360,494.88,494.89,494.89,494.88,0.61938664
1537707420,494.88,494.89,494.88,494.89,0.23221631999999998
1537707480,494.88,494.89,494.89,494.88,0.1328812
1537707540,494.89,494.89,494.89,494.89,0.29726916
1537707600,494.89,494.89,494.89,494.89,0.47546623
1537707660,494.88,494.88,494.88,494.88,0.178787
1537707720,494.43,494.88,494.88,494.43,19.085733860000005
1537707780,493.78,494.27,494.27,493.87,2.89395066
1537707900,494.15,494.15,494.15,494.15,10.0
1537707960,493.51,494.15,494.15,493.51,1.07169977
1537708020,493.5,493.51,493.5,493.51,1.04941756
1537708080,493.51,494.02,493.51,494.02,0.12107671
1537708140,493.54,493.72,493.72,493.54,0.30842079
1537708200,493.55,493.55,493.55,493.55,0.19386403
1537708260,493.54,493.54,493.54,493.54,0.48858386
1537708320,493.55,493.55,493.55,493.55,1.3423
1537708440,493.55,494.38,493.55,494.1,0.23159029000000003
1537708500,494.11,494.11,494.11,494.11,0.035417
1537708560,494.11,494.11,494.11,494.11,0.60621251
1537708620,494.1,494.1,494.1,494.1,0.19687797
1537708680,494.1,494.51,494.11,494.1,0.15411218
1537708740,494.1,494.32,494.1,494.32,1.67268825
1537708800,494.32,494.5,494.32,494.49,0.06048884
1537708860,494.57,494.57,494.57,494.57,0.10768199
1537708920,494.57,494.58,494.57,494.58,0.20864556
1537708980,494.88,494.89,494.89,494.89,0.64211796
1537709040,494.57,494.58,494.58,494.57,0.16475533000000003
1537709100,494.58,494.89,494.58,494.85,2.6403407399999996
1537709220,494.76,494.89,494.76,494.89,1.1511105000000001
1537709280,494.88,494.88,494.88,494.88,1.0
1537709340,494.77,494.77,494.77,494.77,0.66931408
1537709400,494.76,494.77,494.76,494.76,0.92341678
1537709460,494.77,494.77,494.77,494.77,0.0493
1537709520,494.77,494.89,494.77,494.89,5.35509866
1537709640,494.77,495.19,494.77,495.19,21.07223872
1537709700,495.03,495.03,495.03,495.03,0.04
1537709760,495.04,495.19,495.04,495.19,1.2469994
1537709820,495.18,495.18,495.18,495.18,0.0130681
1537709880,495.16,495.19,495.16,495.19,5.05650377
1537709940,495.17,495.19,495.17,495.19,0.47124532
1537710000,495.19,495.19,495.19,495.19,0.49497057
1537710060,495.18,495.19,495.18,495.19,6.93103597
1537710120,495.0,495.18,495.18,495.0,29.229154030000004
1537710180,495.01,495.01,495.01,495.01,0.0563032
1537710300,495.0,495.0,495.0,495.0,3.00858583
1537710360,494.75,494.75,494.75,494.75,0.24538249
1537710420,494.75,494.75,494.75,494.75,10.1347683
1537710480,494.74,494.74,494.74,494.74,4.9582514799999995
1537710540,494.75,494.75,494.75,494.75,0.0199
1537710660,494.75,494.75,494.75,494.75,0.02717087
1537710720,494.75,494.75,494.75,494.75,0.09655613
1537710780,494.74,494.75,494.75,494.75,0.27970416000000003
1537710840,494.75,494.75,494.75,494.75,0.02099814
1537710900,494.75,494.75,494.75,494.75,0.89173134
1537710960,494.16,494.74,494.74,494.16,40.41788259
1537711020,494.01,494.17,494.17,494.17,10.82689753
1537711080,494.14,494.61,494.32,494.14,5.09659773
1537711140,494.14,494.53,494.14,494.53,1.01814298
1537711200,494.52,495.19,494.52,495.18,5.80638633
1537711260,494.99,494.99,494.99,494.99,0.58
1537711320,495.09,496.41,495.1,496.41,13.882211539999997
1537711380,496.41,497.0,496.41,497.0,9.18805176
1537711440,497.11,499.0,497.11,498.65,5.711551870000001
1537711500,498.54,498.54,498.54,498.54,0.6259810400000001
1537711560,497.77,498.55,498.54,497.77,32.73048831
1537711680,498.1,498.12,498.12,498.1,0.0344
1537711740,496.42,498.1,498.1,497.85,191.15476485
1537711800,497.81,497.81,497.81,497.81,0.08596858
1537711860,497.84,497.85,497.85,497.84,0.7298654499999999
1537711920,497.84,497.85,497.85,497.84,1.65392383
1537712040,497.84,497.85,497.85,497.85,0.87342064
1537712100,497.85,497.85,497.85,497.85,0.09795354
1537712160,497.84,497.85,497.85,497.84,5.068189599999999
1537712220,497.45,497.84,497.84,497.46,4.94718661
1537712280,497.44,497.45,497.45,497.45,8.139662040000001
1537712340,497.29,497.29,497.29,497.29,0.08084016
1537712400,497.29,497.3,497.29,497.3,3.3169855
1537712460,497.29,497.3,497.29,497.3,3.52316713
1537712520,497.29,497.3,497.3,497.3,1.07413933
1537712580,497.3,497.3,497.3,497.3,2.57057764
1537712640,497.29,497.29,497.29,497.29,1.19950635
1537712700,497.3,497.3,497.3,497.3,0.08407590000000001
1537712760,497.3,497.3,497.3,497.3,0.6023372
1537712820,496.5,497.3,497.29,496.5,20.29739322
1537712880,496.01,496.01,496.01,496.01,0.03713214
1537712940,495.12,496.0,496.0,495.98,1.97351797
1537713000,495.86,496.09,495.86,496.07,0.28920924000000003
1537713060,495.4,495.9,495.4,495.9,2.12758033
1537713120,495.03,495.9,495.57,495.9,16.214861349999996
1537713180,495.9,495.9,495.9,495.9,0.01
1537713300,495.57,495.57,495.57,495.57,0.03232687
1537713360,495.83,495.83,495.83,495.83,0.18719302999999998
1537713420,495.83,495.83,495.83,495.83,0.09634581
1537713600,495.83,495.83,495.83,495.83,0.24129455
1537713660,495.0,495.75,495.75,495.0,8.6846
1537713720,494.15,495.01,495.01,494.15,2.04442345
1537713780,494.54,494.69,494.69,494.54,0.58011208
1537713840,494.48,494.48,494.48,494.48,0.1236
1537713900,494.35,494.35,494.35,494.35,0.02316305
1537713960,492.53,494.19,494.19,492.53,31.182288409999998
1537714020,488.95,492.53,492.53,488.95,100.76524189000004
1537714080,488.97,489.0,488.97,488.97,8.39660912
1537714140,488.95,488.97,488.97,488.96,86.36524408
1537714200,488.07,488.96,488.96,488.07,126.88644773000006
1537714260,484.36,488.0,488.0,484.36,59.62464135
1537714320,484.25,484.97,484.25,484.97,70.37324582000002
1537714380,481.3,484.67,484.67,481.3,125.69878996999999
1537714440,481.01,482.75,482.47,482.57,4.408439859999999
1537714500,482.86,483.46,482.86,483.46,3.11756774
1537714560,484.06,484.95,484.06,484.95,0.21556645
1537714620,484.94,485.43,484.94,485.43,1.76317189
1537714680,485.35,485.43,485.35,485.42,3.7077979400000003
1537714740,485.42,485.44,485.44,485.43,14.39593645
1537714800,484.43,485.42,485.42,484.49,2.2356100799999994
1537714860,483.63,484.9,484.9,483.63,3.1735869400000003
1537714920,483.04,484.66,483.04,484.66,0.39531196999999996
1537714980,484.03,485.45,484.03,485.45,16.025035739999996
1537715040,485.44,486.15,485.44,486.05,0.7515167
1537715100,485.45,486.56,485.45,486.56,36.341057809999995
1537715160,487.02,487.02,487.02,487.02,0.362713
1537715220,487.02,487.46,487.02,487.45,2.83143253
1537715280,487.3,487.33,487.3,487.33,1.22954199
1537715340,485.82,487.3,487.3,485.82,18.45612627
1537715400,486.0,486.0,486.0,486.0,0.7789999999999999
1537715460,485.99,486.9,486.0,485.99,2.19866541
1537715520,484.71,486.0,485.99,484.71,2.12527953
1537715580,484.48,484.48,484.48,484.48,0.0103722
1537715640,484.6,485.55,484.6,485.55,0.98211528
1537715700,485.14,485.54,485.54,485.14,5.1328087799999995
1537715760,485.43,485.55,485.43,485.55,0.31176019000000005
1537715820,485.43,485.44,485.43,485.43,2.16440897
1537715880,485.43,485.44,485.44,485.44,1.06533628
1537715940,485.43,485.44,485.44,485.43,3.12927195
1537716000,485.0,485.43,485.43,485.0,1.0938
1537716060,484.99,484.99,484.99,484.99,0.78916332
1537716120,484.99,484.99,484.99,484.99,0.04664453
1537716180,484.47,484.94,484.94,484.47,5.90624377
1537716240,484.47,484.48,484.47,484.47,1.57916169
1537716300,484.47,484.48,484.47,484.48,0.6235948700000001
1537716360,484.47,485.0,484.47,485.0,2.11208026
1537716420,484.87,485.74,484.99,484.88,1.9373447200000002
1537716480,484.4,484.47,484.47,484.4,38.38474287
1537716540,484.4,484.6,484.41,484.6,0.69076717
1537716600,484.61,484.77,484.61,484.77,0.2790997
1537716660,484.84,484.84,484.84,484.84,1.18412147
1537716720,484.62,484.84,484.84,484.64,1.29521045
1537716780,484.4,484.64,484.64,484.4,16.6682375
1537716840,484.02,484.29,484.03,484.02,1.1575187100000002
1537716900,484.02,484.98,484.29,484.98,33.71173075
1537716960,485.72,485.72,485.72,485.72,0.01114415
1537717020,485.65,485.67,485.67,485.66,1.3238744199999999
1537717080,485.65,485.66,485.66,485.65,0.66578927
1537717140,483.74,484.5,484.5,483.74,26.73353377
1537717200,483.89,483.9,483.89,483.9,1.92230927
1537717260,483.89,483.99,483.89,483.99,9.53052808
1537717320,483.17,483.99,483.99,483.17,5.692191960000001
1537717380,481.01,482.76,482.76,481.02,58.37830638999999
1537717440,481.0,481.01,481.01,481.0,2.03637618
1537717500,481.01,481.01,481.01,481.01,9.8009
1537717560,481.0,481.02,481.01,481.02,36.388657519999995
1537717620,481.0,481.04,481.0,481.01,8.94437722
1537717680,481.29,482.14,481.52,482.14,9.33274817
1537717740,481.53,482.58,481.53,482.18,34.92491291
1537717800,482.35,484.56,482.35,484.56,12.16289854
1537717860,483.23,483.79,483.79,483.23,4.20677524
1537717920,484.06,485.37,484.06,485.11,22.640906980000004
1537717980,484.72,485.63,484.72,485.63,23.922309930000004
1537718040,484.82,484.82,484.82,484.82,1.2037235
1537718100,484.82,485.4,484.82,485.4,1.7640063
1537718220,485.4,485.4,485.4,485.4,0.18875544
1537718280,485.39,485.4,485.39,485.4,0.59570678
1537718340,484.81,485.65,485.4,485.65,10.609845400000001
1537718400,483.78,484.81,484.81,483.78,33.88233658
1537718460,483.5,483.78,483.78,483.5,2.21460431
1537718520,483.51,483.51,483.51,483.51,0.29574367
1537718580,483.5,483.51,483.51,483.5,2.09508416
1537718640,483.51,483.51,483.51,483.51,1.5310000000000001
1537718700,483.51,485.35,483.51,484.86,20.814668429999998
1537718760,484.52,484.76,484.76,484.52,0.21945674999999998
1537718940,483.1,484.16,484.16,483.1,13.21112427
1537719000,483.1,483.1,483.1,483.1,4.433E-5
1537719060,482.5,482.51,482.51,482.51,1.2949113900000002
1537719180,482.51,482.94,482.51,482.94,2.3674
1537719240,483.09,483.1,483.1,483.09,0.7781770800000001
1537719300,483.08,483.1,483.1,483.08,0.39803796
1537719360,483.08,483.1,483.08,483.1,5.75764481
1537719420,483.1,483.88,483.1,483.36,4.7662111099999995
1537719480,483.47,484.5,484.01,483.71,0.8490006699999999
1537719540,484.18,484.18,484.18,484.18,0.77825587
1537719600,484.17,484.18,484.18,484.17,0.87286256
1537719660,484.17,484.18,484.18,484.17,1.17579571
1537719720,484.17,484.18,484.18,484.18,3.733486179999999
1537719780,484.18,484.75,484.18,484.75,0.08998
1537719840,484.08,484.76,484.75,484.08,25.23797781
1537719900,484.0,484.01,484.01,484.0,0.20858219
1537719960,484.0,484.01,484.01,484.0,0.93358279
1537720020,484.01,484.01,484.01,484.01,1.38126745
1537720080,484.0,484.01,484.01,484.01,3.4178194700000004
1537720140,484.0,484.01,484.01,484.0,2.87750582
1537720200,484.01,484.76,484.01,484.01,7.448045039999999
1537720260,484.0,484.5,484.0,484.5,1.07154483
1537720320,484.49,484.5,484.5,484.49,0.36059138
1537720380,484.5,484.74,484.5,484.74,14.378793680000001
1537720440,484.5,484.74,484.74,484.5,5.995878019999999
1537720500,484.5,484.5,484.5,484.5,4.05861426
1537720620,484.5,484.5,484.5,484.5,0.05134287
1537720680,484.5,484.51,484.5,484.51,3.47317627
1537720740,484.5,484.51,484.51,484.51,1.2769288900000002
1537720800,484.5,484.86,484.51,484.86,3.1975789
1537720860,484.86,484.86,484.86,484.86,9.82526577
1537720920,484.86,484.86,484.86,484.86,0.02156852
1537720980,484.85,484.86,484.85,484.85,0.56156806
1537721040,484.86,486.54,484.86,486.54,63.8030307
1537721100,486.3,486.35,486.35,486.3,0.60053043
1537721160,486.39,486.39,486.39,486.39,0.01553854
1537721220,485.84,486.17,485.84,486.17,16.409445759999997
1537721280,486.17,487.0,486.17,487.0,1.6096241500000001
1537721340,487.0,487.0,487.0,487.0,0.059069430000000006
1537721400,486.99,487.38,487.0,487.38,17.14889127
1537721460,487.38,488.0,487.38,487.51,1.30983177
1537721520,487.51,487.51,487.51,487.51,0.19626591
1537721580,487.51,487.51,487.51,487.51,0.26537535
1537721640,486.85,487.51,487.51,486.85,43.250839819999996
1537721700,486.42,486.42,486.42,486.42,0.1334
1537721760,486.42,486.43,486.43,486.43,0.16286343
1537721820,486.42,486.43,486.42,486.43,0.6195870200000001
1537721880,485.78,486.43,486.42,485.78,5.0321294100000005
1537721940,485.68,485.68,485.68,485.68,0.3326
1537722000,486.41,486.42,486.42,486.42,1.86106927
1537722060,486.41,487.0,486.42,487.0,12.589120649999998
1537722120,487.3,487.41,487.41,487.3,0.7504468999999999
1537722180,487.31,487.51,487.31,487.51,7.82104781
1537722240,487.5,487.5,487.5,487.5,0.344
1537722300,487.51,487.53,487.51,487.53,6.237500000000001
1537722360,487.53,487.53,487.53,487.53,0.30004021999999997
1537722420,487.52,487.53,487.52,487.53,0.02334414
1537722540,487.52,487.53,487.53,487.52,1.92339614
1537722600,487.52,487.53,487.53,487.53,0.09551198
1537722780,487.53,487.53,487.53,487.53,0.0359
1537722840,487.52,487.53,487.53,487.53,3.3015111299999997
1537722960,487.52,487.53,487.53,487.52,0.09127173
1537723020,485.5,487.53,487.53,485.5,34.08890529999999
1537723080,485.29,486.02,485.29,486.02,0.19494795999999998
1537723140,485.87,486.17,485.87,486.17,13.949616390000003
1537723200,485.9,485.94,485.9,485.94,5.0460721
1537723260,485.94,485.94,485.94,485.94,0.441
1537723320,485.94,486.82,485.94,486.82,0.8046637
1537723440,486.86,487.26,486.86,487.25,0.39109991
1537723500,486.82,487.07,487.07,486.82,2.00100057
1537723560,486.99,486.99,486.99,486.99,0.02413365
1537723620,486.98,486.99,486.98,486.99,0.82697976
1537723680,486.98,486.99,486.98,486.99,1.57271699
1537723740,486.98,487.23,486.99,487.21,42.48910441999999
1537723800,486.98,486.99,486.98,486.99,0.81184123
1537723860,486.98,487.11,486.99,486.98,60.267467379999985
1537723920,486.93,486.94,486.93,486.94,7.41782535
1537723980,486.03,486.77,486.55,486.77,42.25215549
1537724040,486.65,486.67,486.65,486.67,0.54005069
1537724100,486.52,487.27,486.67,487.22,47.08224877
1537724160,486.54,486.54,486.54,486.54,0.04193285
1537724220,486.82,487.97,486.82,487.97,22.805901130000002
1537724400,487.92,487.93,487.93,487.93,1.1661815100000001
1537724460,487.93,487.93,487.93,487.93,0.42196739000000005
1537724520,487.64,487.92,487.92,487.64,8.286454359999999
1537724580,487.88,487.88,487.88,487.88,0.14
1537724640,487.87,487.88,487.88,487.88,1.26326722
1537724700,487.66,487.88,487.87,487.83,7.4651404800000005
1537724760,487.66,487.76,487.76,487.71,2.6130949699999997
1537724820,487.13,487.29,487.13,487.13,4.26650595
1537724880,487.14,487.14,487.14,487.14,1.1137912699999999
1537724940,487.14,487.14,487.14,487.14,0.58926536
1537725060,486.92,486.92,486.92,486.92,1.5
1537725180,487.01,487.01,487.01,487.01,1.4061470900000002
1537725240,486.88,486.88,486.88,486.88,1.02361052
1537725300,486.88,486.93,486.88,486.93,0.05347013
1537725360,486.88,486.93,486.93,486.88,1.95
1537725420,486.88,486.93,486.93,486.88,2.57004723
1537725480,486.89,486.89,486.89,486.89,2.88913797
1537725540,486.88,486.88,486.88,486.88,5.0473482
1537725600,486.88,486.89,486.89,486.88,2.33904218
1537725660,486.89,486.89,486.89,486.89,0.4005931
1537725720,486.55,486.88,486.88,486.55,14.5
1537725780,486.55,486.55,486.55,486.55,0.00133314
1537725840,484.29,485.01,485.0,484.29,11.707247170000002
1537725900,484.57,485.14,484.57,485.14,21.593634960000003
1537725960,485.44,486.2,485.44,485.98,0.51674409
1537726020,485.98,485.98,485.98,485.98,0.3917
1537726080,485.8,485.8,485.8,485.8,0.11717966
1537726140,485.8,485.8,485.8,485.8,1.60545359
1537726200,485.79,485.8,485.79,485.8,1.9420170799999998
1537726260,485.8,485.8,485.8,485.8,25.456999999999997
1537726320,485.8,486.48,485.8,486.48,1.4118654000000002
1537726380,486.48,486.5,486.48,486.5,1.9281681499999999
1537726440,486.5,487.0,486.5,487.0,30.0
1537726500,486.99,487.0,487.0,486.99,5.69120814
1537726560,486.99,487.0,486.99,486.99,0.12444512
1537726620,486.99,487.0,487.0,486.99,0.25986604
1537726680,487.0,487.0,487.0,487.0,0.0273
1537726800,487.0,487.0,487.0,487.0,0.01133961
1537726860,487.0,487.0,487.0,487.0,1.5864232400000002
1537726920,487.0,487.0,487.0,487.0,4.379996800000001
1537726980,487.0,487.47,487.0,487.47,26.35565757
1537727040,487.2,487.46,487.46,487.2,0.1081
1537727100,487.2,487.4,487.4,487.2,0.50860518
1537727160,487.2,487.4,487.2,487.21,13.872162630000002
1537727280,487.21,487.4,487.21,487.4,0.045971979999999996
1537727340,487.12,487.12,487.12,487.12,1.4024262
1537727400,487.12,487.12,487.12,487.12,0.64817969
1537727460,487.11,487.12,487.12,487.12,0.8837862299999999
1537727520,487.11,487.12,487.11,487.11,1.17993421
1537727580,487.11,487.12,487.11,487.11,1.3649706300000002
1537727640,487.12,487.12,487.12,487.12,0.19815930999999998
1537727700,487.12,487.12,487.12,487.12,11.910824800000002
1537727760,487.12,487.4,487.12,487.4,0.8780025300000001
1537727820,487.4,487.4,487.4,487.4,0.0980122
1537727880,487.39,487.5,487.4,487.4,12.814886760000002
1537727940,487.42,487.5,487.5,487.5,0.26339211
1537728000,487.49,487.5,487.49,487.5,1.62861473
1537728060,487.21,487.21,487.21,487.21,0.035
1537728120,487.11,487.23,487.12,487.23,1.3916335100000001
1537728180,487.18,487.18,487.18,487.18,0.13072217
1537728300,487.22,487.22,487.22,487.22,2.0
1537728360,487.23,487.23,487.23,487.23,0.4197000000000001
1537728420,487.22,487.22,487.22,487.22,14.0
1537728480,487.22,487.23,487.23,487.23,0.5373151
1537728540,487.22,487.23,487.23,487.23,0.16803338
1537728600,487.23,487.23,487.23,487.23,0.5919339200000001
1537728660,487.23,487.5,487.23,487.5,4.2094016000000005
1537728720,487.5,488.0,487.5,488.0,20.02599353
1537728780,488.41,489.0,488.41,489.0,6.85324982
1537728840,489.0,489.5,489.0,489.49,5.0323
1537728900,489.21,490.0,489.5,489.21,72.60055854999999
1537728960,489.38,489.38,489.38,489.38,0.07321682
1537729020,489.37,489.38,489.38,489.37,3.7723709999999997
1537729080,489.38,489.4,489.38,489.4,1.2416976699999995
1537729140,489.99,489.99,489.99,489.99,0.30943918000000004
1537729260,489.45,489.46,489.45,489.46,1.6499676500000002
1537729320,489.14,489.14,489.14,489.14,0.06164034
1537729380,488.51,488.52,488.51,488.52,0.14228749000000002
1537729560,488.51,488.51,488.51,488.51,0.05625798
1537729620,488.51,488.52,488.51,488.52,1.00347783
1537729680,488.24,488.51,488.5,488.24,1.34208736
1537729740,488.25,488.25,488.25,488.25,0.05043905
1537729800,488.24,488.5,488.24,488.24,1.85253961
1537729920,488.24,488.25,488.25,488.24,2.70852154
1537729980,488.25,488.25,488.25,488.25,0.19990167
1537730040,488.24,488.25,488.24,488.25,20.63595348
1537730100,488.24,488.25,488.25,488.24,3.1355883
1537730160,488.24,488.25,488.25,488.24,2.6978539699999997
1537730220,488.24,488.25,488.25,488.25,4.98049595
1537730280,488.25,488.25,488.25,488.25,0.02141876
1537730340,488.24,488.25,488.24,488.25,5.53374157
1537730400,488.25,488.25,488.25,488.25,0.03772229
1537730460,488.25,488.52,488.25,488.52,18.79610494
1537730520,488.51,488.52,488.51,488.52,1.02040876
1537730580,488.52,488.52,488.52,488.52,2.11702385
1537730640,488.51,488.52,488.52,488.51,2.0311232400000003
1537730700,488.51,488.51,488.51,488.51,0.5004
1537730760,488.51,488.52,488.51,488.51,0.62468749
1537730820,488.51,488.52,488.51,488.52,9.04194891
1537730880,487.0,488.51,488.51,487.0,80.85392668
1537730940,485.0,487.0,487.0,486.64,59.04147826
1537731000,486.06,486.63,486.63,486.57,0.20456765999999998
1537731120,486.13,486.14,486.13,486.13,0.29587689
1537731180,486.13,486.14,486.14,486.14,10.187022270000002
1537731240,486.13,486.17,486.13,486.17,2.03234879
1537731300,485.64,486.13,486.13,485.64,8.07585815
1537731420,486.06,486.07,486.06,486.07,0.05119843
1537731480,485.89,485.96,485.91,485.9,3.9987180399999995
1537731540,485.91,486.14,485.91,486.14,0.7206538400000001
1537731600,485.93,487.0,485.93,487.0,3.3123370199999993
1537731660,486.73,486.99,486.99,486.73,1.0244
1537731720,486.99,486.99,486.99,486.99,0.07970437999999999
1537731780,486.78,486.78,486.78,486.78,0.515
1537731840,486.78,486.79,486.79,486.79,0.28617262000000004
1537731900,486.79,486.79,486.79,486.79,1.67691284
1537731960,486.78,486.78,486.78,486.78,0.57204276
1537732080,486.21,486.67,486.21,486.67,4.119705929999999
1537732140,486.66,486.67,486.67,486.66,0.42442626
1537732320,486.67,486.67,486.67,486.67,0.1267
1537732380,486.67,486.67,486.67,486.67,0.06749085
1537732440,486.67,486.67,486.67,486.67,0.40690786
1537732500,486.67,486.67,486.67,486.67,18.18520658
1537732560,486.78,486.78,486.78,486.78,0.7156626100000001
1537732620,486.78,486.78,486.78,486.78,0.35380616
1537732680,486.77,486.78,486.78,486.78,1.01121057
1537732740,486.77,486.78,486.77,486.77,1.04693663
1537732800,486.78,486.78,486.78,486.78,0.19625362
1537732860,485.35,486.78,486.78,485.94,39.26391573000001
1537732980,485.64,485.67,485.67,485.64,0.061529
1537733040,485.64,485.64,485.64,485.64,0.044
1537733100,485.99,486.0,486.0,485.99,1.76986466
1537733160,485.99,486.0,486.0,485.99,1.2968757000000002
1537733220,485.99,486.0,486.0,485.99,1.31071111
1537733280,485.99,485.99,485.99,485.99,0.03101993
1537733460,485.99,486.0,486.0,485.99,3.3093425499999998
1537733520,486.0,486.0,486.0,486.0,1.1327209200000001
1537733580,485.99,486.0,486.0,485.99,0.23895702
1537733640,485.99,485.99,485.99,485.99,0.035
1537733700,485.99,486.0,486.0,485.99,0.24131691999999996
1537733760,486.0,486.0,486.0,486.0,0.1968757
1537733820,485.17,486.0,486.0,485.17,12.51218231
1537733880,485.3,485.32,485.3,485.31,1.1450504400000001
1537733940,485.32,486.49,485.32,486.47,46.221953039999995
1537734000,486.02,486.37,486.37,486.35,8.44026295
1537734060,485.97,486.6,485.97,486.52,3.48190277
1537734120,486.44,486.44,486.44,486.44,0.40305504
1537734180,486.37,486.38,486.37,486.38,10.15130238
1537734300,486.38,486.9,486.38,486.9,0.29667854000000005
1537734360,486.37,486.37,486.37,486.37,0.01446466
1537734420,486.38,486.84,486.38,486.84,0.58967073
1537734480,486.37,486.38,486.37,486.38,1.016
1537734540,486.38,486.94,486.38,486.69,0.11460221000000001
1537734600,486.37,486.38,486.38,486.37,0.04
1537734660,486.37,486.37,486.37,486.37,0.51
1537734720,486.37,486.37,486.37,486.37,0.0216
1537734780,486.37,486.38,486.38,486.37,1.08293545
1537734840,485.87,486.38,486.38,486.21,11.19125334
1537734960,485.86,486.54,485.86,486.54,0.7063738
1537735020,486.42,486.42,486.42,486.42,2.04730634
1537735080,486.22,486.32,486.22,486.32,1.1771067300000002
1537735140,486.31,486.31,486.31,486.31,5.82066174
1537735200,486.01,486.23,486.23,486.01,2.51102998
1537735260,486.0,486.0,486.0,486.0,18.741059999999997
1537735320,486.0,486.01,486.01,486.0,1.9031201199999999
1537735380,486.01,486.01,486.01,486.01,0.23489064999999998
1537735440,486.01,486.01,486.01,486.01,0.09532798
1537735500,486.0,486.0,486.0,486.0,0.29390551
1537735560,486.0,486.0,486.0,486.0,0.0484
1537735620,486.0,486.01,486.01,486.0,1.05083491
1537735680,486.0,486.01,486.0,486.0,0.79782563
1537735740,486.01,486.01,486.01,486.01,0.1045
1537735800,486.0,486.0,486.0,486.0,2.2602463299999997
1537735860,485.35,485.43,485.43,485.35,1.92268556
1537735920,485.36,485.36,485.36,485.36,0.98571753
1537735980,485.35,485.41,485.36,485.41,1.2885241500000002
1537736040,485.41,485.46,485.41,485.43,20.83744051
1537736100,485.35,485.36,485.36,485.35,2.01907874
1537736160,485.35,485.36,485.35,485.36,5.224
1537736220,485.0,485.36,485.36,485.0,4.43772612
1537736340,485.0,485.01,485.01,485.0,1.03084953
1537736400,484.97,484.97,484.97,484.97,0.78905225
1537736460,484.77,484.96,484.96,484.96,4.11474678
1537736640,484.96,485.2,484.96,485.2,0.26462103000000003
1537736700,485.19,485.2,485.2,485.19,3.27004459
1537736820,485.2,485.2,485.2,485.2,0.05128931
1537736880,485.2,485.35,485.2,485.2,1.0805465300000001
1537736940,485.2,485.2,485.2,485.2,0.59877857
1537737000,485.19,485.2,485.2,485.2,0.8174350899999999
1537737060,485.19,485.19,485.19,485.19,0.01252067
1537737120,485.2,485.2,485.2,485.2,0.0226403
1537737180,485.19,485.19,485.19,485.19,0.9984173399999999
1537737240,485.0,485.2,485.19,485.0,2.97624465
1537737300,485.0,485.0,485.0,485.0,0.18642647
1537737360,485.0,485.01,485.0,485.01,1.11819111
1537737420,485.0,485.01,485.0,485.01,0.058493760000000006
1537737480,485.01,485.01,485.01,485.01,0.3944
1537737540,485.0,485.01,485.0,485.01,1.2283476700000002
1537737600,485.01,485.01,485.01,485.01,1.46860028
1537737660,485.0,485.01,485.0,485.0,1.3265475300000003
1537737720,485.0,485.0,485.0,485.0,0.0166399
1537737780,485.0,485.01,485.01,485.0,4.25951478
1537737840,485.0,485.01,485.0,485.01,2.19706939
1537738020,485.0,485.01,485.0,485.01,8.444129049999999
1537738140,485.0,485.01,485.0,485.01,7.45733272
1537738200,485.0,485.01,485.01,485.0,26.93153342
1537738260,485.01,485.01,485.01,485.01,2.25125378
1537738320,485.01,485.01,485.01,485.01,0.80872313
1537738380,485.01,485.01,485.01,485.01,0.01089376
1537738440,485.0,485.0,485.0,485.0,0.02072217
1537738500,485.01,485.58,485.01,485.58,9.98034419
1537738740,485.0,485.0,485.0,485.0,0.16572267
1537738860,485.0,485.01,485.01,485.0,29.03256496
1537738920,485.0,485.01,485.0,485.01,0.9987562699999999
1537738980,484.61,485.0,485.0,484.61,55.536698799999975
1537739040,484.1,484.1,484.1,484.1,1.29693207
1537739100,484.16,484.4,484.39,484.16,0.19551551
1537739160,484.16,484.39,484.16,484.16,0.7662745799999999
1537739220,484.16,484.16,484.16,484.16,0.85829817
1537739280,484.15,484.16,484.15,484.16,1.16911192
1537739340,484.15,484.16,484.16,484.15,0.31508053
1537739400,484.15,484.16,484.15,484.16,0.4052094
1537739460,484.16,484.16,484.16,484.16,0.04831674
1537739520,484.16,484.16,484.16,484.16,0.04831674
1537739580,484.15,484.16,484.16,484.15,0.15189999999999998
1537739640,484.15,484.16,484.16,484.15,0.35048151
1537739700,484.15,484.89,484.16,484.43,46.73848235000001
1537739760,484.26,484.88,484.88,484.26,0.56840082
1537739940,484.56,484.56,484.56,484.56,0.29673455
1537740000,484.57,484.57,484.57,484.57,0.8571286899999999
1537740060,484.57,484.59,484.59,484.57,0.29486331
1537740240,484.56,484.57,484.56,484.56,0.36202781
1537740360,484.56,484.57,484.56,484.57,1.1595522699999998
1537740420,484.57,484.57,484.57,484.57,0.29673947
1537740480,484.56,484.57,484.56,484.57,3.04042418
1537740540,484.63,484.8,484.77,484.8,18.20191797
1537740720,484.11,484.76,484.76,484.12,3.3927669
1537740780,484.12,484.72,484.12,484.72,1.7789879000000002
1537740840,484.37,484.66,484.54,484.37,1.1465809500000002
1537740900,484.56,484.56,484.56,484.56,0.15980009
1537740960,484.56,484.56,484.56,484.56,0.22212283
1537741020,484.56,484.56,484.56,484.56,0.16288049
1537741080,484.55,484.56,484.56,484.55,9.518716529999999
1537741140,484.56,484.73,484.56,484.73,0.13656182
1537741200,484.73,484.75,484.73,484.75,1.05091354
1537741260,484.75,485.0,484.75,484.9,7.301001059999999
1537741320,484.74,485.23,485.0,484.74,0.7220847400000001
1537741380,484.74,485.19,484.74,485.19,0.8335809400000002
1537741500,484.74,485.2,484.74,485.19,0.31494014000000004
1537741560,485.19,485.2,485.2,485.2,0.59160031
1537741620,485.2,485.2,485.2,485.2,1.25021225
1537741680,485.19,485.2,485.2,485.19,0.39440031
1537741740,485.19,485.2,485.2,485.2,0.23374908
1537741860,485.2,486.21,485.2,486.21,4.186950379999999
1537741920,486.21,486.89,486.21,486.25,0.28528096999999997
1537741980,486.91,490.57,486.91,490.57,221.34236474000005
1537742040,489.35,490.0,490.0,489.35,0.04
1537742100,488.12,489.35,489.35,488.54,17.24916712
1537742160,489.01,489.01,489.01,489.01,0.01222799
1537742220,488.95,489.77,488.95,489.0,0.63738516
1537742280,489.37,489.39,489.39,489.37,0.49108375000000004
1537742340,489.38,490.36,489.38,490.09,2.69174844
1537742400,490.28,490.3,490.28,490.3,0.39983244
1537742460,490.3,491.87,490.3,491.56,63.94231707000001
1537742520,490.8,491.86,491.49,491.51,11.75190696
1537742580,490.43,491.44,491.44,491.38,2.09457144
1537742700,491.25,491.27,491.27,491.25,3.2074174899999996
1537742760,490.79,490.87,490.79,490.87,0.20241641999999999
1537742820,490.86,490.87,490.86,490.87,0.50738149
1537742880,490.86,490.87,490.87,490.86,4.6049903699999994
1537742940,490.87,492.0,490.87,492.0,68.34077645000002
1537743000,492.83,494.27,492.83,493.34,10.18928668
1537743060,493.43,494.0,493.43,493.92,4.26974608
1537743120,488.86,494.38,494.0,489.62,147.11424929999998
1537743180,489.76,493.76,489.76,492.94,74.42317394999999
1537743240,489.61,490.47,490.47,490.32,34.933401989999986
1537743360,490.32,491.88,490.32,491.88,47.05975882999999
1537743420,491.88,491.9,491.88,491.89,0.08449999999999999
1537743480,492.9,492.91,492.9,492.91,0.37359304
1537743540,492.9,492.91,492.91,492.9,0.07466566999999999
1537743600,491.9,492.78,492.78,492.08,15.60571581
1537743660,491.97,492.52,492.52,492.52,0.61998315
1537743720,491.85,492.52,492.52,491.85,107.60870767
1537743780,490.86,491.68,491.2,491.68,1.4568086999999998
1537743840,491.25,491.26,491.26,491.26,1.24359147
1537743900,491.26,491.26,491.26,491.26,0.04761844
1537743960,491.25,491.26,491.26,491.25,2.0852533299999996
1537744020,491.25,491.26,491.26,491.26,1.41336185
1537744080,491.25,491.26,491.26,491.25,0.19873776000000004
1537744140,491.2,491.26,491.26,491.2,1.68654062
1537744260,491.2,492.04,491.21,491.32,14.353502489999999
1537744320,491.33,492.04,491.33,492.04,0.13012173
1537744380,491.41,492.04,492.04,491.41,0.19640829999999998
1537744440,491.43,491.94,491.43,491.94,0.7164646800000001
1537744500,491.57,491.86,491.86,491.86,0.46214403
1537744560,491.86,492.04,491.86,492.03,1.51871371
1537744620,492.04,492.04,492.04,492.04,0.65091985
1537744680,491.27,492.02,492.02,491.99,8.812772079999998
1537744740,491.99,491.99,491.99,491.99,3.64971217
1537744800,491.29,491.99,491.99,491.29,4.339117179999999
1537744860,491.12,491.75,491.31,491.61,0.21189573
1537744920,491.47,491.53,491.53,491.47,0.40102488000000003
1537744980,491.27,491.28,491.28,491.27,0.07498964
1537745040,491.28,491.28,491.28,491.28,0.8627
1537745100,491.15,491.28,491.28,491.15,0.24397608999999998
1537745160,491.27,491.28,491.27,491.28,1.09474634
1537745220,491.29,491.3,491.3,491.29,0.86402601
1537745280,491.29,491.3,491.29,491.29,0.73776559
1537745340,491.3,491.3,491.3,491.3,0.11997337999999999
1537745400,491.3,491.71,491.3,491.71,3.05989283
1537745460,491.71,492.75,491.71,492.75,11.154322880000002
1537745520,492.75,492.99,492.75,492.99,0.10357
1537745640,492.77,493.0,492.77,493.0,0.25
1537745700,492.99,493.0,492.99,493.0,1.95833093
1537745760,493.0,493.22,493.0,493.22,0.10228961
1537745820,493.22,493.45,493.23,493.45,4.4787856999999995
1537745880,493.45,494.47,493.45,494.1,3.85578036
1537745940,494.09,494.2,494.09,494.2,0.7031118199999999
1537746000,494.2,494.2,494.2,494.2,1.85004357
1537746060,494.36,494.6,494.43,494.36,2.18345453
1537746120,494.5,494.5,494.5,494.5,5.4657665
1537746180,494.23,494.56,494.23,494.56,11.06998188
1537746240,494.54,494.55,494.54,494.55,0.10059721
1537746300,494.24,494.24,494.24,494.24,0.22878433999999997
1537746360,493.5,494.24,494.23,493.5,20.183545830000003
1537746420,493.48,493.95,493.5,493.95,0.21790704
1537746480,493.68,493.71,493.71,493.68,15.10451139
1537746540,493.68,493.95,493.68,493.95,4.905534929999999
1537746600,492.67,493.8,493.8,492.67,12.905360909999999
1537746660,492.53,492.78,492.77,492.61,1.18529
1537746720,491.7,492.61,492.61,491.7,23.230459380000003
1537746900,491.7,491.71,491.71,491.7,0.63147522
1537746960,491.7,491.71,491.71,491.71,49.43040177
1537747080,491.0,491.7,491.7,491.0,0.5265299999999999
1537747140,489.21,490.0,490.0,489.21,16.534366600000002
1537747200,489.85,490.17,489.85,490.17,17.98482021
1537747260,489.34,490.42,489.61,489.81,27.551730920000004
1537747320,489.2,489.41,489.41,489.2,2.4348132600000003
1537747380,487.1,489.2,489.2,487.32,147.82040013000002
1537747440,487.19,489.0,487.32,489.0,111.35763054
1537747500,488.97,490.43,489.23,489.98,62.28996181000001
1537747560,486.18,490.47,490.0,487.97,133.55673166
1537747620,488.0,488.01,488.0,488.0,52.24812293999999
1537747680,487.19,488.01,488.0,487.9,19.76876367
1537747740,487.99,488.01,488.01,488.01,0.16099763
1537747860,487.59,487.77,487.77,487.59,2.04753972
1537747920,487.66,487.67,487.66,487.67,1.9851086999999998
1537748040,487.53,488.36,487.53,488.36,1.2852129200000002
1537748100,487.88,488.15,488.15,487.88,0.5966165
1537748220,487.69,487.78,487.78,487.69,0.68218112
1537748280,487.69,487.75,487.75,487.75,0.72090645
1537748340,487.49,487.75,487.75,487.5,1.55009423
1537748400,487.5,487.5,487.5,487.5,0.41027682
1537748460,487.49,487.5,487.5,487.49,23.31399209
1537748520,487.02,487.3,487.02,487.3,0.15177181
1537748580,487.31,487.31,487.31,487.31,5.24815703
1537748640,487.31,490.69,487.31,487.36,91.30865168000001
1537748700,487.21,488.46,487.65,487.21,2.21468727
1537748760,487.93,488.47,487.93,488.47,7.29533797
1537748820,488.32,488.46,488.46,488.32,8.41795324
1537748880,487.49,487.95,487.95,487.71,0.74407954
1537748940,487.13,488.03,487.7,488.03,6.12549433
1537749000,487.52,488.25,487.77,488.25,4.379907099999999
1537749060,487.14,487.8,487.8,487.14,0.02491109
1537749120,487.43,487.43,487.43,487.43,0.17526032
1537749180,487.07,487.07,487.07,487.07,0.23967595000000003
1537749240,487.37,487.37,487.37,487.37,0.033100000000000004
1537749300,487.38,487.52,487.38,487.52,10.12691603
1537749360,487.38,487.38,487.38,487.38,0.16007612
1537749480,485.73,487.37,487.37,485.74,65.75206639000001
1537749540,485.74,486.4,485.74,486.4,31.68409233
1537749600,486.64,486.64,486.64,486.64,0.05625492
1537749720,486.36,487.1,486.36,487.1,3.2391269199999995
1537749840,486.31,486.85,486.85,486.31,3.16846405
1537749960,486.32,486.32,486.32,486.32,0.05514048
1537750020,486.31,486.5,486.31,486.49,17.76130524
1537750080,486.47,486.48,486.47,486.48,0.22979992000000002
1537750140,486.47,486.7,486.47,486.7,0.9927199200000001
1537750200,486.51,487.19,486.7,486.53,11.420598219999999
1537750260,486.45,486.54,486.54,486.54,1.0088085900000001
1537750320,486.54,486.54,486.54,486.54,2.48445892
1537750380,486.46,486.53,486.53,486.46,14.40846578
1537750440,486.02,486.54,486.02,486.54,0.22218829
1537750500,486.16,486.26,486.26,486.16,7.06316453
1537750560,486.16,486.16,486.16,486.16,0.02151084
1537750620,486.15,486.16,486.16,486.15,0.78405891
1537750680,486.16,486.54,486.16,486.54,1.00757585
1537750740,486.53,486.53,486.53,486.53,1.2516158
1537750800,486.21,486.4,486.4,486.21,0.60304236
1537750920,486.16,486.54,486.16,486.21,5.9846953
1537750980,486.4,486.9,486.4,486.9,1.00703972
1537751040,486.46,486.57,486.48,486.57,2.07076204
1537751160,486.35,486.35,486.35,486.35,0.02066465
1537751220,486.5,486.51,486.51,486.5,6.465849469999999
1537751340,486.5,486.51,486.5,486.51,0.30741878
1537751400,486.51,486.51,486.51,486.51,2.0
1537751460,486.5,486.51,486.5,486.51,7.631246600000001
1537751580,486.51,486.51,486.51,486.51,1.25343891
1537751640,486.51,486.51,486.51,486.51,68.03062770000001
1537751700,487.38,488.76,487.38,487.52,49.83311521
1537751760,487.88,488.55,488.03,487.88,24.170908910000005
1537751820,488.19,488.19,488.19,488.19,0.13659942
1537751880,488.17,488.19,488.17,488.18,0.27934692
1537752000,488.19,488.19,488.19,488.19,0.08169024
1537752060,488.19,488.19,488.19,488.19,0.50035272
1537752240,488.18,488.19,488.19,488.19,5.72328633
1537752360,487.56,488.53,488.18,488.33,61.49092252999999
1537752420,487.96,488.2,487.96,488.18,3.4481309099999997
1537752480,488.19,490.44,488.19,490.44,62.47762771
1537752540,488.87,491.0,491.0,488.87,45.196137189999995
1537752600,488.87,488.88,488.87,488.88,1.5750918999999999
1537752660,488.87,488.88,488.87,488.88,0.71910415
1537752720,488.88,490.46,488.88,490.3,20.159551020000002
1537752840,488.47,490.23,490.23,488.47,48.102774239999995
1537752900,488.47,488.48,488.48,488.47,0.07540453
1537753020,488.48,488.48,488.48,488.48,0.4
1537753080,488.48,489.46,488.48,489.46,59.909554850000006
1537753140,489.74,490.59,489.74,490.59,1.6568667700000002
1537753200,490.61,490.61,490.61,490.61,0.29792937
1537753260,490.41,490.72,490.41,490.72,0.19500944
1537753320,490.71,491.89,490.71,491.89,25.36916294
1537753380,490.91,491.16,491.06,491.16,0.31843059000000007
1537753440,491.17,491.98,491.17,491.98,4.72492666
1537753500,491.7,491.98,491.98,491.7,0.21120364000000003
1537753560,491.98,491.99,491.99,491.99,0.07162157
1537753620,491.98,493.77,491.98,493.77,145.92361146999997
1537753680,493.14,493.14,493.14,493.14,6.3183
1537753740,493.12,493.13,493.13,493.12,0.3215668
1537753800,492.42,493.14,493.13,493.14,11.42112135
1537753860,489.14,492.49,492.49,489.63,45.04683279
1537753920,489.77,489.81,489.81,489.81,0.19569459
1537753980,489.81,489.81,489.81,489.81,0.03760215
1537754040,489.81,489.81,489.81,489.81,0.02189904
1537754100,489.8,489.81,489.81,489.8,0.13815550999999998
1537754160,489.81,490.0,489.81,490.0,4.14991128
1537754220,489.99,490.0,490.0,490.0,3.5622758899999996
1537754280,490.0,490.97,490.0,490.54,71.66637528
1537754340,489.64,490.04,490.04,489.64,9.318499999999998
1537754400,489.99,490.72,489.99,490.51,0.33821387
1537754520,489.94,489.94,489.94,489.94,0.03583364
1537754580,489.88,489.89,489.88,489.89,1.19213038
1537754640,489.5,489.89,489.89,489.88,0.55550466
1537754700,489.87,489.87,489.87,489.87,0.24376454
1537754820,489.79,489.83,489.79,489.82,2.1333255600000003
1537754940,489.82,489.82,489.82,489.82,1.0
1537755000,489.83,489.83,489.83,489.83,0.39208608999999994
1537755060,489.82,489.83,489.83,489.83,0.23866196
1537755120,489.79,489.83,489.83,489.79,2.3112095100000003
1537755240,489.81,489.81,489.81,489.81,0.5709
1537755300,489.8,489.8,489.8,489.8,1.0
1537755360,489.81,489.81,489.81,489.81,1.2895013000000002
1537755480,489.81,489.81,489.81,489.81,0.59728714
1537755540,489.81,493.0,489.81,492.45,128.31876511
1537755600,491.73,491.99,491.99,491.73,6.92471033
1537755660,491.73,492.0,491.73,491.83,0.1264945
1537755720,491.77,491.77,491.77,491.77,0.056673
1537755960,491.69,491.74,491.74,491.7,0.26314529
1537756020,491.69,491.75,491.69,491.75,0.50186509
1537756080,491.7,491.7,491.7,491.7,1.02289043
1537756260,491.52,491.7,491.7,491.53,1.2059532800000001
1537756320,491.52,491.52,491.52,491.52,0.1022
1537756380,490.68,491.53,491.53,491.16,16.78374557
1537756440,490.72,490.86,490.72,490.8,1.9798899
1537756500,490.72,490.73,490.72,490.73,0.08518165999999999
1537756560,490.28,490.72,490.72,490.51,2.52854609
1537756620,490.51,490.51,490.51,490.51,2.0
1537756680,490.5,490.5,490.5,490.5,1.05256
1537756740,489.91,490.51,490.5,489.91,4.57593391
1537756800,489.25,490.29,490.29,489.25,146.36752096
1537756860,489.26,490.0,489.26,490.0,24.102594130000007
1537756920,490.51,490.73,490.51,490.73,1.2660926000000001
1537756980,489.74,490.73,490.73,489.75,0.52290568
1537757040,489.75,490.4,489.75,490.4,2.4745531999999995
1537757100,489.58,490.21,490.21,489.58,0.76624987
1537757160,489.72,490.39,489.72,489.93,1.1873801000000002
1537757220,489.93,489.93,489.93,489.93,0.16048592
1537757400,489.92,489.93,489.93,489.92,0.32685606
1537757520,489.25,489.93,489.93,489.39,6.300515079999999
1537757580,489.25,489.39,489.39,489.26,0.10694976999999999
1537757640,489.25,489.25,489.25,489.25,6.03810424
1537757700,489.26,489.26,489.26,489.26,0.17695523
1537757760,489.26,489.26,489.26,489.26,1.00193957
1537757820,489.25,489.26,489.25,489.26,2.5476997299999997
1537757880,489.25,489.26,489.25,489.25,0.70398105
1537757940,489.26,489.26,489.26,489.26,0.04781309
1537758000,489.25,489.26,489.25,489.26,0.34375874
1537758060,489.25,489.26,489.26,489.26,1.35803436
1537758120,489.25,489.26,489.25,489.26,0.13705878
1537758180,489.26,489.96,489.26,489.96,76.50344322000001
1537758300,489.54,489.57,489.54,489.57,0.23129351
1537758360,489.56,489.57,489.56,489.57,0.1604799
1537758420,489.57,489.57,489.57,489.57,0.41043226
1537758540,489.56,489.57,489.57,489.57,1.38316163
1537758600,489.57,489.8,489.57,489.59,37.641320519999994
1537758660,489.47,489.47,489.47,489.47,0.24360535
1537758780,489.47,489.8,489.48,489.62,2.40736369
1537758840,489.61,489.62,489.61,489.62,1.16830109
1537758900,489.61,489.62,489.62,489.61,0.02221376
1537758960,489.62,489.62,489.62,489.62,0.0975678
1537759020,489.62,489.62,489.62,489.62,1.00796422
1537759080,489.62,490.4,489.62,490.39,9.006300710000001
1537759140,490.39,490.82,490.39,490.61,9.51500539
1537759200,490.51,490.51,490.51,490.51,0.06554556
1537759260,490.0,490.61,490.61,490.42,4.20553841
1537759320,490.42,490.42,490.42,490.42,0.0422422
1537759440,490.41,490.42,490.42,490.42,0.81595403
1537759500,490.42,490.73,490.42,490.73,10.40651
1537759560,490.72,490.73,490.72,490.73,0.8294489500000001
1537759620,490.73,490.73,490.73,490.73,0.02739345
1537759680,490.73,490.73,490.73,490.73,1.02456763
1537759740,490.72,490.73,490.73,490.72,1.52268349
1537759800,490.72,490.73,490.72,490.73,0.32345385000000004
1537759860,490.73,490.73,490.73,490.73,1.0
1537759920,490.73,490.73,490.73,490.73,1.40633707
1537760100,490.72,490.73,490.73,490.72,1.17682267
1537760160,490.72,490.72,490.72,490.72,1.0
1537760220,490.72,490.73,490.72,490.73,1.0603567299999999
1537760280,490.72,490.73,490.72,490.72,1.0236337199999999
1537760400,490.72,490.73,490.72,490.73,0.45653718
1537760460,490.72,490.73,490.72,490.72,3.2894422299999997
1537760520,490.72,490.72,490.72,490.72,0.5
1537760580,490.72,490.73,490.73,490.73,2.6539579800000004
1537760760,490.73,490.73,490.73,490.73,0.83843007
1537760820,490.72,490.73,490.73,490.72,0.43133701
1537760880,490.72,490.72,490.72,490.72,0.02241604
1537760940,490.73,490.73,490.73,490.73,0.44261402
1537761000,490.73,490.73,490.73,490.73,1.0
1537761060,490.72,490.73,490.73,490.72,0.49000100999999996
1537761120,490.72,490.73,490.73,490.73,0.42334418
1537761180,490.73,490.73,490.73,490.73,0.03797774
1537761240,490.73,490.73,490.73,490.73,0.01076678
1537761300,490.72,490.73,490.73,490.72,0.7158007200000001
1537761360,490.41,490.72,490.72,490.41,29.725870849999993
1537761420,490.42,490.42,490.42,490.42,0.53
1537761480,490.41,490.41,490.41,490.41,0.05
1537761540,490.0,490.41,490.41,490.0,1.18009268
1537761660,490.0,490.01,490.0,490.01,2.6379678200000005
1537761720,489.53,490.01,490.0,489.53,40.03426665
1537761780,489.84,489.86,489.86,489.85,0.0864
1537761840,489.84,489.85,489.85,489.84,3.50213279
1537761900,489.84,489.85,489.85,489.85,2.16414313
1537761960,489.84,489.84,489.84,489.84,8.50190291
1537762260,489.12,489.13,489.12,489.13,1.310802
1537762320,488.73,489.13,489.13,488.74,1.7652127100000001
1537762380,488.13,488.73,488.73,488.13,22.00516847
1537762440,488.29,488.6,488.59,488.29,0.26375147
1537762500,488.27,488.29,488.27,488.29,2.25391004
1537762560,488.34,488.58,488.34,488.57,1.355
1537762620,488.57,488.58,488.57,488.58,0.10087039
1537762680,488.57,488.57,488.57,488.57,0.04664453
1537762860,488.58,488.58,488.58,488.58,0.40122365
1537762980,488.55,488.57,488.57,488.55,2.26737
1537763040,488.56,488.56,488.56,488.56,0.20407093
1537763160,487.78,488.55,488.55,488.32,13.019593710000002
1537763340,488.1,488.1,488.1,488.1,0.02365855
1537763400,487.65,488.58,488.11,488.58,26.65975026
1537763460,488.13,488.13,488.13,488.13,0.01081482
1537763520,487.52,488.07,488.07,487.67,2.27736897
1537763580,487.52,488.06,487.52,488.06,23.09083
1537763640,487.58,487.78,487.58,487.77,5.49250756
1537763700,487.07,487.67,487.64,487.08,2.54131432
1537763820,487.02,487.05,487.05,487.03,0.6787814000000001
1537763940,487.02,487.03,487.03,487.02,0.07571679
1537764000,487.02,487.03,487.03,487.02,2.91278477
1537764060,486.34,487.03,487.02,486.34,10.231118710000002
1537764120,486.08,486.77,486.77,486.08,36.043387300000006
1537764180,486.09,487.08,486.09,487.08,6.4929133499999985
1537764240,487.72,487.72,487.72,487.72,0.10057582
1537764420,487.32,487.54,487.32,487.54,0.06741698
1537764540,486.91,487.34,486.91,487.34,0.24933351999999998
1537764660,486.78,486.91,486.91,486.78,1.6467752900000001
1537764780,486.0,486.78,486.78,486.0,4.11828408
1537764840,486.0,486.0,486.0,486.0,0.0206791
1537764960,486.0,486.01,486.01,486.01,5.4638709500000004
1537765020,486.01,486.01,486.01,486.01,0.50307095
1537765080,486.69,486.69,486.69,486.69,0.044680069999999995
1537765140,487.66,488.8,487.66,488.8,14.595456909999998
1537765200,488.12,488.12,488.12,488.12,0.05
1537765260,488.12,488.12,488.12,488.12,0.01021239
1537765440,487.68,487.68,487.68,487.68,0.09795592
1537765500,487.57,487.68,487.68,487.57,0.44752451
1537765620,487.47,487.47,487.47,487.47,0.58886645
1537765680,487.46,487.46,487.46,487.46,0.1
1537765740,487.02,487.02,487.02,487.02,0.10626102
1537765860,487.0,487.01,487.01,487.01,1.15975413
1537765920,487.0,487.01,487.0,487.01,0.110904
1537766040,487.0,487.01,487.01,487.0,1.4548319
1537766100,486.57,487.01,487.01,486.57,0.9956889500000001
1537766160,486.57,486.57,486.57,486.57,0.07255108
1537766220,486.57,486.57,486.57,486.57,0.1240511
1537766280,486.57,486.58,486.58,486.57,0.10122708
1537766340,485.8,486.01,486.01,485.8,40.281458099999995
1537766400,484.74,485.73,485.73,484.74,14.709554840000001
1537766460,484.55,484.55,484.55,484.55,0.28067279
1537766520,484.12,484.55,484.55,484.12,44.82794585
1537766580,484.12,484.13,484.12,484.13,2.6426
1537766640,484.13,484.13,484.13,484.13,0.04905964
1537766700,484.13,485.01,484.13,485.01,76.75424005999999
1537766760,485.3,485.3,485.3,485.3,3.21
1537766820,484.13,485.02,485.02,484.13,2.59215369
1537766940,481.51,484.13,484.12,481.51,166.09251716999998
1537767000,481.5,482.9,481.5,482.9,100.62336748999999
1537767060,482.11,482.63,482.63,482.23,2.70348762
1537767120,481.52,482.5,482.23,481.52,6.123422140000001
1537767240,481.5,483.25,481.5,483.25,70.0513598
1537767300,483.03,483.98,483.98,483.03,16.984118
1537767420,482.78,482.79,482.78,482.79,0.40604385
1537767480,482.42,482.74,482.74,482.72,0.1804549
1537767540,482.71,482.72,482.71,482.72,2.15226023
1537767600,482.25,482.72,482.72,482.25,10.3541992
1537767720,482.5,482.5,482.5,482.5,1.6923999999999997
1537767780,482.3,484.21,482.5,483.99,56.89956683000002
1537767900,484.37,484.69,484.37,484.69,0.47566531999999995
1537768020,483.65,484.47,484.47,483.66,6.755142220000001
1537768140,483.2,483.66,483.66,483.63,0.09309387999999999
1537768200,483.63,483.63,483.63,483.63,0.9826053499999999
1537768260,481.12,483.63,483.63,481.12,428.76939945
1537768320,480.53,481.78,481.78,480.53,138.92436068000004
1537768380,481.78,481.78,481.78,481.78,0.529
1537768440,481.78,481.78,481.78,481.78,0.153
1537768500,480.05,481.77,481.77,480.05,174.82572206
1537768560,480.0,480.78,480.66,480.78,198.27583348000002
1537768680,480.0,480.33,480.33,480.0,82.41812266999999
1537768740,480.0,480.33,480.0,480.33,1.52345059
1537768800,478.72,480.04,480.04,478.85,70.35499624
1537768860,478.85,479.57,478.85,479.57,0.04884634
1537768920,478.87,478.87,478.87,478.87,1.0410017
1537768980,478.72,479.46,478.87,479.46,20.67246553
1537769040,478.75,478.84,478.84,478.76,4.789913
1537769160,478.71,478.75,478.75,478.71,1.2219507100000002
1537769220,478.71,478.72,478.72,478.71,0.13614511
1537769280,477.98,478.71,478.71,477.98,25.26487127
1537769340,477.32,477.99,477.99,477.33,16.869287630000002
1537769400,477.32,477.32,477.32,477.32,0.19114866
1537769460,477.0,477.29,477.29,477.0,15.30275575
1537769520,476.72,476.72,476.72,476.72,0.15021329
1537769580,476.68,476.72,476.68,476.72,0.2396
1537769640,476.72,477.0,476.72,477.0,13.21261306
1537769700,476.99,477.0,476.99,477.0,3.34676636
1537769760,477.0,477.0,477.0,477.0,0.31739594
1537769820,477.0,478.4,477.0,477.23,47.384753059999994
1537769880,477.01,477.01,477.01,477.01,0.35401345
1537769940,477.01,477.01,477.01,477.01,0.05841454
1537770000,477.01,477.54,477.01,477.54,0.13875129
1537770060,477.16,477.19,477.19,477.16,0.40644764
1537770120,478.65,478.65,478.65,478.65,0.02
1537770240,478.31,478.65,478.65,478.31,1.0575
1537770300,478.31,478.31,478.31,478.31,1.12614
1537770360,477.92,478.31,478.31,477.92,0.021012
1537770420,477.92,477.92,477.92,477.92,0.0116
1537770480,477.92,477.92,477.92,477.92,0.0420583
1537770540,477.92,477.93,477.93,477.93,0.62870074
1537770660,477.92,477.93,477.92,477.93,4.5686550299999995
1537770720,477.92,477.93,477.93,477.92,0.08611181
1537770780,477.93,477.93,477.93,477.93,0.045443819999999996
1537770840,477.93,478.61,477.93,478.61,0.09987773999999999
1537770900,478.09,478.72,478.09,478.72,0.05828324
1537770960,478.13,478.14,478.13,478.14,0.13991037
1537771080,477.88,478.13,478.13,477.88,3.3387
1537771200,475.05,477.88,477.88,475.91,97.4582648
1537771260,470.0,475.28,475.28,470.0,440.65952209999995
1537771320,470.0,472.89,470.01,471.79,284.1258257499998
1537771380,470.0,472.59,472.59,470.8,35.867934340000005
1537771440,470.31,471.43,471.43,470.31,2.6877003200000003
1537771500,470.79,471.44,470.79,471.44,1.61226991
1537771560,471.41,472.09,471.41,472.09,0.67442849
1537771620,472.61,472.61,472.61,472.61,0.035
1537771680,472.47,473.25,472.47,473.25,17.90220812
1537771740,471.74,472.48,472.48,471.75,23.01934326
1537771800,471.23,471.74,471.74,471.24,23.66234
1537771860,467.68,471.14,471.14,467.68,144.88498602
1537771920,468.36,469.85,468.36,468.5,29.707442190000002
1537771980,469.63,471.15,469.63,471.15,39.45709212
1537772040,470.53,474.0,470.54,473.62,54.3310783
1537772100,471.37,475.89,474.0,472.56,77.38199321000002
1537772160,471.63,472.5,471.63,472.5,0.49958648000000005
1537772220,472.5,473.17,472.5,473.17,10.46227618
1537772280,472.05,473.27,472.97,472.05,33.280339330000004
1537772340,472.03,472.92,472.03,472.85,15.74798
1537772400,471.37,472.7,472.7,471.49,24.712183769999996
1537772460,470.81,471.48,471.38,471.48,5.585132079999998
1537772520,470.95,471.47,471.47,470.95,2.02745003
1537772580,471.26,471.69,471.26,471.69,22.187030000000007
1537772640,472.78,472.8,472.78,472.8,0.20237502
1537772700,472.2,472.91,472.89,472.2,0.4894251599999999
1537772820,471.72,472.2,472.2,471.72,0.37276998
1537772880,471.73,471.73,471.73,471.73,0.062093999999999996
1537772940,471.72,471.73,471.72,471.73,52.11444357
1537773000,471.73,471.73,471.73,471.73,116.11880619000002
1537773060,472.27,472.66,472.66,472.27,0.84054733
1537773120,472.39,474.35,472.39,474.35,35.88577521
1537773180,473.96,476.01,474.4,476.01,139.17730025
1537773240,475.79,476.82,476.82,475.79,1.0
1537773300,475.55,476.53,475.55,476.53,1.4426885200000004
1537773360,476.13,476.58,476.21,476.13,2.06138564
1537773420,473.72,476.2,476.2,473.72,19.80997906
1537773480,473.73,475.27,473.73,475.27,2.33788575
1537773540,475.28,476.25,475.28,476.25,11.7957
1537773600,476.11,476.63,476.11,476.63,4.02297256
1537773660,473.68,475.92,475.92,473.68,45.04393528999999
1537773720,474.05,474.06,474.06,474.05,0.57938072
1537773780,474.06,475.56,474.06,475.56,19.38881
1537773840,474.72,474.78,474.78,474.72,1.0690151300000001
1537773900,475.14,475.14,475.14,475.14,0.06395436
1537774020,474.0,476.58,475.14,474.0,83.88073343
1537774080,474.01,474.5,474.01,474.49,0.20580000000000004
1537774140,474.55,474.66,474.66,474.55,0.5949864899999999
1537774260,474.21,474.33,474.33,474.21,0.12651943
1537774320,474.22,474.41,474.22,474.41,0.17314633000000001
1537774380,473.67,474.21,474.21,473.67,11.15039189
1537774500,471.72,473.67,473.67,472.26,55.328618600000006
1537774560,472.44,472.44,472.44,472.44,0.13679999999999998
1537774620,472.55,472.61,472.55,472.61,0.08593
1537774680,472.17,473.53,472.44,472.17,13.42813836
1537774740,472.1,472.64,472.1,472.64,0.06595
1537774800,471.99,472.3,471.99,472.3,1.87596
1537774860,472.36,473.0,472.36,473.0,25.9294563
1537774920,472.41,473.22,473.2,472.44,18.529829279999998
1537774980,470.54,471.74,471.74,470.54,24.737272000000004
1537775040,469.98,471.0,470.54,471.0,7.131500159999999
1537775100,470.47,470.47,470.47,470.47,0.6
1537775160,470.58,470.58,470.58,470.58,0.04606
1537775220,470.39,471.17,470.39,471.14,7.45627682
1537775280,470.88,470.88,470.88,470.88,20.53758449
1537775340,470.88,472.91,470.88,472.91,37.85324
1537775400,473.3,473.3,473.3,473.3,0.04585
1537775460,472.08,473.72,473.72,472.08,23.384043169999998
1537775520,471.45,472.3,471.45,472.3,0.09192
1537775580,471.88,471.88,471.88,471.88,0.04596
1537775760,471.88,472.51,471.88,472.51,0.06493351
1537775820,472.5,472.5,472.5,472.5,0.59583
1537775880,471.93,472.51,472.5,472.51,0.18437626000000001
1537775940,472.07,474.55,472.07,474.55,2.59156032
1537776000,473.51,474.22,474.09,473.51,1.09043923
1537776060,474.1,474.1,474.1,474.1,0.05249013
