1539980400,438.71,438.72,438.72,438.71,0.48569935
1539980460,438.71,438.72,438.71,438.71,0.6249225700000001
1539980520,438.71,438.72,438.72,438.71,7.7580795
1539980580,438.71,438.72,438.72,438.71,0.13068484
1539980640,438.71,438.72,438.71,438.71,0.4102969
1539980700,438.71,438.71,438.71,438.71,0.06945
1539980760,438.71,438.72,438.71,438.71,3.5790362799999995
1539980820,438.71,438.72,438.72,438.71,2.69768113
1539980880,438.71,438.71,438.71,438.71,0.25042829
1539980940,438.71,438.72,438.71,438.71,0.21901403
1539981000,438.71,438.71,438.71,438.71,0.06945
1539981060,438.71,438.72,438.71,438.71,0.20801863000000004
1539981120,438.71,438.72,438.72,438.71,12.131310069999998
1539981180,438.03,438.21,438.03,438.07,1.32769664
1539981240,437.68,438.03,438.03,437.68,10.04209
1539981300,437.42,437.81,437.78,437.51,1.28150675
1539981360,437.44,437.68,437.44,437.47,0.3877534
1539981420,437.47,437.49,437.47,437.47,1.06945
1539981480,437.31,438.03,437.47,437.87,37.24529478000001
1539981540,437.72,437.86,437.84,437.77,0.32196624
1539981600,437.53,437.8,437.7,437.79,2.71258247
1539981660,437.79,438.09,437.8,437.8,24.863099320000003
1539981720,437.78,437.8,437.79,437.78,0.17138314999999998
1539981780,437.78,437.8,437.79,437.79,4.707870690000001
1539981840,437.75,437.8,437.8,437.75,20.050544289999998
1539981900,437.64,437.75,437.73,437.64,6.651928999999999
1539981960,437.6,437.79,437.65,437.79,1.11164732
1539982020,437.79,437.79,437.79,437.79,0.08742516
1539982080,437.79,437.79,437.79,437.79,0.06945
1539982140,437.79,437.99,437.79,437.99,15.70747621
1539982200,437.99,438.0,437.99,437.99,31.26301596
1539982260,437.99,438.0,437.99,438.0,0.37356654
1539982320,437.99,438.0,438.0,437.99,0.11111644000000001
1539982380,437.77,438.0,438.0,437.9,3.62093719
1539982440,437.76,438.39,437.9,437.77,1.02889545
1539982500,437.78,438.2,437.78,437.82,7.47470339
1539982560,436.27,437.99,437.8,436.59,355.8247861799999
1539982620,436.54,436.59,436.59,436.59,21.069450000000007
1539982680,436.59,436.6,436.59,436.6,0.33324818
1539982740,436.59,436.99,436.59,436.99,3.5479
1539982800,436.99,437.0,437.0,436.99,1.58509521
1539982860,436.88,437.0,436.99,436.88,2.1411002999999997
1539982920,436.91,436.99,436.91,436.98,2.61685
1539982980,436.99,437.34,436.99,437.34,0.8925985300000001
1539983040,437.13,437.16,437.16,437.13,0.04462
1539983100,437.13,437.13,437.13,437.13,0.06945
1539983160,437.13,437.13,437.13,437.13,0.06945
1539983220,437.13,437.14,437.13,437.13,0.63954161
1539983280,437.13,437.13,437.13,437.13,0.08763498
1539983340,437.13,437.13,437.13,437.13,0.06945
1539983400,437.13,437.14,437.14,437.13,0.16575489000000002
1539983460,437.13,437.14,437.13,437.13,0.38692132999999995
1539983520,436.9,437.14,437.13,436.9,10.470612159999996
1539983580,436.8,436.83,436.81,436.8,4.54919324
1539983640,436.8,436.8,436.8,436.8,0.09706058000000001
1539983700,436.85,437.06,436.94,436.87,0.77631944
1539983760,436.87,437.06,436.89,436.89,0.32653471
1539983820,436.91,437.06,437.06,436.93,0.19832877000000002
1539983880,436.97,437.06,436.97,436.97,0.09100017
1539983940,436.97,437.06,437.05,437.06,1.3537248
1539984000,437.02,437.06,437.06,437.06,0.64358263
1539984060,436.99,437.06,436.99,436.99,0.16986774
1539984120,436.99,437.06,436.99,437.06,2.3756738200000003
1539984180,437.0,437.06,437.0,437.0,0.38642111
1539984240,437.01,437.05,437.01,437.05,0.7698398200000001
1539984300,437.05,437.05,437.05,437.05,0.06945
1539984360,437.05,437.06,437.05,437.05,0.25807232
1539984420,437.05,437.06,437.05,437.05,0.08791246
1539984480,437.05,437.05,437.05,437.05,2.13829027
1539984540,437.05,437.14,437.05,437.05,11.47122029
1539984600,437.06,437.14,437.11,437.07,9.31518426
1539984660,437.06,437.07,437.07,437.07,0.9467061
1539984720,437.07,437.08,437.07,437.07,0.08991152
1539984780,437.07,437.07,437.07,437.07,0.06945
1539984840,437.07,437.09,437.08,437.07,5.25714972
1539984900,437.08,437.27,437.08,437.27,60.773753030000016
1539984960,437.26,437.4,437.26,437.39,2.2878445299999997
1539985020,437.39,437.71,437.4,437.54,6.720826229999999
1539985080,437.59,437.69,437.59,437.63,9.97337951
1539985140,437.36,437.64,437.63,437.36,10.096775649999998
1539985200,437.07,437.53,437.36,437.09,13.293502729999998
1539985260,437.09,437.09,437.09,437.09,0.08923616000000001
1539985320,437.09,437.48,437.09,437.09,0.18774396000000002
1539985380,437.09,437.09,437.09,437.09,0.06945
1539985440,437.09,437.44,437.44,437.39,3.55996738
1539985500,437.39,437.44,437.39,437.43,1.12812741
1539985560,437.39,437.39,437.39,437.39,0.06483
1539985620,437.39,437.4,437.39,437.39,0.12293202
1539985680,437.39,437.48,437.39,437.45,2.5858505799999993
1539985740,437.45,437.46,437.46,437.45,0.4944092
1539985800,437.45,437.46,437.45,437.45,0.10945
1539985860,437.45,437.46,437.45,437.45,0.17591937
1539985920,437.45,437.45,437.45,437.45,0.06945
1539985980,437.45,437.46,437.45,437.45,0.83753117
1539986040,437.45,437.46,437.45,437.46,48.38210138
1539986100,436.01,437.45,437.45,436.01,37.50154566999999
1539986160,435.3,436.14,436.11,435.3,12.45386298
1539986220,435.41,435.63,435.54,435.57,0.8118758600000001
1539986280,435.64,436.0,435.64,435.64,0.0814542
1539986340,435.64,435.64,435.64,435.64,0.06945
1539986400,435.64,435.64,435.64,435.64,0.49624654
1539986460,435.61,435.67,435.64,435.62,2.7887399
1539986520,435.61,435.66,435.62,435.61,5.943344610000001
1539986580,435.61,435.66,435.66,435.63,0.44658338000000003
1539986640,435.61,435.62,435.62,435.61,6.633833230000001
1539986700,435.61,435.62,435.61,435.61,5.35483665
1539986760,435.61,435.62,435.61,435.61,2.68487207
1539986820,435.61,435.62,435.61,435.62,3.4663
1539986880,435.61,435.62,435.61,435.62,0.38677662
1539986940,435.61,435.62,435.61,435.61,4.926960660000001
1539987000,435.61,435.61,435.61,435.61,0.06945
1539987060,435.61,435.62,435.61,435.61,0.36901061
1539987120,435.61,435.62,435.62,435.61,3.11175
1539987180,435.61,435.61,435.61,435.61,0.06945
1539987240,435.61,435.61,435.61,435.61,0.36945
1539987300,435.61,435.61,435.61,435.61,0.06945
1539987360,435.61,435.62,435.61,435.61,0.48678849
1539987420,435.61,435.62,435.61,435.61,0.17911242
1539987480,435.61,435.62,435.61,435.61,2.2983198199999997
1539987540,435.61,435.61,435.61,435.61,0.06945
1539987600,435.61,435.62,435.62,435.61,2.09892904
1539987660,435.61,435.62,435.62,435.61,0.46406112
1539987720,435.61,435.62,435.61,435.61,0.18003669000000003
1539987780,435.61,435.61,435.61,435.61,0.02315
