1530117960,707.74,708.0,707.74,708.0,10.22542
1530118020,707.99,709.65,707.99,709.64,3.3706585999999996
1530118080,709.57,709.75,709.65,709.66,13.663388549999997
1530118140,709.48,709.66,709.66,709.48,10.182500000000001
1530118200,709.27,709.27,709.27,709.27,9.55582173
1530118260,709.36,709.36,709.36,709.36,0.5745
1530118320,709.37,709.75,709.37,709.74,19.96745541
1530118380,709.74,710.0,709.74,710.0,160.22142983999998
1530118440,709.99,710.0,709.99,710.0,145.53044950999998
1530118500,708.63,710.0,710.0,708.63,93.38931426000003
1530118560,708.64,709.76,708.64,708.83,5.449627459999999
1530118620,708.45,709.42,708.46,709.11,0.8752655199999999
1530118680,708.46,708.46,708.46,708.46,10.339709789999999
1530118740,708.46,710.0,708.46,710.0,54.83588646
1530118800,709.99,710.0,710.0,709.99,44.625
1530118860,709.99,710.0,709.99,710.0,58.6128
1530118920,709.99,710.0,710.0,709.99,17.03748907
1530118980,709.99,710.0,709.99,710.0,2.4042000000000003
1530119040,710.0,710.0,710.0,710.0,3.55293
1530119100,710.0,710.0,710.0,710.0,73.5254
1530119160,709.99,712.27,709.99,712.27,329.83345775000004
1530119220,712.26,712.26,712.26,712.26,1.1672
1530119280,712.27,712.27,712.27,712.27,0.2374
1530119340,712.27,712.5,712.27,712.5,2.1655753
1530119400,712.5,713.0,712.5,713.0,8.77676389
1530119460,710.99,712.99,712.99,712.33,81.84536770000001
1530119520,709.72,711.99,711.99,710.33,77.62552308
1530119580,710.33,710.34,710.34,710.34,5.193956579999999
1530119640,710.33,710.34,710.34,710.34,2.0713
1530119700,710.33,710.35,710.34,710.35,31.078300000000002
1530119760,710.34,710.35,710.35,710.34,0.9922000000000001
1530119820,710.35,710.5,710.35,710.5,54.44327567
1530119880,708.44,710.5,710.5,708.63,59.80221302000002
1530119940,709.23,709.79,709.23,709.79,14.0242
1530120000,708.55,709.93,709.79,708.55,77.56015678999998
1530120060,709.93,709.95,709.94,709.95,4.41737
1530120120,708.11,709.94,709.94,708.45,28.996705310000007
1530120180,708.11,708.2,708.11,708.2,2.8388412799999996
1530120240,708.19,708.2,708.2,708.19,0.11182465
1530120300,708.2,708.2,708.2,708.2,0.7653
1530120360,708.2,708.21,708.2,708.21,15.492051519999999
1530120420,705.05,708.21,708.2,708.2,152.2673
1530120480,708.2,708.21,708.2,708.21,3.44091
1530120540,707.86,708.21,708.21,708.21,2.17336
1530120600,708.21,708.21,708.21,708.21,0.0689
1530120660,707.03,707.89,707.89,707.88,2.2427
1530120720,707.98,708.0,707.98,708.0,1.95921777
1530120780,706.85,708.21,708.0,706.85,12.9781
1530120840,707.74,708.2,707.74,708.2,0.1375
1530120900,706.99,707.73,707.73,707.64,2.7984
1530120960,706.92,707.99,707.65,707.8,4.314500000000001
1530121020,706.72,707.8,707.8,707.78,7.132830129999999
1530121080,707.66,708.98,707.77,708.98,19.204124459999992
1530121140,708.98,709.14,708.98,709.14,6.582195550000001
1530121200,709.35,709.95,709.35,709.94,5.38764084
1530121260,709.35,709.36,709.35,709.36,10.877150899999998
1530121320,708.89,709.9,709.87,709.0,0.475
1530121440,708.98,709.01,709.01,708.98,0.41744584999999995
1530121500,708.99,708.99,708.99,708.99,0.9349000000000001
1530121560,708.98,708.99,708.99,708.98,5.0151409199999994
1530121620,708.99,708.99,708.99,708.99,4.3833
1530121680,708.64,709.0,709.0,708.64,24.022206869999998
1530121800,708.43,708.99,708.43,708.99,0.3225
1530121860,708.0,708.43,708.43,708.35,1.4596109199999998
1530121920,708.09,708.36,708.35,708.32,1.3750499999999999
1530121980,708.32,708.32,708.32,708.32,2.242
1530122040,708.35,708.35,708.35,708.35,0.1558
1530122100,708.0,708.36,708.35,708.0,7.7620247299999985
1530122160,708.01,708.36,708.01,708.1,1.6527
1530122220,707.79,708.11,708.1,708.11,5.7177
1530122280,708.1,708.11,708.1,708.11,1.6062982
1530122340,708.1,708.11,708.11,708.1,0.049
1530122400,708.11,708.11,708.11,708.11,0.4403
1530122460,708.1,708.11,708.11,708.11,0.5516
1530122520,708.11,708.99,708.11,708.99,42.327920000000006
1530122580,708.88,708.98,708.98,708.89,2.2766100000000002
1530122640,708.91,709.15,708.91,709.15,3.0555
1530122700,708.92,709.15,709.15,708.92,1.5
1530122760,708.93,709.15,708.93,709.15,3.9696000000000002
1530122820,709.15,709.15,709.15,709.15,0.7319
1530122880,709.15,709.15,709.15,709.15,0.0421
1530122940,709.14,709.15,709.15,709.15,2.2214817
1530123000,709.14,709.15,709.14,709.15,1.0729000000000002
1530123060,709.14,709.15,709.15,709.14,0.45389999999999997
1530123120,709.14,709.15,709.15,709.15,1.3989759
1530123180,709.15,709.15,709.15,709.15,0.6720867899999999
1530123240,709.14,709.14,709.14,709.14,0.0929
1530123300,709.15,709.15,709.15,709.15,1.7127
1530123360,709.03,709.15,709.15,709.14,16.516052390000002
1530123420,707.77,709.14,708.51,707.77,37.5254
1530123480,707.49,707.49,707.49,707.49,2.1098
1530123540,707.76,707.76,707.76,707.76,0.03
1530123600,707.04,707.77,707.76,707.77,4.7094350799999996
1530123660,707.47,707.76,707.76,707.48,1.13656573
1530123720,707.47,707.78,707.48,707.47,5.7364999999999995
1530123780,707.07,707.76,707.76,707.07,2.613
1530123840,707.32,707.78,707.76,707.33,3.7752999999999997
1530123900,707.06,707.77,707.32,707.77,2.11510152
1530123960,707.49,707.5,707.49,707.5,1.35903069
1530124020,707.48,707.49,707.49,707.48,5.8006
1530124080,707.49,707.49,707.49,707.49,0.1
1530124140,707.49,707.49,707.49,707.49,0.0779
1530124200,707.49,707.49,707.49,707.49,0.043
1530124260,707.49,707.49,707.49,707.49,0.23240000000000002
1530124380,707.49,707.78,707.49,707.78,2.4791
1530124500,707.48,707.48,707.48,707.48,0.5833999999999999
1530124560,707.35,707.78,707.53,707.36,2.82584168
1530124620,707.17,707.78,707.38,707.17,1.6587
1530124680,707.23,707.23,707.23,707.23,0.4526
1530124740,707.24,707.78,707.24,707.78,0.9121294999999999
1530124800,707.27,707.27,707.27,707.27,0.0826
1530124860,707.72,707.78,707.78,707.78,0.18450000000000003
1530124920,707.72,707.78,707.72,707.78,0.9530000000000001
1530124980,707.27,707.27,707.27,707.27,0.0301
1530125040,707.27,707.78,707.78,707.27,2.01
1530125100,707.27,707.29,707.27,707.29,1.455
1530125160,707.68,707.78,707.69,707.78,1.5003
1530125220,707.3,709.29,707.78,707.79,59.997
1530125400,707.87,708.45,707.87,708.24,0.0975
1530125460,707.97,708.45,707.97,708.45,0.08610000000000001
