1532157780,771.28,771.45,771.45,771.28,6.25111732
1532157840,771.29,771.29,771.29,771.29,0.02
1532157900,771.28,771.28,771.28,771.28,0.02
1532158020,771.29,771.29,771.29,771.29,0.06193668
1532158380,771.28,771.48,771.29,771.28,12.74778304
1532158440,771.29,771.29,771.29,771.29,0.18965448
1532158560,771.29,771.48,771.29,771.48,0.5
1532158680,771.48,771.48,771.48,771.48,0.0858
1532158740,771.48,771.48,771.48,771.48,0.13395459
1532158800,771.48,771.48,771.48,771.48,0.04774696
1532158920,771.47,771.48,771.48,771.47,0.13544218
1532159160,771.48,771.48,771.48,771.48,0.14883843
1532159280,771.47,771.47,771.47,771.47,1.32245085
1532159340,771.28,771.47,771.47,771.31,21.06476918
1532159400,771.31,771.31,771.31,771.31,0.081
1532159460,771.31,771.32,771.32,771.31,0.22684568000000002
1532159580,770.4,771.31,771.31,770.4,0.011074849999999999
1532159640,770.41,770.41,770.41,770.41,0.250587
1532159700,770.23,770.4,770.4,770.23,0.2915000000000001
1532159760,770.23,770.23,770.23,770.23,0.121
1532159820,769.58,770.23,770.23,769.59,4.244490129999999
1532159880,769.58,769.58,769.58,769.58,0.0212
1532159940,769.58,769.58,769.58,769.58,0.1
1532160000,769.01,769.58,769.58,769.01,26.050344940000002
1532160060,769.01,769.01,769.01,769.01,0.2974
1532160120,769.02,769.02,769.02,769.02,0.10223
1532160180,769.02,769.02,769.02,769.02,0.01165792
1532160240,769.01,769.02,769.02,769.01,0.09328604
1532160300,769.02,769.02,769.02,769.02,0.0453
1532160360,769.02,769.59,769.02,769.59,4.547615079999999
1532160420,769.59,769.59,769.59,769.59,0.10099999999999999
1532160540,769.59,769.99,769.59,769.99,0.0116441
1532160660,769.99,770.67,769.99,770.67,1.0
1532160720,769.58,770.65,770.65,770.64,1.4977054099999998
1532160900,770.36,770.42,770.36,770.42,0.14810425
1532160960,770.31,770.31,770.31,770.31,0.06200734
1532161020,770.31,770.31,770.31,770.31,0.06201548
1532161140,770.31,770.35,770.31,770.35,0.24843507
1532161440,770.34,770.52,770.34,770.52,0.7326
1532161500,770.51,770.51,770.51,770.51,0.18888744
1532161560,770.52,770.9,770.52,770.9,8.15493854
1532161620,770.9,770.9,770.9,770.9,0.09472167
1532161680,770.9,770.9,770.9,770.9,0.42137219000000004
1532161860,770.89,770.9,770.89,770.89,0.20349359999999997
1532161920,770.9,770.9,770.9,770.9,0.0303451
1532161980,770.89,770.9,770.9,770.89,0.0798
1532162340,770.89,770.9,770.9,770.9,0.38576454
1532162700,770.89,770.9,770.89,770.9,1.3146016999999999
1532162820,770.3,770.9,770.9,770.3,3.0264729
1532162880,769.58,770.81,770.3,770.72,7.336956089999999
1532162940,769.58,769.58,769.58,769.58,0.1945777
1532163000,770.14,770.14,770.14,770.14,0.015300000000000001
1532163060,769.58,769.58,769.58,769.58,1.0
1532163180,769.59,769.59,769.59,769.59,0.01164929
1532163720,769.59,769.59,769.59,769.59,6.369273789999999
1532163840,769.64,769.65,769.64,769.65,1.1983000000000001
1532164260,769.64,770.49,769.65,770.49,32.48804365
1532164320,770.7,770.7,770.7,770.7,0.2896
1532164500,770.71,770.71,770.71,770.71,0.03035258
1532164620,770.71,770.71,770.71,770.71,0.22207344999999995
1532164740,770.71,770.73,770.71,770.73,0.26739999999999997
1532165040,770.73,770.9,770.73,770.9,6.64126096
1532165100,770.9,771.32,770.9,771.32,37.151965229999995
1532165160,771.43,771.47,771.43,771.46,0.0796
1532165220,771.47,771.48,771.47,771.48,1.0347
1532165280,771.47,771.48,771.48,771.47,0.05062241
1532165460,771.48,771.48,771.48,771.48,2.39421393
1532165520,771.47,771.48,771.48,771.47,0.07572382
1532165640,771.48,771.48,771.48,771.48,9.029
1532165760,771.48,771.48,771.48,771.48,4.79552308
1532165880,771.48,771.48,771.48,771.48,0.38125337
1532165940,771.47,771.47,771.47,771.47,1.0
1532166300,771.48,771.48,771.48,771.48,0.01162075
1532166480,771.48,771.48,771.48,771.48,0.5796
1532166540,771.48,771.48,771.48,771.48,0.0313
1532166600,771.47,771.48,771.48,771.47,0.60882462
1532166660,771.48,771.48,771.48,771.48,0.25519213
1532166780,771.48,771.48,771.48,771.48,0.10065692000000001
1532166840,771.48,771.48,771.48,771.48,0.06450095
1532166900,771.48,771.48,771.48,771.48,0.064
1532167140,771.47,771.48,771.48,771.47,0.65371369
1532167320,771.49,774.75,771.49,774.75,19.356963299999997
1532167380,773.47,773.47,773.47,773.47,0.5701
1532167560,772.45,773.47,773.47,773.3,0.21895111
1532167620,771.48,772.84,772.84,771.48,0.38817276
1532167680,771.42,771.59,771.59,771.42,0.49396635
1532167800,770.92,771.43,771.43,770.92,0.22583399999999998
1532167860,770.82,770.92,770.92,770.83,0.52201191
1532167920,768.66,770.82,770.82,770.82,22.71288306
1532167980,770.15,770.37,770.15,770.37,2.015
1532168040,770.36,770.36,770.36,770.36,0.01
1532168160,769.84,769.84,769.84,769.84,0.1632
1532168220,768.36,768.91,768.91,768.36,1.2433659
1532168280,768.37,768.37,768.37,768.37,1.6908153799999999
1532168520,766.27,768.36,768.36,766.27,26.054300690000016
1532168580,766.28,766.28,766.28,766.28,0.06234163
1532168700,766.28,768.64,766.28,768.64,4.942067479999998
1532168940,768.58,768.58,768.58,768.58,0.02016677
1532169000,768.59,768.59,768.59,768.59,0.0958256
1532169120,768.59,768.59,768.59,768.59,0.06215426
1532169180,768.59,768.78,768.59,768.78,1.16045152
1532169240,768.79,769.75,768.79,769.75,1.01164686
1532169360,769.66,769.72,769.66,769.72,0.10343393000000001
1532169480,769.71,769.72,769.72,769.72,1.8466088099999998
1532169540,769.72,769.72,769.72,769.72,0.12430701
1532169600,769.37,769.72,769.71,769.37,2.0760790999999994
1532169660,765.68,769.37,769.37,765.68,15.30947321
1532169720,767.32,767.75,767.75,767.32,1.682305
1532169780,767.3,767.32,767.32,767.3,0.89548802
1532169840,767.32,767.32,767.32,767.32,0.01168375
1532169900,766.99,767.3,767.3,766.99,0.15640889000000002
1532170020,767.0,767.12,767.0,767.12,0.091
1532170140,767.12,768.12,767.12,768.12,0.30881531
1532170320,768.11,768.12,768.11,768.12,0.34356593999999996
1532170380,768.11,768.12,768.11,768.12,0.38731077999999997
1532170440,767.11,768.12,768.11,767.11,1.2366015700000001
1532170500,767.07,768.07,767.62,767.07,6.6113909999999985
1532170560,766.99,767.07,767.07,766.99,2.6502
1532170620,765.08,766.99,766.99,765.09,0.17629999999999998
1532170680,765.37,765.37,765.37,765.37,0.01
1532170740,765.37,765.37,765.37,765.37,0.03680061
1532170800,765.0,765.55,765.55,765.08,1.34493733
1532170860,765.35,765.35,765.35,765.35,0.14216598
1532170980,764.0,765.36,765.35,764.0,7.1933242900000005
1532171040,764.01,764.01,764.01,764.01,0.1250609
1532171100,764.01,764.01,764.01,764.01,0.96243954
1532171160,761.01,764.0,764.0,763.18,21.95593077
1532171220,762.07,762.07,762.07,762.07,0.011
1532171280,762.38,762.39,762.38,762.39,0.12549875
1532171340,762.27,762.27,762.27,762.27,0.38378893000000003
1532171400,762.26,762.26,762.26,762.26,0.5107
1532171520,762.26,762.27,762.26,762.27,0.17737032000000003
1532171580,762.27,762.45,762.27,762.45,2.755982669999997
1532171640,762.45,762.45,762.45,762.45,0.7060000000000001
1532171700,762.44,762.45,762.45,762.45,0.33717793000000007
1532171820,762.45,762.45,762.45,762.45,0.09529375
1532171880,762.44,762.44,762.44,762.44,0.02898655
1532171940,762.45,764.01,762.45,764.01,2.1915664900000005
1532172000,764.0,764.0,764.0,764.0,1.6451
1532172120,764.01,764.97,764.01,764.97,1.3040039700000003
1532172300,764.43,764.83,764.44,764.43,1.3344106999999998
1532172360,764.0,764.64,764.64,764.0,14.148559079999998
1532172480,764.0,764.0,764.0,764.0,2.8924049099999998
1532172720,764.01,764.01,764.01,764.01,0.12634306
1532173020,764.01,764.01,764.01,764.01,1.7365
1532173140,764.01,765.97,764.01,765.97,1.7915210099999996
1532173200,765.97,766.15,765.97,766.15,19.610029939999997
1532173320,766.15,766.15,766.15,766.15,0.0304
1532173380,766.14,767.98,766.14,767.98,0.9893651400000001
1532173500,767.28,769.14,767.28,769.14,1.6515843600000002
1532173560,768.63,768.63,768.63,768.63,0.04635947
1532173620,768.64,768.64,768.64,768.64,0.18773224
1532173680,768.63,769.84,768.64,768.63,3.1758538300000003
1532173800,769.84,769.84,769.84,769.84,0.0116455
1532173860,769.84,770.73,769.84,770.73,21.286392430000017
1532173920,770.74,771.84,770.74,771.84,7.407609749999999
1532173980,771.84,774.82,771.84,774.82,1.9202819499999997
1532174040,774.82,776.8,774.82,776.8,21.565903160000023
1532174100,773.95,779.6,776.84,773.95,102.18141215000004
1532174160,775.05,775.05,775.05,775.05,0.01156409
1532174220,774.36,775.01,774.36,775.01,9.63228466
1532174280,775.01,776.95,775.01,775.9,9.09074912
1532174340,775.0,775.94,775.94,775.0,28.31747568000001
1532174400,774.37,775.0,774.37,774.38,3.8736999999999995
1532174460,774.38,774.39,774.39,774.39,1.17997708
1532174520,771.39,774.38,774.38,771.39,40.79282155999997
1532174640,770.75,771.92,771.92,770.75,8.084817869999997
1532174700,771.38,771.38,771.38,771.38,3.2394
1532174760,771.38,771.38,771.38,771.38,0.7755002500000001
1532174880,771.37,771.38,771.38,771.38,3.16112225
1532174940,771.37,771.37,771.37,771.37,0.1383
1532175000,771.37,771.38,771.38,771.38,1.59830964
1532175060,771.38,772.77,771.38,772.77,9.828252509999992
1532175120,772.77,772.95,772.77,772.95,0.34075995000000003
1532175180,772.95,773.0,772.95,773.0,0.21130129
