1513728000,3100.0,9500.0,3100.0,3746.84,91998.20792852898
1513814400,2910.0,3754.15,3745.89,3162.53,74860.11306010664
1513900800,1550.0,3231.44,3162.53,2719.99,108553.48530927773
1513987200,2555.0,3499.77,2700.08,3160.0,72308.63506129659
1514073600,2669.0,3164.99,3161.79,2919.01,31670.90987321515
1514160000,2761.0,2968.16,2919.99,2835.99,13107.264420849768
1514246400,2773.88,2949.0,2835.99,2928.04,16697.96740347869
1514332800,2542.0,2938.01,2928.11,2719.69,15984.767750819527
1514419200,2303.0,2723.8,2719.53,2493.19,22302.41988455748
1514505600,2330.59,2888.0,2499.99,2658.51,21272.709393541118
1514592000,2187.0,2672.0,2658.51,2261.0,16301.268216529554
1514678400,2207.91,2497.99,2261.0,2366.9,11613.751839521648
1514764800,2257.01,2425.68,2366.9,2326.86,7077.16232551055
1514851200,2301.67,2696.0,2326.86,2558.58,16979.881506520014
1514937600,2519.0,2780.0,2555.14,2548.65,14662.652391760286
1515024000,2328.86,2550.0,2548.64,2362.74,14439.22284178069
1515110400,2310.02,2512.0,2362.74,2398.0,15463.85956714052
1515196800,2325.0,2624.97,2398.01,2524.72,17928.202792190074
1515283200,2489.01,2745.01,2524.72,2523.1,14701.542164510925
1515369600,2225.0,2549.67,2523.49,2409.29,15414.343899560883
1515456000,2325.01,2484.82,2408.8,2375.99,9854.367058930866
1515542400,2311.0,2956.0,2368.82,2859.97,37956.20003842562
1515628800,2351.0,2945.04,2848.81,2433.8,30473.275754836504
1515715200,2380.0,2630.0,2433.8,2599.0,11901.177010870588
1515801600,2570.37,2835.18,2593.85,2654.95,12330.661970630494
1515888000,2463.14,2711.64,2654.94,2544.87,8001.72768327075
1515974400,2375.0,2547.89,2544.88,2400.06,9094.30725564055
1516060800,1520.0,2411.62,2400.09,1890.01,44328.966064187654
1516147200,1319.3,2150.0,1890.01,1755.98,39412.69475702772
1516233600,1697.56,2020.18,1755.98,1730.67,17377.758913692185
1516320000,1711.65,1892.0,1733.7,1758.69,11667.58483467089
1516406400,1758.69,2115.82,1758.69,2030.22,14438.341116400976
1516492800,1714.08,2030.73,2030.22,1770.0,11757.398618510695
1516579200,1505.08,1799.0,1770.0,1609.34,13503.49440055081
1516665600,1489.0,1687.69,1609.33,1615.75,10867.344768150659
1516752000,1560.0,1667.0,1613.26,1644.5,6731.644562820438
1516838400,1584.0,1695.0,1644.45,1628.39,6326.509893650717
1516924800,1482.34,1660.0,1628.39,1592.14,10090.695558490941
1517011200,1559.0,1645.0,1592.15,1613.41,6743.689946460428
1517097600,1600.35,1720.59,1613.42,1719.99,25220.675343699088
1517184000,1610.0,1721.2,1719.99,1636.38,6629.536898590482
1517270400,1435.22,1636.37,1636.37,1446.0,13815.895701761183
1517356800,1381.0,1515.0,1446.0,1472.74,15490.661922511237
1517443200,1168.39,1481.43,1474.99,1254.86,21680.110451781024
1517529600,927.04,1259.28,1252.41,1181.0,27778.8954582813
1517616000,1052.0,1319.99,1180.99,1269.71,11530.990010090722
1517702400,1090.03,1283.96,1269.71,1156.16,9856.095675830575
1517788800,800.47,1169.76,1155.16,880.0,22538.123568520718
1517875200,744.8,980.0,879.99,968.01,42970.08397534625
1517961600,897.4,1057.64,970.0,955.0,22840.398512409265
1518048000,942.51,1353.29,954.99,1278.0,34501.33045464972
1518134400,1187.73,1334.96,1276.62,1299.83,23376.746169800223
1518220800,1198.01,1387.78,1299.96,1239.7,18769.378628169525
1518307200,1182.1,1296.49,1239.7,1210.0,10595.272086310177
1518393600,1209.4,1288.82,1210.0,1279.39,7480.484351309901
1518480000,1200.0,1284.7,1279.01,1219.82,8723.554021570066
1518566400,1218.79,1378.88,1219.59,1355.0,15232.803136539223
1518652800,1308.44,1394.0,1354.99,1358.72,16694.936940350017
1518739200,1354.69,1550.0,1358.72,1533.0,25742.752092628703
1518825600,1501.22,1552.0,1533.0,1546.35,10597.930145289707
1518912000,1393.43,1644.0,1546.35,1452.97,17234.140890030052
1518998400,1446.29,1545.0,1452.96,1523.14,8220.649520139912
1519084800,1256.0,1555.0,1523.14,1386.99,18217.185397770092
1519171200,1266.0,1409.91,1386.85,1284.73,18606.504100210197
1519257600,1170.14,1341.66,1284.73,1210.0,15103.148692590332
1519344000,1144.04,1309.98,1208.64,1252.01,12837.574592740348
1519430400,1132.01,1297.01,1252.02,1178.0,9029.792358730316
1519516800,1137.1,1229.0,1178.0,1173.02,6118.05577505014
1519603200,1142.31,1267.0,1173.02,1245.62,10316.603683160249
1519689600,1206.65,1297.72,1244.8,1230.01,7533.209109720252
1519776000,1193.2,1274.1,1230.0,1195.94,6662.235482440191
1519862400,1185.28,1295.0,1195.94,1283.33,8226.528755070307
1519948800,1250.0,1295.0,1283.33,1275.12,5514.407169790046
1520035200,1255.07,1294.96,1275.8,1269.24,5258.389654900072
1520121600,1221.0,1287.0,1269.26,1280.01,4795.3945306000805
1520208000,1249.97,1286.76,1279.92,1263.0,4411.517088970037
1520294400,1171.31,1261.89,1261.88,1206.22,6393.3453328901305
1520380800,1031.07,1220.0,1205.22,1095.3,13123.14451434034
1520467200,988.77,1116.99,1095.31,1032.0,10735.119821960203
1520553600,927.0,1075.43,1031.07,1067.18,17979.221755900086
1520640000,991.5,1094.55,1067.18,1003.01,6754.112003620167
1520726400,970.0,1157.54,1003.0,1138.05,9384.87581284014
1520812800,1007.47,1148.0,1138.07,1049.32,9949.400984440139
1520899200,995.55,1100.0,1049.67,1052.69,9965.898524110175
1520985600,911.88,1071.81,1052.86,947.0,11677.81297873016
1521072000,871.53,952.34,947.0,935.37,14023.715348040247
1521158400,893.49,1059.66,935.37,970.51,16364.85920476028
1521244800,927.0,1028.85,970.02,947.35,11313.263126790145
1521331200,845.0,948.63,947.36,931.99,15709.997345980288
1521417600,955.66,983.0,958.63,976.24,2115.3554026099905
1521504000,950.0,1071.85,991.1,1061.66,17385.161360320384
1521590400,1003.21,1080.0,1061.65,1028.4,11183.539424470502
1521676800,986.0,1066.5,1028.4,1012.3,8499.405168330108
1521763200,958.92,1027.61,1010.91,1025.0,7523.733959650113
1521849600,970.0,1034.4,1025.0,971.51,5560.904774990077
1521936000,966.22,989.0,971.32,971.38,4512.471367930031
1522022400,883.37,976.93,971.82,914.0,9089.917843300065
1522108800,870.0,929.78,914.0,873.92,8032.432847300061
1522195200,847.64,896.5,873.93,859.08,7277.616715650091
1522281600,693.0,868.29,859.11,709.9,26576.37439867977
1522368000,673.02,771.57,709.9,696.6,20745.46898703997
1522454400,680.0,738.15,696.79,683.01,9602.298331300126
1522540800,626.0,700.1,684.38,641.54,10754.39391024017
1522627200,636.24,686.28,641.54,663.65,7650.954064970216
1522713600,657.19,723.71,663.78,708.7,12043.232999160158
1522800000,636.02,708.77,708.7,648.69,9426.089852660198
1522886400,620.0,656.0,648.43,641.35,9897.497208200191
1522972800,603.3,646.0,641.44,608.7,9895.50723645006
1523059200,608.24,654.94,608.99,639.4,5761.090241360406
1523145600,638.57,659.0,639.17,651.5,4037.8841529901715
1523232000,625.61,680.0,651.8,637.2,7800.12640446036
1523318400,626.27,659.45,637.2,650.0,4799.9550712301725
1523404800,647.69,669.0,650.0,667.87,7136.458596160121
1523491200,654.12,739.99,667.77,737.94,20807.800401318495
1523577600,721.7,786.0,737.0,741.25,15480.307151700626
1523664000,718.07,760.0,741.25,737.17,5917.608484360381
1523750400,736.96,785.0,736.96,777.84,6293.742028849991
1523836800,778.26,788.68,779.7,788.66,2347.6657219000585
1523923200,762.62,770.99,768.0,769.92,197.53049540999962
1524009600,756.7,763.62,757.59,762.09,315.5064868199998
1524096000,883.72,895.0,894.94,888.9,1123.505010449999
1524182400,964.53,996.29,964.57,977.06,4062.9283390999917
1524268800,1063.75,1125.26,1125.24,1113.5,2698.9052582100026
1524355200,1110.0,1153.57,1153.57,1128.99,1676.7360963099964
1524441600,1200.0,1235.01,1201.38,1229.62,1984.2959580099985
1524528000,1427.0,1494.0,1439.26,1481.0,8943.113141820071
1524614400,1330.02,1430.0,1407.0,1365.0,7592.591765660128
1524700800,1244.0,1291.43,1291.43,1280.1,3791.918138910029
1524787200,1388.11,1424.85,1421.01,1398.63,2080.3006991099965
1524873600,1315.0,1351.2,1332.21,1346.0,663.6275290499998
1524960000,1388.97,1434.9,1388.98,1427.09,2545.680796580022
1525046400,1425.0,1443.26,1438.37,1431.29,1103.2542524299963
1525132800,1255.0,1349.91,1348.72,1260.0,4346.950253370018
1525219200,1326.45,1368.31,1352.0,1345.09,1516.4430561699955
1525305600,1448.76,1518.0,1452.0,1500.44,5274.815123500099
1525392000,1461.3,1500.45,1499.18,1462.14,3783.2012594599873
1525478400,1505.03,1518.0,1508.15,1515.96,406.2252693099998
1525564800,1731.49,1783.39,1748.88,1773.9,2760.6025342500475
1525651200,1700.0,1765.1,1746.32,1701.44,2104.3449648699925
1525737600,1646.63,1670.0,1646.64,1656.86,1342.7850645699996
1525824000,1570.9,1599.02,1596.2,1573.0,971.296389400001
1525910400,1626.5,1647.23,1626.9,1634.5,1103.4248059999993
1525996800,1490.0,1545.0,1517.37,1534.0,2482.4548167900034
1526083200,1350.01,1418.72,1365.0,1365.98,5110.635946789997
1526169600,1425.02,1470.0,1459.99,1427.8,1177.83471962
1526256000,1441.07,1481.47,1479.3,1460.0,1618.5734618499966
1526342400,1390.02,1440.0,1417.59,1397.01,2707.390422169997
1526428800,1323.0,1357.49,1341.62,1326.97,891.4948080699988
1526515200,1279.37,1306.0,1280.86,1296.99,1591.6219620899967
1526601600,1154.59,1206.0,1194.94,1169.01,2426.6337274400034
1526688000,1182.3,1204.99,1204.21,1185.97,679.5181165100003
1526774400,1168.98,1178.0,1177.4,1170.42,409.95489578
1526860800,1268.01,1300.0,1289.76,1277.99,905.5500422599996
1526947200,1215.02,1232.33,1229.45,1217.25,826.8135562000001
1527033600,1130.0,1154.43,1133.99,1130.0,1020.5383424100004
1527120000,997.0,1033.33,997.8,1021.57,2772.0974778200016
1527206400,1038.0,1076.99,1075.65,1060.0,1424.2772208299984
1527292800,996.69,1045.0,1012.46,1027.46,4392.331212349998
1527379200,983.29,1005.09,1005.09,997.59,1491.61130398
1527465600,993.0,1004.5,995.51,1002.1,751.7663745600001
1527552000,882.55,899.93,882.6,896.17,1256.6882528200006
1527638400,979.0,1003.0,989.0,999.4,790.620825690001
1527724800,972.07,987.29,982.98,985.99,584.6637935999998
1527811200,994.0,1002.14,995.0,999.79,808.1823514499998
1527897600,992.0,1004.0,1001.38,995.69,454.7458969799997
1527984000,1083.98,1092.0,1083.98,1090.02,426.4991588699996
1528070400,1167.5,1209.99,1167.5,1195.0,3200.952869950005
1528156800,1097.41,1109.0,1098.03,1105.5,446.1364284199996
1528243200,1134.5,1153.0,1147.99,1137.16,1410.8910240199998
1528329600,1127.62,1149.41,1127.63,1149.0,2861.293708849999
1528416000,1139.53,1148.5,1142.6,1147.0,683.483374999999
1528502400,1114.5,1126.0,1115.21,1126.0,731.1259808799995
1528588800,1032.28,1084.99,1084.98,1034.71,3805.8006819800157
1528675200,922.0,940.0,939.1,924.65,1498.566093870002
1528761600,943.26,957.6,956.68,948.69,1196.0260137499995
1528848000,869.24,881.16,871.0,875.01,1164.1785365600003
1528934400,832.34,847.0,842.99,832.34,997.8779333100002
1529020800,892.04,899.26,897.02,892.6,448.93542101999986
1529107200,842.01,857.33,842.84,856.83,1139.49537637
1529193600,848.19,852.0,850.23,848.99,175.71704322000005
1529280000,832.0,846.85,846.73,836.0,1202.2962418699997
1529366400,883.65,891.62,883.65,887.89,468.0157962399999
1529452800,881.21,907.52,907.5,881.21,1076.3173407900006
1529539200,890.04,896.0,890.89,896.0,794.46741573
1529625600,841.0,872.5,871.43,845.3,3834.1918391
1529712000,749.12,776.0,752.2,768.93,1054.8089501599982
1529798400,745.0,768.09,763.0,749.05,1117.8859926100008
1529884800,745.3,757.1,746.43,751.23,567.8664010000006
1529971200,741.05,757.61,755.38,743.34,607.26908922
1530057600,686.88,704.75,694.69,701.2,1733.2233637299971
1530144000,713.05,722.0,713.06,718.42,1522.5840327299998
1530230400,657.0,666.0,659.04,661.35,1093.0479247600001
1530316800,716.4,732.48,716.4,729.76,854.010521099999
1530403200,728.54,753.8,748.5,734.99,1482.8512867699985
1530489600,728.73,736.12,735.75,734.05,591.6187389599997
1530576000,777.8,782.0,780.98,781.04,591.9114891700006
1530662400,743.5,757.0,756.01,743.7,1091.6828154399989
1530748800,752.44,786.54,763.63,765.69,2201.0138141299976
1530835200,728.0,742.95,742.85,731.79,1006.7737352299995
1530921600,725.07,731.88,731.04,726.31,488.20049131999997
1531008000,764.1,778.8,768.99,768.97,2762.3396219500014
