1539352800,0.77,0.85,0.78,0.85,235824.1959199999
1539356400,0.77,0.92,0.85,0.8,281864.3521699999
1539360000,0.77,0.8,0.79,0.77,75752.69793999995
1539363600,0.77,0.79,0.78,0.78,78081.70055000005
1539367200,0.75,0.78,0.78,0.77,55960.573189999996
1539370800,0.74,0.77,0.77,0.77,21795.31524
1539374400,0.75,0.77,0.76,0.76,24467.86
1539378000,0.75,0.78,0.76,0.76,32500.99
1539381600,0.74,0.76,0.76,0.75,40245.28
1539385200,0.72,0.75,0.75,0.74,34397.75
1539388800,0.73,0.76,0.74,0.75,66301.9
1539392400,0.73,0.75,0.75,0.73,38665.19
1539396000,0.73,0.76,0.74,0.74,32538.18
1539399600,0.75,0.76,0.75,0.76,13368.89
1539403200,0.74,0.76,0.76,0.74,22607.32
1539406800,0.74,0.76,0.76,0.75,15037.68
1539410400,0.75,0.76,0.75,0.76,632.0
1539414000,0.75,0.76,0.76,0.75,3032.56
1539417600,0.75,0.75,0.75,0.75,959.8
1539421200,0.74,0.75,0.75,0.75,10670.84
1539424800,0.73,0.75,0.75,0.73,68397.97
1539428400,0.73,0.74,0.74,0.73,12286.51
1539432000,0.73,0.74,0.74,0.74,1447.29
1539435600,0.72,0.74,0.74,0.73,24612.81
1539439200,0.72,0.73,0.73,0.73,19080.32
1539442800,0.7,0.73,0.73,0.73,25242.62
1539446400,0.71,0.73,0.72,0.73,29542.75
1539450000,0.72,0.74,0.73,0.73,41658.66
1539453600,0.71,0.73,0.73,0.71,68413.77
1539457200,0.72,0.73,0.72,0.73,7105.01
1539460800,0.72,0.73,0.72,0.72,8255.58
1539464400,0.72,0.73,0.72,0.73,3230.5
1539468000,0.72,0.73,0.73,0.73,1157.78
1539471600,0.72,0.73,0.73,0.73,4268.39
1539475200,0.72,0.73,0.72,0.73,1219.56
1539478800,0.72,0.73,0.72,0.73,18520.45
1539482400,0.72,0.73,0.73,0.72,6537.65
1539486000,0.72,0.73,0.73,0.73,15488.65
1539489600,0.73,0.75,0.73,0.75,28921.66
1539493200,0.74,0.75,0.75,0.74,13019.09
1539496800,0.74,0.75,0.75,0.75,3332.65
1539500400,0.74,0.76,0.75,0.76,8087.03
1539504000,0.75,0.76,0.76,0.75,2595.74
1539507600,0.75,0.76,0.76,0.75,3070.8
1539511200,0.74,0.75,0.74,0.75,955.4
1539514800,0.75,0.75,0.75,0.75,462.39
1539518400,0.74,0.76,0.75,0.75,11631.07
1539522000,0.73,0.75,0.75,0.74,4953.66
1539525600,0.73,0.74,0.74,0.73,1664.49
1539529200,0.73,0.74,0.73,0.74,2347.7
1539532800,0.73,0.74,0.74,0.74,33558.94
1539536400,0.73,0.74,0.73,0.74,1335.13
1539540000,0.73,0.74,0.74,0.73,30102.1
1539543600,0.71,0.73,0.73,0.73,86209.46
1539547200,0.7,0.72,0.71,0.7,107122.13
1539550800,0.68,0.7,0.7,0.69,42065.78
1539554400,0.69,0.7,0.69,0.69,20372.09
1539558000,0.67,0.71,0.7,0.69,65467.58
1539561600,0.68,0.7,0.69,0.69,8032.16
1539565200,0.69,0.7,0.7,0.7,6888.8
1539568800,0.7,0.7,0.7,0.7,2970.47
1539572400,0.69,0.7,0.7,0.69,2238.86
1539576000,0.69,0.7,0.7,0.69,3727.38
1539579600,0.69,0.73,0.69,0.73,28789.36
1539583200,0.71,0.74,0.73,0.72,33974.2
1539586800,0.7,0.72,0.71,0.71,31447.82
1539590400,0.7,0.72,0.71,0.72,4402.75
1539594000,0.71,0.73,0.72,0.71,13715.71
1539597600,0.71,0.74,0.72,0.71,15948.61
1539601200,0.71,0.73,0.71,0.72,5593.79
1539604800,0.7,0.72,0.71,0.71,27976.24
1539608400,0.7,0.71,0.71,0.71,11604.03
1539612000,0.7,0.71,0.71,0.71,16909.54
1539615600,0.7,0.71,0.7,0.71,7199.9
1539619200,0.71,0.81,0.71,0.76,396696.84
1539622800,0.73,0.76,0.76,0.74,153798.38
1539626400,0.72,0.75,0.75,0.73,137716.37
1539630000,0.72,0.74,0.73,0.73,27617.97
1539633600,0.7,0.72,0.72,0.72,199836.15
1539637200,0.71,0.72,0.72,0.71,6338.44
1539640800,0.71,0.72,0.71,0.72,34575.94
1539644400,0.71,0.72,0.72,0.72,20285.39
1539648000,0.71,0.72,0.72,0.71,26578.38
1539651600,0.71,0.72,0.71,0.72,2905.68
1539655200,0.71,0.72,0.72,0.71,32583.01
1539658800,0.72,0.72,0.72,0.72,38650.92
1539662400,0.71,0.73,0.72,0.73,12202.48
1539666000,0.72,0.73,0.72,0.73,7227.19
1539669600,0.72,0.75,0.73,0.73,61831.52
1539673200,0.73,0.73,0.73,0.73,1299.44
1539676800,0.73,0.74,0.73,0.74,6673.34
1539680400,0.73,0.74,0.74,0.74,5033.55
1539684000,0.73,0.74,0.73,0.74,1440.54
1539687600,0.73,0.75,0.74,0.74,4537.44
1539691200,0.74,0.75,0.75,0.75,6255.47
1539694800,0.73,0.76,0.74,0.75,68832.44
1539698400,0.74,0.76,0.75,0.75,42555.8
1539702000,0.74,0.75,0.75,0.74,9603.47
1539705600,0.73,0.75,0.74,0.74,27980.6
1539709200,0.73,0.74,0.74,0.73,5014.23
1539712800,0.73,0.75,0.74,0.75,55816.12
1539716400,0.73,1.0,0.75,0.87,2132671.2
1539720000,0.79,0.89,0.87,0.84,1634669.06
1539723600,0.8,0.84,0.84,0.81,770117.26
1539727200,0.8,0.85,0.81,0.85,671004.35
1539730800,0.82,0.86,0.85,0.85,959758.12
1539734400,0.83,0.89,0.85,0.89,1116132.47
1539738000,0.88,0.97,0.89,0.96,2525819.06
1539741600,0.94,0.99,0.96,0.99,2027051.63
1539745200,0.96,1.3,0.99,1.04,5485120.24
1539748800,0.93,1.09,1.04,0.96,3525155.44
1539752400,0.91,1.0,0.97,0.92,1198471.17
1539756000,0.92,0.96,0.93,0.95,586684.99
1539759600,0.94,0.97,0.95,0.96,446928.54
1539763200,0.94,0.97,0.96,0.96,320817.25
1539766800,0.93,0.97,0.96,0.93,328030.28
1539770400,0.85,0.95,0.94,0.9,872038.86
1539774000,0.88,0.98,0.88,0.95,939773.02
1539777600,0.89,0.96,0.95,0.92,711590.95
1539781200,0.91,0.93,0.92,0.92,463600.79
1539784800,0.91,0.94,0.92,0.94,853951.26
1539788400,0.93,0.96,0.94,0.95,894095.37
1539792000,0.94,0.98,0.95,0.95,1341747.0
1539795600,0.94,0.96,0.95,0.95,602158.1
1539799200,0.9,0.95,0.94,0.93,864524.62
1539802800,0.89,0.93,0.93,0.89,580124.99
1539806400,0.89,0.91,0.9,0.9,555594.41
1539810000,0.89,0.91,0.91,0.9,387611.04
1539813600,0.89,0.9,0.9,0.9,358110.14
1539817200,0.89,0.91,0.9,0.91,414919.52
1539820800,0.9,0.92,0.91,0.91,496437.8
1539824400,0.89,0.91,0.91,0.91,379366.25
1539828000,0.86,0.91,0.91,0.88,669380.13
1539831600,0.86,0.88,0.88,0.87,595615.97
1539835200,0.86,0.88,0.87,0.86,355806.69
1539838800,0.86,0.87,0.86,0.87,131439.31
1539842400,0.86,0.87,0.87,0.87,158002.21
1539846000,0.86,0.87,0.87,0.87,51191.81
1539849600,0.86,0.87,0.87,0.87,72012.88
1539853200,0.86,0.89,0.87,0.89,163513.58
1539856800,0.87,0.89,0.89,0.88,220347.67
1539860400,0.86,0.88,0.87,0.87,272584.9
1539864000,0.85,0.88,0.87,0.87,365029.38
1539867600,0.85,0.87,0.87,0.86,286796.88
1539871200,0.85,0.86,0.86,0.86,240310.87
1539874800,0.84,0.86,0.86,0.85,534429.44
1539878400,0.83,0.85,0.85,0.84,526725.99
1539882000,0.83,0.85,0.84,0.84,309904.73
1539885600,0.83,0.85,0.84,0.84,266481.68
1539889200,0.82,0.84,0.84,0.83,205412.85
1539892800,0.82,0.89,0.83,0.86,706097.58
1539896400,0.83,0.87,0.87,0.85,384503.0
1539900000,0.83,0.85,0.85,0.85,217953.31
1539903600,0.84,0.85,0.85,0.85,167018.07
1539907200,0.84,0.88,0.84,0.87,455344.47
1539910800,0.87,0.89,0.88,0.88,321366.82
1539914400,0.87,0.91,0.88,0.91,354748.88
1539918000,0.87,0.91,0.91,0.89,592057.89
1539921600,0.88,0.9,0.89,0.89,303029.98
1539925200,0.86,0.89,0.89,0.87,226707.11
1539928800,0.86,0.87,0.87,0.87,116137.76
1539932400,0.85,0.87,0.87,0.86,110240.86
1539936000,0.85,0.88,0.86,0.87,61317.71
1539939600,0.86,0.88,0.86,0.88,62954.52
1539943200,0.86,0.88,0.87,0.88,69584.05
1539946800,0.87,0.9,0.88,0.89,283283.31
1539950400,0.87,0.89,0.89,0.88,230776.74
1539954000,0.87,0.88,0.88,0.88,107278.34
1539957600,0.86,0.88,0.88,0.87,177488.21
1539961200,0.86,0.88,0.87,0.88,123116.46
1539964800,0.87,0.89,0.88,0.89,357879.38
1539968400,0.87,0.89,0.89,0.89,249697.24
1539972000,0.88,0.89,0.89,0.88,137429.75
1539975600,0.88,0.93,0.89,0.92,812796.66
1539979200,0.91,0.95,0.92,0.92,1027964.8
1539982800,0.91,0.92,0.91,0.92,319031.31
1539986400,0.91,0.92,0.92,0.91,245924.33
1539990000,0.9,0.92,0.92,0.91,285818.47
1539993600,0.9,0.91,0.91,0.91,251181.2
1539997200,0.87,0.91,0.91,0.88,660200.72
1540000800,0.88,0.89,0.89,0.89,75778.26
1540004400,0.88,0.89,0.89,0.89,116152.2
1540008000,0.88,0.89,0.89,0.89,88902.23
1540011600,0.88,0.89,0.89,0.88,58151.41
1540015200,0.88,0.9,0.89,0.9,131277.56
1540018800,0.89,0.9,0.9,0.9,98452.72
1540022400,0.89,0.9,0.9,0.9,46085.31
1540026000,0.89,0.9,0.9,0.89,43776.07
1540029600,0.89,0.91,0.89,0.91,47162.0
1540033200,0.89,0.91,0.91,0.91,48344.53
1540036800,0.89,0.91,0.9,0.91,111981.66
1540040400,0.89,0.91,0.91,0.91,155321.96
1540044000,0.9,0.91,0.91,0.91,132953.18
1540047600,0.9,0.91,0.91,0.91,109807.81
1540051200,0.89,0.91,0.91,0.9,236132.25
1540054800,0.89,0.9,0.9,0.9,117023.85
1540058400,0.89,0.9,0.9,0.9,90045.39
1540062000,0.89,0.9,0.9,0.89,79723.21
1540065600,0.89,0.9,0.9,0.9,60107.23
1540069200,0.89,0.9,0.9,0.9,67946.94
1540072800,0.89,0.9,0.9,0.89,169285.5
1540076400,0.88,0.9,0.9,0.88,233742.5
1540080000,0.88,0.9,0.89,0.89,163793.34
1540083600,0.89,0.9,0.9,0.9,108690.82
1540087200,0.89,0.9,0.9,0.89,149319.1
1540090800,0.88,0.9,0.9,0.89,319504.04
1540094400,0.89,0.9,0.89,0.9,84654.47
1540098000,0.88,0.9,0.9,0.88,150681.31
1540101600,0.88,0.89,0.89,0.89,59299.07
1540105200,0.88,0.89,0.88,0.89,56276.25
1540108800,0.87,0.89,0.89,0.89,70518.09
1540112400,0.88,0.89,0.89,0.89,13752.71
1540116000,0.88,0.89,0.88,0.88,13938.59
1540119600,0.88,0.89,0.89,0.88,17709.75
1540123200,0.88,0.89,0.89,0.89,26184.32
1540126800,0.88,0.89,0.89,0.89,37104.81
1540130400,0.88,0.89,0.89,0.89,87943.45
1540134000,0.88,0.89,0.89,0.89,68998.4
1540137600,0.88,0.89,0.89,0.88,85989.18
1540141200,0.88,0.89,0.88,0.89,98722.3
1540144800,0.87,0.89,0.89,0.88,178837.37
1540148400,0.87,0.88,0.87,0.87,126216.11
1540152000,0.87,0.88,0.88,0.88,65537.13
1540155600,0.87,0.88,0.88,0.88,103392.74
1540159200,0.87,0.88,0.88,0.88,217638.32
1540162800,0.86,0.88,0.88,0.87,236757.92
1540166400,0.86,0.87,0.86,0.87,85496.31
1540170000,0.86,0.88,0.87,0.87,92869.84
1540173600,0.87,0.88,0.87,0.88,127787.68
1540177200,0.87,0.88,0.88,0.88,47348.78
1540180800,0.87,0.88,0.87,0.88,53731.51
1540184400,0.87,0.88,0.88,0.87,50643.41
1540188000,0.87,0.88,0.88,0.88,26196.06
1540191600,0.87,0.88,0.88,0.87,18783.82
1540195200,0.87,0.88,0.88,0.88,74453.47
1540198800,0.87,0.89,0.88,0.89,75714.17
1540202400,0.87,0.89,0.88,0.88,107262.99
1540206000,0.87,0.89,0.87,0.88,72934.01
1540209600,0.87,0.89,0.88,0.87,49045.38
1540213200,0.87,0.88,0.88,0.87,104446.93
1540216800,0.87,0.89,0.88,0.89,125703.0
1540220400,0.88,0.89,0.89,0.89,173712.92
1540224000,0.88,0.89,0.89,0.89,105491.83
1540227600,0.88,0.89,0.89,0.89,103854.24
1540231200,0.88,0.89,0.89,0.88,149505.7
1540234800,0.88,0.89,0.89,0.89,91862.86
1540238400,0.88,0.9,0.88,0.9,106526.37
1540242000,0.89,0.9,0.9,0.9,73567.43
1540245600,0.89,0.9,0.89,0.9,115583.94
1540249200,0.89,0.91,0.89,0.91,370149.2
1540252800,0.9,0.91,0.91,0.9,75382.54
1540256400,0.89,0.91,0.91,0.9,285730.35
1540260000,0.89,0.9,0.9,0.9,107223.74
1540263600,0.89,0.9,0.9,0.89,58768.94
1540267200,0.89,0.9,0.9,0.9,45743.75
1540270800,0.89,0.9,0.9,0.89,90701.97
1540274400,0.89,0.9,0.9,0.89,126929.67
1540278000,0.88,0.9,0.9,0.89,135314.05
1540281600,0.88,0.89,0.89,0.89,45830.99
1540285200,0.88,0.89,0.89,0.88,63362.39
1540288800,0.88,0.89,0.89,0.89,89799.49
1540292400,0.88,0.89,0.88,0.89,90890.22
1540296000,0.88,0.89,0.89,0.89,119055.75
1540299600,0.88,0.89,0.89,0.89,173259.64
1540303200,0.87,0.89,0.89,0.87,325963.82
1540306800,0.87,0.88,0.88,0.88,112159.68
1540310400,0.87,0.88,0.88,0.88,51999.54
1540314000,0.87,0.88,0.87,0.88,93364.61
1540317600,0.87,0.88,0.88,0.88,70229.33
1540321200,0.87,0.88,0.88,0.87,88213.93
1540324800,0.87,0.88,0.88,0.88,85952.76
1540328400,0.87,0.88,0.88,0.88,171118.81
1540332000,0.86,0.88,0.87,0.88,136018.74
1540335600,0.86,0.88,0.87,0.88,85304.4
1540339200,0.87,0.88,0.87,0.88,58639.5
1540342800,0.87,0.88,0.88,0.88,103912.21
1540346400,0.87,0.88,0.88,0.88,132578.14
1540350000,0.87,0.88,0.88,0.88,115257.76
1540353600,0.87,0.88,0.87,0.88,129683.08
1540357200,0.87,0.88,0.87,0.88,51950.03
1540360800,0.87,0.88,0.88,0.88,29441.71
1540364400,0.87,0.88,0.87,0.88,8345.59
1540368000,0.87,0.88,0.88,0.88,14559.12
1540371600,0.87,0.88,0.88,0.88,45156.25
1540375200,0.87,0.88,0.88,0.88,102091.65
1540378800,0.86,0.88,0.87,0.87,104148.01
1540382400,0.86,0.87,0.86,0.87,53295.26
1540386000,0.85,0.87,0.87,0.85,309922.99
1540389600,0.85,0.86,0.86,0.86,132557.72
1540393200,0.83,0.86,0.86,0.84,539188.66
1540396800,0.82,0.85,0.84,0.85,363220.05
1540400400,0.84,0.85,0.84,0.84,87549.68
1540404000,0.84,0.85,0.84,0.85,117575.22
1540407600,0.84,0.85,0.85,0.85,177453.66
1540411200,0.83,0.85,0.85,0.84,231931.14
1540414800,0.83,0.85,0.85,0.84,135098.32
1540418400,0.83,0.85,0.84,0.84,133025.81
1540422000,0.83,0.85,0.84,0.85,149845.66
1540425600,0.83,0.85,0.85,0.84,103790.73
1540429200,0.84,0.84,0.84,0.84,67.54
1540432800,0.83,0.84,0.84,0.84,113169.69
1540436400,0.83,0.84,0.84,0.84,136522.77
1540440000,0.83,0.84,0.84,0.83,103894.52
1540443600,0.83,0.84,0.84,0.84,61025.76
1540447200,0.83,0.84,0.84,0.84,71628.28
1540450800,0.83,0.84,0.84,0.83,41004.8
1540454400,0.83,0.84,0.84,0.84,23491.0
1540458000,0.83,0.84,0.84,0.83,48109.45
1540461600,0.83,0.84,0.84,0.84,45604.02
1540465200,0.83,0.84,0.84,0.84,70801.48
1540468800,0.83,0.84,0.83,0.83,36685.53
1540472400,0.83,0.84,0.84,0.84,206669.31
1540476000,0.83,0.85,0.84,0.85,60867.81
1540479600,0.84,0.85,0.85,0.84,71706.5
1540483200,0.83,0.85,0.84,0.84,121076.99
1540486800,0.83,0.85,0.84,0.84,180385.18
1540490400,0.83,0.85,0.84,0.84,107840.46
1540494000,0.84,0.85,0.85,0.84,64940.69
1540497600,0.83,0.85,0.84,0.84,69086.29
1540501200,0.83,0.85,0.84,0.85,72496.4
1540504800,0.84,0.85,0.85,0.85,81316.36
1540508400,0.83,0.85,0.84,0.83,87207.03
1540512000,0.83,0.85,0.84,0.84,159316.12
1540515600,0.83,0.84,0.84,0.83,87750.44
1540519200,0.83,0.84,0.84,0.84,68014.63
1540522800,0.83,0.84,0.84,0.84,36585.41
1540526400,0.83,0.85,0.84,0.85,82277.53
1540530000,0.84,0.85,0.85,0.85,38270.61
1540533600,0.84,0.85,0.85,0.85,34300.59
1540537200,0.83,0.85,0.85,0.84,20858.07
1540540800,0.83,0.84,0.83,0.83,15145.63
1540544400,0.83,0.84,0.83,0.84,15033.48
1540548000,0.83,0.84,0.84,0.84,22639.34
1540551600,0.83,0.84,0.84,0.84,17378.63
1540555200,0.83,0.84,0.83,0.83,58138.54
1540558800,0.82,0.84,0.84,0.83,271344.02
1540562400,0.81,0.83,0.83,0.82,324816.28
1540566000,0.8,0.82,0.82,0.81,419834.48
1540569600,0.8,0.82,0.81,0.82,228443.01
1540573200,0.81,0.82,0.82,0.81,117980.04
1540576800,0.8,0.82,0.81,0.81,186538.76
1540580400,0.8,0.81,0.81,0.81,78668.66
1540584000,0.8,0.81,0.8,0.81,81273.0
1540587600,0.8,0.81,0.81,0.81,178558.74
1540591200,0.8,0.81,0.8,0.8,116496.38
1540594800,0.79,0.81,0.81,0.8,171670.53
1540598400,0.79,0.81,0.8,0.81,253918.63
1540602000,0.8,0.81,0.81,0.81,48200.06
1540605600,0.8,0.81,0.8,0.81,41279.9
1540609200,0.8,0.81,0.81,0.81,75423.35
1540612800,0.8,0.81,0.81,0.81,37843.58
1540616400,0.8,0.81,0.81,0.8,41850.66
1540620000,0.8,0.81,0.81,0.81,20337.08
1540623600,0.8,0.81,0.81,0.81,55031.99
1540627200,0.8,0.81,0.81,0.81,28982.06
1540630800,0.8,0.81,0.8,0.81,11193.53
1540634400,0.8,0.81,0.81,0.81,17250.02
1540638000,0.8,0.81,0.81,0.8,6670.12
1540641600,0.8,0.81,0.81,0.81,23246.67
1540645200,0.8,0.81,0.81,0.8,99170.58
1540648800,0.79,0.81,0.8,0.8,147777.31
1540652400,0.79,0.8,0.8,0.8,104220.76
1540656000,0.78,0.8,0.8,0.78,198569.36
1540659600,0.78,0.79,0.78,0.79,85819.76
1540663200,0.78,0.79,0.79,0.79,86208.42
1540666800,0.78,0.79,0.79,0.78,151856.13
1540670400,0.77,0.79,0.78,0.78,209744.86
1540674000,0.77,0.78,0.78,0.78,238517.48
1540677600,0.77,0.79,0.77,0.79,152700.05
1540681200,0.78,0.79,0.79,0.78,58624.31
1540684800,0.78,0.79,0.79,0.79,40009.44
1540688400,0.78,0.79,0.79,0.79,65467.06
1540692000,0.78,0.79,0.78,0.79,16053.3
1540695600,0.78,0.79,0.79,0.78,42375.5
1540699200,0.78,0.79,0.78,0.79,43752.91
1540702800,0.78,0.79,0.79,0.79,58526.82
1540706400,0.78,0.79,0.78,0.79,22587.67
1540710000,0.78,0.79,0.79,0.79,30067.6
1540713600,0.78,0.79,0.79,0.79,6137.15
1540717200,0.78,0.79,0.79,0.79,5390.64
1540720800,0.78,0.79,0.78,0.78,16485.69
1540724400,0.78,0.79,0.79,0.79,23933.15
1540728000,0.78,0.79,0.79,0.79,33708.22
1540731600,0.78,0.79,0.79,0.79,20709.2
1540735200,0.78,0.79,0.79,0.79,203141.98
1540738800,0.78,0.8,0.78,0.8,177054.21
1540742400,0.79,0.81,0.8,0.81,328720.46
1540746000,0.8,0.81,0.81,0.8,96856.96
1540749600,0.8,0.81,0.81,0.81,162066.88
1540753200,0.8,0.81,0.81,0.81,36732.99
1540756800,0.8,0.81,0.81,0.81,67741.59
1540760400,0.8,0.81,0.81,0.8,62417.85
1540764000,0.8,0.81,0.81,0.81,78667.54
1540767600,0.8,0.82,0.81,0.82,518165.3
1540771200,0.81,0.82,0.82,0.82,110046.55
1540774800,0.81,0.82,0.82,0.81,217368.64
1540778400,0.81,0.82,0.82,0.82,143230.9
1540782000,0.8,0.82,0.82,0.8,67252.62
1540785600,0.8,0.81,0.81,0.81,101911.22
1540789200,0.8,0.82,0.81,0.81,46534.35
1540792800,0.8,0.82,0.81,0.81,132754.47
1540796400,0.8,0.81,0.81,0.81,15961.19
1540800000,0.8,0.81,0.81,0.81,29744.53
1540803600,0.8,0.81,0.8,0.81,5825.57
1540807200,0.8,0.81,0.8,0.81,25619.76
1540810800,0.79,0.81,0.81,0.8,131968.94
1540814400,0.77,0.8,0.79,0.78,450607.31
1540818000,0.76,0.78,0.77,0.76,556747.54
1540821600,0.76,0.77,0.76,0.77,122708.36
1540825200,0.76,0.77,0.77,0.77,115111.57
1540828800,0.75,0.77,0.77,0.75,229272.8
1540832400,0.75,0.77,0.76,0.76,170299.65
1540836000,0.75,0.77,0.77,0.76,247127.83
1540839600,0.75,0.77,0.76,0.75,149961.92
1540843200,0.75,0.77,0.76,0.76,154192.1
1540846800,0.75,0.77,0.76,0.75,141103.69
1540850400,0.75,0.77,0.76,0.77,98544.25
1540854000,0.76,0.77,0.77,0.77,114224.04
1540857600,0.76,0.77,0.77,0.77,100905.97
1540861200,0.76,0.77,0.77,0.77,36203.73
1540864800,0.76,0.77,0.77,0.77,127112.0
1540868400,0.76,0.77,0.77,0.77,47740.67
1540872000,0.76,0.77,0.76,0.77,55210.75
1540875600,0.76,0.77,0.77,0.77,31543.01
1540879200,0.76,0.77,0.77,0.76,36714.5
1540882800,0.76,0.77,0.76,0.77,55231.75
1540886400,0.76,0.77,0.77,0.77,18105.3
1540890000,0.76,0.77,0.76,0.77,17220.98
1540893600,0.76,0.77,0.77,0.77,14236.72
1540897200,0.76,0.77,0.77,0.77,25955.05
1540900800,0.76,0.77,0.77,0.77,50157.18
1540904400,0.76,0.77,0.77,0.77,57905.53
1540908000,0.76,0.77,0.77,0.76,80910.07
1540911600,0.76,0.77,0.77,0.77,61621.06
1540915200,0.76,0.77,0.77,0.76,73015.12
1540918800,0.76,0.77,0.77,0.77,110157.05
1540922400,0.76,0.77,0.77,0.77,40027.28
1540926000,0.76,0.77,0.77,0.77,101828.93
1540929600,0.76,0.77,0.77,0.77,74232.8
1540933200,0.76,0.77,0.76,0.77,79314.57
1540936800,0.76,0.77,0.77,0.77,146660.73
1540940400,0.76,0.77,0.77,0.77,48866.77
1540944000,0.76,0.77,0.77,0.77,71268.24
1540947600,0.76,0.77,0.77,0.77,42327.24
1540951200,0.76,0.78,0.77,0.78,63043.04
1540954800,0.77,0.78,0.78,0.78,91725.47
1540958400,0.77,0.78,0.78,0.78,223401.65
1540962000,0.77,0.78,0.77,0.78,114497.25
1540965600,0.77,0.78,0.77,0.77,32267.53
1540969200,0.77,0.78,0.77,0.78,17469.28
1540972800,0.77,0.78,0.78,0.78,16001.9
1540976400,0.77,0.78,0.78,0.77,53193.72
1540980000,0.76,0.78,0.78,0.78,51223.25
1540983600,0.76,0.78,0.78,0.77,190393.33
1540987200,0.76,0.77,0.77,0.77,29857.11
1540990800,0.76,0.77,0.77,0.77,66351.87
1540994400,0.76,0.77,0.77,0.77,137759.75
1540998000,0.75,0.78,0.76,0.78,283063.68
1541001600,0.76,0.78,0.77,0.77,180166.07
1541005200,0.76,0.77,0.77,0.77,75674.66
1541008800,0.76,0.77,0.76,0.77,37375.91
1541012400,0.76,0.77,0.77,0.77,40971.34
1541016000,0.76,0.77,0.77,0.77,56842.02
1541019600,0.76,0.77,0.77,0.77,90068.22
1541023200,0.76,0.77,0.77,0.76,79716.13
1541026800,0.76,0.77,0.77,0.77,30424.0
1541030400,0.76,0.78,0.77,0.77,148849.69
1541034000,0.77,0.78,0.78,0.78,28859.51
1541037600,0.77,0.78,0.78,0.78,86088.61
1541041200,0.77,0.78,0.78,0.78,68536.6
1541044800,0.77,0.78,0.78,0.77,30639.43
1541048400,0.77,0.78,0.78,0.78,21376.17
1541052000,0.77,0.78,0.78,0.78,21312.43
1541055600,0.77,0.78,0.78,0.78,12331.88
1541059200,0.77,0.78,0.78,0.78,7298.85
1541062800,0.77,0.78,0.78,0.78,14630.26
1541066400,0.77,0.78,0.77,0.78,28479.48
1541070000,0.77,0.78,0.78,0.78,42737.74
1541073600,0.77,0.78,0.78,0.78,107454.87
1541077200,0.78,0.8,0.79,0.79,123931.05
1541080800,0.79,0.8,0.8,0.8,90890.35
1541084400,0.79,0.8,0.79,0.8,121027.31
1541088000,0.79,0.8,0.8,0.8,117841.04
1541091600,0.79,0.8,0.79,0.8,89977.48
1541095200,0.79,0.81,0.8,0.8,356570.96
1541098800,0.8,0.82,0.81,0.82,410880.65
1541102400,0.8,0.82,0.82,0.81,108565.31
1541106000,0.8,0.81,0.81,0.81,167586.66
1541109600,0.8,0.81,0.81,0.81,67344.04
1541113200,0.8,0.82,0.8,0.81,138589.83
1541116800,0.8,0.82,0.81,0.82,165827.5
1541120400,0.81,0.84,0.82,0.83,623053.55
1541124000,0.81,0.84,0.83,0.82,645652.76
1541127600,0.8,0.82,0.82,0.81,206139.41
1541131200,0.8,0.81,0.8,0.8,76451.29
1541134800,0.8,0.83,0.81,0.82,533564.81
1541138400,0.82,0.83,0.83,0.83,114315.85
1541142000,0.82,0.83,0.83,0.82,31550.68
1541145600,0.82,0.83,0.83,0.83,41421.36
1541149200,0.82,0.83,0.83,0.83,80173.26
1541152800,0.81,0.83,0.82,0.82,114198.87
1541156400,0.81,0.83,0.82,0.83,94723.41
1541160000,0.82,0.83,0.83,0.83,65628.79
1541163600,0.81,0.83,0.83,0.82,163390.45
1541167200,0.81,0.82,0.82,0.82,84585.95
1541170800,0.81,0.83,0.81,0.83,283133.37
1541174400,0.82,0.83,0.83,0.83,79427.9
1541178000,0.82,0.83,0.82,0.82,75263.18
1541181600,0.81,0.83,0.82,0.82,342159.68
1541185200,0.81,0.82,0.82,0.81,77838.06
1541188800,0.8,0.82,0.82,0.81,237134.8
1541192400,0.8,0.81,0.81,0.81,65448.77
1541196000,0.8,0.81,0.8,0.81,33812.52
1541199600,0.8,0.81,0.81,0.81,39166.93
1541203200,0.8,0.81,0.81,0.81,86215.72
1541206800,0.8,0.81,0.81,0.81,37574.27
1541210400,0.8,0.81,0.81,0.81,30312.02
1541214000,0.8,0.81,0.81,0.81,35473.88
1541217600,0.8,0.81,0.8,0.8,51377.65
1541221200,0.8,0.81,0.81,0.81,14263.39
1541224800,0.8,0.81,0.81,0.81,13774.49
1541228400,0.8,0.81,0.81,0.81,37982.24
1541232000,0.8,0.81,0.81,0.8,11854.88
1541235600,0.8,0.81,0.8,0.81,26768.33
1541239200,0.8,0.81,0.8,0.81,548.77
