1544400000,0.01429,0.02111,0.02111,0.01523,3097950.0
1544486400,0.0129,0.01521,0.01521,0.0136,1788333.0
1544572800,0.012658,0.013553,0.013219,0.0132,1467349.0
1544659200,0.011384,0.013194,0.013161,0.011384,1495789.0
1544745600,0.0105,0.012252,0.011356,0.0108,743616.0
1544832000,0.010174,0.010925,0.01078,0.010505,792247.0
1544918400,0.010301,0.010992,0.010536,0.010301,2048815.0
1545004800,0.010342,0.012664,0.010342,0.0116,1345092.0
1545091200,0.011153,0.011907,0.011705,0.011804,1610712.0
1545177600,0.011503,0.01275,0.011891,0.0116,6120551.0
1545264000,0.011382,0.012925,0.011512,0.012674,3973664.0
1545350400,0.012215,0.013196,0.01265,0.012575,960017.0
1545436800,0.0121,0.0123,0.012214,0.0123,496158.0
