1540512000,6397.0,6415.0,6415.0,6414.9,0.244
1540598400,6382.8,6424.94,6397.13,6405.99,11.54
1540684800,6396.0,6418.78,6406.01,6402.0,6.93
1540771200,6218.91,6406.99,6402.0,6245.55,26.28
1540857600,6243.57,6293.1,6254.82,6283.63,12.34
1540944000,6225.0,6351.0,6266.05,6300.12,24.62
1541030400,6291.22,6399.99,6295.07,6332.39,30.38
1541116800,6312.81,6388.0,6344.0,6349.94,33.28
1541203200,6308.01,6355.1,6337.9,6322.06,17.49
1541289600,6320.82,6463.58,6320.82,6436.7,27.91
1541376000,6368.0,6440.0,6415.51,6400.0,20.29
1541462400,6382.69,6446.0,6395.62,6446.0,43.84
1541548800,6439.73,6540.58,6447.0,6504.99,57.96
1541635200,6397.83,6510.0,6505.9,6411.84,209.11
1541721600,6320.01,6415.0,6410.27,6354.99,97.68
1541808000,6326.28,6377.11,6335.0,6359.41,21.19
1541894400,6284.42,6359.41,6359.41,6356.97,66.26
1541980800,6357.51,6385.94,6359.41,6367.81,12.8
1542067200,6255.06,6325.0,6324.01,6289.99,21.31
