1533751200,15.16,15.51,15.5,15.4,11412.486808770005
1533754800,15.35,15.69,15.4,15.41,31331.52247694998
1533758400,15.01,15.48,15.46,15.01,15245.446620490002
1533762000,14.52,15.12,15.06,14.62,14078.430180920006
1533765600,14.62,14.96,14.62,14.94,9236.74415382
1533769200,14.81,15.25,14.95,15.09,6138.788373570003
1533772800,15.13,15.49,15.15,15.19,14462.027242320008
1533776400,15.16,15.34,15.2,15.28,4355.113040050002
1533780000,15.16,15.37,15.28,15.21,4150.05489422
1533783600,14.74,15.22,15.2,14.96,8941.893952030014
1533787200,14.84,15.08,15.01,15.08,4070.5808360899996
1533790800,14.91,15.18,15.08,15.0,1018.87089137
1533794400,14.97,15.21,14.97,15.13,2405.5140395099993
1533798000,14.99,15.37,15.17,15.1,1785.4018027599998
1533801600,14.9,15.13,15.09,15.06,765.81547066
1533805200,15.02,15.19,15.04,15.05,1195.1444474999998
1533808800,14.9,15.03,15.03,14.95,1076.54807047
1533812400,14.7,14.99,14.97,14.9,2279.7738167899997
1533816000,14.56,14.89,14.89,14.61,3200.2779250399994
1533819600,14.3,15.14,14.61,15.04,13518.425397390009
1533823200,15.06,15.43,15.1,15.33,5671.656444170003
1533826800,14.96,15.4,15.32,15.02,6367.363556899999
1533830400,15.01,15.12,15.02,15.08,3940.4577115099983
1533834000,15.0,15.13,15.08,15.12,2606.7472785100003
1533837600,15.04,15.14,15.12,15.14,4905.92152549
1533841200,14.96,15.15,15.1,15.0,4149.782408270001
1533844800,14.96,15.1,14.99,15.06,1498.13199308
1533848400,15.06,15.29,15.06,15.16,7576.682046350004
1533852000,15.16,15.27,15.16,15.23,3513.371856340001
1533855600,14.96,15.24,15.23,15.0,5002.4616497900015
1533859200,14.85,15.1,15.01,15.0,4446.80959868
1533862800,14.65,14.99,14.99,14.7,3537.3622338099985
1533866400,14.65,14.89,14.74,14.65,2588.37609572
1533870000,14.7,14.76,14.7,14.73,183.01849522999998
1533873600,14.7,14.76,14.71,14.76,1374.5958213400002
1533877200,14.76,14.86,14.76,14.86,470.9913476800001
1533880800,14.7,14.91,14.86,14.91,4427.2861632899985
1533884400,14.83,15.08,14.91,14.93,2259.9857582599993
1533888000,14.7,15.03,14.95,14.83,498.07116048
1533891600,14.62,14.81,14.77,14.81,1367.8327743199998
1533895200,14.68,14.88,14.7,14.81,527.8565137100001
1533898800,14.71,14.84,14.84,14.71,154.13267120999996
1533902400,14.75,15.08,14.75,14.98,769.5578005800002
1533906000,14.9,15.32,15.0,15.28,12967.914513580004
1533909600,14.99,15.3,15.3,14.99,3728.98027057
1533913200,14.98,15.18,14.98,15.1,2389.6962981300003
1533916800,15.0,15.2,15.16,15.0,1711.5286694399995
1533920400,14.96,15.04,14.98,14.98,5906.29351766
1533924000,14.91,15.2,14.97,15.09,6250.52629833
1533927600,14.91,15.15,15.09,15.04,4746.344209179999
1533931200,14.5,15.03,15.03,14.63,12650.926481060002
1533934800,13.9,14.63,14.62,14.16,19464.250677069995
1533938400,13.7,14.25,14.17,14.15,11435.698017280001
1533942000,14.11,14.39,14.15,14.24,5467.263484480001
1533945600,14.01,14.24,14.24,14.11,2767.73034806
1533949200,14.01,14.12,14.11,14.1,2342.660821640001
1533952800,13.96,14.2,14.09,14.1,4418.604513080001
1533956400,13.35,14.11,14.11,13.46,5035.500816740001
1533960000,13.37,13.63,13.45,13.52,3155.8753916399987
1533963600,13.17,13.54,13.51,13.39,5042.466954019999
1533967200,13.29,13.52,13.5,13.33,1146.03980109
1533970800,13.22,13.39,13.33,13.39,742.33969618
1533974400,13.38,13.48,13.43,13.48,372.65914213
1533978000,13.29,13.51,13.42,13.51,614.1880530000001
1533981600,13.5,13.5,13.5,13.5,5.46508621
1533985200,13.31,13.46,13.46,13.38,60.93827422999999
1533988800,13.1,13.31,13.31,13.25,3555.8865170000004
1533992400,13.22,13.37,13.25,13.3,2833.88461643
1533996000,13.25,13.3,13.3,13.28,820.3332187699998
1533999600,13.27,13.44,13.28,13.27,2355.9353023399995
1534003200,12.51,13.32,13.27,12.75,6318.795316410001
1534006800,12.74,13.85,12.74,13.68,9708.354980310005
1534010400,13.35,13.79,13.68,13.5,2170.6228439
1534014000,12.6,13.65,13.49,13.55,16769.963397660013
1534017600,13.49,13.57,13.54,13.57,471.12782203000006
1534021200,13.58,13.68,13.58,13.68,407.4950115800002
1534024800,13.64,13.7,13.64,13.67,811.11136256
1534028400,13.22,13.83,13.72,13.22,3005.209248449999
1534032000,12.85,13.29,13.24,13.15,5912.054063759998
1534035600,12.97,13.15,13.15,13.1,3124.6417192600006
1534039200,13.11,13.37,13.11,13.29,2699.53979942
1534042800,13.26,13.33,13.29,13.27,337.93677373
1534046400,12.92,13.27,13.26,13.18,4713.090126
1534050000,13.19,13.46,13.19,13.4,4700.108042840001
1534053600,13.39,13.6,13.42,13.59,1327.7410567699994
1534057200,13.25,13.6,13.59,13.49,2647.2005087100006
1534060800,13.25,13.47,13.47,13.33,1745.3198574899995
1534064400,13.32,13.41,13.32,13.38,156.41508054
1534068000,13.4,13.44,13.4,13.44,84.22705069999999
1534071600,13.39,13.44,13.42,13.44,373.96081987
1534075200,13.25,13.5,13.46,13.26,3294.16908624
1534078800,13.26,13.45,13.31,13.38,3429.7283645199996
1534082400,13.38,13.46,13.39,13.44,89.94101384
1534086000,13.32,13.49,13.43,13.4,734.07658534
1534089600,13.27,13.43,13.38,13.41,2516.3198177699996
1534093200,13.22,13.42,13.42,13.24,4862.767072179999
1534096800,13.2,13.26,13.25,13.21,612.1043961500001
1534100400,13.05,13.45,13.21,13.14,6976.732920650005
1534104000,13.08,13.3,13.14,13.3,2525.14287205
1534107600,13.26,13.38,13.3,13.38,1268.4408644200003
1534111200,13.26,13.33,13.32,13.28,442.3826676200001
1534114800,13.14,13.3,13.27,13.17,1273.2108136899997
1534118400,13.15,13.33,13.17,13.3,1032.41009944
1534122000,13.29,13.35,13.3,13.3,180.58297166999995
1534125600,13.17,13.3,13.3,13.21,489.93029149
1534129200,13.2,13.29,13.2,13.29,295.5945451299999
1534132800,13.23,13.32,13.3,13.23,1068.6872261900003
1534136400,13.21,13.26,13.26,13.21,361.56834523
1534140000,13.21,13.34,13.21,13.28,455.54629038
1534143600,13.2,13.28,13.27,13.22,53.50837956
1534147200,13.27,13.46,13.27,13.4,2821.3230789299996
1534150800,13.35,13.45,13.4,13.36,460.45613567
1534154400,13.38,13.38,13.38,13.38,2.33554612
1534158000,13.38,13.42,13.42,13.4,563.4482636399999
1534161600,13.34,13.39,13.38,13.38,96.56096548
1534165200,12.5,13.39,13.38,13.25,7460.775592760016
1534168800,13.24,13.28,13.24,13.25,492.02628676
1534172400,12.75,13.27,13.25,12.82,8683.485844949999
1534176000,12.65,13.15,12.82,12.76,17232.67521348
1534179600,12.51,12.76,12.76,12.53,10072.720374170005
1534183200,12.5,12.58,12.54,12.58,3686.85056624
1534186800,12.43,12.59,12.58,12.46,6940.411717349997
1534190400,12.39,12.54,12.46,12.49,34103.30260543997
1534194000,12.43,12.5,12.49,12.44,1624.5986978499996
1534197600,11.9,12.44,12.44,12.14,12033.057146860008
1534201200,12.04,12.19,12.11,12.04,7964.004956590001
1534204800,11.0,12.05,12.04,11.33,30053.928109610017
1534208400,10.67,11.43,11.33,10.72,48889.41021296003
1534212000,10.11,10.71,10.71,10.63,31332.25957784999
1534215600,10.56,10.92,10.63,10.89,11241.22598898
1534219200,10.75,11.06,10.93,10.93,8430.440004190003
1534222800,10.76,10.98,10.91,10.77,8227.122200839998
1534226400,10.65,10.75,10.75,10.7,3618.1992728199994
1534230000,10.71,11.09,10.71,10.94,4307.208697340001
1534233600,10.92,11.05,10.92,11.05,1700.5385457999998
1534237200,10.96,11.08,11.04,11.06,2087.2387179800003
1534240800,10.87,11.08,11.07,10.89,1202.0963428700002
1534244400,10.7,10.87,10.85,10.81,13071.22810349
1534248000,10.72,10.95,10.81,10.91,13768.807239560001
1534251600,10.94,11.12,10.94,10.99,7898.75211748
1534255200,10.64,10.98,10.98,10.66,10274.216994310007
1534258800,10.57,10.8,10.66,10.76,7722.094975519996
1534262400,10.58,10.74,10.74,10.6,8380.260295150003
1534266000,10.62,10.76,10.62,10.69,5337.457461940001
1534269600,10.69,10.79,10.69,10.78,1520.7911245700002
1534273200,10.71,10.88,10.79,10.88,5525.737460099997
1534276800,10.82,10.88,10.87,10.85,3015.8521151999985
1534280400,10.83,10.95,10.84,10.95,1459.79529671
1534284000,10.9,11.09,10.95,11.05,5598.980650320001
1534287600,10.99,11.88,11.04,11.77,15465.490839730017
1534291200,11.78,12.56,11.78,12.0,34004.992176969994
1534294800,12.04,12.3,12.18,12.23,10342.017969600001
1534298400,12.05,12.47,12.25,12.1,23544.024253460015
1534302000,11.9,12.11,12.09,11.98,10068.738228740001
