1538500800,6500.0,6500.11,6500.11,6500.0,2.8541402400000004
1538500860,6496.03,6500.01,6500.0,6496.04,4.9775240499999995
1538500920,6496.03,6496.04,6496.04,6496.04,2.5282475100000004
1538500980,6496.03,6496.04,6496.03,6496.04,1.9547006400000002
1538501040,6488.0,6496.04,6496.04,6488.0,9.658293059999998
1538501100,6488.0,6492.78,6488.01,6492.78,10.626195679999999
1538501160,6489.53,6498.18,6492.79,6493.24,13.936177849999993
1538501220,6489.53,6494.78,6493.25,6491.2,2.5693047699999987
1538501280,6490.0,6493.63,6491.2,6493.63,0.7547897400000002
1538501340,6481.0,6493.63,6493.62,6481.01,25.142640910000015
1538501400,6481.0,6490.74,6481.0,6486.93,18.52185063
1538501460,6463.33,6486.94,6486.94,6486.24,95.72341641000006
1538501520,6479.91,6486.24,6486.24,6479.92,8.110130219999999
1538501580,6474.73,6479.92,6479.92,6474.73,6.154389149999998
1538501640,6470.0,6479.31,6474.74,6473.92,53.96673431
1538501700,6452.0,6473.93,6473.93,6452.01,82.58870178000006
1538501760,6452.0,6503.98,6452.0,6498.24,129.59486345000002
1538501820,6488.34,6498.23,6498.23,6489.92,29.723061590000015
1538501880,6489.91,6497.12,6489.92,6497.11,5.794996909999998
1538501940,6492.86,6497.11,6497.1,6492.87,4.10693408
1538502000,6492.86,6492.87,6492.86,6492.87,5.879097889999999
1538502060,6492.78,6492.87,6492.87,6492.87,9.078421740000005
1538502120,6492.86,6492.87,6492.87,6492.87,1.7307469899999994
1538502180,6492.86,6494.37,6492.87,6494.36,3.272426059999999
1538502240,6494.36,6498.0,6494.37,6497.99,2.2968303299999997
1538502300,6497.99,6498.0,6498.0,6498.0,6.14999338
1538502360,6497.99,6498.0,6498.0,6498.0,3.3449665800000004
1538502420,6496.17,6498.0,6498.0,6496.2,2.30865877
1538502480,6496.19,6496.2,6496.2,6496.2,0.36608987000000004
1538502540,6496.19,6496.2,6496.2,6496.19,2.3299208100000004
1538502600,6496.19,6496.2,6496.2,6496.2,1.03667092
1538502660,6496.19,6496.2,6496.19,6496.19,1.4519788499999997
1538502720,6496.19,6496.5,6496.2,6496.49,3.26672476
1538502780,6496.5,6499.0,6496.5,6499.0,5.58853039
1538502840,6498.99,6499.0,6499.0,6499.0,4.12739907
1538502900,6498.99,6499.0,6499.0,6499.0,2.5977310499999997
1538502960,6498.99,6499.5,6498.99,6499.5,3.417664799999999
1538503020,6499.49,6499.5,6499.49,6499.5,3.91405023
1538503080,6499.49,6499.5,6499.5,6499.49,7.16833674
1538503140,6499.49,6499.5,6499.5,6499.49,5.7994067099999995
1538503200,6499.49,6499.55,6499.5,6499.54,7.353166879999999
1538503260,6499.54,6499.55,6499.55,6499.54,4.689090880000001
1538503320,6499.54,6499.99,6499.55,6499.99,4.3519640399999995
1538503380,6499.98,6500.0,6499.99,6499.99,1.41652261
1538503440,6499.99,6504.55,6500.0,6504.54,5.353265710000001
1538503500,6504.54,6509.85,6504.55,6508.31,50.772649410000014
1538503560,6508.3,6509.0,6508.31,6509.0,0.8004952599999999
1538503620,6508.99,6509.0,6509.0,6509.0,1.5695650300000001
1538503680,6508.99,6512.38,6509.0,6512.38,4.5999795500000005
1538503740,6512.37,6512.38,6512.37,6512.38,1.73025113
1538503800,6512.37,6512.38,6512.38,6512.38,2.25793897
1538503860,6512.37,6513.15,6512.37,6513.15,70.04146277999997
1538503920,6513.14,6523.08,6513.14,6523.08,12.441905199999995
1538503980,6523.07,6523.54,6523.08,6523.54,4.383219829999999
1538504040,6523.53,6523.54,6523.53,6523.54,2.7753105899999997
1538504100,6515.51,6523.54,6523.54,6518.61,23.771583090000004
1538504160,6518.6,6518.62,6518.61,6518.61,4.821452830000002
1538504220,6511.29,6518.62,6518.6,6516.96,6.903291939999999
1538504280,6513.17,6516.96,6516.95,6516.95,0.5103763900000001
1538504340,6516.95,6516.96,6516.96,6516.96,0.9688752599999999
1538504400,6516.95,6516.96,6516.96,6516.96,1.5773043000000007
1538504460,6516.95,6516.96,6516.95,6516.96,0.6588069599999999
1538504520,6516.95,6516.96,6516.95,6516.95,0.39361373
1538504580,6516.95,6516.96,6516.95,6516.96,3.4632065400000003
1538504640,6516.95,6516.96,6516.95,6516.96,5.47308744
1538504700,6516.95,6516.96,6516.96,6516.96,1.19452737
1538504760,6509.03,6516.95,6516.95,6509.55,5.194012430000002
1538504820,6509.54,6509.55,6509.55,6509.55,1.1044722
1538504880,6509.54,6509.55,6509.55,6509.55,0.67700333
1538504940,6509.54,6510.0,6509.54,6510.0,1.08175544
1538505000,6509.99,6510.0,6509.99,6510.0,0.8912009700000001
1538505060,6509.99,6516.96,6510.0,6516.95,4.698237789999999
1538505120,6516.95,6516.96,6516.96,6516.96,2.6994910199999995
1538505180,6516.95,6516.96,6516.95,6516.96,0.72908917
1538505240,6516.95,6516.96,6516.95,6516.96,2.9168473400000003
1538505300,6516.95,6516.96,6516.96,6516.95,0.6891346800000001
1538505360,6516.95,6519.88,6516.95,6519.88,2.8699088799999988
1538505420,6519.87,6519.99,6519.88,6519.99,1.40893274
1538505480,6519.98,6519.99,6519.99,6519.98,4.51509656
1538505540,6519.98,6521.0,6519.98,6521.0,18.627107880000008
1538505600,6520.99,6521.0,6520.99,6521.0,1.84052674
1538505660,6520.99,6521.0,6521.0,6521.0,3.7559287099999996
1538505720,6520.99,6521.0,6521.0,6521.0,5.52983934
1538505780,6520.99,6528.0,6521.0,6528.0,21.789638259999975
1538505840,6528.0,6528.6,6528.0,6528.6,2.427450199999999
1538505900,6528.7,6529.99,6528.7,6529.99,15.85700536
1538505960,6529.98,6529.99,6529.99,6529.99,11.613186359999998
1538506020,6529.98,6529.99,6529.98,6529.99,2.37565793
1538506080,6529.98,6530.35,6529.99,6530.35,3.919661669999999
1538506140,6528.65,6532.83,6530.34,6528.65,11.802409319999997
1538506200,6528.64,6528.65,6528.65,6528.65,2.0648609300000005
1538506260,6528.64,6528.65,6528.64,6528.65,1.4939380599999996
1538506320,6528.64,6528.65,6528.64,6528.65,3.2771704799999988
1538506380,6528.64,6528.65,6528.65,6528.65,1.1537871500000003
1538506440,6528.64,6528.65,6528.65,6528.65,2.04902127
1538506500,6528.64,6528.65,6528.65,6528.64,1.4005910699999997
1538506560,6528.64,6528.65,6528.65,6528.65,0.98686129
1538506620,6528.64,6532.81,6528.65,6532.81,4.38106352
1538506680,6532.8,6532.83,6532.8,6532.83,1.5461801399999997
1538506740,6532.82,6534.0,6532.83,6534.0,3.5136714
1538506800,6533.99,6538.0,6534.0,6538.0,3.475759399999999
1538506860,6537.99,6545.0,6538.0,6545.0,10.565113270000005
1538506920,6544.99,6545.0,6545.0,6545.0,2.6970817400000002
1538506980,6544.99,6545.0,6544.99,6544.99,2.47518453
1538507040,6538.64,6544.99,6544.99,6539.88,10.766347490000001
1538507100,6539.87,6542.4,6539.88,6542.4,2.483034859999999
1538507160,6542.39,6542.4,6542.39,6542.4,1.1317729500000004
1538507220,6540.15,6542.4,6542.39,6540.16,8.502899890000002
1538507280,6540.15,6540.16,6540.16,6540.16,4.968945590000001
1538507340,6540.15,6540.16,6540.16,6540.15,1.6382093600000003
1538507400,6540.0,6540.15,6540.15,6540.0,0.6679659699999999
1538507460,6538.0,6540.0,6540.0,6538.01,5.922789980000002
1538507520,6538.0,6538.01,6538.01,6538.01,3.6415637
1538507580,6537.54,6538.0,6538.0,6537.55,1.84209661
1538507640,6537.54,6537.55,6537.54,6537.55,2.631902240000001
1538507700,6535.15,6537.55,6537.54,6535.15,4.78692531
1538507760,6534.54,6535.15,6535.15,6534.54,1.57192396
1538507820,6534.54,6534.55,6534.54,6534.55,1.9607413300000003
1538507880,6531.75,6534.55,6534.55,6531.75,3.6257580599999994
1538507940,6531.76,6534.77,6531.76,6534.76,3.49964991
1538508000,6531.77,6534.77,6534.77,6531.79,3.97025373
1538508060,6528.51,6531.79,6531.78,6528.57,1.7854452799999998
1538508120,6528.58,6531.75,6528.58,6531.75,2.6257841799999997
1538508180,6531.74,6533.49,6531.74,6533.49,1.4897766399999997
1538508240,6534.1,6534.77,6534.1,6534.77,0.7942842200000002
1538508300,6534.76,6534.77,6534.76,6534.76,1.2876796900000003
1538508360,6534.76,6537.77,6534.76,6537.76,2.4650055199999996
1538508420,6534.32,6537.77,6537.77,6534.33,4.44461149
1538508480,6534.32,6535.28,6534.32,6535.28,1.68156294
1538508540,6535.27,6535.28,6535.27,6535.27,0.8800320399999998
1538508600,6535.27,6535.28,6535.28,6535.27,1.6187771399999997
1538508660,6533.1,6535.28,6535.27,6533.1,5.832044400000002
1538508720,6533.0,6533.11,6533.11,6533.01,0.96288176
1538508780,6533.0,6533.01,6533.0,6533.01,1.12260666
1538508840,6533.0,6533.01,6533.01,6533.01,0.9568057900000001
1538508900,6532.27,6533.01,6533.0,6532.27,7.494293490000001
1538508960,6531.75,6532.0,6532.0,6531.75,2.95146222
1538509020,6531.75,6531.76,6531.76,6531.76,1.2524533
