1531754820,6632.32,6632.33,6632.33,6632.33,2.998041330000001
1531754880,6632.32,6632.33,6632.33,6632.33,6.4901761400000035
1531754940,6632.32,6632.33,6632.32,6632.32,10.353781379999997
1531755000,6625.0,6632.33,6632.32,6625.01,21.74874584000001
1531755060,6612.16,6625.01,6625.0,6618.01,55.820275389999985
1531755120,6618.01,6624.75,6618.02,6618.98,12.88851874
1531755180,6618.98,6619.72,6618.99,6619.72,3.2355342299999985
1531755240,6619.71,6621.46,6619.72,6621.46,4.9913727099999985
1531755300,6621.45,6621.46,6621.46,6621.46,0.85320131
1531755360,6621.45,6622.46,6621.46,6622.46,3.5106875499999997
1531755420,6622.46,6624.39,6622.46,6624.39,3.4899802699999998
1531755480,6624.4,6626.01,6624.4,6626.01,2.956262739999999
1531755540,6626.01,6628.09,6626.01,6628.09,4.412996860000001
1531755600,6627.26,6628.09,6628.08,6628.0,2.5659062699999997
1531755660,6627.26,6628.0,6628.0,6627.26,1.21105343
1531755720,6626.0,6628.0,6627.26,6626.01,8.128651880000001
1531755780,6625.0,6626.01,6626.01,6625.01,2.6035080699999997
1531755840,6625.0,6625.01,6625.01,6625.0,3.56742003
1531755900,6620.8,6624.79,6624.79,6620.8,7.578558890000002
1531755960,6620.8,6620.81,6620.8,6620.8,2.1895160799999998
1531756020,6620.02,6620.81,6620.78,6620.57,1.77812312
1531756080,6620.02,6620.81,6620.58,6620.37,9.864142739999998
1531756140,6620.36,6620.37,6620.37,6620.37,4.249769020000001
1531756200,6620.36,6620.37,6620.37,6620.36,3.0102181299999997
1531756260,6620.0,6620.37,6620.36,6620.01,6.90646681
1531756320,6620.0,6620.01,6620.01,6620.01,2.6205779299999996
1531756380,6620.0,6620.37,6620.01,6620.37,2.4531119599999998
1531756440,6619.17,6620.37,6620.36,6619.17,1.5956784199999996
1531756500,6619.16,6620.01,6619.19,6619.44,2.799036529999999
1531756560,6620.0,6620.01,6620.0,6620.01,2.8323279400000003
1531756620,6620.0,6628.0,6620.01,6627.99,41.56862107000001
1531756680,6627.98,6629.0,6627.99,6629.0,2.223819319999999
1531756740,6628.0,6629.0,6628.99,6628.0,3.0592200100000007
1531756800,6627.98,6628.0,6628.0,6627.98,7.180018180000001
1531756860,6627.98,6629.0,6627.98,6629.0,1.7646727699999987
1531756920,6628.99,6629.0,6628.99,6629.0,3.3602920000000003
1531756980,6628.99,6629.0,6629.0,6629.0,2.0710153
1531757040,6628.99,6639.89,6628.99,6639.88,25.491616110000017
1531757100,6638.45,6639.89,6639.88,6638.45,2.9391351299999986
1531757160,6637.5,6637.51,6637.51,6637.51,1.6079272200000003
1531757220,6634.0,6637.51,6637.51,6634.0,8.550231930000004
1531757280,6632.31,6634.98,6634.0,6633.04,6.20397765
1531757340,6631.32,6633.05,6633.05,6631.63,3.966825019999999
1531757400,6631.64,6633.0,6631.64,6632.0,3.82582677
1531757460,6631.7,6633.0,6632.0,6633.0,3.5071472699999995
1531757520,6632.99,6633.0,6633.0,6632.99,1.4573776499999997
1531757580,6632.99,6633.0,6633.0,6633.0,2.27919683
1531757640,6632.0,6637.88,6633.0,6636.18,15.565004959999998
1531757700,6632.16,6635.47,6635.47,6634.95,16.375086569999997
1531757760,6635.0,6635.01,6635.0,6635.01,7.809453499999999
1531757820,6635.0,6636.0,6635.01,6635.99,12.967921340000004
1531757880,6634.16,6635.98,6635.98,6634.16,13.059386379999998
1531757940,6634.0,6634.17,6634.17,6634.01,13.30452069
1531758000,6628.99,6634.01,6634.01,6628.99,8.826256849999988
1531758060,6628.99,6629.0,6628.99,6629.0,7.47896986
1531758120,6628.98,6629.0,6629.0,6628.99,1.65548249
1531758180,6626.35,6628.99,6628.98,6626.35,6.157032689999998
1531758240,6626.35,6626.36,6626.35,6626.36,2.15005806
1531758300,6626.35,6626.36,6626.35,6626.36,2.60404439
1531758360,6626.0,6626.36,6626.36,6626.0,1.8515141899999998
