1546974240,4004.51,4004.52,4004.52,4004.51,1.51
1546974300,4001.52,4004.52,4004.52,4002.53,9.41
1546974360,4002.27,4002.28,4002.28,4002.28,0.66
1546974420,4002.27,4002.28,4002.27,4002.28,9.14
1546974480,4002.27,4004.52,4002.27,4004.51,12.93
1546974540,4004.52,4005.3,4004.52,4005.3,3.79
1546974600,4005.3,4007.15,4005.3,4006.37,17.55
1546974660,4005.89,4006.98,4006.36,4005.9,3.49
1546974720,4005.89,4006.0,4005.9,4006.0,1.7
1546974780,4005.99,4010.12,4005.99,4009.32,4.71
1546974840,4008.45,4010.12,4008.45,4008.45,1.48
1546974900,4005.29,4008.7,4008.46,4005.3,25.14
1546974960,4005.29,4005.3,4005.3,4005.3,2.54
1546975020,4005.29,4005.3,4005.29,4005.3,8.39
1546975080,4005.29,4005.3,4005.3,4005.3,1.48
1546975140,4005.29,4005.3,4005.3,4005.29,3.65
1546975200,4005.29,4010.08,4005.3,4010.01,50.74
1546975260,4009.41,4010.01,4010.01,4010.01,21.43
1546975320,4010.01,4010.4,4010.01,4010.4,3.31
1546975380,4010.39,4010.4,4010.4,4010.4,2.1
1546975440,4010.39,4010.4,4010.4,4010.4,2.89
1546975500,4010.39,4010.4,4010.4,4010.4,5.54
1546975560,4010.39,4010.4,4010.4,4010.4,14.87
1546975620,4010.39,4010.46,4010.4,4010.46,1.97
1546975680,4010.45,4010.46,4010.46,4010.45,1.75
1546975740,4010.45,4010.89,4010.46,4010.89,3.74
1546975800,4010.45,4010.89,4010.89,4010.74,3.98
1546975860,4010.46,4010.74,4010.73,4010.48,2.89
1546975920,4010.48,4012.26,4010.48,4012.26,20.45
1546975980,4012.14,4012.26,4012.25,4012.24,1.4
1546976040,4012.25,4012.26,4012.26,4012.26,3.99
1546976100,4012.13,4012.26,4012.26,4012.14,2.36
1546976160,4012.13,4012.14,4012.14,4012.14,3.39
1546976220,4011.75,4018.51,4012.14,4013.8,98.52
1546976280,4013.45,4013.8,4013.8,4013.8,3.46
1546976340,4013.79,4013.8,4013.8,4013.8,4.95
1546976400,4013.79,4013.8,4013.8,4013.8,1.76
1546976460,4013.0,4013.99,4013.8,4013.99,2.92
1546976520,4013.8,4013.99,4013.99,4013.81,2.14
1546976580,4013.8,4015.25,4013.8,4014.29,10.5
1546976640,4013.8,4014.1,4014.01,4014.1,6.19
1546976700,4014.09,4014.1,4014.1,4014.1,13.84
1546976760,4013.26,4014.1,4014.1,4013.27,1.69
1546976820,4013.26,4017.17,4013.27,4017.17,18.66
1546976880,4017.16,4018.99,4017.16,4018.99,10.91
1546976940,4018.96,4022.0,4019.0,4018.96,23.56
1546977000,4018.7,4018.71,4018.71,4018.71,3.91
1546977060,4018.7,4018.97,4018.71,4018.8,2.45
1546977120,4018.7,4019.02,4018.8,4019.02,11.63
1546977180,4018.99,4019.02,4019.02,4018.99,2.52
1546977240,4018.7,4019.0,4019.0,4018.81,1.6
1546977300,4018.7,4018.91,4018.8,4018.9,4.48
1546977360,4018.51,4018.9,4018.89,4018.52,4.34
1546977420,4015.1,4018.9,4018.51,4015.1,21.94
1546977480,4013.04,4015.1,4015.1,4013.37,6.72
1546977540,4013.36,4013.47,4013.36,4013.46,1.81
1546977600,4013.46,4018.9,4013.47,4018.52,22.43
1546977660,4018.49,4018.52,4018.52,4018.52,3.43
1546977720,4018.5,4018.95,4018.52,4018.95,2.98
1546977780,4018.94,4019.73,4018.95,4019.72,1.63
1546977840,4018.49,4019.72,4019.72,4018.5,4.72
1546977900,4018.0,4019.01,4018.5,4019.01,5.0
1546977960,4014.0,4020.02,4019.0,4014.0,78.23
1546978020,4010.39,4013.74,4013.74,4010.39,22.24
1546978080,4010.0,4010.4,4010.39,4010.01,7.68
1546978140,4010.0,4010.01,4010.0,4010.01,4.58
1546978200,4010.0,4010.01,4010.0,4010.01,1.01
1546978260,4006.99,4010.01,4010.01,4007.14,10.37
1546978320,4006.16,4008.95,4007.13,4008.95,13.31
1546978380,4009.0,4011.0,4009.0,4010.73,6.97
1546978440,4010.0,4013.33,4010.01,4012.32,6.98
1546978500,4011.34,4013.23,4012.34,4011.35,1.61
1546978560,4010.29,4011.35,4011.34,4011.35,3.27
1546978620,4011.34,4013.52,4011.35,4013.2,2.8
1546978680,4013.2,4013.21,4013.2,4013.21,5.74
1546978740,4010.81,4013.21,4013.21,4011.24,7.03
1546978800,4011.23,4011.89,4011.24,4011.55,7.08
1546978860,4010.0,4012.1,4011.55,4010.01,7.4
1546978920,4010.0,4010.01,4010.01,4010.01,7.07
1546978980,4010.0,4011.98,4010.01,4011.76,1.73
1546979040,4011.75,4011.77,4011.75,4011.77,1.36
1546979100,4011.01,4012.03,4011.77,4012.02,4.05
1546979160,4012.02,4014.39,4012.03,4013.85,3.44
1546979220,4012.3,4014.0,4013.85,4012.3,10.23
1546979280,4012.3,4015.0,4012.3,4013.66,4.99
1546979340,4013.66,4015.0,4013.66,4015.0,1.63
1546979400,4014.51,4015.0,4014.51,4015.0,2.95
1546979460,4014.99,4015.0,4015.0,4015.0,1.28
1547010660,4023.92,4025.02,4024.1,4025.01,1.46
1547010720,4024.41,4025.99,4024.99,4025.27,3.57
1547010780,4024.84,4025.27,4025.27,4024.84,1.71
1547010840,4024.84,4024.85,4024.85,4024.85,1.41
1547010900,4023.91,4024.85,4024.85,4023.91,1.7
1547010960,4023.9,4024.36,4023.92,4023.9,1.56
1547011020,4023.9,4026.0,4024.07,4025.37,3.43
1547011080,4023.89,4024.5,4023.91,4023.9,2.25
1547011140,4023.88,4023.9,4023.89,4023.89,1.21
1547011200,4022.98,4023.88,4023.88,4022.99,11.67
1547011260,4021.99,4023.33,4022.99,4022.91,6.56
1547011320,4020.12,4022.36,4022.36,4020.12,14.62
1547011380,4018.04,4020.36,4020.13,4018.11,10.25
1547011440,4018.12,4018.7,4018.12,4018.69,0.634
1547011500,4018.53,4020.22,4018.7,4020.22,0.566
1547011560,4018.12,4019.93,4019.93,4018.13,1.12
1547011620,4018.13,4018.13,4018.13,4018.13,1.45
1547011680,4018.46,4018.5,4018.48,4018.47,0.717
1547011740,4018.06,4019.98,4018.46,4019.98,3.01
1547011800,4019.98,4020.33,4019.99,4020.33,0.964
1547011860,4020.32,4021.25,4020.33,4021.25,3.04
1547011920,4021.25,4021.25,4021.25,4021.25,1.31
1547011980,4021.24,4022.24,4021.24,4022.23,1.52
1547012040,4021.0,4022.24,4022.24,4022.0,1.09
1547012100,4021.99,4023.89,4022.0,4023.89,3.22
1547012160,4023.89,4023.89,4023.89,4023.89,0.523
1547012220,4023.0,4023.88,4023.88,4023.01,2.59
1547012280,4021.0,4023.01,4023.01,4021.65,6.11
1547012340,4021.03,4021.66,4021.66,4021.03,2.03
1547012400,4020.01,4021.03,4021.03,4020.01,1.85
1547012460,4020.01,4020.02,4020.02,4020.02,0.671
1547012520,4015.0,4020.02,4020.02,4018.54,40.23
1547012580,4016.22,4018.54,4018.54,4017.0,2.52
1547012640,4017.0,4018.59,4017.0,4018.59,6.02
1547012700,4018.28,4018.59,4018.28,4018.59,2.09
1547012760,4018.59,4018.6,4018.59,4018.59,0.368
1547012820,4018.6,4020.39,4018.6,4020.39,12.08
1547012880,4018.61,4020.39,4020.39,4019.58,1.21
1547012940,4019.15,4021.63,4019.16,4021.63,1.22
1547013000,4021.62,4021.63,4021.63,4021.63,0.314
1547013060,4019.33,4021.63,4021.63,4020.7,1.06
1547013120,4020.24,4021.37,4020.24,4021.06,0.974
1547013180,4020.2,4021.99,4021.06,4021.68,2.6
1547013240,4019.54,4021.67,4021.67,4020.63,1.04
1547013300,4020.0,4020.92,4020.92,4020.44,3.39
1547013360,4019.0,4020.45,4020.45,4019.66,1.03
1547013420,4019.01,4019.67,4019.66,4019.01,0.414
1547013480,4018.42,4019.01,4019.01,4019.01,2.52
1547013540,4019.0,4019.67,4019.01,4019.67,2.92
1547013600,4019.66,4019.67,4019.67,4019.67,2.1
1547013660,4019.0,4019.67,4019.67,4019.19,3.52
1547013720,4019.01,4019.67,4019.19,4019.01,1.42
1547013780,4013.0,4019.01,4019.0,4013.0,25.02
1547013840,4013.0,4013.01,4013.0,4013.0,8.57
1547013900,4013.0,4013.01,4013.01,4013.01,3.0
1547013960,4013.01,4013.01,4013.01,4013.01,0.519
1547014020,4013.0,4013.01,4013.0,4013.01,1.53
1547014080,4013.01,4016.51,4013.01,4015.99,2.14
1547014140,4015.01,4015.99,4015.99,4015.02,1.02
1547014200,4011.7,4015.02,4015.02,4011.71,8.75
1547014260,4011.51,4011.71,4011.71,4011.51,0.578
1547014320,4011.5,4012.51,4011.51,4012.51,9.39
1547014380,4012.51,4015.51,4012.51,4015.51,10.28
1547014440,4015.51,4015.79,4015.51,4015.79,1.56
1547014500,4015.0,4015.79,4015.78,4015.01,24.98
1547014560,4013.01,4015.01,4015.01,4013.1,8.69
1547014620,4013.1,4014.58,4013.1,4014.4,1.61
1547014680,4013.01,4014.42,4014.4,4013.02,4.91
1547014740,4011.0,4013.02,4013.02,4011.01,7.23
1547014800,4011.01,4011.41,4011.01,4011.41,0.548
1547014860,4011.42,4011.45,4011.42,4011.45,0.714
1547014920,4011.45,4013.29,4011.45,4013.29,0.42
1547014980,4013.28,4013.29,4013.28,4013.29,0.835
1547015040,4012.24,4014.85,4013.29,4014.84,3.19
1547015100,4013.49,4016.01,4014.84,4013.49,4.89
1547015160,4013.49,4018.01,4013.49,4018.01,1.97
1547015220,4016.57,4018.01,4018.01,4016.57,0.538
1547015280,4016.09,4017.53,4016.19,4016.1,2.58
1547015340,4016.05,4016.81,4016.09,4016.5,2.49
1547015400,4014.99,4017.57,4016.5,4015.48,5.94
1547015460,4017.32,4017.71,4017.71,4017.33,0.713
1547015520,4017.33,4018.01,4017.33,4018.01,2.63
1547015580,4017.88,4019.22,4018.01,4018.87,2.3
1547015640,4016.28,4018.27,4018.27,4016.28,2.61
1547015700,4016.0,4018.58,4016.43,4017.55,1.48
1547015760,4017.28,4018.57,4017.55,4018.57,2.39
1547015820,4017.28,4018.92,4018.57,4017.44,1.14
1547015880,4017.44,4018.91,4017.44,4018.56,0.425
1547015940,4017.44,4018.1,4017.45,4017.45,8.47
1547016000,4017.4,4018.93,4017.9,4018.04,2.63
1547016060,4017.41,4018.37,4018.04,4018.37,0.643
1547016120,4017.4,4018.82,4018.36,4018.82,8.98
1547016180,4017.44,4017.93,4017.93,4017.44,0.82
1547016240,4017.4,4018.46,4017.44,4017.4,0.461
1547016300,4017.4,4017.41,4017.41,4017.41,0.979
1547016360,4017.41,4018.34,4017.41,4017.91,8.19
1547016420,4017.9,4017.91,4017.91,4017.9,1.54
1547016480,4017.9,4017.91,4017.91,4017.91,0.927
1547016540,4017.9,4018.95,4017.9,4018.02,0.823
1547016600,4018.51,4018.94,4018.72,4018.9,0.395
1547016660,4018.52,4018.67,4018.67,4018.52,0.266
1547016720,4018.51,4018.52,4018.52,4018.52,0.788
1547016780,4018.52,4018.52,4018.52,4018.52,1.55
1547016840,4018.51,4018.52,4018.52,4018.52,0.783
1547016900,4018.51,4018.91,4018.52,4018.51,0.602
1547016960,4017.91,4018.52,4018.52,4017.91,3.92
1547017020,4017.38,4017.91,4017.9,4017.91,1.74
1547017080,4017.37,4017.91,4017.91,4017.37,0.586
1547017140,4017.42,4017.91,4017.5,4017.91,0.575
1547017200,4017.7,4017.91,4017.7,4017.89,1.26
1547017260,4017.89,4017.91,4017.9,4017.91,0.604
1547017320,4017.91,4018.9,4017.91,4018.9,0.738
1547017380,4018.42,4018.9,4018.9,4018.9,21.65
1547017440,4018.89,4020.0,4018.89,4020.0,1.69
1547017500,4019.99,4020.0,4020.0,4020.0,0.854
1547017560,4019.99,4020.0,4020.0,4020.0,0.838
1547017620,4020.0,4020.0,4020.0,4020.0,2.37
1547017680,4019.99,4020.0,4020.0,4020.0,2.3
1547017740,4019.99,4020.0,4020.0,4019.99,0.316
1547017800,4019.99,4020.0,4020.0,4019.99,1.34
1547017860,4019.67,4020.0,4020.0,4019.67,8.23
1547017920,4017.27,4019.67,4019.67,4017.28,15.74
1547017980,4017.0,4017.28,4017.28,4017.01,0.872
1547018040,4017.0,4017.01,4017.01,4017.01,0.627
1547018100,4017.0,4017.01,4017.01,4017.01,1.61
1547018160,4016.61,4017.0,4017.0,4016.62,1.15
1547018220,4016.62,4017.01,4016.62,4017.01,0.249
1547018280,4017.02,4018.87,4017.02,4018.87,1.37
1547018340,4018.87,4018.9,4018.87,4018.9,1.66
1547018400,4018.89,4020.0,4018.9,4020.0,1.0
1547018460,4019.99,4020.0,4019.99,4020.0,0.124
1547018520,4020.0,4023.02,4020.0,4023.02,4.39
1547018580,4023.01,4023.89,4023.01,4023.89,0.362
1547018640,4021.7,4024.52,4023.89,4022.93,1.38
1547018700,4022.01,4024.32,4022.01,4023.7,2.23
1547018760,4021.73,4024.74,4023.7,4023.89,0.281
1547018820,4023.08,4024.85,4023.94,4023.08,0.635
1547018880,4020.2,4023.75,4023.07,4023.73,2.38
1547018940,4022.01,4022.97,4022.83,4022.01,0.223
1547019000,4020.15,4022.66,4022.01,4021.14,4.24
1547019060,4020.82,4022.21,4022.21,4021.66,3.42
1547019120,4020.95,4024.43,4020.95,4024.43,0.808
1547019180,4022.14,4023.56,4023.56,4022.71,0.797
1547019240,4020.92,4022.94,4022.66,4020.92,0.945
1547019300,4021.9,4022.94,4022.81,4022.59,1.03
1547019360,4021.59,4022.94,4022.35,4022.84,1.07
1547019420,4022.21,4023.0,4022.84,4023.0,4.44
1547019480,4022.99,4023.0,4023.0,4023.0,0.167
1547019540,4022.6,4022.8,4022.8,4022.61,0.401
1547019600,4022.6,4024.11,4022.6,4024.06,4.04
1547019660,4024.22,4024.92,4024.22,4024.92,3.74
1547019720,4024.16,4027.02,4024.92,4026.04,16.44
1547019780,4023.18,4026.03,4026.03,4025.13,0.431
1547019840,4024.5,4025.13,4025.13,4024.51,0.666
1547019900,4022.61,4024.65,4024.51,4022.61,1.4
1547019960,4022.6,4022.61,4022.61,4022.61,3.98
1547020020,4022.61,4022.61,4022.61,4022.61,0.188
1547020080,4022.6,4022.61,4022.61,4022.61,1.04
1547020140,4022.61,4022.61,4022.61,4022.61,8.21
1547020200,4022.6,4022.61,4022.61,4022.61,7.39
1547020260,4022.6,4027.5,4022.6,4026.37,18.39
1547020320,4023.83,4026.37,4026.37,4023.83,6.79
1547020380,4022.51,4026.54,4023.82,4022.51,8.66
1547020440,4017.29,4022.51,4022.5,4017.29,2.04
1547020500,4017.28,4017.29,4017.29,4017.29,3.01
1547020560,4016.49,4017.29,4017.29,4016.5,2.1
1547020620,4016.5,4016.5,4016.5,4016.5,0.151
1547020680,4016.49,4016.5,4016.5,4016.5,0.177
1547020740,4016.5,4016.5,4016.5,4016.5,0.302
1547020800,4016.49,4016.5,4016.5,4016.49,6.0
1547020860,4016.5,4016.5,4016.5,4016.5,0.408
1547020920,4016.49,4016.5,4016.5,4016.5,0.534
1547020980,4016.49,4016.5,4016.49,4016.5,0.459
1547021040,4014.95,4016.49,4016.49,4015.5,8.61
1547021100,4011.02,4015.5,4015.5,4011.02,2.87
1547021160,4011.02,4013.78,4011.02,4012.4,15.04
1547021220,4011.76,4015.01,4013.02,4014.48,1.46
1547021280,4011.87,4014.47,4014.47,4013.77,1.41
1547021340,4012.67,4014.61,4014.3,4014.55,0.12
1547021400,4013.69,4015.0,4014.27,4013.71,0.657
1547021460,4011.49,4014.69,4013.37,4012.02,9.91
1547021520,4004.01,4011.87,4011.87,4007.99,59.56
1547021580,4007.99,4008.0,4008.0,4007.99,12.09
1547021640,4007.99,4010.86,4008.0,4010.86,0.619
1547021700,4006.0,4009.53,4009.53,4009.41,11.0
1547021760,4008.67,4012.03,4009.81,4011.58,24.81
1547021820,4009.38,4011.6,4011.25,4010.58,2.01
1547021880,4010.89,4011.6,4011.54,4011.6,1.54
1547021940,4011.37,4011.6,4011.6,4011.6,0.381
1547022000,4011.57,4013.74,4011.57,4013.74,11.35
1547022060,4014.05,4016.55,4014.05,4016.55,0.143
1547022120,4016.54,4016.55,4016.55,4016.55,0.326
1547022180,4016.55,4018.99,4016.55,4017.75,14.83
1547022240,4018.5,4018.51,4018.51,4018.51,0.896
1547022300,4018.51,4021.32,4018.51,4020.07,9.4
1547022360,4020.06,4020.4,4020.06,4020.4,2.84
1547022420,4019.88,4020.4,4020.4,4019.88,26.51
1547022480,4019.87,4019.99,4019.88,4019.88,4.21
1547022540,4019.01,4021.97,4019.88,4019.56,41.7
1547022600,4019.55,4019.56,4019.56,4019.56,1.06
1547022660,4018.92,4019.55,4019.55,4018.93,8.8
1547022720,4018.92,4019.02,4018.93,4019.02,4.99
1547022780,4019.04,4019.56,4019.04,4019.56,2.59
1547022840,4019.55,4019.56,4019.55,4019.56,0.679
1547022900,4019.55,4019.56,4019.56,4019.56,0.169
1547022960,4019.55,4020.0,4019.56,4019.55,1.67
1547023020,4016.54,4019.56,4019.56,4016.55,12.26
1547023080,4016.54,4016.55,4016.55,4016.55,0.508
1547023140,4016.54,4016.55,4016.55,4016.54,0.499
1547023200,4016.54,4016.55,4016.54,4016.55,0.509
1547023260,4016.54,4018.0,4016.55,4018.0,0.994
1547023320,4018.0,4018.0,4018.0,4018.0,0.298
1547023380,4017.99,4018.0,4017.99,4018.0,0.387
1547023440,4017.99,4018.0,4018.0,4018.0,0.19
1547023500,4017.99,4018.0,4017.99,4018.0,0.365
1547023560,4017.99,4018.0,4018.0,4017.99,0.0386
1547023620,4017.99,4018.0,4018.0,4018.0,0.329
1547023680,4018.0,4018.0,4018.0,4018.0,0.177
1547023740,4017.99,4018.0,4017.99,4018.0,4.2
1547023800,4018.0,4020.5,4018.0,4020.48,10.43
1547023860,4018.04,4020.49,4020.49,4018.04,0.95
1547023920,4017.0,4018.01,4018.01,4017.01,4.68
1547023980,4017.01,4017.01,4017.01,4017.01,0.709
1547024040,4017.0,4017.01,4017.0,4017.01,1.03
1547024100,4017.0,4017.01,4017.0,4017.01,1.15
1547024160,4017.0,4017.01,4017.01,4017.01,0.955
1547024220,4017.0,4017.01,4017.0,4017.01,0.284
1547024280,4017.01,4017.01,4017.01,4017.01,0.615
1547024340,4017.0,4017.87,4017.01,4017.0,2.01
1547024400,4017.0,4017.01,4017.01,4017.01,0.372
1547024460,4017.0,4017.01,4017.01,4017.0,0.141
1547024520,4017.0,4017.01,4017.01,4017.01,0.592
1547024580,4017.0,4017.01,4017.0,4017.01,1.19
1547024640,4017.01,4017.01,4017.01,4017.01,0.445
1547024700,4017.0,4017.01,4017.01,4017.01,2.9
1547024760,4017.0,4017.01,4017.0,4017.01,1.6
1547024820,4017.0,4017.01,4017.01,4017.01,1.37
1547024880,4017.0,4017.01,4017.0,4017.01,0.188
1547024940,4017.01,4017.01,4017.01,4017.01,0.169
1547025000,4017.0,4017.01,4017.01,4017.0,1.06
1547025060,4017.01,4017.99,4017.01,4017.99,3.65
1547025120,4017.0,4017.46,4017.46,4017.0,1.83
1547025180,4017.0,4017.02,4017.02,4017.0,2.04
1547025240,4016.55,4017.01,4017.0,4016.55,12.26
1547025300,4016.55,4016.55,4016.55,4016.55,1.37
1547025360,4016.54,4016.55,4016.55,4016.55,4.44
1547025420,4016.54,4018.01,4016.54,4018.01,2.33
1547025480,4018.0,4018.01,4018.01,4018.01,8.44
1547025540,4017.62,4018.01,4018.01,4018.01,2.55
1547025600,4017.34,4018.01,4018.0,4017.69,0.133
1547025660,4016.0,4018.49,4017.45,4018.49,2.94
1547025720,4015.01,4018.8,4018.47,4016.23,12.26
1547025780,4017.03,4018.79,4017.03,4018.79,1.31
1547025840,4018.98,4021.74,4018.98,4021.73,26.43
1547025900,4018.99,4021.88,4021.74,4021.81,15.8
1547025960,4021.81,4028.43,4021.81,4027.03,15.0
1547026020,4025.15,4028.04,4027.03,4025.15,3.5
1547026080,4021.91,4024.61,4024.61,4021.91,1.8
1547026140,4021.91,4025.52,4021.91,4025.52,0.161
1547026200,4025.52,4028.99,4025.52,4028.04,9.77
1547026260,4025.49,4028.0,4025.99,4028.0,1.64
1547026320,4026.77,4028.0,4028.0,4027.01,1.15
1547026380,4025.11,4027.42,4027.41,4025.76,8.26
1547026440,4025.0,4025.91,4025.91,4025.0,8.24
1547026500,4021.9,4025.01,4025.01,4021.9,15.06
1547026560,4021.0,4021.34,4021.33,4021.0,2.96
1547026620,4020.0,4021.0,4021.0,4020.0,2.55
1547026680,4020.01,4023.4,4020.01,4022.51,11.91
1547026740,4021.51,4025.92,4023.02,4021.51,2.19
1547026800,4021.52,4021.52,4021.52,4021.52,0.137
1547026860,4016.52,4021.51,4021.51,4017.46,2.59
1547026920,4019.25,4021.42,4019.61,4021.2,3.57
1547026980,4019.49,4021.66,4021.66,4019.49,0.917
1547027040,4017.81,4020.83,4019.49,4019.81,0.918
1547027100,4019.77,4021.66,4020.71,4021.66,16.99
1547027160,4021.66,4022.0,4021.66,4022.0,0.673
1547027220,4021.99,4022.0,4022.0,4021.99,0.438
1547027280,4020.75,4022.0,4022.0,4020.75,5.93
1547027340,4020.0,4021.09,4021.09,4020.0,0.506
1547027400,4019.99,4020.0,4019.99,4019.99,6.0
1547027460,4019.34,4020.53,4020.02,4020.03,1.93
1547027520,4019.53,4021.23,4021.23,4019.54,0.417
1547027580,4019.54,4019.55,4019.54,4019.55,2.76
1547027640,4017.06,4019.54,4019.54,4017.06,8.2
1547027700,4016.27,4017.06,4017.06,4016.28,3.46
1547027760,4015.1,4016.44,4016.28,4016.0,16.4
1547027820,4010.43,4015.1,4015.1,4010.44,4.99
1547027880,4010.7,4015.5,4010.74,4015.37,5.52
1547027940,4013.88,4015.37,4015.37,4015.33,1.64
1547028000,4013.87,4015.41,4014.14,4013.87,0.349
1547028060,4011.42,4013.86,4013.86,4011.43,8.64
1547028120,4010.05,4011.47,4011.47,4010.84,4.34
1547028180,4011.42,4011.43,4011.43,4011.43,1.26
1547028240,4011.42,4011.43,4011.42,4011.43,8.4
1547028300,4011.42,4011.43,4011.43,4011.43,2.27
1547028360,4011.42,4015.92,4011.42,4015.77,16.55
1547028420,4015.51,4016.01,4016.01,4015.51,2.43
1547028480,4015.51,4015.52,4015.51,4015.52,0.165
1547028540,4015.52,4017.5,4015.52,4017.45,9.71
1547028600,4017.45,4017.88,4017.45,4017.49,8.33
1547028660,4017.45,4017.88,4017.45,4017.88,0.508
1547028720,4017.01,4017.87,4017.87,4017.01,1.13
1547028780,4015.51,4017.01,4017.01,4015.52,3.02
1547028840,4014.36,4015.52,4015.52,4014.36,1.37
1547028900,4013.71,4015.01,4013.71,4014.76,2.0
1547028960,4015.51,4016.41,4015.52,4016.41,1.43
1547029020,4015.61,4016.51,4016.17,4015.61,2.62
1547029080,4015.15,4016.47,4016.27,4016.35,0.844
1547029140,4016.51,4017.88,4016.51,4017.88,4.31
1547029200,4017.87,4021.01,4017.87,4019.72,9.27
1547029260,4018.77,4019.88,4019.87,4018.77,1.58
1547029320,4016.35,4018.77,4018.77,4016.35,3.84
1547029380,4016.34,4016.35,4016.35,4016.34,0.167
1547029440,4016.34,4018.09,4016.72,4017.49,2.02
1547029500,4016.7,4017.49,4017.49,4017.25,1.01
1547029560,4017.65,4018.77,4017.91,4018.77,0.244
1547029620,4017.29,4019.99,4018.77,4017.29,0.977
1547029680,4017.29,4018.65,4017.29,4018.25,0.173
1547029740,4016.43,4018.54,4018.23,4017.56,8.77
1547029800,4017.27,4018.51,4017.27,4018.51,0.0724
1547029860,4018.5,4018.51,4018.51,4018.5,0.327
1547029920,4018.07,4022.0,4018.43,4022.0,6.34
1547029980,4021.63,4021.63,4021.63,4021.63,1.66
1547030040,4019.5,4021.63,4021.63,4019.5,0.491
1547030100,4019.61,4020.18,4020.16,4020.1,0.891
1547030160,4020.11,4020.23,4020.2,4020.23,0.0552
1547030220,4020.68,4020.91,4020.68,4020.83,1.3
1547030280,4020.44,4021.08,4020.75,4021.08,0.197
1547030340,4020.91,4021.51,4020.97,4020.91,0.923
1547030400,4019.95,4021.51,4020.91,4021.31,2.81
1547030460,4020.48,4020.91,4020.49,4020.91,2.93
1547030520,4021.45,4021.51,4021.46,4021.51,4.53
1547030580,4021.5,4021.51,4021.51,4021.51,0.653
1547030640,4021.5,4022.0,4021.5,4022.0,4.4
1547030700,4022.0,4022.0,4022.0,4022.0,0.131
1547030760,4021.83,4022.0,4022.0,4021.84,0.478
1547030820,4021.83,4021.84,4021.84,4021.84,2.24
1547030880,4021.83,4021.84,4021.84,4021.84,3.83
1547030940,4021.84,4022.9,4021.95,4021.84,24.79
1547031000,4021.83,4021.84,4021.84,4021.84,4.16
1547031060,4021.83,4021.84,4021.83,4021.84,0.747
1547031120,4021.83,4022.0,4022.0,4021.84,3.32
1547031180,4021.83,4022.01,4022.01,4021.84,3.49
1547031240,4021.82,4021.84,4021.84,4021.82,0.336
1547031300,4021.81,4021.82,4021.81,4021.82,1.67
1547031360,4020.92,4021.82,4021.82,4020.92,0.212
1547031420,4020.91,4020.92,4020.92,4020.92,0.763
1547031480,4018.64,4020.92,4020.92,4018.64,3.3
1547031540,4019.17,4019.18,4019.18,4019.17,0.138
1547031600,4016.99,4018.06,4018.06,4017.0,0.214
1547058300,4000.0,4000.46,4000.46,4000.05,4.64
1547058360,4000.0,4000.06,4000.04,4000.01,3.76
1547058420,4000.0,4001.52,4000.04,4001.52,7.68
1547058480,4001.51,4004.61,4001.52,4004.15,5.1
1547058540,4004.15,4004.16,4004.16,4004.16,6.18
1547058600,4004.15,4004.16,4004.16,4004.16,1.2
1547058660,4004.15,4004.16,4004.16,4004.16,3.06
1547058720,4004.15,4004.16,4004.16,4004.16,2.73
1547058780,4003.23,4004.16,4004.16,4003.65,8.05
1547058840,4003.64,4004.16,4004.13,4004.0,3.96
1547058900,4003.9,4003.98,4003.98,4003.91,2.82
1547058960,4003.63,4003.91,4003.91,4003.91,1.87
1547059020,4003.96,4003.99,4003.96,4003.99,0.941
1547059080,4003.7,4003.99,4003.98,4003.99,3.37
1547059140,4003.15,4004.0,4003.97,4003.42,20.52
1547059200,4003.42,4003.43,4003.43,4003.43,1.79
1547059260,4003.15,4003.43,4003.43,4003.18,1.9
1547059320,4003.18,4003.38,4003.18,4003.38,1.18
1547059380,4003.0,4003.88,4003.38,4003.18,4.65
1547059440,4003.06,4003.28,4003.19,4003.28,1.74
1547059500,4003.1,4003.28,4003.28,4003.27,5.01
1547059560,4003.27,4003.28,4003.28,4003.28,3.16
1547059620,4003.27,4003.28,4003.28,4003.28,5.96
1547059680,4003.27,4003.28,4003.28,4003.28,2.45
1547059740,4003.27,4003.28,4003.28,4003.28,2.86
1547059800,4003.27,4003.28,4003.28,4003.28,12.05
1547059860,4003.28,4004.94,4003.28,4004.94,29.0
1547059920,4004.93,4005.0,4004.93,4005.0,4.78
1547059980,4004.99,4007.94,4005.0,4007.93,9.2
1547060040,4007.93,4008.92,4007.94,4008.92,6.19
1547060100,4007.7,4008.92,4008.92,4007.71,31.97
1547060160,4007.7,4007.71,4007.71,4007.71,8.81
1547060220,4007.7,4007.71,4007.71,4007.71,21.69
1547060280,4007.7,4007.71,4007.71,4007.7,4.97
1547060340,4006.18,4007.71,4007.71,4007.01,20.79
1547060400,4007.0,4009.96,4007.01,4009.95,17.57
1547060460,4009.95,4010.0,4009.96,4010.0,11.67
1547060520,4009.49,4010.0,4010.0,4009.5,6.4
1547060580,4009.0,4009.5,4009.5,4009.0,10.6
1547060640,4005.03,4007.51,4007.51,4005.04,2.11
1547060700,4005.03,4005.04,4005.04,4005.03,2.48
1547060760,4005.03,4005.04,4005.04,4005.04,3.9
1547060820,4005.03,4005.04,4005.03,4005.04,2.43
1547060880,4005.03,4005.04,4005.04,4005.04,3.01
1547060940,4003.49,4005.04,4005.04,4004.01,1.94
1547061000,4004.0,4008.09,4004.0,4008.09,5.38
1547061060,4004.04,4008.09,4008.09,4004.11,17.79
1547061120,4004.04,4004.1,4004.1,4004.05,1.59
1547061180,4003.08,4004.05,4004.05,4004.05,4.25
1547061240,4004.04,4004.05,4004.04,4004.05,5.39
1547061300,4004.04,4007.02,4004.05,4006.87,13.0
1547061360,4006.44,4007.05,4006.86,4006.44,11.36
1547061420,4004.0,4006.45,4006.45,4005.54,5.66
1547061480,4005.53,4005.54,4005.54,4005.54,1.5
1547061540,4005.54,4007.49,4005.54,4007.49,6.16
1547061600,4005.41,4007.49,4007.49,4005.42,5.78
1547061660,4004.0,4005.42,4005.41,4004.48,3.95
1547061720,4004.0,4005.57,4004.47,4004.94,4.48
1547061780,4004.88,4005.88,4004.93,4005.3,7.25
1547061840,4004.88,4005.88,4005.49,4005.15,9.33
1547061900,4004.93,4005.15,4005.14,4005.03,4.09
1547061960,4004.94,4005.12,4005.03,4004.99,1.5
1547062020,4004.98,4004.99,4004.98,4004.99,3.82
1547062080,4004.98,4004.99,4004.99,4004.98,3.59
1547062140,4004.97,4004.99,4004.99,4004.98,2.21
1547062200,4004.98,4004.99,4004.99,4004.98,2.16
1547062260,4004.93,4004.99,4004.98,4004.94,6.29
1547062320,4004.93,4005.43,4004.94,4005.42,10.62
1547062380,4005.42,4006.0,4005.43,4006.0,5.37
1547062440,4006.0,4007.0,4006.0,4007.0,4.38
1547062500,4005.69,4006.99,4006.99,4006.15,3.75
1547062560,4004.43,4006.82,4006.81,4006.42,7.1
1547062620,4006.03,4006.85,4006.53,4006.85,0.697
1547062680,4006.6,4006.97,4006.85,4006.97,5.38
1547062740,4006.97,4008.98,4006.97,4008.89,3.56
1547062800,4008.88,4009.97,4008.89,4009.96,1.81
1547062860,4009.95,4009.96,4009.95,4009.96,1.95
1547062920,4009.95,4009.96,4009.96,4009.96,3.14
1547062980,4009.95,4009.96,4009.95,4009.96,4.17
1547063040,4009.95,4009.96,4009.96,4009.95,2.73
1547063100,4009.95,4009.97,4009.95,4009.96,16.39
1547063160,4009.95,4009.97,4009.95,4009.97,2.7
1547063220,4009.96,4009.97,4009.97,4009.97,1.31
1547063280,4009.96,4009.97,4009.96,4009.97,2.77
1547063340,4009.96,4009.97,4009.97,4009.96,3.98
1547063400,4009.96,4009.99,4009.97,4009.99,5.67
1547063460,4009.98,4010.0,4009.98,4010.0,1.97
1547063520,4009.99,4010.0,4010.0,4009.99,2.82
1547063580,4009.99,4010.0,4010.0,4010.0,2.11
1547063640,4009.99,4012.0,4010.0,4011.98,10.83
1547063700,4011.97,4011.98,4011.97,4011.98,2.3
1547063760,4011.97,4012.0,4011.97,4012.0,11.98
1547063820,4011.99,4012.0,4012.0,4012.0,1.06
1547063880,4012.0,4012.0,4012.0,4012.0,8.69
1547063940,4011.99,4013.0,4012.0,4013.0,12.03
1547064000,4013.0,4014.48,4013.0,4014.48,18.45
1547064060,4014.47,4014.48,4014.48,4014.47,4.16
1547064120,4014.26,4014.48,4014.47,4014.26,23.8
1547064180,4014.25,4014.26,4014.26,4014.26,7.2
1547064240,4014.25,4014.26,4014.26,4014.26,4.28
1547064300,4014.25,4014.26,4014.26,4014.26,1.3
1547064360,4014.24,4014.25,4014.25,4014.25,2.41
1547064420,4013.01,4014.25,4014.25,4013.01,10.6
1547064480,4012.0,4013.01,4013.0,4012.03,9.3
1547064540,4012.02,4012.03,4012.03,4012.03,6.33
1547064600,4012.02,4012.03,4012.03,4012.03,4.86
1547064660,4012.02,4012.03,4012.03,4012.03,3.36
1547064720,4011.0,4012.03,4012.03,4011.25,3.72
1547064780,4010.01,4011.07,4011.05,4011.0,10.36
1547064840,4010.11,4011.0,4011.0,4011.0,8.18
1547064900,4010.99,4012.45,4011.0,4012.45,20.31
1547064960,4012.44,4013.6,4012.44,4012.45,3.09
1547065020,4012.44,4013.59,4013.55,4012.45,2.81
1547065080,4012.18,4012.5,4012.45,4012.36,5.32
1547065140,4012.0,4012.34,4012.34,4012.0,3.7
1547065200,4012.0,4012.33,4012.01,4012.32,2.53
1547065260,4011.5,4012.33,4012.0,4012.13,2.99
1547065320,4011.55,4012.31,4012.13,4012.3,5.42
1547065380,4011.14,4012.06,4012.06,4011.2,6.07
1547065440,4011.05,4012.31,4011.19,4012.0,4.12
1547065500,4011.45,4012.0,4012.0,4012.0,7.02
1547065560,4011.99,4012.0,4012.0,4012.0,0.874
1547065620,4011.45,4012.0,4011.99,4011.45,7.88
1547065680,4011.3,4011.46,4011.46,4011.45,2.63
1547065740,4011.04,4011.5,4011.45,4011.5,2.32
1547065800,4011.49,4011.5,4011.5,4011.49,2.29
1547065860,4011.04,4011.5,4011.5,4011.04,1.72
1547065920,4011.0,4011.05,4011.05,4011.01,5.97
1547065980,4011.0,4011.05,4011.02,4011.05,3.61
1547066040,4011.0,4013.0,4011.05,4013.0,36.96
1547066100,4012.61,4013.0,4013.0,4012.62,3.35
1547066160,4003.21,4012.62,4012.62,4003.52,97.02
1547066220,4003.51,4003.52,4003.51,4003.52,1.49
1547066280,4001.16,4003.52,4003.52,4001.17,9.32
1547066340,4000.0,4005.01,4001.17,4005.0,35.97
1547066400,4005.01,4006.09,4005.01,4005.2,8.91
1547066460,4005.19,4005.2,4005.2,4005.2,24.46
1547066520,4005.19,4005.2,4005.2,4005.2,2.21
1547066580,4002.9,4005.2,4005.19,4004.72,5.78
1547066640,4004.71,4006.01,4004.72,4005.48,6.67
1547066700,4005.37,4007.89,4005.48,4007.51,2.49
1547066760,4007.51,4007.89,4007.52,4007.89,3.77
1547066820,4007.75,4008.0,4007.89,4008.0,1.47
1547066880,4007.99,4008.04,4008.0,4008.04,8.26
1547066940,4008.03,4008.98,4008.03,4008.57,3.13
1547067000,4007.39,4008.57,4008.57,4007.76,3.05
1547067060,4005.15,4007.76,4007.76,4006.72,4.12
1547067120,4006.73,4008.25,4006.73,4008.25,5.77
1547067180,4006.71,4008.25,4008.25,4008.19,1.78
1547067240,4008.18,4008.19,4008.18,4008.19,8.81
1547067300,4008.18,4008.19,4008.19,4008.19,2.67
1547067360,4008.18,4008.19,4008.18,4008.19,2.68
1547067420,4008.18,4009.33,4008.19,4009.1,4.6
1547067480,4008.98,4009.51,4009.11,4009.5,3.29
1547067540,4008.52,4009.51,4009.5,4008.52,3.31
1547067600,4005.0,4009.49,4009.48,4005.0,11.33
1547067660,4002.0,4005.01,4005.0,4002.48,17.77
1547067720,4002.51,4003.24,4002.92,4002.89,17.25
1547067780,4002.7,4003.84,4002.89,4003.84,1.07
1547067840,4003.84,4005.84,4003.84,4005.6,9.55
1547067900,4005.59,4007.32,4005.6,4007.05,9.06
1547067960,4007.01,4007.33,4007.33,4007.01,3.61
1547068020,4007.01,4007.38,4007.01,4007.33,2.95
1547068080,4007.32,4008.89,4007.32,4008.89,5.24
1547068140,4007.34,4008.89,4008.47,4008.5,5.27
1547068200,4008.51,4010.0,4008.51,4009.91,2.34
1547068260,4009.91,4010.0,4009.91,4010.0,4.83
1547068320,4008.71,4011.37,4010.0,4011.37,3.73
1547068380,4011.31,4011.37,4011.37,4011.36,3.22
1547068440,4011.37,4013.87,4011.37,4012.89,16.77
1547068500,4011.6,4014.55,4011.89,4011.82,7.86
1547068560,4011.82,4018.0,4011.83,4018.0,27.43
1547068620,4017.99,4025.9,4018.0,4019.91,128.1
1547068680,4019.0,4024.52,4019.91,4024.36,27.01
1547068740,4020.23,4024.36,4024.35,4023.29,17.84
1547068800,4018.44,4022.46,4022.46,4018.44,8.56
1547068860,4017.0,4019.37,4019.37,4018.04,4.67
1547068920,4017.9,4018.1,4018.03,4018.1,9.21
1547068980,4018.09,4018.49,4018.1,4018.1,2.31
1547069040,4016.0,4018.39,4018.1,4018.36,3.8
1547069100,4016.95,4018.01,4018.01,4017.95,3.66
1547069160,4013.7,4017.95,4017.42,4013.7,11.42
1547069220,4010.01,4013.7,4013.7,4011.98,7.89
1547069280,4010.08,4013.3,4011.33,4011.97,6.98
1547069340,4011.96,4011.97,4011.96,4011.97,0.753
1547069400,3998.0,4011.97,4011.97,3998.0,73.59
1547069460,3998.0,4006.56,3998.01,4002.49,27.71
1547069520,4002.49,4008.51,4002.5,4008.51,11.22
1547069580,4003.42,4007.23,4006.64,4005.72,9.01
1547069640,4005.13,4007.23,4005.43,4006.26,12.77
1547069700,4001.08,4006.26,4006.25,4001.08,7.05
1547069760,4001.0,4006.55,4001.39,4005.84,2.11
1547069820,4002.54,4006.56,4005.84,4006.56,2.52
1547069880,4003.0,4008.85,4006.58,4008.85,15.18
1547069940,3999.0,4008.85,4008.85,4000.02,74.31
1547070000,3995.0,4001.1,4000.19,3996.18,27.73
1547070060,3995.02,4001.01,3995.24,3995.4,10.9
1547070120,3995.09,3998.55,3995.09,3998.0,2.9
1547070180,3998.01,4002.65,3998.01,4002.62,4.0
1547070240,4002.51,4002.62,4002.62,4002.51,1.38
1547070300,3999.0,4002.62,4002.62,3999.01,10.51
1547070360,3999.0,3999.01,3999.01,3999.01,18.43
1547070420,3999.0,4001.01,3999.01,4001.0,8.84
1547070480,4000.28,4001.56,4001.01,4000.28,4.77
1547070540,4000.27,4001.56,4000.28,4001.46,2.33
1547070600,3998.66,4001.46,4001.46,3999.63,2.18
1547070660,3998.66,4000.23,3998.96,4000.06,3.64
1547070720,3999.22,4003.55,4000.06,4002.0,3.04
1547070780,4000.1,4003.56,4002.0,4002.01,5.5
1547070840,4001.5,4002.03,4002.01,4001.51,3.01
1547070900,4001.5,4004.0,4001.51,4001.5,10.98
1547070960,4001.5,4002.0,4001.51,4001.99,3.45
1547071020,4001.97,4003.56,4001.99,4003.14,1.54
1547071080,4001.5,4004.0,4002.14,4003.21,3.34
1547071140,4001.79,4004.0,4003.21,4004.0,1.05
1547071200,4001.49,4004.0,4004.0,4003.56,4.05
1547071260,4002.53,4004.87,4003.56,4002.53,8.39
1547071320,4002.57,4004.37,4002.58,4004.37,27.66
1547071380,4004.37,4008.66,4004.38,4008.65,4.11
1547071440,4006.33,4008.66,4008.66,4006.83,4.36
1547071500,4006.82,4008.66,4006.83,4008.39,2.57
1547071560,4008.0,4008.38,4008.38,4008.02,2.58
1547071620,4008.0,4008.02,4008.02,4008.0,5.53
1547071680,4008.01,4010.02,4008.01,4009.01,37.92
1547071740,4008.0,4009.02,4009.0,4008.76,8.24
1547071800,4008.0,4008.43,4008.01,4008.01,2.45
1547071860,4006.0,4008.0,4008.0,4007.29,12.03
1547071920,4007.0,4007.3,4007.29,4007.0,4.24
1547071980,4007.0,4007.01,4007.01,4007.01,2.6
1547072040,4006.55,4007.0,4007.0,4006.58,7.3
1547072100,4006.57,4006.58,4006.57,4006.58,1.46
1547072160,4006.54,4006.56,4006.56,4006.54,3.88
1547072220,4004.6,4006.54,4006.54,4006.5,16.56
1547072280,4006.49,4007.0,4006.5,4007.0,5.42
1547072340,4006.99,4007.0,4007.0,4007.0,1.31
1547072400,4005.29,4006.98,4006.98,4006.64,3.64
1547072460,4006.63,4006.64,4006.63,4006.64,0.797
1547072520,4006.63,4007.02,4006.63,4007.01,3.86
1547072580,4007.01,4008.0,4007.01,4007.99,7.88
1547072640,4007.99,4008.0,4008.0,4008.0,3.38
1547072700,4007.67,4008.0,4008.0,4007.67,4.11
1547072760,4005.17,4007.67,4007.67,4007.06,7.45
1547072820,4005.0,4008.0,4007.14,4007.1,2.56
1547072880,4005.02,4008.0,4007.1,4007.1,2.6
1547072940,4005.0,4008.0,4005.56,4007.23,5.9
1547073000,4005.94,4008.0,4006.62,4007.95,4.0
1547073060,4007.3,4009.93,4007.95,4008.75,11.94
1547073120,4007.3,4008.76,4008.75,4008.5,1.54
1547073180,4007.3,4009.0,4008.5,4009.0,2.78
1547073240,4007.3,4009.0,4008.75,4008.93,1.8
1547073300,4008.58,4009.0,4008.91,4009.0,0.659
1547073360,4008.9,4011.0,4009.0,4011.0,14.95
1547073420,4009.76,4012.66,4011.0,4012.66,7.3
1547073480,4011.57,4014.2,4012.54,4011.57,3.35
1547073540,4011.7,4013.96,4011.72,4013.06,2.41
1547073600,4011.7,4013.48,4013.48,4012.79,3.02
1547073660,4011.04,4012.92,4012.89,4011.72,2.36
1547073720,4006.1,4012.29,4012.29,4006.1,7.0
1547073780,4004.38,4006.1,4006.09,4006.1,7.98
1547073840,4006.09,4007.64,4006.1,4006.84,4.26
1547073900,4004.73,4006.7,4006.34,4005.56,1.56
1547073960,4005.55,4008.0,4005.56,4007.74,2.91
1547074020,4007.27,4008.0,4007.75,4008.0,2.42
1547074080,4002.8,4008.35,4008.0,4007.59,14.71
1547074140,4007.58,4008.64,4007.59,4008.64,2.03
1547074200,4006.16,4008.64,4008.64,4008.61,3.97
1547074260,4008.23,4008.64,4008.61,4008.23,1.59
1547074320,4006.74,4008.39,4008.21,4007.85,6.19
1547074380,4005.67,4007.74,4007.57,4007.36,6.27
1547074440,4006.78,4008.0,4006.78,4008.0,4.97
1547074500,4007.4,4008.0,4008.0,4008.0,3.12
1547074560,4007.21,4008.0,4008.0,4007.21,1.21
1547074620,4005.67,4007.22,4007.22,4005.67,3.15
1547074680,4004.0,4005.61,4005.61,4004.74,2.86
1547074740,4004.73,4008.0,4004.73,4006.59,5.2
1547074800,4004.74,4008.81,4006.79,4005.6,9.32
1547074860,4005.48,4008.43,4006.44,4006.7,7.51
1547074920,4006.69,4007.0,4006.69,4007.0,1.92
1547074980,4007.13,4007.57,4007.53,4007.14,4.22
1547075040,4005.0,4009.0,4007.13,4009.0,25.96
1547075100,4008.99,4012.0,4008.99,4011.82,9.65
1547075160,4009.99,4014.93,4011.82,4009.99,12.32
1547075220,4006.68,4010.95,4009.99,4009.63,1.82
1547075280,4008.0,4010.0,4009.63,4008.66,12.14
1547075340,4006.0,4010.59,4008.66,4008.48,2.99
1547075400,4007.06,4010.0,4009.18,4009.93,4.41
1547075460,4008.24,4011.74,4010.0,4009.84,5.36
1547075520,4010.05,4013.09,4010.55,4012.01,3.14
1547075580,4010.0,4012.15,4012.11,4010.01,2.25
1547075640,4008.27,4010.01,4010.01,4008.31,2.66
1547075700,4005.03,4008.37,4008.31,4006.42,2.31
1547075760,4006.34,4006.42,4006.42,4006.42,1.06
1547075820,4006.41,4008.37,4006.42,4006.44,8.78
1547075880,4003.66,4007.95,4006.5,4006.21,15.59
1547075940,4004.24,4007.01,4006.21,4007.01,3.92
1547076000,4006.2,4008.01,4007.01,4007.06,3.92
1547076060,4005.01,4008.01,4007.25,4007.23,1.11
1547076120,4006.37,4008.0,4007.24,4007.86,3.21
1547076180,4007.0,4008.01,4007.01,4007.99,1.53
1547076240,4007.26,4009.14,4007.28,4008.0,4.24
1547076300,4003.96,4008.48,4008.25,4006.2,11.28
1547076360,4004.35,4007.57,4005.78,4004.5,6.81
1547076420,4003.66,4006.65,4004.51,4005.5,4.7
1547076480,4005.47,4006.03,4005.47,4005.8,0.991
1547076540,4003.66,4005.78,4005.77,4003.67,8.73
1547076600,4003.37,4004.21,4003.67,4004.21,4.1
1547076660,4003.38,4004.21,4004.21,4003.39,2.29
1547076720,4003.38,4003.39,4003.39,4003.38,5.57
1547076780,4003.38,4005.7,4003.38,4005.69,14.09
1547076840,4003.38,4005.69,4005.69,4005.58,5.81
1547076900,4004.69,4005.6,4005.59,4005.56,4.34
1547076960,4004.38,4005.57,4005.38,4004.41,3.23
1547077020,4004.4,4004.41,4004.4,4004.41,6.34
1547077080,4004.4,4004.41,4004.41,4004.41,1.79
1547077140,4004.4,4005.0,4004.4,4005.0,0.958
1547077200,4004.4,4005.58,4005.0,4004.4,4.21
1547077260,4004.4,4005.22,4004.86,4005.03,2.27
1547077320,4005.03,4007.78,4005.03,4005.76,6.0
1547077380,4004.4,4006.7,4005.76,4005.03,5.27
1547077440,4004.4,4006.54,4005.03,4004.8,2.68
1547077500,4004.42,4005.75,4004.8,4005.02,2.11
1547077560,4005.0,4005.87,4005.02,4005.02,1.12
1547077620,4003.0,4005.29,4005.02,4005.0,3.94
1547077680,4004.41,4005.01,4005.0,4004.41,1.45
1547077740,4003.04,4004.95,4004.94,4004.2,0.396
1547077800,4000.0,4005.01,4004.72,4002.83,6.64
1547077860,4000.98,4004.48,4002.8,4003.48,1.72
1547077920,4002.04,4004.72,4003.87,4003.55,4.27
1547077980,4004.27,4005.0,4004.49,4004.27,1.02
1547078040,4004.6,4005.0,4004.8,4004.99,0.9
1547078100,4004.99,4006.0,4004.99,4005.62,3.06
1547078160,4005.44,4005.62,4005.62,4005.45,1.06
1547078220,4003.23,4005.45,4005.45,4003.68,1.58
1547078280,4000.0,4004.33,4004.0,4003.45,18.75
1547078340,4002.65,4004.12,4003.49,4004.12,2.48
1547078400,4002.66,4005.0,4004.13,4002.66,1.92
1547078460,4002.66,4005.0,4002.66,4003.99,0.96
1547078520,4004.0,4005.45,4004.0,4005.45,1.27
1547078580,4005.44,4005.45,4005.45,4005.45,4.7
1547078640,4004.41,4008.0,4005.45,4005.44,4.82
1547078700,4005.33,4008.0,4005.49,4005.93,0.888
1547078760,4003.63,4007.33,4005.93,4005.71,2.79
1547078820,4004.28,4007.0,4004.29,4006.93,3.53
1547078880,4006.59,4008.0,4007.0,4008.0,3.96
1547078940,4007.99,4008.0,4008.0,4008.0,1.06
1547079000,4007.99,4008.0,4008.0,4008.0,5.83
1547079060,4007.99,4010.94,4008.0,4010.93,3.12
1547079120,4010.89,4012.0,4010.89,4012.0,10.36
1547079180,4011.15,4013.79,4012.0,4011.15,4.15
