1542328440,5565.52,5565.53,5565.53,5565.53,2.91
1542328500,5565.52,5565.53,5565.53,5565.53,5.81
1542328560,5565.52,5565.53,5565.53,5565.53,3.79
1542328620,5565.52,5565.53,5565.52,5565.53,1.19
1542328680,5565.52,5565.53,5565.53,5565.53,2.2
1542328740,5545.97,5565.53,5565.53,5545.98,29.06
1542328800,5545.97,5545.98,5545.98,5545.98,4.87
1542328860,5545.97,5545.98,5545.98,5545.98,1.75
1542328920,5545.97,5545.98,5545.98,5545.98,2.07
1542328980,5545.97,5554.95,5545.97,5553.12,12.78
1542329040,5546.18,5553.13,5553.12,5549.74,1.86
1542329100,5549.73,5553.13,5549.74,5549.74,10.31
1542329160,5549.73,5549.74,5549.74,5549.74,1.68
1542329220,5545.97,5549.74,5549.74,5546.57,2.19
1542329280,5529.92,5549.74,5546.98,5544.33,43.17
1542329340,5544.33,5544.34,5544.34,5544.33,1.66
1542329400,5544.33,5544.34,5544.34,5544.34,2.44
1542329460,5544.33,5544.34,5544.34,5544.34,0.519
1542329520,5544.33,5550.95,5544.34,5550.95,6.69
1542329580,5550.94,5555.06,5550.95,5555.06,3.81
1542329640,5555.0,5556.56,5555.06,5556.0,1.87
1542329700,5555.99,5556.0,5556.0,5556.0,1.57
1542329760,5555.99,5558.77,5556.0,5556.6,4.13
1542329820,5555.0,5556.6,5556.6,5555.01,4.6
1542329880,5555.0,5555.01,5555.01,5555.0,0.245
1542332880,5521.05,5525.31,5521.06,5525.31,2.49
1542332940,5526.76,5526.77,5526.77,5526.77,1.88
1542333000,5526.76,5526.77,5526.77,5526.77,3.36
1542333060,5526.76,5538.33,5526.76,5537.41,8.25
1542333120,5534.54,5537.41,5537.4,5534.9,0.864
1542333180,5533.15,5534.67,5534.67,5533.16,11.13
1542333240,5533.0,5535.95,5533.16,5533.01,2.07
1542333300,5531.93,5533.01,5533.01,5531.98,1.15
1542333360,5526.67,5531.98,5531.97,5526.67,4.91
1542333420,5526.66,5526.78,5526.66,5526.78,8.86
1542333480,5526.77,5526.78,5526.77,5526.78,1.78
1542333540,5526.78,5535.97,5526.78,5533.26,15.25
1542333600,5530.75,5530.76,5530.75,5530.76,2.36
1542333660,5529.65,5530.76,5530.75,5529.66,2.95
1542333720,5527.16,5529.66,5529.66,5527.17,1.0
1542333780,5527.16,5527.17,5527.16,5527.17,2.3
1542333840,5527.16,5529.66,5527.17,5529.66,7.97
1542333900,5529.65,5530.76,5529.65,5530.76,5.46
1542333960,5530.75,5538.59,5530.75,5538.59,4.28
1542334020,5538.58,5541.39,5538.58,5541.37,7.11
1542334080,5541.36,5566.0,5541.37,5560.19,74.37
1542334140,5557.24,5561.57,5560.18,5559.6,2.31
1542334200,5552.66,5561.57,5559.6,5561.57,3.3
1542334260,5553.26,5561.57,5561.57,5558.26,1.98
1542334320,5552.67,5559.42,5557.41,5555.0,4.25
1542334380,5555.0,5556.39,5555.01,5555.01,0.535
1542334440,5555.0,5558.34,5555.01,5555.11,1.65
1542334500,5550.0,5556.27,5555.01,5551.56,4.29
1542334560,5546.58,5551.56,5551.55,5551.56,1.0
1542334620,5550.35,5556.2,5551.56,5553.25,3.15
1542334680,5550.15,5551.55,5550.16,5550.16,4.41
1542334740,5550.15,5550.92,5550.16,5550.16,3.31
1542334800,5550.16,5555.54,5550.16,5554.49,5.43
1542334860,5551.01,5559.99,5554.49,5558.7,3.57
1542334920,5553.37,5558.7,5558.7,5557.23,6.85
1542334980,5554.17,5557.23,5557.23,5556.23,1.46
1542335040,5554.13,5556.23,5556.23,5554.87,1.28
1542335100,5554.12,5557.2,5555.51,5557.2,4.46
1542335160,5557.19,5557.41,5557.2,5557.41,0.842
1542335220,5557.4,5557.41,5557.41,5557.41,0.743
1542335280,5557.4,5559.99,5557.4,5559.99,1.08
1542335340,5559.98,5559.99,5559.99,5559.98,0.313
1542335400,5559.97,5559.98,5559.98,5559.98,0.696
1542335460,5559.97,5559.99,5559.98,5559.98,1.31
1542335520,5556.86,5559.98,5559.97,5556.86,7.2
1542335580,5556.3,5559.79,5556.85,5558.35,2.93
1542335640,5554.0,5558.36,5558.35,5554.0,1.72
1542335700,5554.28,5558.41,5554.28,5558.11,5.5
1542335760,5555.9,5558.49,5558.1,5557.46,3.46
1542335820,5557.4,5557.53,5557.47,5557.41,1.45
1542335880,5556.35,5557.5,5557.41,5557.5,4.04
1542335940,5556.49,5558.5,5557.49,5556.51,2.92
1542336000,5553.76,5558.5,5556.51,5556.11,4.3
1542336060,5553.78,5557.88,5556.07,5555.29,2.96
1542336120,5553.78,5554.84,5553.78,5553.79,0.974
1542336180,5553.78,5553.79,5553.79,5553.79,0.873
1542336240,5553.78,5553.79,5553.79,5553.79,6.16
1542336300,5553.78,5553.79,5553.79,5553.79,2.29
1542336360,5553.0,5553.79,5553.78,5553.01,1.34
1542336420,5552.62,5553.01,5553.01,5552.63,3.92
1542336480,5550.0,5552.63,5552.63,5550.49,4.46
1542336540,5550.25,5550.49,5550.49,5550.49,1.58
1542336600,5550.48,5550.49,5550.49,5550.49,5.98
1542336660,5550.49,5553.79,5550.49,5553.79,16.12
1542336720,5553.78,5553.79,5553.79,5553.79,0.652
1542336780,5553.78,5553.79,5553.79,5553.79,2.91
1542336840,5553.78,5553.79,5553.79,5553.79,2.29
1542336900,5553.78,5553.79,5553.79,5553.78,1.85
1542336960,5553.25,5553.79,5553.79,5553.25,45.21
1542337020,5553.25,5553.79,5553.26,5553.26,4.61
1542337080,5553.25,5553.8,5553.26,5553.8,2.44
1542337140,5553.79,5553.8,5553.8,5553.8,1.35
1542337200,5553.25,5553.8,5553.79,5553.26,2.55
1542337260,5553.25,5553.26,5553.26,5553.26,2.75
1542337320,5553.25,5553.81,5553.26,5553.81,9.63
1542337380,5553.8,5554.74,5553.81,5554.74,7.92
1542337440,5554.73,5554.74,5554.74,5554.74,1.7
1542337500,5554.73,5554.74,5554.73,5554.73,6.56
1542337560,5554.74,5556.4,5554.74,5556.4,15.67
1542337620,5556.4,5566.0,5556.4,5566.0,33.09
1542337680,5565.99,5567.37,5566.0,5567.16,6.01
1542337740,5567.03,5567.17,5567.16,5567.04,3.03
1542337800,5567.03,5567.04,5567.03,5567.04,3.7
1542337860,5567.03,5567.04,5567.04,5567.04,1.6
1542337920,5567.03,5569.99,5567.03,5569.99,36.34
1542337980,5569.98,5569.99,5569.98,5569.99,4.92
1542338040,5569.98,5569.99,5569.99,5569.98,2.85
1542338100,5568.29,5569.99,5569.98,5569.99,8.98
1542338160,5569.98,5569.99,5569.99,5569.99,2.98
1542338220,5569.98,5575.0,5569.99,5575.0,22.31
1542338280,5574.98,5575.0,5574.99,5575.0,1.43
1542338340,5575.0,5580.0,5575.0,5579.95,20.06
1542338400,5574.01,5579.95,5579.95,5574.01,5.7
1542338460,5573.31,5578.31,5574.0,5573.32,8.84
1542338520,5568.66,5573.32,5573.31,5571.1,2.62
1542338580,5568.0,5571.1,5571.09,5568.01,3.04
1542338640,5565.9,5568.01,5568.01,5566.01,4.04
1542338700,5566.0,5566.01,5566.01,5566.01,2.79
1542338760,5562.38,5566.01,5566.01,5562.43,5.05
1542338820,5553.8,5564.51,5562.4,5560.95,12.99
1542338880,5560.8,5560.93,5560.93,5560.82,1.98
1542338940,5560.83,5564.66,5560.83,5564.66,8.09
1542339000,5563.7,5565.97,5564.66,5565.97,1.95
1542339060,5565.96,5568.99,5565.97,5568.99,0.874
1542339120,5568.98,5568.99,5568.98,5568.99,6.14
1542339180,5568.98,5568.99,5568.98,5568.98,5.77
1542339240,5568.98,5568.99,5568.99,5568.99,4.13
1542339300,5547.55,5568.99,5568.98,5564.33,109.09
1542339360,5564.3,5564.33,5564.32,5564.31,3.88
1542339420,5564.3,5564.31,5564.31,5564.31,3.24
1542339480,5564.3,5564.31,5564.31,5564.31,1.36
1542339540,5564.3,5564.31,5564.31,5564.31,0.834
1542339600,5564.3,5564.31,5564.31,5564.3,6.06
1542339660,5564.3,5564.31,5564.31,5564.31,0.676
1542339720,5564.3,5568.51,5564.31,5568.51,20.35
1542339780,5568.5,5569.0,5568.5,5569.0,6.5
1542339840,5568.99,5573.0,5568.99,5573.0,7.98
1542339900,5572.99,5573.0,5572.99,5573.0,2.15
1542339960,5572.99,5573.0,5572.99,5573.0,5.7
1542340020,5572.99,5573.0,5573.0,5572.99,4.64
1542340080,5572.99,5573.0,5573.0,5573.0,3.43
1542340140,5572.99,5573.0,5573.0,5572.99,0.505
1542340200,5572.99,5573.0,5572.99,5573.0,0.786
1542340260,5572.99,5573.0,5573.0,5573.0,2.05
1542340320,5572.99,5573.0,5572.99,5573.0,4.19
1542340380,5572.99,5573.0,5572.99,5573.0,1.8
1542340440,5572.99,5573.0,5573.0,5573.0,0.951
1542340500,5572.99,5573.0,5572.99,5573.0,1.06
1542340560,5572.99,5573.0,5572.99,5573.0,0.972
1542340620,5572.99,5573.01,5572.99,5573.0,40.53
1542340680,5573.0,5573.01,5573.01,5573.01,2.93
1542340740,5573.0,5573.01,5573.0,5573.01,5.81
1542340800,5566.01,5573.01,5573.0,5566.02,17.42
1542340860,5565.26,5566.02,5566.01,5565.26,2.4
1542340920,5565.25,5565.26,5565.25,5565.26,0.688
1542340980,5564.3,5565.25,5565.25,5564.31,1.73
1542341040,5564.3,5564.31,5564.31,5564.31,2.28
1542341100,5564.3,5564.31,5564.31,5564.31,12.01
1542341160,5562.65,5564.31,5564.31,5562.66,3.45
1542341220,5562.0,5562.66,5562.65,5562.0,1.88
1542341280,5560.0,5562.01,5562.01,5560.01,4.76
1542341340,5560.0,5560.01,5560.01,5560.01,1.59
1542341400,5560.0,5560.01,5560.01,5560.01,3.15
1542341460,5556.15,5560.01,5560.0,5558.31,0.763
1542341520,5555.69,5559.12,5557.28,5555.7,0.791
1542341580,5555.69,5555.7,5555.7,5555.7,1.02
1542341640,5555.69,5555.7,5555.69,5555.7,3.09
1542341700,5551.97,5555.7,5555.7,5553.44,2.73
1542341760,5552.75,5553.44,5553.43,5553.43,3.99
1542341820,5552.74,5553.44,5553.44,5552.74,2.38
1542341880,5550.01,5552.74,5552.74,5550.02,0.441
1542341940,5547.09,5552.34,5550.02,5550.18,7.18
1542342000,5550.18,5551.76,5550.19,5551.54,0.816
1542342060,5551.0,5552.34,5551.26,5552.34,5.09
1542342120,5550.0,5552.34,5552.34,5550.01,15.49
1542342180,5550.0,5550.01,5550.01,5550.01,2.39
1542342240,5547.85,5550.01,5550.0,5549.06,6.57
1542342300,5545.18,5551.05,5549.06,5548.96,9.59
1542342360,5545.85,5550.0,5548.96,5549.72,2.42
1542342420,5549.71,5551.06,5549.71,5551.06,2.13
1542342480,5551.05,5551.06,5551.06,5551.05,8.53
1542342540,5551.05,5551.06,5551.05,5551.06,6.48
1542342600,5551.06,5555.49,5551.06,5554.64,4.16
1542342660,5552.14,5557.35,5554.64,5554.67,2.55
1542342720,5554.08,5555.39,5554.09,5554.15,0.75
1542342780,5554.08,5555.46,5554.15,5554.08,1.82
1542342840,5554.08,5554.24,5554.24,5554.09,6.02
1542342900,5552.12,5554.09,5554.09,5554.02,2.37
1542342960,5552.28,5554.09,5554.09,5554.08,1.79
1542343020,5554.08,5557.35,5554.08,5557.34,5.51
1542343080,5557.34,5563.82,5557.34,5561.02,3.67
1542343140,5561.01,5561.02,5561.01,5561.02,0.763
1542343200,5561.01,5561.02,5561.01,5561.02,0.583
1542343260,5561.01,5562.91,5561.01,5562.91,4.73
1542343320,5562.9,5562.91,5562.91,5562.9,5.07
1542343380,5555.63,5562.91,5562.91,5555.63,9.19
1542343440,5555.62,5555.63,5555.62,5555.63,1.12
1542343500,5555.24,5555.63,5555.62,5555.25,1.24
1542343560,5555.24,5555.25,5555.25,5555.24,1.04
1542343620,5555.24,5555.25,5555.24,5555.25,2.14
1542343680,5553.97,5555.25,5555.24,5553.98,13.41
1542343740,5548.02,5553.98,5553.98,5548.02,20.83
1542343800,5546.77,5550.0,5548.02,5548.84,1.72
1542343860,5548.84,5548.85,5548.85,5548.85,1.33
1542343920,5548.84,5550.05,5548.85,5550.05,2.06
1542343980,5548.84,5550.83,5550.05,5548.84,27.87
1542344040,5544.05,5550.63,5546.78,5548.0,53.09
1542344100,5545.01,5548.0,5546.05,5548.0,5.86
1542344160,5548.0,5548.92,5548.0,5548.26,0.725
1542344220,5548.25,5550.62,5548.25,5550.62,2.54
1542344280,5540.0,5550.62,5550.62,5542.68,22.7
1542344340,5542.67,5547.64,5542.68,5547.64,6.52
1542344400,5544.15,5548.72,5548.72,5544.15,2.08
1542344460,5542.14,5544.16,5544.16,5544.15,3.4
1542344520,5544.14,5550.68,5544.15,5550.68,2.26
1542344580,5550.67,5550.68,5550.68,5550.68,1.95
1542344640,5548.0,5550.68,5550.68,5548.0,1.13
1542344700,5548.0,5548.01,5548.0,5548.0,2.13
1542344760,5545.51,5548.01,5548.01,5547.93,0.727
1542344820,5545.0,5547.55,5545.0,5545.88,1.44
1542344880,5544.02,5545.88,5545.88,5544.02,20.37
1542344940,5541.13,5545.0,5544.99,5545.0,6.01
1542345000,5544.99,5545.0,5545.0,5545.0,0.931
1542345060,5544.99,5545.0,5545.0,5545.0,1.36
1542345120,5542.0,5545.0,5545.0,5542.0,6.21
1542345180,5542.0,5542.39,5542.0,5542.01,5.09
1542345240,5542.0,5542.01,5542.01,5542.01,2.45
1542345300,5542.0,5542.01,5542.01,5542.0,1.21
1542345360,5542.0,5542.01,5542.0,5542.01,0.687
1542345420,5542.0,5542.01,5542.01,5542.01,1.62
1542345480,5542.0,5543.0,5542.01,5542.99,0.813
1542345540,5542.99,5548.01,5542.99,5548.01,4.63
1542345600,5548.0,5550.0,5548.0,5550.0,1.39
1542345660,5550.0,5552.71,5550.0,5552.7,4.79
1542345720,5552.7,5552.71,5552.71,5552.71,3.11
1542345780,5552.7,5554.74,5552.71,5554.74,2.44
1542345840,5555.37,5556.97,5555.37,5556.97,0.689
1542345900,5556.96,5556.97,5556.97,5556.96,1.16
1542345960,5556.96,5556.97,5556.97,5556.97,3.92
1542346020,5556.96,5556.97,5556.97,5556.97,4.01
1542346080,5556.96,5556.97,5556.97,5556.96,2.15
1542346140,5556.96,5556.97,5556.97,5556.97,2.62
1542346200,5556.96,5556.97,5556.96,5556.97,0.622
1542346260,5556.96,5560.0,5556.96,5560.0,2.66
1542346320,5559.99,5560.0,5560.0,5560.0,0.712
1542346380,5554.35,5560.0,5559.99,5554.35,8.83
1542346440,5554.35,5554.95,5554.36,5554.36,1.2
1542346500,5554.35,5554.92,5554.36,5554.91,2.06
1542346560,5554.91,5555.0,5554.91,5555.0,1.42
1542346620,5554.99,5555.0,5554.99,5555.0,1.72
1542346680,5554.99,5555.0,5555.0,5555.0,5.86
1542346740,5554.99,5555.0,5555.0,5555.0,0.6
1542346800,5555.0,5556.95,5555.0,5556.95,1.98
1542346860,5556.94,5557.0,5556.94,5557.0,1.74
1542346920,5556.99,5557.0,5556.99,5557.0,0.718
1542346980,5556.99,5557.0,5556.99,5557.0,0.815
1542347040,5554.9,5557.0,5556.99,5554.9,16.51
1542347100,5553.34,5554.91,5554.91,5553.35,5.42
1542347160,5553.34,5553.35,5553.34,5553.35,2.33
1542347220,5553.34,5553.35,5553.34,5553.35,0.231
1542347280,5549.08,5553.35,5553.34,5549.09,12.83
1542347340,5549.08,5549.09,5549.09,5549.09,1.18
1542347400,5549.08,5549.09,5549.08,5549.09,0.715
1542347460,5542.0,5549.08,5549.08,5542.0,14.23
1542347520,5542.0,5542.01,5542.0,5542.01,0.766
1542347580,5539.71,5542.01,5542.01,5539.72,28.17
1542347640,5538.2,5539.72,5539.71,5538.2,11.51
1542347700,5534.38,5538.2,5538.19,5534.38,15.83
1542347760,5533.58,5534.38,5534.38,5533.59,5.54
1542347820,5529.62,5533.59,5533.59,5530.38,63.65
1542347880,5530.37,5530.38,5530.38,5530.38,2.55
1542347940,5530.37,5530.38,5530.38,5530.38,0.427
1542348000,5530.37,5530.4,5530.38,5530.4,1.51
1542348060,5530.4,5535.0,5530.4,5535.0,0.957
1542348120,5534.99,5537.79,5535.0,5537.79,1.75
1542348180,5537.79,5537.8,5537.8,5537.8,18.43
1542348240,5537.79,5537.8,5537.8,5537.79,1.28
1542348300,5537.79,5537.8,5537.79,5537.8,7.32
1542348360,5537.79,5537.8,5537.79,5537.8,0.319
1542348420,5537.79,5537.8,5537.79,5537.8,4.75
1542348480,5537.79,5537.8,5537.79,5537.79,0.788
1542348540,5537.79,5538.97,5537.79,5538.97,3.09
1542348600,5538.96,5538.97,5538.97,5538.96,9.56
1542348660,5538.96,5538.97,5538.97,5538.97,2.4
1542348720,5538.96,5538.97,5538.97,5538.97,0.743
1542348780,5538.96,5538.97,5538.96,5538.97,6.91
1542348840,5538.96,5538.97,5538.96,5538.97,7.93
1542348900,5537.79,5538.97,5538.97,5537.8,5.5
1542348960,5531.06,5537.8,5537.8,5531.06,32.68
1542349020,5531.06,5531.07,5531.07,5531.07,2.1
1542349080,5521.93,5531.07,5531.07,5524.82,22.61
1542349140,5524.82,5525.71,5524.82,5525.71,1.05
1542349200,5524.83,5527.67,5525.71,5526.19,1.97
1542349260,5524.82,5530.77,5524.83,5530.55,7.45
1542349320,5529.38,5538.01,5530.54,5538.01,2.5
1542349380,5538.0,5538.01,5538.01,5538.01,1.54
1542349440,5538.01,5538.88,5538.01,5538.73,2.46
1542349500,5538.73,5538.97,5538.73,5538.96,0.945
1542349560,5538.96,5538.97,5538.96,5538.97,0.967
1542349620,5538.96,5538.97,5538.97,5538.97,0.354
1542349680,5538.97,5539.0,5538.97,5539.0,6.98
1542349740,5539.0,5542.03,5539.0,5542.03,2.99
1542349800,5542.02,5542.03,5542.03,5542.03,0.621
1542349860,5542.03,5547.01,5542.03,5547.0,22.7
1542349920,5547.0,5547.01,5547.01,5547.01,0.56
1542349980,5547.01,5547.01,5547.01,5547.01,0.291
1542350040,5547.0,5547.01,5547.01,5547.0,3.45
1542350100,5547.0,5547.01,5547.01,5547.0,37.62
1542350160,5547.0,5547.01,5547.0,5547.01,0.427
1542350220,5547.0,5547.01,5547.0,5547.01,11.58
1542350280,5547.0,5547.01,5547.0,5547.01,0.367
1542350340,5534.84,5547.01,5547.01,5539.16,21.3
1542350400,5536.86,5539.07,5538.12,5536.86,3.11
1542350460,5534.84,5538.12,5536.86,5536.87,3.22
1542350520,5535.14,5543.33,5536.87,5542.68,1.43
1542350580,5540.4,5544.98,5540.4,5542.75,0.996
1542350640,5545.0,5547.76,5545.01,5545.01,0.285
1542350700,5547.55,5547.86,5547.55,5547.86,0.476
1542350760,5547.85,5547.86,5547.85,5547.85,0.767
1542350820,5547.85,5548.04,5547.85,5548.04,1.13
1542350880,5548.03,5548.04,5548.04,5548.04,0.263
1542350940,5548.03,5548.04,5548.04,5548.04,9.96
1542351000,5548.03,5548.04,5548.04,5548.04,6.6
1542351060,5548.04,5548.04,5548.04,5548.04,7.84
1542351120,5548.03,5549.0,5548.03,5549.0,1.81
1542351180,5548.99,5549.0,5549.0,5549.0,0.633
1542351240,5549.0,5550.78,5549.0,5550.78,1.04
1542351300,5550.77,5550.78,5550.78,5550.78,1.05
1542351360,5546.39,5550.78,5550.77,5546.39,3.33
1542351420,5544.2,5547.47,5546.38,5547.47,0.3
1542351480,5544.21,5548.23,5547.47,5547.19,0.78
1542351540,5545.0,5547.8,5547.8,5545.01,0.716
1542351600,5545.0,5550.78,5545.0,5550.78,2.04
1542351660,5549.47,5550.76,5549.86,5549.48,8.54
1542351720,5549.47,5550.78,5549.47,5550.78,1.65
1542351780,5550.77,5554.0,5550.77,5554.0,0.768
1542351840,5553.99,5555.0,5553.99,5555.0,0.351
1542351900,5554.99,5556.0,5555.0,5556.0,0.457
1542351960,5555.99,5556.0,5556.0,5556.0,0.54
1542352020,5555.99,5556.0,5556.0,5555.99,0.532
1542352080,5555.99,5556.18,5555.99,5556.18,1.24
1542352140,5556.17,5556.18,5556.17,5556.17,1.06
1542352200,5556.17,5556.18,5556.18,5556.18,7.41
1542352260,5553.66,5556.18,5556.18,5553.67,2.98
1542352320,5552.33,5553.67,5553.67,5552.34,0.523
1542352380,5552.33,5552.34,5552.33,5552.34,1.63
1542352440,5552.33,5552.34,5552.33,5552.34,2.48
1542352500,5552.33,5552.34,5552.33,5552.34,0.945
1542352560,5552.33,5552.34,5552.33,5552.34,0.356
1542352620,5552.33,5552.34,5552.33,5552.34,1.59
1542352680,5552.33,5552.34,5552.33,5552.34,2.34
1542352740,5552.33,5552.34,5552.34,5552.33,2.48
1542352800,5552.33,5552.34,5552.33,5552.34,0.49
1542352860,5552.33,5552.34,5552.33,5552.34,0.601
1542352920,5552.33,5552.34,5552.33,5552.34,0.616
1542352980,5552.33,5552.34,5552.34,5552.33,1.22
1542353040,5552.33,5552.34,5552.33,5552.33,0.363
1542353100,5552.33,5552.34,5552.33,5552.33,2.92
1542353160,5552.33,5552.34,5552.33,5552.34,2.37
1542353220,5543.61,5552.34,5552.34,5543.62,10.02
1542353280,5543.61,5543.62,5543.61,5543.62,0.547
1542353340,5543.61,5543.62,5543.62,5543.62,5.52
1542353400,5543.61,5543.62,5543.61,5543.62,3.19
1542353460,5528.31,5543.61,5543.61,5528.31,12.36
1542353520,5520.01,5532.18,5528.3,5520.29,85.51
1542353580,5520.28,5520.29,5520.28,5520.29,1.7
1542353640,5520.29,5528.97,5520.29,5528.97,10.39
1542353700,5527.79,5529.81,5528.58,5528.58,6.89
1542353760,5527.01,5528.58,5528.57,5527.01,1.27
1542353820,5526.93,5526.94,5526.94,5526.94,0.169
1542354240,5514.39,5518.84,5514.4,5518.84,3.97
1542354300,5513.38,5518.83,5518.83,5513.38,1.45
1542354360,5505.51,5513.76,5512.9,5513.76,10.98
1542354420,5512.01,5514.2,5512.02,5512.02,0.503
1542354480,5512.01,5514.5,5512.22,5512.01,4.15
1542354540,5512.01,5516.16,5512.02,5516.16,0.961
1542354600,5516.15,5516.16,5516.16,5516.16,0.481
1542354660,5516.15,5518.64,5516.15,5517.88,5.17
1542354720,5515.46,5518.05,5515.46,5516.13,2.65
1542354780,5516.12,5516.95,5516.14,5516.13,1.38
1542354840,5514.5,5516.13,5516.13,5514.5,9.27
1542354900,5508.52,5514.5,5514.5,5508.53,3.8
1542354960,5508.52,5511.16,5508.53,5509.25,0.882
1542355020,5509.24,5509.25,5509.25,5509.25,0.816
1542355080,5509.24,5510.16,5509.25,5510.16,1.69
1542355140,5510.15,5511.37,5510.16,5510.62,1.55
1542355200,5503.0,5510.61,5510.61,5503.0,28.17
1542355260,5503.0,5503.01,5503.01,5503.01,0.903
1542355320,5503.0,5503.01,5503.01,5503.01,0.427
1542355380,5501.01,5517.21,5503.01,5517.21,44.27
1542355440,5517.2,5526.23,5517.21,5526.23,15.72
1542355500,5526.23,5528.06,5526.23,5528.06,12.56
1542355560,5528.05,5528.06,5528.05,5528.05,2.82
1542355620,5528.05,5528.06,5528.06,5528.06,3.28
1542355680,5528.05,5533.03,5528.06,5533.03,15.72
1542355740,5533.02,5533.03,5533.03,5533.02,0.927
1542355800,5530.75,5533.03,5533.03,5530.76,0.779
1542355860,5530.75,5530.76,5530.75,5530.75,1.34
1542355920,5530.75,5530.76,5530.75,5530.76,1.62
1542355980,5530.75,5530.76,5530.75,5530.75,1.26
1542356040,5528.25,5530.76,5530.76,5528.26,1.45
1542356100,5527.79,5528.26,5528.25,5528.09,0.643
1542356160,5523.32,5528.08,5528.08,5524.85,0.866
1542356220,5524.85,5529.31,5524.85,5526.12,6.3
1542356280,5525.25,5526.12,5526.12,5525.25,0.22
1542356340,5520.96,5525.25,5525.25,5520.96,3.55
1542356400,5518.98,5520.95,5520.95,5518.98,0.403
1542356460,5518.97,5518.98,5518.98,5518.98,0.177
1542356520,5518.97,5518.98,5518.98,5518.98,1.8
1542356580,5518.63,5518.98,5518.98,5518.64,1.42
1542356640,5518.63,5518.64,5518.63,5518.64,2.13
1542356700,5514.64,5517.08,5517.07,5514.65,1.24
1542356760,5511.77,5514.65,5514.65,5511.78,1.77
1542356820,5510.78,5512.61,5511.78,5510.79,2.45
1542356880,5510.24,5512.47,5510.78,5510.33,4.29
1542356940,5510.33,5510.34,5510.33,5510.33,4.24
1542357000,5510.33,5523.94,5510.33,5523.94,6.51
1542357060,5523.92,5528.3,5523.92,5528.3,4.34
1542357120,5527.99,5528.97,5528.97,5528.0,5.44
1542357180,5527.99,5528.0,5527.99,5528.0,1.01
1542357240,5527.99,5528.0,5528.0,5528.0,2.9
1542357300,5527.99,5528.0,5527.99,5528.0,0.532
1542357360,5527.99,5528.01,5527.99,5528.01,16.63
1542357420,5528.0,5528.01,5528.01,5528.01,0.281
1542357480,5525.18,5528.01,5528.0,5525.18,6.19
1542357540,5526.73,5526.74,5526.73,5526.74,1.84
1542357600,5526.73,5526.74,5526.73,5526.74,3.32
1542357660,5526.74,5529.07,5526.74,5529.06,0.44
1542357720,5525.82,5529.06,5529.06,5527.06,0.885
1542357780,5525.81,5529.07,5527.06,5526.91,1.28
1542357840,5522.79,5525.81,5525.26,5522.79,0.425
1542357900,5518.26,5522.79,5522.78,5518.26,0.928
1542357960,5517.4,5518.26,5518.26,5517.41,2.08
1542358020,5511.22,5517.23,5517.23,5511.22,8.2
1542358080,5511.22,5520.29,5511.22,5520.28,17.07
1542358140,5518.55,5520.28,5518.55,5520.28,1.59
1542358200,5520.27,5523.77,5520.28,5523.77,2.42
1542358260,5523.76,5523.77,5523.77,5523.77,1.15
1542358320,5523.76,5523.77,5523.76,5523.77,1.77
1542358380,5523.76,5530.41,5523.77,5530.41,24.68
1542358440,5530.44,5533.04,5530.44,5533.03,1.03
1542358500,5533.03,5533.04,5533.03,5533.04,1.52
1542358560,5528.5,5533.04,5533.04,5528.51,1.57
1542358620,5528.5,5530.5,5528.5,5530.5,0.374
1542358680,5530.49,5530.5,5530.49,5530.5,1.7
1542358740,5530.49,5530.5,5530.49,5530.5,0.493
1542358800,5530.49,5530.5,5530.5,5530.5,2.31
1542358860,5530.49,5530.5,5530.49,5530.5,1.07
1542358920,5530.49,5530.5,5530.49,5530.5,1.03
1542358980,5528.85,5530.5,5530.49,5528.86,3.26
1542359040,5524.78,5528.86,5528.86,5524.87,0.683
1542359100,5524.86,5524.87,5524.86,5524.87,0.526
1542359160,5524.86,5524.87,5524.86,5524.87,0.213
1542359220,5520.67,5524.87,5524.87,5520.68,0.305
1542359280,5520.58,5520.68,5520.67,5520.58,5.39
1542359340,5517.62,5519.98,5519.98,5517.62,2.18
1542359400,5517.63,5519.53,5517.63,5518.72,0.265
1542359460,5515.46,5518.28,5518.27,5515.47,4.59
1542359520,5514.59,5515.47,5515.46,5514.6,0.601
1542359580,5514.36,5514.6,5514.59,5514.37,3.97
1542359640,5514.2,5514.37,5514.37,5514.21,0.515
1542359700,5514.2,5517.58,5514.21,5516.87,7.13
1542359760,5516.86,5516.87,5516.86,5516.87,0.236
1542359820,5516.86,5516.87,5516.87,5516.87,5.44
1542359880,5516.86,5519.63,5516.87,5519.63,25.39
1542359940,5521.17,5521.18,5521.17,5521.17,10.12
1542360000,5521.18,5525.19,5521.18,5525.19,19.06
1542360060,5525.63,5530.52,5525.64,5530.51,3.48
1542360120,5530.51,5530.52,5530.52,5530.51,6.15
1542360180,5525.3,5529.33,5529.33,5525.96,5.88
1542360240,5524.18,5525.65,5525.65,5524.18,1.28
1542360300,5524.18,5524.18,5524.18,5524.18,7.55
1542360360,5524.18,5524.18,5524.18,5524.18,1.05
1542360420,5524.18,5524.18,5524.18,5524.18,1.28
1542360480,5524.18,5524.18,5524.18,5524.18,0.183
1542360540,5524.18,5524.18,5524.18,5524.18,0.83
1542360600,5524.18,5524.18,5524.18,5524.18,0.146
1542360660,5524.17,5524.18,5524.17,5524.17,0.142
1542360720,5524.17,5524.18,5524.18,5524.18,0.51
1542360780,5524.17,5524.18,5524.17,5524.18,1.45
1542360840,5524.17,5524.18,5524.17,5524.17,0.226
1542360900,5524.17,5524.18,5524.17,5524.17,10.4
1542360960,5524.17,5524.18,5524.18,5524.17,0.363
1542361020,5524.17,5524.18,5524.17,5524.18,0.216
1542361080,5521.86,5524.18,5524.18,5521.86,3.47
1542361140,5519.03,5519.04,5519.04,5519.03,1.07
1542361200,5519.03,5519.04,5519.04,5519.04,8.43
1542361260,5510.02,5519.04,5519.04,5510.02,14.4
1542361320,5501.93,5510.02,5510.01,5501.93,10.46
1542361380,5501.01,5501.94,5501.93,5501.01,0.382
1542361440,5501.0,5501.01,5501.0,5501.01,2.82
1542361500,5501.0,5501.01,5501.0,5501.01,1.22
1542361560,5501.0,5501.01,5501.0,5501.01,3.09
1542361620,5470.88,5501.01,5501.0,5473.69,128.3
1542361680,5470.15,5479.1,5473.69,5470.16,37.81
1542361740,5472.77,5483.41,5472.77,5483.41,34.73
1542361800,5481.77,5485.05,5483.41,5481.78,11.52
1542361860,5481.77,5481.78,5481.77,5481.78,0.911
1542361920,5481.77,5481.78,5481.77,5481.78,14.71
1542361980,5477.71,5481.78,5481.77,5477.71,6.0
1542362040,5473.76,5477.71,5477.71,5473.77,1.71
1542362100,5473.76,5473.77,5473.77,5473.77,15.91
1542362160,5473.76,5487.68,5473.76,5487.68,27.61
1542362220,5487.67,5496.41,5487.67,5496.41,1.82
1542362280,5496.41,5501.54,5496.41,5499.87,20.74
1542362340,5499.86,5499.87,5499.87,5499.87,1.28
1542362400,5499.86,5499.87,5499.86,5499.86,0.254
1542362460,5499.86,5499.87,5499.86,5499.86,9.26
1542362520,5485.23,5499.87,5499.86,5485.24,16.57
1542362580,5485.23,5486.42,5485.23,5486.42,6.77
1542362640,5486.42,5486.88,5486.42,5486.88,16.68
1542362700,5486.88,5494.67,5486.88,5494.67,22.22
1542362760,5494.67,5506.72,5494.67,5506.72,30.86
1542362820,5506.72,5510.02,5506.72,5510.02,4.21
1542362880,5510.01,5510.03,5510.02,5510.03,16.6
1542362940,5510.03,5535.03,5510.03,5535.03,51.55
1542363000,5535.02,5545.01,5535.02,5545.01,54.27
1542363060,5539.29,5561.17,5545.06,5539.29,61.91
1542363120,5539.28,5551.7,5539.29,5546.66,31.61
1542363180,5546.63,5546.64,5546.63,5546.64,1.41
1542363240,5530.31,5546.63,5546.63,5530.31,42.84
1542363300,5530.31,5537.23,5530.31,5537.22,2.85
1542363360,5534.43,5535.19,5535.19,5534.43,7.15
1542363420,5534.43,5534.44,5534.43,5534.44,0.371
1542363480,5530.46,5534.44,5534.43,5530.46,1.76
1542363540,5530.46,5536.1,5530.46,5536.1,1.88
1542363600,5536.09,5550.0,5536.1,5549.99,28.21
1542363660,5549.99,5550.78,5549.99,5550.78,1.18
1542363720,5550.77,5550.78,5550.78,5550.78,6.13
1542363780,5550.78,5550.78,5550.78,5550.78,1.03
1542363840,5543.7,5550.78,5550.78,5543.7,3.11
1542363900,5543.69,5543.7,5543.69,5543.7,3.07
1542363960,5543.69,5543.7,5543.7,5543.7,1.1
1542364020,5543.69,5548.68,5543.7,5548.68,5.27
1542364080,5544.23,5548.68,5548.68,5544.23,6.51
1542364140,5544.16,5544.23,5544.22,5544.17,0.949
1542364200,5544.16,5544.17,5544.16,5544.16,0.581
1542364260,5539.19,5544.17,5544.16,5539.19,13.79
1542364320,5540.16,5541.08,5541.08,5540.17,0.408
1542364380,5538.62,5540.17,5540.17,5538.62,0.982
1542364440,5537.03,5538.63,5538.63,5537.04,8.6
1542364500,5537.03,5537.04,5537.03,5537.04,0.0842
1542364560,5537.03,5537.04,5537.03,5537.04,0.936
1542364620,5537.03,5539.8,5537.03,5539.8,0.902
1542364680,5539.79,5539.8,5539.8,5539.8,0.268
1542364740,5539.79,5539.8,5539.79,5539.8,0.125
1542364800,5539.79,5539.8,5539.79,5539.8,0.961
1542364860,5539.79,5539.8,5539.79,5539.8,0.488
1542364920,5539.79,5539.8,5539.79,5539.8,9.25
1542364980,5539.77,5539.79,5539.79,5539.78,4.67
1542365040,5539.77,5539.78,5539.77,5539.78,0.179
1542365100,5539.77,5539.78,5539.77,5539.78,1.04
1542365160,5539.77,5539.78,5539.77,5539.77,0.501
1542365220,5539.77,5539.78,5539.78,5539.78,0.682
1542365280,5539.77,5539.78,5539.77,5539.78,0.674
1542365340,5535.37,5539.78,5539.78,5535.38,6.5
1542365400,5535.37,5538.14,5535.38,5538.13,3.78
1542365460,5538.13,5538.14,5538.14,5538.14,0.569
1542365520,5538.13,5538.14,5538.14,5538.14,2.97
1542365580,5538.13,5538.14,5538.14,5538.14,0.761
1542365640,5538.13,5538.14,5538.13,5538.14,3.93
1542365700,5538.13,5538.14,5538.14,5538.14,1.3
1542365760,5538.13,5540.91,5538.13,5540.9,4.74
1542365820,5540.9,5545.25,5540.91,5545.25,21.36
1542365880,5545.25,5561.37,5545.25,5561.36,30.58
1542365940,5558.23,5561.37,5561.36,5558.24,0.912
1542366000,5556.04,5558.24,5558.24,5556.04,4.47
1542366060,5556.03,5556.04,5556.04,5556.04,0.628
1542366120,5556.04,5556.04,5556.04,5556.04,1.15
1542366180,5556.03,5556.04,5556.04,5556.04,1.47
1542366240,5556.03,5556.04,5556.03,5556.04,0.304
1542366300,5556.03,5556.04,5556.04,5556.04,0.367
1542366360,5556.03,5556.04,5556.03,5556.04,1.0
1542366420,5556.03,5560.0,5556.03,5560.0,16.69
1542366480,5559.99,5570.0,5560.0,5569.99,15.58
1542366540,5569.99,5570.0,5569.99,5570.0,0.801
1542366600,5567.22,5570.0,5570.0,5567.22,8.35
1542366660,5567.22,5567.23,5567.23,5567.23,0.486
1542366720,5566.05,5567.23,5567.23,5566.06,1.93
1542366780,5566.05,5567.01,5566.05,5567.01,0.422
1542366840,5567.0,5571.88,5567.0,5571.88,8.17
1542366900,5569.99,5571.88,5571.88,5569.99,8.04
1542366960,5564.29,5570.0,5569.99,5564.3,8.25
1542367020,5559.17,5564.3,5564.3,5559.17,3.13
1542367080,5554.8,5559.17,5559.17,5554.81,0.467
1542367140,5554.12,5559.34,5554.8,5559.34,2.07
1542367200,5559.31,5563.17,5559.34,5559.31,2.51
1542367260,5555.69,5559.31,5559.31,5556.77,1.31
1542367320,5555.67,5562.42,5556.76,5562.35,1.11
1542367380,5559.34,5564.06,5564.05,5559.34,3.1
1542367440,5559.33,5560.72,5559.34,5560.72,1.82
1542367500,5560.71,5560.72,5560.71,5560.71,0.422
1542367560,5560.71,5560.72,5560.71,5560.71,5.06
1542367620,5560.71,5560.72,5560.71,5560.72,0.252
1542367680,5560.71,5560.72,5560.71,5560.72,3.83
1542367740,5560.71,5560.72,5560.71,5560.72,0.287
1542367800,5560.71,5560.72,5560.71,5560.72,1.81
1542367860,5559.33,5560.72,5560.71,5559.34,4.53
1542367920,5552.66,5559.34,5559.33,5552.67,4.19
1542367980,5552.66,5552.67,5552.67,5552.67,1.7
1542368040,5552.66,5552.67,5552.67,5552.67,0.384
1542368100,5543.0,5552.67,5552.66,5546.03,11.19
1542368160,5546.02,5546.03,5546.03,5546.03,0.394
1542368220,5542.81,5546.03,5546.03,5542.82,3.2
1542368280,5542.81,5542.82,5542.81,5542.82,1.68
1542368340,5542.81,5542.82,5542.81,5542.82,0.434
1542368400,5542.81,5542.82,5542.82,5542.82,0.73
1542368460,5542.82,5548.03,5542.82,5548.03,1.29
1542368520,5546.39,5548.03,5548.01,5547.41,0.862
1542368580,5547.06,5547.42,5547.06,5547.3,0.791
1542368640,5547.15,5547.16,5547.16,5547.15,1.17
1542368700,5547.15,5547.42,5547.15,5547.42,0.363
1542368760,5547.41,5547.42,5547.42,5547.41,0.948
1542368820,5545.49,5547.42,5547.41,5545.49,17.37
1542368880,5541.36,5544.94,5544.94,5541.37,7.43
1542368940,5541.36,5541.37,5541.37,5541.37,0.275
1542369000,5541.36,5541.37,5541.36,5541.37,0.703
1542369060,5541.37,5542.07,5541.37,5542.07,4.25
1542369120,5542.06,5542.07,5542.07,5542.06,2.32
1542369180,5542.07,5542.07,5542.07,5542.07,0.46
1542369240,5542.06,5542.07,5542.06,5542.07,0.445
1542369300,5542.06,5542.07,5542.07,5542.07,0.887
1542369360,5542.06,5542.07,5542.06,5542.07,3.39
1542369420,5542.07,5542.07,5542.07,5542.07,3.4
1542369480,5542.06,5542.07,5542.07,5542.07,0.83
1542369540,5542.06,5542.07,5542.07,5542.07,6.09
1542369600,5541.66,5542.07,5542.07,5541.67,1.08
1542369660,5541.0,5541.67,5541.67,5541.01,0.685
1542369720,5541.0,5541.01,5541.01,5541.0,1.93
1542369780,5537.2,5541.01,5541.0,5537.21,5.65
1542369840,5532.53,5537.21,5537.2,5532.53,2.51
1542369900,5526.39,5532.52,5532.52,5526.39,2.27
1542369960,5526.38,5526.39,5526.38,5526.39,3.48
1542370020,5526.38,5526.39,5526.39,5526.39,0.383
1542370080,5526.38,5526.39,5526.38,5526.39,8.36
1542370140,5526.38,5533.47,5526.39,5533.47,6.31
1542370200,5532.28,5533.47,5533.47,5532.29,3.71
1542370260,5531.82,5532.7,5532.28,5531.87,2.8
1542370320,5529.3,5531.87,5531.87,5530.14,0.823
1542370380,5530.13,5530.14,5530.13,5530.14,1.96
1542370440,5527.38,5530.14,5530.13,5529.85,6.09
1542370500,5529.84,5531.24,5529.84,5531.24,3.31
1542370560,5529.21,5531.24,5531.23,5529.22,1.06
1542370620,5529.21,5529.22,5529.21,5529.22,1.17
1542370680,5522.69,5529.22,5529.22,5522.93,4.53
1542370740,5522.92,5522.94,5522.93,5522.93,2.05
1542370800,5522.93,5527.3,5522.94,5527.3,0.535
1542370860,5527.29,5528.77,5527.3,5528.77,1.23
1542370920,5528.76,5531.66,5528.77,5531.66,0.674
1542370980,5527.01,5531.66,5531.65,5527.92,4.45
1542371040,5527.92,5528.29,5527.92,5528.29,4.89
1542371100,5528.28,5528.38,5528.29,5528.38,1.56
1542371160,5528.37,5528.38,5528.38,5528.38,0.676
1542371220,5528.37,5528.38,5528.38,5528.38,2.46
1542371280,5528.38,5532.84,5528.38,5532.84,1.05
1542371340,5532.83,5535.0,5532.83,5535.0,1.78
1542371400,5534.99,5535.0,5534.99,5535.0,1.4
1542371460,5534.97,5534.99,5534.99,5534.98,1.15
1542371520,5534.97,5534.98,5534.97,5534.98,3.29
1542371580,5534.97,5534.98,5534.97,5534.98,0.651
1542371640,5534.97,5535.0,5534.98,5534.99,1.47
1542371700,5534.99,5535.0,5534.99,5534.99,1.02
1542371760,5534.99,5535.0,5535.0,5535.0,7.59
1542371820,5534.99,5535.0,5534.99,5535.0,1.32
1542371880,5534.99,5535.0,5535.0,5535.0,2.96
1542371940,5534.99,5535.0,5535.0,5535.0,3.0
1542372000,5534.99,5535.0,5535.0,5535.0,0.571
1542372060,5534.99,5535.01,5535.0,5535.01,7.8
1542372120,5535.0,5538.14,5535.01,5538.14,8.59
1542372180,5538.14,5541.77,5538.14,5541.77,0.938
1542372240,5541.76,5541.77,5541.76,5541.77,1.38
1542372300,5541.76,5541.78,5541.76,5541.77,6.08
1542372360,5541.76,5541.78,5541.78,5541.77,2.23
1542372420,5541.76,5541.77,5541.76,5541.77,1.67
1542372480,5538.43,5541.77,5541.77,5538.43,3.55
1542372540,5538.43,5538.44,5538.44,5538.44,2.46
1542372600,5538.43,5538.44,5538.44,5538.44,4.25
1542372660,5538.43,5538.44,5538.44,5538.44,2.34
1542372720,5538.43,5538.44,5538.44,5538.43,0.857
1542372780,5538.43,5538.44,5538.44,5538.44,1.91
1542372840,5538.43,5538.44,5538.44,5538.44,0.995
1542372900,5538.43,5538.44,5538.44,5538.44,1.49
1542372960,5538.43,5538.44,5538.43,5538.44,0.276
1542373020,5535.37,5538.44,5538.43,5535.38,12.03
1542373080,5535.37,5535.38,5535.38,5535.38,0.86
1542373140,5529.16,5535.38,5535.37,5529.17,2.7
1542373200,5529.16,5529.17,5529.16,5529.17,3.67
1542373260,5525.06,5529.17,5529.17,5526.46,1.95
1542373320,5526.45,5531.78,5526.46,5531.77,3.6
1542373380,5530.34,5531.78,5531.78,5531.78,3.37
1542373440,5531.77,5531.78,5531.77,5531.78,0.904
1542373500,5531.77,5531.78,5531.78,5531.77,3.03
1542373560,5530.35,5531.78,5531.77,5531.73,3.96
1542373620,5531.56,5531.78,5531.61,5531.78,3.58
1542373680,5531.77,5542.74,5531.77,5542.73,17.91
1542373740,5542.73,5544.55,5542.74,5544.55,2.12
1542373800,5544.55,5546.34,5544.55,5546.34,6.69
1542373860,5543.71,5546.34,5546.34,5546.01,2.39
1542373920,5543.07,5546.01,5546.01,5544.51,2.74
1542373980,5543.96,5544.56,5544.5,5544.56,2.38
1542374040,5544.55,5547.95,5544.56,5547.94,1.87
1542374100,5547.93,5551.89,5547.94,5549.68,10.9
1542374160,5547.14,5551.84,5550.37,5548.87,5.77
1542374220,5548.86,5551.0,5548.87,5551.0,3.3
1542374280,5547.67,5551.0,5551.0,5547.68,0.649
1542374340,5547.67,5550.0,5547.67,5550.0,0.673
1542374400,5550.0,5554.99,5550.0,5553.05,2.51
1542374460,5553.06,5554.98,5554.98,5554.0,1.61
1542374520,5553.99,5555.0,5553.99,5554.09,0.741
1542374580,5554.08,5554.09,5554.08,5554.09,0.831
1542374640,5554.08,5554.09,5554.09,5554.08,1.29
1542374700,5548.84,5554.09,5554.09,5548.84,2.03
1542374760,5547.68,5548.83,5548.83,5547.69,0.667
1542374820,5547.68,5547.69,5547.68,5547.69,1.65
1542374880,5547.68,5547.69,5547.68,5547.68,0.982
1542374940,5547.68,5549.0,5547.69,5548.89,1.34
1542375000,5548.81,5553.0,5548.82,5552.99,1.03
1542375060,5551.1,5554.55,5552.98,5554.55,2.84
1542375120,5551.76,5554.55,5554.53,5554.55,1.58
1542375180,5554.54,5554.55,5554.54,5554.54,0.239
