1534223220,6008.7,6014.04,6008.71,6014.04,17.973749409999996
1534223280,6014.03,6016.8,6014.04,6016.8,10.321963219999999
1534223340,6016.8,6018.44,6016.8,6018.44,2.22187302
1534223400,6018.13,6020.0,6018.44,6018.13,7.923801759999999
1534223460,6013.48,6018.13,6018.12,6013.49,2.304607679999999
1534223520,6008.7,6014.71,6013.48,6014.71,2.994081299999999
1534223580,6014.7,6015.11,6014.7,6015.11,3.19529201
1534223640,6015.11,6018.44,6015.11,6018.43,2.77308247
1534223700,6018.43,6018.44,6018.43,6018.44,3.89136865
1534223760,6014.4,6018.44,6018.44,6014.41,1.9585797100000002
1534223820,6013.0,6014.4,6014.4,6013.01,3.569701759999999
1534223880,6008.7,6013.01,6013.01,6010.6,1.93332008
1534223940,6008.75,6014.99,6010.6,6013.7,5.660553790000001
1534224000,6013.7,6014.97,6013.7,6014.97,1.6303017999999998
1534224060,6014.9,6014.97,6014.97,6014.91,1.7611071199999995
1534224120,6014.9,6014.91,6014.91,6014.91,4.68044977
1534224180,6012.56,6014.91,6014.9,6012.57,8.677047490000005
1534224240,6012.56,6012.58,6012.56,6012.57,9.337693840000002
1534224300,6012.56,6012.57,6012.57,6012.57,2.8580348800000004
1534224360,6012.56,6012.58,6012.57,6012.58,3.1796049400000004
1534224420,6012.56,6012.58,6012.57,6012.57,3.7084748699999994
1534224480,6011.11,6012.57,6012.57,6012.45,7.45495985
1534224540,6012.44,6012.45,6012.45,6012.44,2.3001981
1534224600,6012.44,6012.46,6012.45,6012.46,2.557556040000001
1534224660,6012.44,6012.46,6012.46,6012.45,1.8050885
1534224720,6012.44,6012.46,6012.45,6012.45,2.709301909999999
1534224780,6012.44,6012.45,6012.45,6012.45,1.2629639300000002
1534224840,6012.44,6012.45,6012.44,6012.44,1.7344377600000003
1534224900,6012.44,6012.45,6012.45,6012.45,2.5466602000000003
1534224960,6012.44,6012.45,6012.45,6012.45,3.5304736100000005
1534225020,6012.44,6012.45,6012.45,6012.45,6.6119438599999985
1534225080,6012.44,6012.45,6012.45,6012.45,0.7361557899999999
1534225140,6012.44,6012.46,6012.45,6012.45,5.7962166999999996
1534225200,6012.45,6012.58,6012.46,6012.58,5.94518899
1534225260,6012.57,6012.58,6012.58,6012.57,1.4095425400000001
1534225320,6012.57,6012.58,6012.57,6012.58,0.4861583699999999
1534225380,6012.57,6012.58,6012.58,6012.58,5.73591995
1534225440,6012.57,6012.58,6012.58,6012.58,4.692524500000001
1534225500,6012.57,6012.58,6012.58,6012.57,1.7922760000000004
1534225560,6012.57,6012.58,6012.58,6012.57,2.5690070999999994
1534225620,6012.57,6012.58,6012.57,6012.58,0.98963164
1534225680,6012.57,6012.58,6012.58,6012.58,3.5059255
1534225740,6012.57,6012.99,6012.58,6012.99,3.996737219999999
1534225800,6012.5,6012.99,6012.98,6012.51,3.98361546
1534225860,6010.0,6012.51,6012.51,6010.0,5.72251631
1534225920,6009.0,6010.01,6010.01,6009.01,8.831321310000002
1534225980,6009.0,6009.01,6009.01,6009.0,2.82168549
1534226040,6009.0,6009.01,6009.01,6009.01,3.33748112
1534226100,6009.0,6009.01,6009.01,6009.01,1.63652021
1534226160,6009.0,6009.01,6009.0,6009.01,1.49212821
1534226220,6009.0,6009.01,6009.01,6009.0,5.943003690000001
1534226280,6007.13,6009.01,6009.01,6007.14,8.85949209
1534226340,6001.04,6007.14,6007.14,6001.05,3.72300222
1534226400,5998.0,6001.05,6001.04,5998.0,43.955185170000014
1534226460,5989.0,5998.0,5998.0,5989.0,6.511090119999999
1534226520,5980.0,5989.01,5989.01,5980.0,3.3896758999999994
1534226580,5975.0,5980.0,5980.0,5975.0,6.855366480000002
1534226640,5956.34,5975.01,5975.01,5965.63,11.811824629999998
1534226700,5965.62,5967.62,5965.63,5967.62,12.172245419999996
1534226760,5967.61,5967.62,5967.62,5967.62,2.8450505600000002
1534226820,5967.61,5967.62,5967.62,5967.61,7.802735149999998
1534226880,5967.61,5967.62,5967.61,5967.62,4.09995377
1534226940,5967.61,5970.69,5967.62,5970.69,21.576769150000004
1534227000,5970.68,5983.05,5970.68,5983.05,48.359490050000005
1534227060,5983.04,5983.05,5983.05,5983.04,3.9382249499999995
1534227120,5983.04,5983.05,5983.05,5983.04,3.0915675400000002
1534227180,5983.04,5983.05,5983.05,5983.05,0.9231910500000001
1534227240,5983.04,5983.05,5983.05,5983.04,1.5013574199999997
1534227300,5983.04,5983.05,5983.05,5983.04,2.7831543300000003
1534227360,5963.2,5983.05,5983.04,5974.89,14.546745959999992
1534227420,5960.0,5974.89,5974.89,5970.0,20.569009459999993
1534227480,5969.99,5970.0,5969.99,5969.99,1.9996609099999998
1534227540,5969.99,5971.2,5970.0,5971.2,1.8975554199999998
1534227600,5971.2,5975.28,5971.2,5975.28,2.7807184300000003
1534227660,5975.27,5975.28,5975.28,5975.27,5.844243670000001
1534227720,5975.27,5975.28,5975.28,5975.27,1.5911539499999998
1534227780,5975.27,5976.48,5975.27,5976.47,2.17525583
1534227840,5976.47,5979.0,5976.48,5978.99,6.944827430000001
1534227900,5978.99,5986.16,5979.0,5986.15,4.6701890499999985
1534227960,5986.15,5988.4,5986.16,5988.39,3.4467423299999993
1534228020,5988.39,5988.4,5988.4,5988.4,4.39123824
1534228080,5988.39,5988.4,5988.4,5988.4,3.733043699999999
1534228140,5988.39,5988.4,5988.4,5988.4,1.73700345
1534228200,5988.39,5988.77,5988.4,5988.75,2.6802125799999996
1534228260,5975.95,5988.75,5988.75,5980.0,3.9858970599999957
1534228320,5979.99,5980.0,5980.0,5980.0,3.26770301
1534228380,5979.99,5980.0,5979.99,5979.99,3.968200300000001
1534228440,5979.99,5980.0,5980.0,5980.0,1.2866285900000003
1534228500,5979.99,5980.0,5980.0,5979.99,1.69752375
1534228560,5979.99,5980.0,5979.99,5980.0,2.15956786
1534228620,5979.99,5980.0,5980.0,5980.0,1.06848336
1534228680,5979.99,5980.0,5980.0,5980.0,0.5463903099999998
1534228740,5972.29,5980.0,5980.0,5972.3,4.002426649999997
1534228800,5972.29,5975.0,5972.3,5975.0,1.28822839
1534228860,5970.0,5975.0,5974.99,5970.0,7.13316521
1534228920,5969.99,5970.0,5970.0,5970.0,3.0200856099999998
1534228980,5969.99,5970.0,5970.0,5970.0,4.840181190000001
1534229040,5969.99,5970.0,5969.99,5970.0,7.7613502200000015
1534229100,5969.99,5970.0,5970.0,5970.0,4.50615272
1534229160,5967.86,5970.0,5970.0,5967.86,2.10708884
1534229220,5966.77,5969.99,5967.87,5966.77,2.7540869800000003
1534229280,5960.0,5966.15,5966.15,5960.0,5.53064191
1534229340,5960.0,5960.01,5960.01,5960.01,9.595790220000001
1534229400,5960.0,5962.89,5960.01,5962.89,12.306824110000003
1534229460,5960.0,5962.89,5962.89,5960.01,2.0594316900000003
1534229520,5960.0,5960.01,5960.01,5960.0,2.83647537
1534229580,5960.0,5962.91,5960.01,5962.9,3.4744333099999993
1534229640,5962.9,5965.0,5962.91,5965.0,1.8699424999999998
1534229700,5964.99,5967.61,5965.0,5967.61,3.5735682800000004
1534229760,5967.68,5970.08,5967.69,5970.08,4.726905759999999
1534229820,5970.08,5972.67,5970.08,5972.67,0.8892167400000001
1534229880,5972.66,5983.11,5972.66,5983.11,1.9867505300000001
1534229940,5976.02,5983.1,5983.1,5978.17,1.65935711
1534230000,5967.4,5978.18,5978.18,5970.0,5.378141899999999
1534230060,5969.99,5972.76,5970.0,5972.76,1.3673646000000004
1534230120,5972.75,5972.76,5972.75,5972.76,6.03781021
1534230180,5972.75,5980.94,5972.75,5980.93,4.216511399999997
1534230240,5975.0,5980.94,5980.01,5977.44,2.5623605599999992
1534230300,5978.43,5980.94,5978.43,5980.94,0.7982620799999999
1534230360,5980.93,5980.94,5980.93,5980.93,0.6967286899999999
1534230420,5980.93,5980.94,5980.94,5980.94,1.8265056499999999
1534230480,5980.0,5980.94,5980.94,5980.0,2.2815980600000003
1534230540,5976.0,5980.01,5980.01,5976.01,2.41305779
1534230600,5976.01,5986.07,5976.01,5986.07,3.4740297299999994
1534230660,5985.74,5988.64,5986.07,5988.64,4.425354550000001
1534230720,5988.63,5988.92,5988.63,5988.92,2.7810230500000004
1534230780,5988.91,5988.92,5988.92,5988.92,0.84819224
1534230840,5976.0,5988.91,5988.91,5976.0,8.00256238
1534230900,5972.0,5978.19,5978.19,5972.01,5.48790546
1534230960,5966.7,5972.01,5972.01,5966.7,9.5603134
1534231020,5966.7,5970.0,5966.71,5970.0,1.4262072999999997
1534231080,5969.99,5975.0,5969.99,5975.0,0.21926333
1534231140,5970.03,5975.0,5975.0,5970.03,2.3659179299999997
1534231200,5970.03,5974.98,5970.03,5974.98,0.9173742800000001
1534231260,5974.97,5974.98,5974.98,5974.98,1.4740061999999998
1534231320,5974.97,5974.98,5974.98,5974.97,1.0161374
1534231380,5974.97,5974.98,5974.98,5974.97,0.11493201999999998
1534231440,5974.97,5975.38,5974.97,5975.38,6.8591310199999995
1534231500,5974.54,5975.38,5975.38,5974.54,3.17446725
1534231560,5971.77,5974.54,5974.54,5972.17,1.09327213
1534231620,5970.03,5973.21,5971.78,5973.21,1.15289584
1534231680,5973.2,5973.21,5973.21,5973.21,0.9566872099999998
1534231740,5973.2,5973.21,5973.21,5973.2,1.2099215600000002
1534231800,5973.2,5975.26,5973.21,5975.26,0.8143003400000002
1534231860,5975.25,5980.0,5975.26,5979.99,5.0465164999999965
1534231920,5979.99,5980.0,5980.0,5980.0,0.8570604500000001
1534231980,5980.0,5983.56,5980.0,5983.52,4.8605826599999995
1534232040,5983.51,5998.01,5983.52,5998.0,7.545265119999999
1534232100,5998.0,6009.86,5998.01,6009.86,14.456410039999989
1534232160,5998.63,6010.0,6009.85,5998.63,18.77617076
1534232220,5998.63,6050.0,5998.63,6050.0,38.72465988000003
1534232280,6025.21,6059.48,6050.0,6048.21,45.407904709999976
1534232340,6035.0,6050.0,6049.97,6037.32,5.111604830000001
1534232400,6035.51,6040.32,6037.32,6035.52,7.22634975
1534232460,6035.52,6049.36,6035.52,6037.89,11.075687260000006
1534232520,6037.89,6075.88,6037.89,6068.84,23.367315220000005
1534232580,6054.94,6068.84,6068.84,6065.42,3.482880269999998
1534232640,6045.63,6065.43,6065.43,6045.63,11.884382370000004
1534232700,6045.63,6045.64,6045.64,6045.63,4.572788459999999
1534232760,6030.02,6045.64,6045.64,6035.69,9.675012660000002
1534232820,6035.68,6035.69,6035.69,6035.69,1.34525923
1534232880,6030.0,6035.69,6035.68,6030.0,1.46881982
1534232940,6030.0,6030.41,6030.01,6030.41,1.4277027799999997
1534233000,6031.37,6038.53,6031.37,6038.53,2.7428889
1534233060,6028.48,6038.53,6038.53,6031.2,2.7860590399999996
1534233120,6019.23,6032.63,6032.63,6019.23,0.9155176199999999
1534233180,6020.0,6025.38,6020.0,6024.39,0.27061097
1534233240,6024.39,6036.0,6024.4,6036.0,1.9490964000000002
1534233300,6035.99,6038.59,6036.0,6038.59,0.6386059500000001
1534233360,6038.58,6039.0,6038.59,6038.99,1.8248314899999998
1534233420,6038.99,6039.01,6039.0,6039.01,0.83790006
1534233480,6039.0,6039.01,6039.01,6039.0,0.59528474
1534233540,6039.0,6039.01,6039.01,6039.01,1.28077221
1534233600,6034.7,6039.01,6039.01,6034.7,3.1236203499999986
1534233660,6021.48,6034.71,6034.71,6021.49,3.340582649999998
1534233720,6021.48,6021.49,6021.48,6021.48,3.3004027799999998
1534233780,6021.49,6034.11,6021.49,6029.55,0.9464863300000002
1534233840,6029.09,6032.49,6029.55,6029.09,1.0521422599999997
1534233900,6023.04,6029.1,6028.03,6029.09,0.5771281
1534233960,6026.03,6031.17,6027.99,6029.45,0.57590573
1534234020,6021.0,6029.45,6029.45,6021.01,0.7954176800000001
1534234080,6020.99,6021.0,6021.0,6021.0,0.6679009
1534234140,6016.74,6021.0,6021.0,6016.74,24.0006472
1534234200,6013.01,6016.54,6016.54,6013.02,1.9361185799999996
1534234260,6010.0,6015.92,6013.01,6010.01,0.9647158100000002
1534234320,6012.5,6020.0,6012.5,6016.0,1.27497544
1534234380,6016.0,6016.01,6016.01,6016.01,1.6732580099999999
1534234440,6016.0,6016.01,6016.01,6016.0,1.95286292
1534234500,6016.0,6021.02,6016.01,6021.02,16.231374019999997
1534234560,6021.01,6021.02,6021.02,6021.01,2.0210855599999995
1534234620,6021.01,6021.02,6021.02,6021.02,0.73777529
1534234680,6021.01,6021.02,6021.01,6021.02,0.53992712
1534234740,6021.01,6026.74,6021.02,6026.74,1.30838904
1534234800,6026.73,6039.01,6026.73,6039.01,4.490374000000002
1534234860,6039.0,6040.0,6039.01,6040.0,2.1271006900000002
1534234920,6040.0,6045.29,6040.0,6045.28,1.0578139599999996
1534234980,6045.29,6051.53,6045.29,6051.53,1.3477852199999996
1534235040,6051.52,6051.53,6051.52,6051.53,0.68412316
1534235100,6038.95,6051.53,6051.52,6038.96,5.905833430000002
1534235160,6038.95,6038.96,6038.96,6038.95,0.42749967
1534235220,6038.95,6038.96,6038.96,6038.96,0.8984302699999999
1534235280,6038.95,6038.96,6038.96,6038.96,1.7392529
1534235340,6031.68,6038.95,6038.95,6031.69,0.33180100999999995
1534235400,6031.68,6031.69,6031.68,6031.68,1.54271776
1534235460,6025.9,6034.77,6031.68,6031.68,3.2376609499999973
1534235520,6027.75,6034.76,6027.75,6032.34,1.0751660699999999
1534235580,6029.41,6032.34,6029.41,6032.33,1.93995743
1534235640,6020.72,6032.21,6029.41,6031.97,8.35156651
1534235700,6027.13,6031.35,6029.75,6027.13,1.07580443
1534235760,6027.14,6029.85,6029.85,6027.14,0.58937927
1534235820,6027.13,6027.14,6027.14,6027.14,0.26006187000000003
1534235880,6020.72,6027.13,6027.13,6020.73,1.6107007500000001
1534235940,6020.0,6020.73,6020.73,6020.73,1.3272442999999998
1534236000,6020.72,6020.73,6020.73,6020.73,0.6532716500000001
1534236060,6020.72,6032.06,6020.72,6032.06,2.7192205299999994
1534236120,6024.07,6032.05,6032.05,6029.22,4.742520880000001
1534236180,6029.21,6035.09,6029.21,6032.27,0.31512684999999996
1534236240,6029.48,6034.65,6032.27,6034.65,0.8211075000000001
1534236300,6034.64,6034.65,6034.64,6034.64,2.12697399
1534236360,6034.64,6034.65,6034.65,6034.64,1.2676850499999999
1534236420,6034.65,6042.6,6034.65,6038.67,4.443337819999999
1534236480,6034.27,6037.21,6037.2,6034.27,0.54178453
1534236540,6025.0,6035.68,6034.01,6028.74,2.134900259999999
1534236600,6025.48,6032.5,6025.49,6030.0,0.4937518900000001
1534236660,6026.3,6034.18,6030.0,6029.65,1.64633508
1534236720,6025.97,6029.65,6029.65,6027.0,0.6244352700000001
1534236780,6027.0,6034.59,6027.0,6034.58,1.1404580100000004
1534236840,6029.98,6037.41,6034.59,6034.66,2.52496619
1534236900,6029.65,6037.31,6035.97,6032.38,1.2030900999999998
1534236960,6029.01,6032.37,6032.37,6029.01,0.43450119000000004
1534237020,6029.0,6029.01,6029.0,6029.0,0.39040044
1534237080,6029.0,6029.01,6029.01,6029.01,1.73507897
1534237140,6029.0,6029.01,6029.0,6029.01,2.3869843299999998
1534237200,6029.0,6029.01,6029.01,6029.01,0.40013079
1534237260,6026.0,6029.01,6029.01,6026.01,0.4696481800000001
1534237320,6021.39,6026.01,6026.01,6021.4,3.128414029999999
1534237380,6021.39,6021.4,6021.4,6021.4,1.1194910599999999
1534237440,6021.39,6021.4,6021.4,6021.4,1.5747155000000004
1534237500,6021.39,6021.4,6021.4,6021.4,1.52829359
1534237560,6021.39,6021.4,6021.4,6021.4,1.0444466099999998
1534237620,6021.39,6021.4,6021.4,6021.4,0.56803016
1534237680,6021.39,6021.4,6021.39,6021.4,0.5889234799999999
1534237740,6020.0,6021.4,6021.39,6020.01,1.8410279699999998
1534237800,6020.0,6024.06,6020.01,6024.06,0.41797999
1534237860,6024.05,6024.08,6024.06,6024.07,0.45440893000000004
1534237920,6024.08,6027.37,6024.08,6027.36,2.1800796399999993
1534237980,6025.09,6027.37,6027.37,6027.37,0.4342518
1534238040,6027.36,6027.57,6027.36,6027.52,1.6435582200000003
1534238100,6025.0,6027.57,6027.52,6027.57,1.2675888899999999
1534238160,6026.48,6029.96,6027.56,6029.96,0.94281261
1534238220,6029.95,6029.96,6029.96,6029.95,0.7152197800000002
1534238280,6029.95,6030.0,6029.96,6029.99,0.67506895
1534238340,6029.99,6037.53,6029.99,6037.53,0.63967086
1534238400,6035.04,6037.52,6035.04,6037.37,0.9639356699999999
1534238460,6037.52,6040.98,6037.52,6040.98,4.681573890000001
1534238520,6040.97,6040.98,6040.98,6040.97,2.2243988
1534238580,6040.97,6042.49,6040.98,6042.49,0.4519846900000001
1534238640,6042.48,6042.49,6042.48,6042.49,1.91304022
1534238700,6042.48,6042.49,6042.48,6042.49,0.53673442
1534238760,6042.48,6048.88,6042.48,6048.88,8.000259409999996
1534238820,6027.71,6048.88,6048.87,6037.84,32.51074564000001
1534238880,6025.0,6039.74,6037.84,6025.0,20.31871498000001
1534238940,6025.0,6028.06,6028.0,6025.53,13.281647179999995
1534239000,6018.16,6029.64,6025.52,6023.57,22.79337675
1534239060,6018.16,6026.21,6026.18,6018.16,22.989615690000015
1534239120,6016.29,6024.61,6018.16,6018.45,4.85308506
1534239180,6018.86,6025.0,6023.77,6025.0,5.833634980000001
1534239240,6024.99,6034.75,6025.0,6034.74,1.548148259999999
1534239300,6034.75,6036.37,6034.75,6036.36,2.48636687
1534239360,6036.36,6036.89,6036.37,6036.88,1.1201026799999998
1534239420,6036.89,6043.26,6036.89,6043.26,1.2446357300000002
1534239480,6043.25,6043.26,6043.25,6043.25,0.18623494999999998
1534239540,6037.19,6043.26,6043.26,6038.5,1.33552816
1534239600,6035.01,6041.76,6038.49,6035.59,4.251202559999999
1534239660,6031.36,6037.19,6035.6,6034.39,2.10399478
1534239720,6030.0,6034.39,6034.39,6034.37,1.0414746099999999
1534239780,6034.36,6043.17,6034.37,6043.17,4.138054939999998
1534239840,6030.0,6040.46,6040.46,6030.0,3.1210628599999994
1534239900,6030.29,6038.87,6031.23,6038.26,1.2968040499999998
1534239960,6031.68,6038.37,6038.33,6038.15,0.8257889699999998
1534240020,6031.54,6038.37,6038.13,6035.97,1.98015907
1534240080,6031.82,6037.15,6035.96,6031.83,2.2783372499999985
1534240140,6031.82,6037.12,6031.82,6037.12,0.035578069999999996
1534240200,6037.12,6040.14,6040.14,6037.69,1.2401903400000003
1534240260,6037.69,6042.74,6037.69,6038.3,0.6958412199999999
1534240320,6037.8,6042.73,6037.81,6042.72,1.63024926
1534240380,6036.65,6042.72,6042.72,6039.78,5.5910306400000005
1534240440,6036.65,6042.06,6039.81,6036.65,1.03009394
1534240500,6036.65,6042.06,6036.66,6042.05,0.8016121600000001
1534240560,6039.07,6042.72,6042.05,6042.72,0.54619788
1534240620,6042.71,6066.24,6042.72,6056.51,22.244813190000006
1534240680,6050.0,6056.51,6056.5,6056.0,1.1139292299999999
1534240740,6052.98,6056.51,6056.51,6052.98,1.4812874800000002
1534240800,6052.98,6052.99,6052.99,6052.99,1.06224407
1534240860,6048.44,6052.99,6052.99,6048.45,1.05424244
1534240920,6047.09,6050.04,6048.44,6050.04,2.1299971199999996
1534240980,6042.34,6048.83,6047.09,6048.04,2.7038122899999983
1534241040,6048.03,6059.72,6048.04,6059.72,1.8830545799999985
1534241100,6056.51,6063.99,6060.17,6060.17,3.98371299
1534241160,6056.5,6060.16,6060.16,6056.51,0.38205238999999996
1534241220,6056.5,6056.51,6056.51,6056.5,0.61855746
1534241280,6056.5,6060.0,6056.5,6060.0,1.7567782399999998
1534241340,6059.99,6089.86,6059.99,6070.4,26.519010690000005
1534241400,6070.39,6070.4,6070.4,6070.39,1.8720366099999999
1534241460,6067.68,6073.67,6070.4,6067.68,2.14393144
1534241520,6050.0,6067.67,6067.67,6060.0,7.6150307800000006
1534241580,6059.99,6062.76,6059.99,6060.24,1.14429306
1534241640,6058.51,6060.24,6060.24,6058.52,1.1931898300000001
1534241700,6058.51,6058.52,6058.51,6058.52,1.080145
1534241760,6058.51,6058.52,6058.52,6058.52,2.6522896100000004
1534241820,6054.11,6058.52,6058.51,6054.12,1.37302974
1534241880,6049.71,6054.12,6054.11,6049.72,2.1790998200000002
1534241940,6044.69,6049.71,6049.71,6044.7,2.9181350499999996
1534242000,6041.47,6044.69,6044.69,6041.47,1.41023871
1534242060,6040.0,6041.48,6041.48,6040.01,2.9021052399999996
1534242120,6037.34,6040.01,6040.01,6037.34,0.28041211000000005
1534242180,6033.28,6037.35,6037.35,6037.27,0.97671484
1534242240,6032.11,6037.35,6037.26,6032.97,1.2196011900000003
1534242300,6032.11,6043.79,6032.94,6043.79,1.800479209999999
1534242360,6035.57,6043.78,6043.78,6038.88,5.31163828
1534242420,6038.54,6038.68,6038.68,6038.54,0.18158206
1534242480,6032.11,6038.55,6038.55,6032.12,0.83418135
1534242540,6032.11,6032.12,6032.12,6032.11,1.0863746799999998
1534242600,6032.11,6032.12,6032.12,6032.12,0.52172217
1534242660,6032.11,6032.12,6032.11,6032.12,0.6893124300000001
1534242720,6032.11,6032.12,6032.11,6032.12,0.79023132
1534242780,6032.12,6038.67,6032.12,6038.67,1.8813982400000002
1534242840,6038.66,6043.79,6038.67,6038.66,1.70588776
1534242900,6038.85,6043.79,6043.78,6043.78,4.41703564
1534242960,6043.25,6043.35,6043.35,6043.26,1.4376096699999996
1534243020,6043.25,6043.26,6043.26,6043.26,1.62557545
1534243080,6043.25,6043.26,6043.25,6043.25,0.51957431
1534243140,6043.25,6043.79,6043.26,6043.78,1.3108402500000003
1534243200,6036.3,6043.26,6043.25,6036.31,9.00425567
1534243260,6033.61,6036.31,6036.31,6033.61,5.842583729999999
1534243320,6030.0,6033.6,6033.6,6030.01,5.869526690000002
1534243380,6030.0,6030.01,6030.0,6030.01,1.4151383999999996
1534243440,6030.0,6030.01,6030.01,6030.01,1.1365287099999999
1534243500,6020.0,6030.01,6030.01,6021.25,6.70681512
1534243560,6008.85,6021.24,6021.24,6008.85,10.787319729999998
1534243620,6011.16,6015.0,6015.0,6014.71,12.50794468
1534243680,6012.55,6015.0,6012.55,6014.99,0.9877082299999999
1534243740,6014.99,6023.46,6015.0,6018.72,5.882107839999998
1534243800,6018.0,6022.74,6021.05,6021.06,3.4473626399999984
1534243860,6021.05,6021.06,6021.05,6021.06,1.31402405
1534243920,6021.05,6021.06,6021.05,6021.06,7.16601971
1534243980,6020.25,6021.06,6021.05,6020.26,2.59752699
1534244040,6019.39,6021.06,6020.26,6021.06,3.2859148199999995
1534244100,6019.39,6022.0,6021.06,6021.97,5.456145669999998
1534244160,6021.91,6022.5,6021.97,6022.5,1.03989159
1534244220,6022.49,6022.5,6022.5,6022.5,3.29106839
1534244280,6022.49,6030.36,6022.49,6030.36,5.7714675600000005
1534244340,6029.07,6034.09,6030.36,6029.08,0.14612171000000002
1534244400,6029.07,6029.08,6029.08,6029.08,0.67907545
1534244460,6028.19,6029.08,6029.08,6028.2,0.5864630400000002
1534244520,6028.19,6028.2,6028.19,6028.19,0.9126768399999999
1534244580,6019.39,6028.2,6028.2,6022.84,1.55297782
1534244640,6019.39,6020.93,6020.92,6019.4,5.11478596
1534244700,6018.19,6019.4,6019.4,6018.19,1.19116841
1534244760,6016.42,6018.19,6018.19,6016.43,1.01381921
1534244820,6010.59,6016.43,6016.43,6010.6,2.575440349999999
1534244880,6006.19,6010.6,6010.6,6006.2,4.12477441
1534244940,5989.69,6006.2,6006.19,5989.69,41.347923319999985
1534245000,5979.79,6003.96,5989.39,5999.45,56.601357749999956
1534245060,5988.59,5999.46,5999.46,5995.38,3.0919769199999996
1534245120,5987.42,5995.37,5995.37,5987.43,5.325060809999999
1534245180,5981.03,6007.0,5987.42,6004.97,5.920152699999999
1534245240,5994.01,6005.4,6004.97,6005.4,10.204112539999999
1534245300,6005.4,6008.0,6005.4,6007.99,1.83178186
1534245360,6000.61,6008.0,6008.0,6004.71,2.09659801
1534245420,6004.71,6004.72,6004.72,6004.72,1.7384763200000002
1534245480,5997.39,6004.72,6004.72,5999.53,4.171391289999999
1534245540,5996.0,6004.78,5996.0,6004.78,23.36284045999999
1534245600,5996.04,6009.34,6004.77,6009.34,19.00513773
1534245660,6009.38,6009.39,6009.39,6009.39,2.6209037499999996
1534245720,6009.39,6015.96,6009.39,6015.95,4.380722389999999
1534245780,6015.94,6015.95,6015.94,6015.95,2.49689274
1534245840,6015.94,6015.95,6015.94,6015.95,2.98382991
1534245900,6015.94,6015.95,6015.95,6015.95,1.1084258599999999
1534245960,6015.94,6015.95,6015.95,6015.95,1.4584868000000002
1534246020,6015.94,6020.0,6015.94,6020.0,1.60746988
1534246080,6014.74,6019.99,6019.99,6014.74,2.2506772299999995
1534246140,6003.6,6010.85,6010.85,6004.88,1.57544293
1534246200,6004.87,6004.88,6004.88,6004.88,0.7153518400000001
1534246260,6003.69,6006.09,6004.88,6003.69,2.6061238
1534246320,6000.0,6003.69,6003.69,6000.01,1.24652588
1534246380,6000.0,6000.01,6000.01,6000.01,3.46918529
1534246440,6000.0,6004.72,6000.01,6004.63,1.4061867599999998
1534246500,6000.0,6009.98,6000.03,6009.98,4.32454027
1534246560,6006.67,6009.98,6009.98,6009.98,1.2520800199999997
1534246620,6009.97,6009.98,6009.98,6009.98,2.3564133000000007
1534246680,6009.97,6009.98,6009.98,6009.97,3.9630709399999993
1534246740,6009.97,6009.98,6009.98,6009.98,6.852133190000001
1534246800,6009.97,6032.56,6009.98,6032.56,47.892438719999994
1534246860,6023.83,6032.55,6032.55,6029.41,1.2954387100000002
1534246920,6019.73,6030.18,6029.4,6022.16,3.3220286799999994
1534246980,6019.57,6023.02,6022.31,6022.14,2.7184086699999996
1534247040,6015.06,6027.49,6022.14,6017.92,6.508375380000001
1534247100,6017.91,6020.74,6017.92,6020.74,7.68104417
1534247160,6015.0,6020.74,6020.73,6015.0,6.761290859999999
1534247220,6015.0,6020.64,6015.0,6017.77,5.684207559999999
1534247280,6015.0,6017.76,6017.76,6015.01,1.4319699999999997
1534247340,6015.0,6015.01,6015.01,6015.01,0.8417861799999997
1534247400,6015.0,6019.82,6015.01,6019.82,2.0792505799999996
1534247460,6015.02,6025.0,6019.81,6023.8,7.184627160000001
1534247520,6019.14,6025.0,6024.01,6021.0,1.08972102
1534247580,6020.99,6025.0,6021.0,6025.0,2.6600145899999994
1534247640,6017.16,6025.0,6025.0,6017.16,4.983124040000001
1534247700,6015.0,6021.74,6018.77,6021.71,3.394408139999999
1534247760,6016.99,6027.0,6021.71,6026.99,6.162301930000001
1534247820,6022.82,6032.72,6027.0,6027.01,5.630049559999999
1534247880,6020.0,6031.01,6027.01,6024.88,5.964237659999998
1534247940,6009.0,6026.19,6023.57,6009.0,9.129865110000004
1534248000,6009.0,6013.51,6009.0,6010.76,3.741439029999999
1534248060,5995.74,6010.77,6010.77,6006.88,27.938453570000007
1534248120,6006.87,6013.99,6006.87,6013.99,0.7295379700000002
1534248180,6009.98,6020.0,6013.98,6015.85,4.2062138599999965
1534248240,6005.49,6015.84,6015.84,6005.49,1.64728972
1534248300,6005.0,6014.44,6005.01,6012.0,4.601811819999999
1534248360,6005.73,6012.0,6012.0,6006.87,1.21932471
1534248420,6005.72,6011.89,6006.88,6009.4,7.731482
1534248480,6009.4,6015.0,6009.4,6012.22,23.13635543
1534248540,6008.0,6012.22,6012.22,6008.01,1.66936354
1534248600,6005.72,6012.15,6008.01,6010.77,5.009488059999998
1534248660,6006.49,6010.78,6010.76,6010.69,1.4485820500000002
1534248720,6010.68,6014.99,6010.69,6014.82,2.8862939599999997
1534248780,6010.0,6014.82,6014.81,6010.0,1.08399602
1534248840,6010.0,6010.0,6010.0,6010.0,0.25477441
1534248900,6005.0,6005.01,6005.0,6005.01,0.98981178
1534248960,6000.15,6010.0,6005.0,6005.09,13.96379956
1534249020,6005.08,6010.0,6005.08,6010.0,8.195456550000001
1534249080,6009.99,6032.68,6010.0,6030.01,83.45691481000006
1534249140,6030.0,6033.73,6030.0,6030.03,3.276239579999999
1534249200,6022.47,6030.03,6030.03,6023.91,7.141149940000001
1534249260,6023.9,6033.22,6023.91,6033.22,7.0347904600000035
1534249320,6027.0,6033.21,6033.21,6029.03,2.3499766300000005
1534249380,6029.02,6029.65,6029.03,6029.03,2.5782496699999995
1534249440,6029.02,6041.0,6029.02,6041.0,7.246476450000003
1534249500,6033.71,6041.0,6041.0,6033.72,3.905865649999999
1534249560,6034.71,6041.0,6034.71,6038.49,3.9470232100000007
1534249620,6035.39,6041.0,6038.49,6038.37,4.578137939999996
1534249680,6035.0,6039.49,6038.37,6037.57,3.7409024799999995
1534249740,6035.38,6040.48,6037.51,6037.85,2.9712565699999995
1534249800,6035.36,6038.91,6037.84,6035.37,7.21647759
1534249860,6031.32,6036.29,6036.29,6031.8,12.434422889999997
1534249920,6031.32,6031.33,6031.33,6031.33,1.2821932000000003
1534249980,6020.28,6031.33,6031.33,6025.71,3.8902000899999964
1534250040,6022.3,6026.54,6025.66,6022.58,3.5228621299999983
1534250100,6026.32,6031.25,6026.32,6031.24,1.0722470899999998
1534250160,6031.24,6031.25,6031.25,6031.24,1.2901619900000003
1534250220,6031.24,6031.25,6031.24,6031.25,2.0415603399999998
1534250280,6031.24,6031.25,6031.25,6031.24,1.7728710100000002
1534250340,6031.24,6032.24,6031.25,6032.23,6.0079541600000015
1534250400,6032.24,6039.69,6032.24,6039.69,15.339329949999987
1534250460,6039.68,6039.69,6039.68,6039.68,1.47769437
1534250520,6039.69,6041.0,6039.69,6040.99,2.8746528699999985
1534250580,6040.99,6041.0,6040.99,6041.0,3.9369227700000002
1534250640,6040.99,6041.0,6041.0,6041.0,4.33502724
1534250700,6040.99,6041.0,6041.0,6041.0,1.5811706799999998
1534250760,6040.99,6041.0,6041.0,6041.0,1.33285489
1534250820,6040.99,6041.0,6041.0,6040.99,3.508321590000001
1534250880,6040.99,6049.69,6041.0,6049.68,8.579642339999996
1534250940,6049.68,6138.04,6049.69,6138.04,195.73544722999978
1534251000,6111.74,6168.0,6138.45,6122.84,308.85663525999956
1534251060,6102.0,6123.7,6119.07,6123.01,62.83966395000001
1534251120,6113.0,6130.58,6123.55,6113.0,38.548237509999986
1534251180,6114.35,6150.0,6114.35,6134.95,28.11547042
1534251240,6120.0,6134.95,6134.95,6125.42,10.584331059999998
1534251300,6110.13,6128.8,6125.42,6113.39,12.200356629999996
1534251360,6101.31,6113.05,6113.05,6110.17,5.901699489999999
1534251420,6102.0,6110.18,6110.17,6110.18,7.004159050000002
1534251480,6102.5,6110.18,6110.18,6104.51,4.5215843399999995
1534251540,6104.5,6105.0,6104.51,6104.99,7.9163833299999995
1534251600,6100.0,6104.5,6104.5,6101.31,5.618032489999998
1534251660,6101.3,6112.15,6101.3,6112.15,13.76562734
1534251720,6112.99,6120.3,6113.0,6114.16,8.229999910000002
1534251780,6111.7,6114.16,6114.16,6111.71,5.1751395
1534251840,6101.95,6111.71,6111.71,6101.96,42.24183928
1534251900,6101.95,6105.0,6101.96,6105.0,3.4433507299999997
1534251960,6105.0,6119.0,6105.0,6119.0,7.892623870000002
1534252020,6114.0,6130.0,6118.99,6130.0,8.521535919999998
1534252080,6119.99,6130.0,6130.0,6119.99,11.926841039999996
1534252140,6120.0,6129.47,6120.0,6129.0,6.547115259999999
1534252200,6123.99,6130.0,6129.0,6130.0,3.9450687699999993
1534252260,6126.01,6132.45,6130.0,6132.45,16.21558625000001
1534252320,6132.45,6142.9,6132.45,6138.54,29.471391750000006
1534252380,6130.01,6138.55,6138.54,6130.02,8.41994243
1534252440,6130.01,6137.21,6130.01,6132.01,3.7320359400000003
1534252500,6126.0,6138.46,6132.01,6134.98,5.967764719999999
1534252560,6134.95,6134.98,6134.98,6134.96,2.43753653
1534252620,6125.0,6134.96,6134.96,6125.01,7.509003489999999
1534252680,6123.99,6125.01,6125.01,6124.0,3.28624345
1534252740,6123.99,6124.0,6124.0,6123.99,6.799607719999998
1534252800,6124.0,6135.0,6124.0,6135.0,12.293025439999997
1534252860,6134.99,6139.0,6134.99,6139.0,2.7540162699999993
1534252920,6138.99,6145.0,6139.0,6140.39,3.175696569999999
1534252980,6140.0,6143.39,6140.4,6140.0,7.805385219999999
1534253040,6140.0,6149.0,6140.01,6149.0,3.389661109999999
1534253100,6146.31,6149.0,6149.0,6147.01,4.123112119999999
1534253160,6140.0,6147.01,6147.0,6145.91,7.170249519999997
1534253220,6142.0,6149.0,6142.01,6149.0,4.7668162
1534253280,6149.0,6170.0,6149.0,6169.56,12.887282180000005
1534253340,6142.91,6169.56,6169.56,6153.31,36.59915692999998
1534253400,6150.0,6165.1,6151.73,6164.26,21.77552854
1534253460,6164.25,6164.26,6164.26,6164.25,7.4824091
1534253520,6162.5,6164.26,6164.26,6162.5,3.9379696199999996
1534253580,6151.2,6162.5,6162.5,6151.2,7.160361679999998
1534253640,6135.1,6151.2,6151.2,6135.11,8.519599639999997
1534253700,6136.34,6145.8,6136.34,6142.49,5.994500380000002
1534253760,6140.0,6142.5,6142.49,6140.01,7.195789910000001
1534253820,6130.0,6142.0,6140.0,6142.0,2.376787859999998
1534253880,6135.0,6142.0,6142.0,6137.01,1.77924025
1534253940,6137.0,6143.67,6137.01,6143.49,3.1464956400000004
1534254000,6138.24,6143.53,6142.44,6143.53,2.72002527
1534254060,6138.8,6143.53,6143.53,6140.0,4.19622215
1534254120,6138.31,6140.0,6139.99,6139.99,7.61664213
1534254180,6139.99,6140.0,6140.0,6140.0,3.241347140000001
1534254240,6133.0,6140.0,6140.0,6134.97,3.4167607499999977
1534254300,6126.84,6135.0,6134.77,6132.38,11.453858399999998
1534254360,6123.89,6133.01,6130.92,6130.71,8.13121756
1534254420,6130.02,6130.71,6130.71,6130.03,2.620579
1534254480,6125.0,6130.03,6130.03,6125.01,12.50667194
1534254540,6125.01,6126.0,6125.01,6126.0,7.5880154
1534254600,6125.99,6126.0,6126.0,6126.0,1.2265513200000002
1534254660,6120.97,6126.0,6126.0,6120.98,5.505869679999999
1534254720,6120.97,6120.98,6120.97,6120.98,2.29043848
1534254780,6120.97,6120.98,6120.97,6120.98,2.31353116
1534254840,6120.97,6124.5,6120.98,6124.5,3.6308086499999996
1534254900,6124.5,6130.03,6124.5,6130.02,9.30774878
1534254960,6126.02,6130.03,6130.03,6130.03,4.31525017
1534255020,6130.02,6130.03,6130.02,6130.02,1.8484737099999997
1534255080,6130.02,6130.03,6130.03,6130.02,4.00582785
1534255140,6130.02,6130.03,6130.03,6130.03,3.9300143600000013
1534255200,6130.02,6130.03,6130.03,6130.03,4.492586290000001
1534255260,6124.0,6130.03,6130.03,6124.01,4.85917178
1534255320,6121.74,6124.01,6124.0,6121.74,1.7253290999999997
1534255380,6106.03,6121.74,6121.74,6109.33,6.376064939999999
1534255440,6106.03,6113.91,6108.39,6110.0,37.61220118
1534255500,6109.99,6116.48,6109.99,6116.48,21.394086910000013
1534255560,6116.47,6125.0,6116.47,6122.0,5.828553730000002
1534255620,6120.44,6122.4,6122.0,6122.4,3.5422053499999993
1534255680,6120.46,6129.99,6122.4,6128.7,6.557471470000001
1534255740,6124.9,6130.76,6128.7,6126.9,3.039254039999997
1534255800,6128.1,6133.0,6128.1,6132.99,6.359696000000003
1534255860,6133.0,6140.0,6133.0,6134.76,7.103593849999999
1534255920,6133.68,6140.0,6137.4,6133.69,0.72429872
1534255980,6124.41,6133.69,6133.68,6125.07,13.714354279999998
1534256040,6125.07,6129.99,6128.1,6126.02,2.7077277699999995
1534256100,6125.22,6126.02,6126.02,6125.22,2.0707038
1534256160,6125.0,6125.23,6125.22,6125.01,4.03037852
1534256220,6125.0,6127.48,6125.01,6126.41,9.376393290000001
1534256280,6126.0,6127.48,6126.42,6126.0,4.89832806
1534256340,6125.0,6126.02,6126.01,6126.02,2.7767447000000005
1534256400,6126.0,6126.02,6126.01,6126.01,2.3702413
1534256460,6115.1,6126.01,6126.01,6115.1,5.638273610000003
1534256520,6110.55,6115.11,6115.11,6110.56,11.206603259999996
1534256580,6103.0,6113.61,6110.56,6103.0,10.19012524
1534256640,6082.53,6103.36,6103.01,6087.54,34.122876579999975
1534256700,6087.1,6095.5,6087.11,6093.08,7.136310370000002
1534256760,6090.01,6093.08,6093.07,6090.01,6.59952734
1534256820,6083.64,6090.01,6090.01,6083.66,2.30426587
1534256880,6080.0,6086.47,6083.65,6086.47,11.449598969999997
1534256940,6086.46,6086.47,6086.46,6086.46,3.4917268200000002
1534257000,6080.69,6086.47,6086.47,6080.69,5.609606500000002
1534257060,6071.55,6080.7,6080.69,6079.99,11.730841349999999
1534257120,6075.21,6077.08,6077.08,6075.21,1.21291121
1534257180,6057.23,6075.22,6075.22,6057.23,16.44222092
1534257240,6055.0,6063.66,6057.24,6055.01,35.504775620000004
1534257300,6055.0,6070.0,6055.0,6068.34,13.904876380000001
1534257360,6056.15,6069.25,6069.25,6058.79,46.60893322999998
1534257420,6053.13,6058.79,6058.79,6055.06,3.380069089999999
1534257480,6040.68,6056.72,6055.02,6046.84,70.10169498000002
1534257540,6034.99,6046.26,6046.26,6044.48,14.86129665999999
1534257600,6044.98,6051.01,6044.99,6045.83,18.37418479
1534257660,6040.15,6045.83,6045.83,6045.83,6.5593511999999965
1534257720,6045.82,6050.0,6045.82,6050.0,2.29758322
1534257780,6048.78,6055.0,6048.78,6055.0,5.925878460000001
1534257840,6050.36,6055.0,6054.99,6053.37,2.6533469399999996
1534257900,6050.36,6055.28,6054.99,6055.27,4.42019903
1534257960,6055.27,6065.0,6055.27,6064.99,17.070265729999992
1534258020,6063.38,6068.15,6064.99,6064.99,4.841989000000002
1534258080,6054.76,6065.0,6065.0,6056.91,20.00274540000001
1534258140,6049.22,6056.9,6056.9,6049.22,3.461368799999999
1534258200,6034.28,6049.22,6049.22,6034.29,5.000947809999998
1534258260,6029.0,6048.25,6034.29,6040.52,27.960107570000016
1534258320,6035.06,6047.02,6043.97,6036.97,8.729681420000004
1534258380,6036.97,6036.97,6036.97,6036.97,0.14035473
1534258440,6023.75,6037.58,6031.6,6031.16,27.649416510000002
1534258500,6025.99,6031.17,6031.17,6026.01,18.82519111000002
1534258560,6026.0,6033.0,6026.01,6031.55,22.719189000000014
1534258620,6028.46,6033.0,6033.0,6033.0,31.089680570000002
1534258680,6032.99,6044.99,6033.0,6043.78,11.822368269999998
1534258740,6031.22,6043.78,6043.78,6031.23,3.2443867199999996
1534258800,6031.22,6041.01,6031.23,6041.01,12.972105339999995
1534258860,6036.01,6042.1,6040.14,6042.1,15.553853140000001
1534258920,6042.09,6048.93,6042.1,6048.92,14.25950178
1534258980,6037.59,6048.92,6048.92,6037.6,5.99099079
1534259040,6030.92,6037.78,6037.59,6037.78,11.609344060000002
1534259100,6037.77,6040.0,6037.77,6039.99,2.9604823299999996
1534259160,6039.99,6047.53,6040.0,6047.37,3.4003804999999985
1534259220,6041.65,6048.51,6047.35,6042.88,5.32784432
1534259280,6038.7,6042.87,6042.87,6038.7,8.973995590000001
1534259340,6037.48,6044.58,6038.7,6037.48,4.816375399999999
1534259400,6035.12,6038.95,6037.49,6036.0,5.99757799
1534259460,6030.0,6036.01,6036.01,6030.01,14.483031369999994
1534259520,6014.09,6030.01,6030.01,6014.09,11.64678166
1534259580,6001.0,6014.1,6014.1,6001.01,14.149512719999992
1534259640,5980.0,6015.26,6001.0,6004.45,112.62735565000001
1534259700,5990.54,6004.45,6004.45,5995.48,15.88139965
1534259760,5981.69,5995.48,5995.48,5993.0,9.494764319999996
1534259820,5992.99,6001.0,5993.0,5996.93,25.714924650000007
1534259880,5993.16,6013.56,5996.93,6006.0,16.2070968
1534259940,6005.0,6010.0,6006.0,6010.0,19.71945138000001
1534260000,6007.0,6010.0,6009.99,6007.01,9.285519560000003
1534260060,6005.0,6007.37,6007.0,6005.01,4.595203509999999
1534260120,6005.0,6010.0,6005.01,6010.0,11.595381090000002
1534260180,6009.99,6015.0,6010.0,6015.0,4.2469997
1534260240,6015.0,6033.68,6015.0,6027.66,39.31830903000001
1534260300,6027.65,6036.51,6027.66,6028.1,9.07478809
1534260360,6028.15,6036.5,6032.72,6029.86,4.356400229999999
1534260420,6029.86,6036.5,6029.86,6031.01,6.39806952
1534260480,6031.0,6036.49,6031.01,6034.0,7.65151826
1534260540,6031.4,6037.06,6032.27,6037.06,10.741505340000002
1534260600,6037.05,6037.41,6037.06,6037.4,4.069456899999999
1534260660,6031.2,6037.41,6037.41,6031.41,7.353871580000003
1534260720,6031.18,6032.0,6031.41,6032.0,1.8503054699999997
1534260780,6031.29,6033.0,6032.0,6032.99,3.589411110000001
1534260840,6032.99,6037.5,6033.0,6037.5,4.049572039999999
1534260900,6037.49,6037.5,6037.49,6037.5,5.42251557
1534260960,6037.49,6039.96,6037.49,6039.27,3.0657698599999983
1534261020,6031.19,6040.0,6039.3,6031.19,9.36739132
1534261080,6016.36,6031.19,6031.19,6016.36,11.079927549999983
1534261140,6016.37,6021.98,6016.37,6019.98,3.2967504999999986
1534261200,6019.98,6019.99,6019.98,6019.99,3.7848410300000004
1534261260,6019.99,6025.0,6019.99,6024.99,9.226897250000004
1534261320,6025.0,6030.0,6025.0,6030.0,2.7536237500000005
1534261380,6025.64,6030.0,6030.0,6027.18,5.039266240000002
1534261440,6020.97,6030.0,6027.26,6024.82,16.184295949999996
1534261500,6020.97,6030.0,6024.82,6030.0,18.19312321
1534261560,6030.33,6038.0,6030.33,6033.18,3.5703528099999997
1534261620,6030.0,6038.0,6033.18,6037.99,4.145357219999998
1534261680,6037.99,6040.0,6038.0,6039.99,11.51778495
1534261740,6039.99,6040.0,6040.0,6040.0,6.058468619999999
1534261800,6039.99,6041.68,6040.0,6041.68,8.636403979999995
1534261860,6041.67,6045.42,6041.67,6045.42,5.39457102
1534261920,6045.42,6050.0,6045.42,6049.99,8.0555284
1534261980,6049.99,6050.73,6050.0,6050.73,3.744608009999999
1534262040,6050.0,6050.96,6050.73,6050.01,10.70585813
1534262100,6050.0,6050.86,6050.0,6050.86,4.7469334499999984
1534262160,6050.0,6051.0,6050.86,6050.99,3.45078298
1534262220,6038.77,6051.0,6051.0,6042.5,27.817216960000025
1534262280,6033.94,6044.0,6042.5,6033.94,5.10399786
1534262340,6033.59,6038.39,6036.44,6035.01,6.60888957
1534262400,6034.0,6035.01,6035.01,6034.0,3.8091202099999997
1534262460,6034.0,6034.01,6034.01,6034.0,3.3172152099999996
1534262520,6031.84,6034.01,6034.01,6031.85,12.171504089999999
1534262580,6020.0,6031.85,6031.85,6020.0,11.052715270000004
1534262640,6020.0,6033.28,6020.0,6031.41,21.092002519999998
1534262700,6028.39,6031.41,6031.41,6028.4,5.326077530000003
1534262760,6021.0,6028.4,6028.4,6024.62,11.176843359999996
1534262820,6022.26,6028.4,6026.21,6023.49,3.169895519999999
1534262880,6021.66,6025.88,6025.88,6024.99,7.461167949999999
1534262940,6025.0,6028.4,6025.0,6027.39,13.726014699999999
1534263000,6025.04,6028.4,6027.39,6027.6,4.77489637
1534263060,6020.01,6027.59,6027.59,6022.76,5.912407119999999
1534263120,6020.04,6028.5,6022.71,6026.31,7.657516930000001
1534263180,6020.04,6026.31,6025.06,6024.7,1.6443349600000001
1534263240,6018.99,6023.25,6023.25,6019.0,7.847492340000002
1534263300,6017.22,6019.0,6019.0,6017.23,4.830578440000001
1534263360,6015.34,6017.23,6017.22,6017.0,5.869775080000001
1534263420,6012.85,6017.0,6016.99,6012.86,8.399624329999998
1534263480,6010.0,6012.86,6012.86,6010.0,7.2104983199999975
1534263540,5990.0,6010.01,6010.01,5996.74,45.51613066999998
1534263600,5993.02,6010.01,5996.74,6005.77,38.16906527999999
1534263660,6005.0,6010.01,6005.77,6010.01,7.62559575
1534263720,6005.73,6010.01,6010.01,6010.0,14.40251756
1534263780,6010.0,6024.09,6010.01,6021.42,30.949045970000014
1534263840,6020.0,6028.05,6021.2,6028.05,4.8871310800000005
1534263900,6024.21,6028.5,6028.04,6024.22,4.585649349999999
1534263960,6024.21,6028.5,6024.22,6028.49,5.092838589999999
1534264020,6028.49,6028.5,6028.49,6028.49,2.7937921500000007
1534264080,6028.49,6028.5,6028.5,6028.5,1.1531984299999998
1534264140,6021.19,6028.5,6028.5,6021.2,6.249758830000002
1534264200,6021.19,6025.0,6021.2,6025.0,3.8438223499999986
1534264260,6018.18,6025.0,6025.0,6018.18,8.159564910000006
1534264320,6015.0,6021.2,6018.17,6015.0,3.48542948
1534264380,6010.93,6018.61,6015.0,6018.61,6.733963289999999
1534264440,6018.6,6020.35,6018.61,6020.34,1.68061774
1534264500,6016.83,6028.0,6020.35,6027.99,5.054929979999998
1534264560,6021.19,6027.57,6027.57,6021.54,4.333217629999999
1534264620,6014.09,6021.55,6021.55,6014.1,9.544911519999996
1534264680,6005.12,6014.1,6014.09,6009.12,13.402170149999995
1534264740,6010.99,6019.95,6010.99,6015.16,6.239016779999997
1534264800,6006.09,6015.16,6015.16,6006.09,8.030167919999997
1534264860,6005.0,6010.0,6006.1,6009.99,5.90792597
1534264920,6009.99,6010.0,6010.0,6010.0,1.5510372000000001
1534264980,6009.99,6010.0,6010.0,6009.99,4.931431110000001
1534265040,6009.99,6010.0,6009.99,6010.0,6.1891535399999995
1534265100,6009.99,6016.55,6010.0,6016.55,4.796459850000002
1534265160,6016.54,6019.35,6016.55,6019.34,5.102656079999998
1534265220,6019.34,6019.35,6019.35,6019.34,2.2959032299999995
1534265280,6019.34,6024.02,6019.35,6019.35,7.477566270000001
1534265340,6019.34,6026.94,6019.35,6026.94,8.04593171
1534265400,6026.93,6026.94,6026.94,6026.93,4.20450915
1534265460,6026.92,6033.44,6026.94,6033.44,31.38811435000003
1534265520,6033.27,6033.45,6033.45,6033.28,8.925972400000001
1534265580,6033.27,6033.28,6033.28,6033.27,10.588062119999998
1534265640,6030.0,6033.03,6033.02,6030.01,1.59334228
1534265700,6027.23,6030.01,6030.01,6027.24,2.9834102999999996
1534265760,6016.59,6027.24,6027.24,6024.25,15.777461069999998
1534265820,6024.24,6024.25,6024.25,6024.25,1.5550811900000001
1534265880,6024.24,6033.23,6024.25,6033.23,11.832274630000002
1534265940,6033.22,6034.01,6033.22,6034.01,12.14967856
1534266000,6030.25,6034.01,6034.01,6034.01,5.957874520000001
1534266060,6034.0,6034.01,6034.0,6034.01,3.8691930500000007
1534266120,6027.23,6034.01,6034.01,6027.24,4.437245439999999
1534266180,6027.24,6030.0,6027.24,6028.71,3.16651498
1534266240,6028.7,6047.46,6028.71,6047.46,51.41052323999998
1534266300,6038.11,6047.46,6047.45,6038.12,2.9165321199999994
1534266360,6038.02,6038.11,6038.11,6038.03,2.35127302
1534266420,6031.07,6038.03,6038.03,6033.27,4.854696979999999
1534266480,6032.02,6033.27,6033.27,6033.23,7.71511067
1534266540,6031.07,6033.23,6033.22,6033.23,9.310754979999999
1534266600,6033.22,6035.0,6033.23,6035.0,1.6509924
1534266660,6034.99,6045.0,6035.0,6042.58,8.613435120000004
1534266720,6039.99,6048.61,6042.57,6047.59,7.997383300000001
1534266780,6045.34,6047.59,6046.37,6045.34,2.92875325
1534266840,6042.33,6045.35,6045.35,6042.34,18.050183150000002
1534266900,6042.33,6042.34,6042.34,6042.33,2.8863207199999996
1534266960,6035.11,6041.91,6041.91,6035.12,6.6070613499999995
1534267020,6035.0,6035.12,6035.12,6035.01,10.211999359999998
1534267080,6031.07,6035.01,6035.01,6033.91,14.157794429999994
1534267140,6033.9,6033.92,6033.92,6033.91,2.8803690100000012
1534267200,6025.26,6033.91,6033.91,6025.27,4.61784157
1534267260,6025.26,6029.97,6027.23,6029.0,3.2049308199999995
1534267320,6019.39,6030.0,6029.0,6024.1,8.600710710000001
1534267380,6022.7,6024.1,6024.1,6024.09,3.70460466
1534267440,6024.09,6038.4,6024.1,6038.4,16.95851003
1534267500,6032.29,6038.4,6038.4,6038.4,3.9786696299999997
