1537890480,6398.0,6402.66,6402.66,6398.01,1.77041923
1537890540,6398.0,6398.01,6398.01,6398.0,1.7072762999999997
1537890600,6398.0,6398.01,6398.0,6398.01,0.8947011
1537890660,6398.01,6405.23,6398.01,6405.0,2.3472303199999995
1537890720,6403.89,6404.28,6404.28,6403.9,1.5062803500000004
1537890780,6403.89,6403.9,6403.89,6403.9,1.5531698299999999
1537890840,6396.51,6403.89,6403.89,6397.16,5.15945323
1537890900,6397.16,6399.88,6397.16,6397.16,2.2633494299999994
1537890960,6397.15,6397.16,6397.15,6397.15,1.2786190999999998
1537891020,6397.15,6397.16,6397.16,6397.15,0.8491714199999997
1537891080,6397.16,6402.44,6397.16,6402.44,1.18933658
1537891140,6402.43,6402.44,6402.43,6402.44,7.9133422399999995
1537891200,6402.43,6402.44,6402.44,6402.44,2.0322320199999995
1537891260,6402.43,6402.44,6402.44,6402.43,1.21442736
1537891320,6402.43,6402.44,6402.43,6402.43,3.3743297100000005
