1553019900,3998.17,3999.18,3999.18,3998.17,2.98
1553019960,3997.44,3998.8,3997.44,3998.79,1.37
1553020020,3998.79,3998.8,3998.8,3998.79,2.4
1553020080,3998.79,3998.8,3998.8,3998.8,0.696
1553020140,3998.79,3999.33,3998.79,3999.32,3.94
1553020200,3999.32,3999.99,3999.33,3999.99,4.85
1553020260,3999.21,3999.6,3999.33,3999.59,1.12
1553020320,3999.59,3999.99,3999.59,3999.7,3.98
1553020380,3999.59,4000.59,3999.97,4000.57,22.25
1553020440,4000.0,4000.57,4000.56,4000.01,3.04
1553020500,3999.94,4000.01,4000.01,3999.94,2.55
1553020560,3999.59,3999.95,3999.95,3999.59,4.85
1553020620,3999.59,3999.6,3999.6,3999.59,1.29
1553020680,3999.59,3999.6,3999.59,3999.59,3.65
1553020740,3997.0,3999.6,3999.6,3997.0,12.57
1553020800,3996.82,3997.62,3997.01,3997.01,4.54
1553020860,3997.0,3997.01,3997.01,3997.01,5.02
1553020920,3997.0,3997.01,3997.01,3997.01,1.69
1553020980,3997.0,3997.02,3997.01,3997.01,1.45
1553021040,3997.0,3997.01,3997.0,3997.01,3.4
1553021100,3997.0,3997.01,3997.01,3997.01,6.14
1553021160,3997.0,3997.01,3997.01,3997.01,3.35
1553021220,3996.91,3997.01,3997.01,3996.92,3.33
1553021280,3996.0,3996.91,3996.91,3996.01,0.849
1553021340,3996.0,3996.01,3996.01,3996.01,3.57
1553021400,3996.0,3996.01,3996.0,3996.0,1.18
1553021460,3991.88,3996.01,3996.01,3992.54,25.63
1553021520,3992.25,3992.68,3992.54,3992.25,7.13
1553021580,3992.05,3992.25,3992.25,3992.06,1.19
1553021640,3992.0,3992.06,3992.06,3992.01,1.47
1553021700,3990.01,3992.01,3992.01,3990.02,5.85
1553021760,3986.45,3990.02,3990.02,3987.02,11.08
1553021820,3987.02,3987.03,3987.03,3987.03,3.4
1553021880,3987.02,3987.03,3987.02,3987.03,2.15
1553021940,3987.02,3987.03,3987.02,3987.02,3.99
1553022000,3986.03,3987.03,3987.02,3986.04,2.51
1553022060,3986.02,3986.14,3986.04,3986.14,1.4
1553022120,3984.99,3986.14,3986.13,3985.0,8.13
1553022180,3983.38,3985.0,3984.99,3983.38,4.5
1553022240,3983.18,3983.38,3983.38,3983.19,1.75
1553022300,3983.18,3986.6,3983.19,3984.91,15.97
1553022360,3984.91,3984.92,3984.92,3984.91,7.59
1553022420,3984.01,3984.99,3984.92,3984.01,20.48
1553022480,3984.01,3984.99,3984.01,3984.03,7.34
1553022540,3984.02,3984.71,3984.03,3984.71,3.72
1553022600,3984.7,3984.99,3984.71,3984.99,5.96
1553022660,3984.98,3985.0,3984.99,3985.0,1.84
1553022720,3984.99,3985.0,3984.99,3985.0,0.819
1553022780,3984.99,3986.64,3985.0,3986.61,2.56
1553022840,3986.6,3987.02,3986.61,3987.02,3.03
1553022900,3987.02,3987.03,3987.02,3987.03,2.12
1553022960,3987.02,3987.03,3987.03,3987.03,9.46
1553023020,3986.61,3987.5,3987.03,3987.5,14.06
1553023080,3986.61,3987.68,3987.5,3987.02,1.37
1553023140,3987.02,3987.03,3987.03,3987.03,3.02
1553023200,3986.61,3987.03,3987.03,3986.62,6.42
1553023260,3986.61,3986.62,3986.62,3986.61,3.8
1553023320,3986.61,3986.62,3986.62,3986.62,4.04
1553023380,3986.61,3986.86,3986.62,3986.62,2.8
1553023440,3986.61,3986.63,3986.63,3986.62,2.17
1553023500,3986.61,3986.62,3986.62,3986.62,2.04
1553023560,3986.61,3986.62,3986.61,3986.62,1.78
1553023620,3986.61,3986.62,3986.62,3986.62,3.14
1553023680,3986.61,3986.62,3986.62,3986.62,3.01
1553023740,3986.61,3986.62,3986.62,3986.62,4.33
1553023800,3986.61,3986.62,3986.61,3986.62,6.12
1553023860,3986.61,3986.62,3986.61,3986.62,5.26
1553023920,3986.61,3986.62,3986.62,3986.62,0.552
1553023980,3986.61,3986.62,3986.62,3986.62,1.42
1553024040,3986.61,3986.62,3986.61,3986.62,3.88
1553024100,3986.61,3986.62,3986.62,3986.61,4.31
1553024160,3986.61,3986.62,3986.62,3986.62,1.63
1553024220,3986.61,3989.99,3986.62,3989.98,13.6
1553024280,3989.98,3993.45,3989.99,3991.92,35.35
1553024340,3991.91,3992.65,3991.91,3992.03,5.66
1553024400,3992.03,3992.88,3992.04,3992.68,5.49
1553024460,3992.49,3993.73,3992.97,3993.19,2.74
1553024520,3993.18,3993.74,3993.19,3993.25,2.56
1553024580,3993.25,3995.02,3993.26,3994.09,1.95
1553024640,3994.0,3997.57,3995.01,3994.0,1.16
1553024700,3993.56,3996.94,3993.56,3996.94,13.82
1553024760,3995.61,3996.93,3996.85,3996.7,2.17
1553024820,3994.09,3996.7,3996.7,3995.24,8.36
1553024880,3994.71,3995.78,3994.71,3995.59,10.99
1553024940,3995.58,3995.79,3995.59,3995.58,1.82
1553025000,3995.58,3995.79,3995.59,3995.59,0.978
1553025060,3995.58,3995.59,3995.59,3995.59,11.58
1553025120,3995.58,3995.59,3995.58,3995.59,1.42
1553025180,3995.02,3995.59,3995.59,3995.1,2.59
1553025240,3995.09,3995.1,3995.1,3995.1,1.3
1553025300,3995.09,3995.1,3995.09,3995.1,1.92
1553025360,3995.09,3995.1,3995.1,3995.09,10.93
1553025420,3995.03,3995.09,3995.09,3995.04,0.852
1553025480,3995.03,3995.05,3995.04,3995.04,2.21
1553025540,3995.04,3995.05,3995.05,3995.05,2.2
1553025600,3995.0,3995.05,3995.05,3995.0,11.32
1553025660,3995.0,3995.01,3995.01,3995.01,7.21
1553025720,3995.0,3996.07,3995.01,3996.07,2.14
1553025780,3996.06,3997.29,3996.07,3997.28,1.7
1553025840,3997.28,3997.57,3997.29,3997.57,4.67
1553025900,3997.57,3997.94,3997.57,3997.94,1.03
1553025960,3997.93,3998.0,3997.94,3998.0,12.26
1553026020,3997.93,3998.0,3998.0,3997.94,3.79
1553026080,3997.05,3997.94,3997.94,3997.85,5.57
1553026140,3997.85,3998.0,3997.85,3998.0,4.92
1553026200,3997.22,3998.0,3998.0,3997.99,1.72
1553026260,3996.01,3997.99,3997.99,3996.09,2.7
1553026320,3996.0,3996.09,3996.09,3996.01,8.6
1553026380,3996.01,3996.09,3996.01,3996.09,2.26
1553026440,3996.62,3997.17,3997.17,3997.16,0.816
1553026500,3997.15,3997.16,3997.16,3997.16,0.915
1553026560,3996.18,3997.16,3997.15,3996.99,5.17
1553026620,3996.98,3997.41,3996.98,3996.98,4.05
1553026680,3996.98,3996.99,3996.98,3996.98,4.07
1553026740,3996.98,3996.99,3996.98,3996.99,2.31
1553026800,3995.01,3996.98,3996.98,3995.01,5.36
1553026860,3995.0,3995.02,3995.02,3995.01,4.1
1553026920,3995.0,3995.01,3995.01,3995.01,6.22
1553026980,3995.0,3995.01,3995.01,3995.01,0.829
1553027040,3995.0,3995.01,3995.01,3995.0,1.52
1553027100,3995.0,3995.01,3995.01,3995.0,3.16
1553027160,3994.58,3995.01,3995.01,3994.59,5.07
1553027220,3992.36,3994.59,3994.59,3992.81,7.6
1553027280,3991.91,3992.81,3992.8,3991.91,8.06
1553027340,3991.91,3991.92,3991.91,3991.92,6.19
1553027400,3991.91,3991.92,3991.91,3991.92,2.4
1553027460,3991.91,3991.92,3991.91,3991.92,1.05
1553027520,3991.91,3991.92,3991.92,3991.92,2.1
1553027580,3991.91,3991.92,3991.92,3991.92,0.39
1553027640,3991.6,3991.91,3991.91,3991.61,4.32
1553027700,3990.18,3991.61,3991.61,3990.74,12.37
1553027760,3990.29,3990.74,3990.74,3990.73,1.07
1553027820,3990.01,3990.73,3990.73,3990.14,1.9
1553027880,3990.12,3990.14,3990.13,3990.13,2.51
1553027940,3990.12,3991.07,3990.12,3991.01,2.65
1553028000,3990.75,3991.72,3991.0,3990.84,1.01
1553028060,3990.81,3991.68,3991.66,3991.6,7.03
1553028120,3991.0,3991.61,3991.58,3991.0,3.35
1553028180,3991.0,3991.92,3991.01,3991.91,1.56
1553028240,3991.91,3991.92,3991.92,3991.92,1.48
1553028300,3991.0,3991.92,3991.92,3991.01,1.93
1553028360,3990.38,3991.91,3991.01,3991.9,2.13
1553028420,3991.11,3991.92,3991.91,3991.91,2.05
1553028480,3991.9,3991.91,3991.91,3991.9,1.38
1553028540,3991.9,3991.91,3991.9,3991.91,1.79
1553028600,3991.9,3991.91,3991.91,3991.91,1.76
1553028660,3991.9,3991.91,3991.9,3991.9,2.1
1553028720,3991.9,3991.91,3991.91,3991.91,2.16
1553028780,3991.9,3991.91,3991.9,3991.9,1.52
1553028840,3991.9,3991.91,3991.91,3991.9,1.94
1553028900,3991.55,3991.91,3991.9,3991.56,1.85
1553028960,3991.56,3991.92,3991.56,3991.92,1.38
1553029020,3991.91,3992.9,3991.91,3992.9,3.76
1553029080,3991.59,3992.9,3992.9,3992.21,2.58
1553029140,3991.57,3993.22,3992.89,3992.68,2.29
1553029200,3991.55,3992.66,3991.55,3992.66,6.37
1553029260,3991.61,3993.22,3992.52,3993.22,3.37
1553029320,3991.57,3993.22,3992.3,3991.57,5.01
1553029380,3991.56,3992.52,3992.51,3992.31,2.45
1553029440,3991.57,3992.32,3992.31,3991.58,1.98
1553029500,3991.57,3992.09,3991.58,3991.57,2.6
1553029560,3991.56,3992.1,3992.09,3991.98,3.1
1553029620,3991.55,3991.58,3991.57,3991.55,5.36
1553029680,3991.55,3991.56,3991.56,3991.56,3.74
1553029740,3991.55,3991.56,3991.55,3991.56,6.47
1553029800,3991.55,3991.56,3991.56,3991.55,22.84
1553029860,3991.55,3991.56,3991.55,3991.55,5.41
1553029920,3991.55,3991.56,3991.56,3991.56,1.92
1553029980,3991.55,3991.56,3991.55,3991.55,12.04
1553030040,3990.0,3991.56,3991.56,3990.01,5.93
1553030100,3989.02,3990.01,3990.01,3989.03,4.13
1553030160,3989.0,3989.03,3989.03,3989.0,14.19
1553030220,3987.03,3989.01,3989.0,3987.6,1.27
1553030280,3986.42,3987.6,3987.6,3986.42,5.34
1553030340,3986.0,3986.3,3986.3,3986.01,0.145
