1535423220,6895.09,6899.0,6895.1,6896.31,6.05875508
1535423280,6895.1,6897.51,6896.31,6896.9,11.389898379999996
1535423340,6895.1,6897.16,6896.3,6895.11,6.2549610399999995
1535423400,6895.1,6895.11,6895.1,6895.11,1.60486005
1535423460,6895.1,6895.11,6895.1,6895.1,4.87541222
1535423520,6895.09,6895.11,6895.11,6895.1,3.9843865199999993
1535423580,6895.09,6895.1,6895.09,6895.1,2.1639799799999992
1535423640,6891.27,6895.1,6895.09,6891.27,5.97292586
1535423700,6890.0,6891.26,6891.26,6890.01,1.5167368100000003
1535423760,6890.0,6890.01,6890.0,6890.01,1.8061750600000004
1535423820,6889.0,6890.01,6890.01,6889.0,3.835873079999999
1535423880,6889.0,6889.01,6889.01,6889.01,1.3336300399999999
1535423940,6889.0,6889.01,6889.01,6889.01,1.57130808
1535424000,6888.0,6889.01,6889.01,6888.01,5.2164386
1535424060,6888.0,6888.01,6888.01,6888.01,3.3031146199999992
1535424120,6887.22,6888.01,6888.0,6888.0,8.426554010000002
1535424180,6888.0,6888.01,6888.0,6888.01,4.4059393
1535424240,6888.0,6888.01,6888.0,6888.01,4.03882703
1535424300,6881.23,6888.01,6888.01,6881.23,15.236089919999998
1535424360,6880.0,6881.24,6881.24,6880.01,5.990485759999998
1535424420,6872.0,6880.01,6880.0,6872.0,18.94229064000001
1535424480,6872.0,6872.01,6872.0,6872.01,4.10214896
1535424540,6872.0,6872.01,6872.0,6872.01,3.17779519
1535424600,6869.9,6872.01,6872.01,6869.91,12.760353880000002
1535424660,6864.96,6869.91,6869.91,6865.48,7.9036895799999956
1535424720,6865.47,6867.0,6865.48,6866.99,3.632214700000001
1535424780,6867.0,6872.01,6867.0,6872.01,15.53700476999999
1535424840,6872.0,6872.02,6872.01,6872.02,9.979702549999999
1535424900,6872.01,6872.02,6872.01,6872.01,1.0326505700000002
1535424960,6872.01,6872.02,6872.02,6872.02,1.6262205699999996
1535425020,6872.01,6872.02,6872.02,6872.01,0.5863875000000001
1535425080,6872.01,6872.02,6872.01,6872.02,5.752689210000001
1535425140,6872.01,6878.31,6872.02,6878.31,4.061202449999998
1535425200,6879.0,6883.06,6879.0,6883.05,0.9766306799999999
1535425260,6883.05,6883.06,6883.06,6883.06,0.7879212400000002
1535425320,6883.05,6883.06,6883.06,6883.06,1.6806992
1535425380,6883.05,6883.06,6883.06,6883.05,1.1814504600000004
1535425440,6883.05,6883.06,6883.05,6883.06,3.5057466699999984
1535425500,6883.05,6884.0,6883.06,6883.99,1.9988017699999996
1535425560,6883.99,6885.0,6884.0,6885.0,4.3986004099999985
1535425620,6884.99,6892.31,6884.99,6892.31,9.316825439999997
1535425680,6892.3,6892.31,6892.3,6892.31,2.23182291
1535425740,6892.3,6892.31,6892.31,6892.3,1.67414689
1535425800,6892.3,6892.31,6892.31,6892.31,4.398701539999999
1535425860,6892.3,6892.31,6892.3,6892.31,0.93984695
1535425920,6892.3,6892.31,6892.3,6892.3,2.0746297200000003
1535425980,6892.3,6892.31,6892.31,6892.3,1.88934345
1535426040,6892.3,6892.31,6892.3,6892.3,1.7637022199999999
1535426100,6887.3,6892.3,6892.3,6887.31,10.67233537
1535426160,6883.99,6887.31,6887.3,6887.3,1.2736093099999999
1535426220,6887.31,6889.81,6887.31,6889.81,2.70702079
1535426280,6889.8,6892.62,6889.81,6890.31,0.59611019
1535426340,6890.49,6892.53,6890.49,6891.14,0.52462843
1535426400,6891.75,6892.52,6891.75,6891.92,0.9477389600000001
1535426460,6887.32,6891.94,6891.93,6890.37,3.5057556399999985
1535426520,6890.37,6890.64,6890.64,6890.38,2.12872298
1535426580,6890.0,6891.93,6890.38,6891.93,0.36570698999999995
1535426640,6890.51,6891.93,6891.93,6891.63,1.6875229399999998
1535426700,6890.38,6891.64,6891.64,6890.39,7.3445532899999995
1535426760,6887.31,6890.39,6890.38,6887.32,3.658982969999999
1535426820,6887.31,6887.32,6887.31,6887.31,3.668937249999999
1535426880,6887.31,6887.32,6887.32,6887.32,1.4585325999999998
1535426940,6887.32,6890.9,6887.32,6890.0,2.6485828999999996
1535427000,6889.0,6890.01,6890.0,6889.0,1.6662842299999998
1535427060,6886.51,6889.01,6889.01,6887.07,22.095394410000015
1535427120,6887.06,6887.07,6887.07,6887.07,6.29235405
1535427180,6885.0,6887.07,6887.06,6885.13,4.56754269
1535427240,6885.26,6885.27,6885.26,6885.26,3.8297547000000005
1535427300,6883.99,6885.27,6885.27,6885.27,6.614206930000001
1535427360,6883.99,6885.27,6885.26,6884.0,1.783866299999999
1535427420,6883.5,6884.0,6884.0,6883.51,5.983713770000001
1535427480,6883.0,6883.51,6883.51,6883.01,0.3845789600000001
1535427540,6881.23,6883.01,6883.01,6881.23,4.04560859
1535427600,6881.22,6881.23,6881.23,6881.23,0.87968464
1535427660,6881.22,6881.23,6881.23,6881.22,1.92886444
1535427720,6881.22,6881.23,6881.22,6881.23,0.9178209500000002
1535427780,6881.22,6881.23,6881.22,6881.23,2.05531736
1535427840,6881.22,6881.23,6881.23,6881.23,0.42654689999999995
1535427900,6881.22,6881.23,6881.23,6881.23,2.7411905499999993
1535427960,6880.44,6881.23,6881.23,6881.21,0.78894209
1535428020,6881.21,6881.23,6881.21,6881.23,2.16350222
1535428080,6881.2,6881.23,6881.23,6881.21,1.1239173
1535428140,6881.17,6881.21,6881.2,6881.17,1.64194078
1535428200,6881.17,6881.18,6881.18,6881.17,0.8585412700000001
1535428260,6881.17,6881.18,6881.18,6881.17,1.68656024
