1534823220,6309.99,6310.94,6309.99,6310.94,1.7891540499999998
1534823280,6311.6,6311.61,6311.6,6311.61,1.23237236
1534823340,6311.6,6314.94,6311.61,6314.1,1.79534779
1534823400,6314.1,6314.11,6314.11,6314.11,0.9171992900000001
1534823460,6314.1,6314.11,6314.1,6314.1,3.98739104
1534823520,6314.1,6314.11,6314.11,6314.11,1.428218
1534823580,6314.1,6314.11,6314.11,6314.11,4.57166917
1534823640,6310.0,6314.11,6314.11,6310.01,3.01398465
1534823700,6310.0,6310.01,6310.01,6310.0,0.6370542299999998
1534823760,6310.0,6310.01,6310.01,6310.01,1.4056600199999998
1534823820,6310.0,6310.01,6310.01,6310.0,0.61466785
1534823880,6310.0,6310.01,6310.01,6310.0,0.72900608
1534823940,6310.0,6310.01,6310.01,6310.01,1.5400504799999999
1534824000,6309.99,6310.01,6310.01,6309.99,5.988241319999999
1534824060,6309.99,6310.0,6310.0,6310.0,3.3084559799999993
1534824120,6309.99,6310.0,6310.0,6310.0,0.6431068699999999
1534824180,6304.99,6310.0,6310.0,6305.0,5.46227407
1534824240,6304.99,6305.0,6304.99,6304.99,5.5362135299999995
1534824300,6304.99,6309.8,6304.99,6309.79,2.42008665
1534824360,6309.79,6309.8,6309.79,6309.8,2.2437336599999997
1534824420,6309.79,6309.8,6309.79,6309.8,6.60156488
1534824480,6309.79,6309.81,6309.79,6309.8,3.7743726399999997
1534824540,6309.79,6309.8,6309.79,6309.8,5.27501984
1534824600,6309.79,6309.8,6309.8,6309.8,1.7674396700000001
1534824660,6306.66,6309.8,6309.8,6309.8,3.31827893
1534824720,6306.66,6309.8,6309.79,6309.8,0.63957198
1534824780,6306.65,6309.8,6309.8,6306.66,0.76938603
1534824840,6306.65,6306.66,6306.66,6306.65,3.78023365
1534824900,6304.04,6306.66,6306.66,6304.05,2.780587519999999
1534824960,6303.0,6304.05,6304.05,6303.01,2.3749165099999994
1534825020,6303.0,6303.01,6303.0,6303.01,0.33970421
1534825080,6303.0,6303.01,6303.01,6303.01,0.5935313999999999
1534825140,6300.01,6303.01,6303.01,6300.02,15.12265845
1534825200,6292.41,6300.02,6300.02,6294.29,7.168939199999998
1534825260,6294.29,6294.3,6294.29,6294.29,1.8831745499999994
1534825320,6292.01,6295.77,6294.29,6295.76,3.1891604499999993
1534825380,6295.77,6298.9,6295.77,6298.9,8.812326590000001
1534825440,6298.89,6298.9,6298.9,6298.9,0.76550625
1534825500,6298.89,6298.9,6298.9,6298.9,1.20963841
1534825560,6298.89,6298.9,6298.9,6298.9,1.4173563800000002
1534825620,6298.89,6298.9,6298.9,6298.9,0.9109128900000001
1534825680,6298.89,6298.9,6298.9,6298.9,2.39925152
1534825740,6298.89,6298.9,6298.89,6298.9,0.80831756
1534825800,6298.89,6298.9,6298.89,6298.9,0.9026936600000001
1534825860,6298.89,6298.9,6298.9,6298.89,1.5799159399999998
1534825920,6298.89,6298.9,6298.9,6298.89,0.38271749000000005
1534825980,6298.89,6298.9,6298.9,6298.9,3.0674287700000002
1534826040,6298.89,6298.9,6298.89,6298.89,1.44532006
1534826100,6288.46,6298.9,6298.89,6288.47,19.65010809
1534826160,6288.46,6288.47,6288.46,6288.46,2.25335301
1534826220,6288.46,6288.47,6288.47,6288.47,10.997539219999995
1534826280,6288.46,6288.47,6288.47,6288.47,1.5904371099999997
1534826340,6288.46,6288.47,6288.47,6288.47,1.3165044300000002
1534826400,6288.46,6288.47,6288.47,6288.47,8.64095639
1534826460,6288.46,6288.47,6288.46,6288.47,5.615123709999999
1534826520,6288.46,6288.47,6288.47,6288.46,3.63172304
1534826580,6288.46,6288.47,6288.47,6288.47,2.22565866
1534826640,6288.46,6288.47,6288.46,6288.46,6.33191152
1534826700,6288.46,6288.47,6288.47,6288.47,0.69509458
1534826760,6288.46,6288.47,6288.47,6288.47,0.7755645400000002
1534826820,6288.47,6300.0,6288.47,6300.0,13.723328139999989
1534826880,6299.99,6300.0,6299.99,6299.99,0.7922115399999999
1534826940,6299.99,6300.06,6300.0,6300.06,15.322238919999998
1534827000,6300.06,6300.55,6300.06,6300.55,0.6240127
1534827060,6300.54,6300.55,6300.54,6300.55,3.0664626100000008
1534827120,6300.54,6300.55,6300.54,6300.55,1.7324226200000001
1534827180,6300.54,6300.55,6300.55,6300.54,0.47350269
1534827240,6300.54,6300.55,6300.55,6300.55,0.26826885000000006
1534827300,6300.54,6300.55,6300.54,6300.54,0.32146129
1534827360,6300.54,6300.55,6300.55,6300.55,1.27317884
1534827420,6300.54,6300.55,6300.55,6300.54,0.9685392100000002
1534827480,6300.54,6300.55,6300.54,6300.55,1.07107328
1534827540,6300.54,6300.55,6300.54,6300.54,2.25542403
1534827600,6300.54,6300.55,6300.55,6300.55,17.10163837
1534827660,6300.54,6300.55,6300.54,6300.55,0.4520026099999999
1534827720,6300.54,6300.55,6300.55,6300.55,1.3372353399999999
1534827780,6300.54,6300.55,6300.55,6300.55,0.60156751
1534827840,6300.54,6300.55,6300.54,6300.55,0.40035319
1534827900,6300.54,6300.55,6300.54,6300.55,5.27481839
1534827960,6300.54,6300.55,6300.54,6300.55,0.70771699
1534828020,6300.54,6300.55,6300.55,6300.54,1.3095500100000002
1534828080,6300.54,6300.55,6300.55,6300.55,1.11823083
1534828140,6300.54,6306.77,6300.55,6306.77,13.913770679999995
1534828200,6306.76,6306.77,6306.77,6306.77,0.39301471000000004
1534828260,6306.76,6306.77,6306.77,6306.77,0.85804993
1534828320,6306.77,6309.75,6306.77,6309.75,1.992202389999999
1534828380,6309.74,6310.0,6309.74,6310.0,1.4241580900000002
1534828440,6309.99,6310.0,6310.0,6310.0,1.34210175
1534828500,6309.99,6310.0,6310.0,6310.0,0.47323214
1534828560,6309.99,6315.0,6309.99,6315.0,9.21573609999999
1534828620,6311.53,6313.78,6311.53,6313.77,0.5484465000000001
