1545681660,4031.03,4035.86,4033.0,4031.04,8.57
1545681720,4029.29,4041.4,4031.03,4041.4,14.47
1545681780,4035.45,4042.99,4041.4,4036.4,3.92
1545681840,4035.04,4040.65,4040.65,4037.31,3.35
1545681900,4036.91,4044.65,4037.31,4042.92,2.87
1545681960,4040.87,4045.99,4042.9,4045.96,6.93
1545682020,4039.55,4044.61,4044.61,4041.05,2.96
1545682080,4029.57,4038.88,4038.88,4030.14,28.22
1545682140,4029.87,4032.79,4032.79,4032.38,2.88
1545682200,4030.03,4033.22,4032.38,4033.0,1.7
1545682260,4030.0,4033.02,4033.01,4033.02,3.97
1545682320,4033.02,4037.69,4033.02,4037.68,7.94
1545682380,4037.68,4042.86,4037.69,4042.86,11.55
1545682440,4035.9,4042.99,4042.86,4038.85,4.76
1545682500,4037.98,4040.72,4038.85,4039.65,1.95
1545682560,4037.5,4041.04,4039.6,4041.04,2.71
1545682620,4040.0,4043.54,4041.77,4041.71,4.3
1545682680,4040.0,4040.51,4040.5,4040.41,8.35
1545682740,4040.0,4040.41,4040.41,4040.01,3.49
1545682800,4040.0,4042.74,4040.01,4042.74,4.36
1545682860,4040.0,4042.73,4042.73,4040.0,10.55
1545682920,4040.0,4040.01,4040.0,4040.0,5.76
1545682980,4040.0,4040.01,4040.01,4040.01,3.24
1545683040,4040.0,4042.74,4040.01,4040.01,2.89
1545683100,4035.54,4040.01,4040.01,4035.54,49.91
1545683160,4031.0,4034.42,4034.42,4031.0,2.76
1545683220,4031.0,4046.0,4031.01,4042.31,19.89
1545683280,4038.66,4046.0,4042.31,4043.43,4.75
1545683340,4036.66,4042.83,4042.83,4038.01,1.13
1545683400,4032.45,4038.01,4038.0,4035.04,9.51
1545683460,4031.0,4042.06,4036.38,4031.1,3.11
1545683520,4032.19,4035.93,4035.93,4035.0,3.11
1545709260,3804.67,3808.74,3808.73,3804.68,6.8
1545709320,3795.0,3804.67,3804.67,3800.0,35.96
1545709380,3796.41,3802.95,3799.4,3801.44,85.73
1545709440,3801.9,3804.68,3801.9,3804.68,10.36
1545709500,3805.9,3808.44,3806.39,3805.9,4.67
1545709560,3805.9,3808.44,3805.91,3807.77,2.97
1545709620,3807.5,3808.44,3807.77,3807.51,6.34
1545709680,3802.0,3807.51,3807.51,3802.0,3.46
1545709740,3797.91,3802.01,3802.01,3797.94,7.71
1545709800,3703.0,3797.94,3797.93,3735.3,686.04
1545709860,3718.0,3735.3,3735.3,3729.0,73.68
1545709920,3728.99,3746.4,3729.0,3746.4,54.83
1545709980,3740.44,3751.02,3746.41,3746.5,23.81
1545710040,3732.41,3747.1,3746.5,3738.15,46.68
1545710100,3738.32,3743.3,3738.32,3742.87,17.02
1545710160,3731.16,3742.82,3742.82,3731.16,13.85
1545710220,3729.0,3737.54,3732.68,3733.84,21.67
1545710280,3731.04,3737.54,3733.9,3735.0,7.07
1545710340,3731.89,3735.34,3735.0,3732.24,6.67
1545710400,3731.04,3737.55,3734.36,3737.55,18.64
1545710460,3736.82,3742.47,3736.82,3742.24,15.18
1545710520,3739.44,3746.06,3742.25,3746.06,5.28
1545710580,3746.01,3748.07,3746.05,3746.06,9.37
1545710640,3745.01,3746.06,3746.03,3746.0,3.18
1545710700,3742.1,3745.98,3745.98,3742.34,7.95
1545710760,3742.2,3746.0,3742.2,3746.0,5.9
1545710820,3745.93,3746.0,3746.0,3746.0,5.42
1545710880,3745.99,3750.0,3746.0,3749.0,10.35
1545710940,3746.43,3749.7,3749.7,3748.86,6.67
1545711000,3748.85,3748.86,3748.86,3748.86,3.86
1545711060,3748.85,3749.0,3748.86,3749.0,2.2
1545711120,3746.44,3749.0,3748.99,3746.44,6.52
1545711180,3742.94,3746.44,3746.44,3744.8,5.79
1545711240,3743.93,3744.8,3744.8,3743.93,1.82
1545711300,3743.93,3743.94,3743.94,3743.93,3.8
1545711360,3739.44,3743.94,3743.94,3741.45,26.64
1545711420,3741.44,3749.0,3741.44,3749.0,25.72
1545711480,3746.43,3749.0,3748.99,3749.0,5.67
1545711540,3748.99,3755.0,3749.0,3755.0,8.73
1545711600,3754.99,3759.37,3755.0,3758.0,4.37
1545711660,3755.52,3758.0,3758.0,3755.53,4.55
1545711720,3753.43,3755.52,3755.52,3753.43,8.16
1545711780,3751.81,3754.99,3753.44,3754.99,10.61
1545711840,3754.99,3760.0,3754.99,3760.0,4.88
1545711900,3760.0,3764.69,3761.06,3760.01,12.86
1545711960,3752.61,3760.0,3760.0,3752.99,27.28
1545712020,3751.0,3753.59,3753.59,3751.01,3.83
1545712080,3750.0,3751.01,3751.01,3750.0,2.41
1545712140,3750.0,3756.07,3750.01,3755.16,5.67
1545712200,3754.19,3758.07,3755.0,3758.07,1.95
1545712260,3756.61,3758.48,3757.77,3757.01,2.75
1545712320,3754.42,3757.07,3757.01,3755.96,3.84
1545712380,3753.75,3755.36,3755.36,3753.76,0.954
1545712440,3751.0,3753.76,3753.76,3751.92,2.75
1545712500,3751.0,3754.07,3751.38,3754.07,2.87
1545712560,3754.57,3757.07,3754.57,3757.07,2.96
1545712620,3754.46,3757.07,3757.07,3755.14,4.76
1545712680,3755.26,3756.98,3756.93,3755.27,0.846
1545712740,3754.24,3757.0,3755.74,3756.99,7.07
1545712800,3755.98,3757.0,3757.0,3757.0,1.34
1545712860,3756.99,3757.0,3757.0,3756.99,0.945
1545712920,3756.99,3760.92,3756.99,3760.92,2.7
1545712980,3760.92,3765.07,3760.92,3765.07,5.92
1545713040,3760.07,3765.07,3765.06,3762.96,8.42
1545713100,3763.73,3766.02,3763.73,3765.79,3.23
1545713160,3761.38,3766.07,3765.78,3761.38,14.76
1545713220,3761.38,3765.07,3761.38,3764.48,7.24
1545713280,3764.47,3766.58,3764.47,3765.07,7.22
1545713340,3761.76,3765.01,3765.01,3762.57,15.6
1545713400,3761.51,3762.57,3762.45,3762.55,3.38
1545713460,3761.45,3762.57,3762.52,3762.57,1.56
1545713520,3762.4,3762.57,3762.55,3762.57,3.28
1545713580,3764.02,3767.0,3764.02,3766.99,7.84
1545713640,3766.99,3767.0,3767.0,3767.0,41.36
1545713700,3762.78,3767.0,3767.0,3762.78,15.24
1545713760,3761.1,3763.0,3762.42,3761.1,3.94
1545713820,3761.1,3763.03,3761.11,3762.1,5.05
1545713880,3761.1,3762.1,3761.1,3762.1,8.68
1545713940,3762.1,3766.14,3762.1,3766.14,2.11
1545714000,3766.11,3768.0,3766.11,3768.0,9.92
1545714060,3767.99,3768.0,3768.0,3768.0,4.29
1545714120,3767.99,3768.0,3768.0,3768.0,5.88
1545714180,3768.0,3777.0,3768.0,3777.0,45.49
1545714240,3776.99,3777.91,3777.0,3777.58,7.22
1545714300,3777.57,3778.09,3777.58,3778.09,1.79
1545714360,3777.57,3779.5,3778.09,3778.11,6.63
1545714420,3778.0,3778.11,3778.11,3778.01,5.33
1545714480,3771.42,3778.01,3778.01,3771.76,8.61
1545714540,3772.45,3772.93,3772.45,3772.93,1.25
1545714600,3772.92,3772.93,3772.93,3772.93,5.74
1545714660,3772.25,3772.94,3772.94,3772.26,10.48
1545714720,3770.87,3772.26,3772.25,3772.26,2.11
1545714780,3770.74,3775.49,3772.25,3775.46,14.44
1545714840,3775.01,3775.29,3775.29,3775.18,11.97
1545714900,3775.17,3775.49,3775.18,3775.49,1.87
1545714960,3775.48,3785.07,3775.49,3785.07,8.86
1545715020,3785.64,3790.0,3785.64,3787.59,3.56
1545715080,3786.43,3789.06,3787.64,3788.47,2.39
1545715140,3788.0,3788.6,3788.47,3788.01,0.713
1545715200,3788.0,3788.01,3788.01,3788.01,2.03
1545715260,3788.0,3794.94,3788.01,3793.05,15.17
1545715320,3793.03,3795.05,3793.05,3793.03,7.01
1545715380,3793.04,3793.54,3793.04,3793.07,3.89
1545715440,3793.53,3795.0,3793.54,3795.0,2.82
1545715500,3794.99,3799.53,3794.99,3796.13,3.3
1545715560,3796.13,3797.12,3796.13,3796.98,13.13
1545715620,3789.53,3796.99,3796.98,3796.99,39.07
1545715680,3792.28,3797.5,3796.99,3792.28,13.13
1545715740,3791.99,3796.94,3794.24,3794.03,12.24
1545715800,3786.53,3793.97,3793.48,3789.36,40.84
1545715860,3789.0,3790.0,3789.28,3789.85,1.39
1545715920,3789.85,3790.0,3789.85,3790.0,0.924
1545715980,3789.99,3790.0,3790.0,3790.0,1.93
1545716040,3789.99,3790.0,3790.0,3790.0,1.68
1545716100,3783.18,3790.0,3790.0,3783.91,14.63
1545716160,3785.21,3788.41,3785.21,3788.41,1.01
1545716220,3783.19,3794.04,3787.39,3794.04,1.94
1545716280,3794.04,3795.68,3794.04,3795.68,1.8
1545716340,3795.67,3795.68,3795.68,3795.68,2.28
1545716400,3794.98,3796.89,3795.68,3794.98,5.41
1545716460,3791.03,3793.48,3793.48,3791.42,1.1
1545716520,3791.42,3791.57,3791.43,3791.57,1.97
1545716580,3791.43,3792.95,3791.43,3792.35,0.571
1545716640,3791.42,3792.35,3792.35,3791.43,18.48
1545716700,3780.0,3791.43,3791.43,3781.51,47.75
1545716760,3780.0,3781.52,3781.51,3780.04,4.12
1545716820,3778.0,3788.65,3780.98,3788.65,5.75
1545716880,3780.91,3786.98,3785.63,3785.14,2.64
1545716940,3785.61,3791.07,3786.68,3790.0,5.38
1545717000,3783.36,3790.0,3790.0,3783.72,1.33
1545717060,3781.96,3787.92,3781.97,3785.47,0.765
1545717120,3783.4,3785.57,3785.56,3783.53,2.81
1545717180,3783.87,3785.86,3783.87,3785.86,1.92
1545717240,3785.94,3792.0,3785.94,3792.0,3.26
1545717300,3791.58,3794.21,3791.99,3792.08,4.76
1545717360,3790.63,3794.06,3792.08,3793.81,2.16
1545717420,3790.0,3793.82,3793.78,3790.36,5.64
1545717480,3790.18,3793.24,3790.33,3793.24,0.353
1545717540,3790.0,3791.92,3790.81,3791.66,1.63
1545717600,3790.0,3792.56,3791.14,3792.55,1.07
1545717660,3792.09,3795.0,3792.56,3795.0,2.89
1545717720,3795.0,3798.23,3795.0,3798.23,2.84
1545717780,3798.23,3798.78,3798.23,3798.78,2.16
1545717840,3793.67,3798.77,3798.77,3793.67,4.91
1545717900,3790.0,3795.78,3793.79,3790.0,9.9
1545717960,3785.1,3790.01,3790.01,3785.1,5.57
1545718020,3785.0,3787.85,3787.85,3786.79,1.67
1545718080,3785.03,3786.64,3786.64,3786.01,0.749
1545718140,3784.0,3786.2,3786.01,3784.0,9.0
1545718200,3781.0,3784.0,3784.0,3783.42,1.43
1545718260,3781.0,3783.42,3783.42,3781.01,9.16
1545718320,3781.0,3787.17,3781.0,3784.32,5.44
1545718380,3781.73,3784.27,3784.27,3781.73,2.21
1545718440,3781.0,3781.45,3781.45,3781.25,0.803
1545718500,3781.24,3781.25,3781.25,3781.25,0.809
1545718560,3781.25,3781.25,3781.25,3781.25,1.34
1545718620,3781.24,3781.25,3781.25,3781.25,3.85
1545718680,3781.0,3781.25,3781.25,3781.0,3.62
1545718740,3773.01,3781.01,3781.0,3773.01,7.22
1545718800,3773.02,3773.37,3773.02,3773.37,1.05
1545718860,3773.36,3773.37,3773.36,3773.37,2.41
1545718920,3773.0,3773.37,3773.37,3773.01,2.84
1545718980,3773.0,3773.37,3773.01,3773.37,8.11
1545719040,3772.18,3776.86,3773.36,3772.18,1.03
1545719100,3771.33,3772.86,3772.5,3771.84,1.38
1545719160,3772.86,3777.05,3772.86,3775.4,3.88
1545719220,3776.08,3777.5,3776.08,3777.5,7.51
1545719280,3777.49,3785.59,3777.5,3785.58,4.84
1545719340,3785.59,3788.0,3785.59,3787.99,2.04
1545719400,3777.57,3787.28,3787.28,3781.09,4.19
1545719460,3776.98,3782.0,3779.62,3782.0,1.16
1545719520,3778.72,3784.31,3782.0,3778.72,0.366
1545719580,3780.13,3782.16,3782.15,3781.73,1.25
1545719640,3776.55,3781.74,3781.74,3777.81,3.86
1545719700,3776.12,3777.81,3777.81,3776.83,2.2
1545719760,3776.87,3777.41,3776.88,3776.88,1.24
1545719820,3772.06,3776.88,3776.87,3772.06,2.49
1545719880,3771.34,3772.99,3772.06,3772.99,1.36
1545719940,3772.53,3772.99,3772.99,3772.53,0.698
1545720000,3772.0,3772.53,3772.52,3772.18,1.53
1545720060,3772.0,3772.01,3772.0,3772.01,2.53
1545720120,3763.43,3772.01,3772.01,3764.2,4.62
1545720180,3756.11,3767.43,3767.43,3764.05,48.55
1545720240,3762.01,3768.0,3762.43,3763.05,6.63
1545720300,3762.75,3766.36,3763.47,3765.14,2.51
1545720360,3760.95,3765.02,3765.02,3760.95,1.37
1545720420,3760.19,3765.61,3762.48,3765.37,5.36
1545720480,3765.6,3771.88,3765.61,3771.88,15.3
1545720540,3769.42,3772.07,3770.07,3770.57,2.61
1545720600,3770.56,3770.79,3770.57,3770.79,0.644
1545720660,3770.79,3772.13,3770.79,3772.13,2.08
1545720720,3772.13,3774.0,3772.13,3774.0,1.82
1545720780,3774.0,3775.0,3774.0,3775.0,1.5
1545720840,3774.99,3780.96,3774.99,3780.0,2.9
1545720900,3779.99,3780.0,3780.0,3779.99,0.26
1545720960,3779.99,3782.2,3779.99,3780.85,1.6
1545721020,3776.66,3780.85,3780.85,3776.66,4.29
1545721080,3772.17,3775.01,3775.01,3774.66,1.64
1545721140,3774.32,3779.79,3774.32,3779.48,3.0
1545721200,3780.0,3791.23,3780.0,3791.23,10.38
1545721260,3788.24,3792.16,3791.22,3792.16,1.43
1545721320,3792.12,3793.06,3792.98,3793.05,2.68
1545721380,3791.55,3793.06,3793.06,3791.56,2.66
1545721440,3791.55,3791.56,3791.56,3791.56,0.961
1545721500,3791.55,3792.8,3791.56,3792.76,3.25
1545721560,3792.88,3793.5,3792.88,3793.5,1.93
1545721620,3793.49,3793.5,3793.5,3793.49,0.72
1545721680,3793.49,3793.5,3793.5,3793.5,0.36
1545721740,3789.69,3793.5,3793.5,3789.69,1.74
1545721800,3786.24,3787.94,3787.94,3786.49,0.625
1545721860,3788.58,3790.02,3790.02,3789.99,0.787
1545721920,3789.98,3790.53,3789.98,3790.53,0.185
1545721980,3790.52,3794.0,3790.52,3794.0,0.544
1545722040,3793.0,3793.6,3793.54,3793.05,0.513
1545722100,3793.01,3794.0,3793.01,3793.99,0.853
1545722160,3793.98,3793.99,3793.99,3793.99,2.43
1545722220,3790.72,3793.99,3793.99,3790.72,1.31
1545722280,3789.46,3790.75,3790.71,3789.64,1.15
1545722340,3788.4,3788.75,3788.75,3788.52,1.67
1545722400,3788.0,3788.52,3788.52,3788.01,1.67
1545722460,3786.1,3788.01,3788.01,3786.1,5.87
1545722520,3786.0,3786.11,3786.11,3786.01,2.51
1545722580,3784.21,3786.01,3786.01,3785.79,0.827
1545722640,3785.78,3790.0,3785.78,3790.0,0.527
1545722700,3786.45,3790.0,3790.0,3787.3,0.727
1545722760,3786.11,3786.51,3786.51,3786.12,0.824
1545722820,3776.09,3786.12,3786.11,3784.56,46.44
1545722880,3784.57,3786.14,3784.57,3786.14,1.26
1545722940,3786.13,3786.14,3786.14,3786.14,2.24
1545723000,3785.31,3786.14,3786.14,3786.14,0.93
1545723060,3785.32,3786.14,3786.14,3785.41,1.79
1545723120,3784.9,3786.15,3786.14,3784.9,1.32
1545723180,3784.72,3786.29,3784.72,3786.29,0.645
1545723240,3786.29,3788.18,3786.29,3786.95,1.61
1545723300,3786.6,3790.23,3787.63,3790.23,3.89
1545723360,3789.12,3791.39,3790.11,3790.49,1.01
1545723420,3790.49,3793.0,3790.49,3793.0,1.11
1545723480,3793.0,3808.89,3793.0,3808.89,23.8
1545723540,3808.89,3816.86,3808.89,3816.86,8.49
1545723600,3811.55,3816.86,3816.85,3811.55,6.97
1545723660,3811.56,3811.57,3811.56,3811.57,1.82
1545723720,3811.57,3814.4,3811.57,3812.17,4.76
1545723780,3811.01,3814.51,3812.17,3811.01,25.45
1545723840,3804.24,3811.0,3811.0,3806.36,0.728
1545723900,3806.49,3810.89,3806.49,3810.0,1.28
1545723960,3807.0,3812.52,3810.0,3807.01,6.24
1545724020,3806.84,3807.01,3807.01,3806.85,1.85
1545724080,3805.25,3807.01,3806.85,3805.27,5.75
1545724140,3801.93,3805.26,3805.26,3801.94,1.18
1545724200,3786.01,3801.94,3801.94,3789.43,15.36
1545724260,3785.0,3788.67,3786.9,3785.01,1.22
1545724320,3775.83,3786.3,3785.01,3775.83,17.66
1545724380,3770.0,3778.88,3775.01,3774.92,2.07
1545724440,3772.11,3782.55,3777.05,3782.55,17.54
1545724500,3770.12,3782.54,3782.52,3772.41,18.35
1545724560,3772.03,3776.0,3772.41,3772.03,0.617
1545724620,3767.84,3772.27,3772.01,3769.97,5.08
1545724680,3766.0,3770.0,3769.77,3766.3,1.17
1545724740,3766.31,3767.0,3766.31,3766.35,0.914
1545724800,3761.03,3766.35,3766.35,3761.03,2.91
1545724860,3746.93,3761.04,3761.04,3753.69,36.28
1545724920,3753.8,3766.99,3755.1,3762.15,15.2
1545724980,3762.95,3767.43,3762.95,3766.87,2.67
1545725040,3767.11,3773.48,3767.17,3773.48,0.975
1545725100,3770.02,3777.62,3770.02,3770.54,0.815
1545725160,3774.69,3777.97,3774.69,3777.97,0.6
1545725220,3776.11,3780.04,3776.14,3779.29,2.21
1545725280,3778.29,3779.74,3779.59,3779.74,0.257
1545725340,3778.54,3780.71,3779.44,3780.14,0.993
1545725400,3777.0,3780.14,3780.14,3777.06,2.84
1545725460,3777.06,3777.06,3777.06,3777.06,0.174
1545725520,3775.52,3777.06,3777.05,3776.4,1.3
1545725580,3770.0,3776.4,3776.4,3772.61,2.41
1545725640,3771.56,3777.06,3772.36,3777.06,3.23
1545725700,3777.06,3777.06,3777.06,3777.06,0.624
1545725760,3776.84,3779.63,3777.06,3777.5,4.32
1545725820,3777.5,3778.94,3777.5,3777.56,0.473
1545725880,3777.01,3777.57,3777.57,3777.01,0.438
1545725940,3776.41,3777.01,3777.01,3776.41,1.92
1545726000,3771.0,3778.94,3777.05,3771.01,2.52
1545726060,3767.42,3774.55,3771.01,3774.34,4.07
1545726120,3767.0,3772.82,3772.82,3767.0,5.13
1545726180,3761.44,3767.01,3767.0,3761.44,3.15
1545726240,3760.02,3767.19,3761.45,3764.39,7.04
1545726300,3762.23,3763.83,3763.83,3762.23,1.5
1545726360,3763.42,3765.65,3764.08,3765.5,1.35
1545726420,3763.0,3763.86,3763.86,3763.01,0.841
1545726480,3763.0,3763.01,3763.0,3763.01,0.415
1545726540,3760.0,3763.01,3763.01,3760.01,2.75
1545726600,3752.03,3760.0,3760.0,3752.03,0.933
1545726660,3750.0,3753.65,3752.04,3752.49,1.67
1545726720,3751.0,3762.83,3751.0,3762.83,4.97
1545726780,3761.96,3764.0,3762.83,3761.96,2.41
1545726840,3761.96,3761.97,3761.96,3761.97,0.623
1545726900,3761.96,3763.95,3761.97,3763.46,2.79
1545726960,3762.65,3772.46,3762.94,3772.46,9.9
1545727020,3771.01,3776.09,3772.47,3771.02,0.217
1545727080,3762.44,3771.02,3771.02,3762.44,5.69
1545727140,3762.44,3765.09,3762.44,3763.41,1.75
1545727200,3758.69,3763.41,3763.41,3760.91,2.28
1545727260,3759.47,3763.41,3759.47,3763.41,0.388
1545727320,3763.4,3766.13,3763.41,3765.06,5.29
1545727380,3762.63,3764.86,3764.86,3764.35,1.8
1545727440,3763.98,3768.53,3763.99,3767.57,0.202
1545727500,3760.04,3767.11,3767.11,3760.04,2.29
1545727560,3759.4,3761.65,3761.65,3759.4,0.286
1545727620,3742.54,3759.4,3759.4,3746.44,14.05
1545727680,3744.06,3750.47,3749.0,3747.63,4.09
1545727740,3736.6,3747.63,3747.63,3737.35,7.83
1545727800,3742.18,3745.92,3742.48,3743.24,3.95
1545727860,3744.12,3744.95,3744.95,3744.12,0.742
1545727920,3737.17,3744.12,3744.12,3740.9,1.75
1545727980,3744.11,3751.0,3744.11,3751.0,7.94
1545728040,3747.09,3751.0,3751.0,3751.0,6.33
1545728100,3749.95,3751.0,3750.99,3749.96,3.67
1545728160,3747.43,3751.0,3749.95,3747.85,0.775
1545728220,3747.1,3747.23,3747.23,3747.1,0.662
1545728280,3750.53,3754.31,3750.95,3751.96,1.44
1545728340,3749.63,3751.93,3751.93,3750.2,0.491
1545728400,3748.15,3748.16,3748.16,3748.16,0.166
1545728460,3743.02,3748.16,3748.16,3744.73,0.791
1545728520,3745.1,3748.29,3745.21,3748.29,0.861
1545728580,3748.38,3750.0,3748.38,3750.0,1.13
1545728640,3750.0,3752.92,3750.0,3752.92,2.91
1545728700,3752.91,3758.42,3752.92,3758.42,0.788
1545728760,3758.05,3761.28,3758.43,3758.89,0.169
1545728820,3757.66,3758.69,3758.39,3757.88,8.52
1545728880,3755.0,3755.1,3755.0,3755.1,0.364
1545728940,3750.05,3755.1,3755.1,3754.43,2.42
1545729000,3752.04,3755.0,3755.0,3752.04,0.456
1545729060,3745.07,3752.04,3752.04,3745.07,2.71
1545729120,3745.08,3751.22,3745.08,3751.22,1.54
1545729180,3751.21,3753.92,3751.22,3753.92,3.15
1545729240,3751.62,3755.03,3753.92,3754.02,0.671
1545729300,3750.0,3752.89,3752.89,3751.13,1.7
1545729360,3750.0,3752.71,3751.67,3750.0,0.325
1545729420,3750.0,3750.01,3750.01,3750.0,1.2
1545729480,3750.0,3755.03,3750.0,3754.93,1.17
1545729540,3753.3,3760.0,3754.93,3760.0,2.32
1545729600,3759.99,3766.36,3760.0,3764.41,1.85
1545729660,3764.4,3767.47,3764.41,3767.47,0.31
1545729720,3767.46,3769.31,3767.46,3768.66,0.967
1545729780,3767.01,3769.66,3767.17,3769.66,2.4
1545729840,3769.57,3773.51,3769.57,3770.17,4.93
1545729900,3773.79,3775.85,3774.52,3775.85,0.546
1545729960,3772.92,3776.85,3775.55,3772.92,3.56
1545730020,3769.42,3773.92,3772.79,3773.92,1.5
1545730080,3773.03,3775.0,3773.92,3775.0,0.295
1545730140,3773.8,3773.86,3773.86,3773.85,1.31
1545748080,3757.88,3762.75,3762.75,3759.0,4.98
1545748140,3757.87,3764.15,3758.17,3764.14,2.65
1545748200,3760.39,3770.0,3764.12,3770.0,5.33
1545748260,3767.95,3770.0,3768.35,3768.5,2.16
1545748320,3766.14,3768.97,3768.97,3766.14,0.396
1545748380,3766.53,3769.32,3766.53,3768.43,0.526
1545748440,3762.78,3768.43,3768.43,3762.92,3.56
1545748500,3763.59,3765.06,3763.59,3765.06,1.54
1545748560,3761.45,3765.06,3765.06,3761.45,2.18
1545748620,3760.73,3761.45,3761.45,3760.76,0.343
1545748680,3760.73,3761.35,3761.35,3760.87,0.491
1545748740,3760.81,3761.0,3761.0,3761.0,2.33
1545748800,3760.99,3761.0,3761.0,3761.0,1.83
1545748860,3758.0,3761.0,3761.0,3758.0,3.05
1545748920,3757.01,3761.0,3757.01,3761.0,1.28
1545748980,3760.99,3763.74,3761.0,3763.74,1.82
1545749040,3760.91,3763.73,3763.73,3762.42,2.75
1545749100,3762.39,3764.81,3762.91,3763.61,1.34
1545749160,3762.69,3765.1,3763.61,3764.74,1.12
1545749220,3763.12,3764.83,3764.24,3763.12,0.687
1545749280,3761.07,3763.5,3761.76,3761.07,1.25
1545749340,3757.0,3761.07,3761.07,3757.0,5.28
1545749400,3755.0,3757.03,3757.01,3756.26,1.77
1545749460,3755.53,3763.5,3755.53,3763.5,2.44
1545749520,3758.15,3763.5,3763.5,3759.98,0.732
1545749580,3757.55,3759.7,3759.7,3758.67,2.92
1545749640,3757.57,3759.98,3758.66,3757.96,3.07
1545749700,3741.64,3756.29,3756.29,3741.64,13.73
1545749760,3740.9,3748.73,3741.63,3747.24,6.69
1545749820,3747.24,3750.87,3747.24,3747.75,2.17
1545749880,3747.65,3748.21,3748.04,3747.66,1.96
1545749940,3746.49,3747.78,3747.78,3746.49,1.34
1545750000,3746.58,3747.59,3747.59,3746.59,1.78
1545750060,3745.6,3746.86,3746.58,3745.71,2.7
1545750120,3736.0,3745.01,3745.01,3736.0,12.12
1545750180,3735.41,3751.77,3735.42,3751.76,3.6
1545750240,3751.0,3751.77,3751.77,3751.01,0.777
1545750300,3746.57,3751.6,3751.01,3751.6,10.28
1545750360,3748.89,3751.6,3751.6,3748.89,3.62
1545750420,3743.1,3746.8,3746.8,3743.1,1.66
1545750480,3740.57,3742.95,3742.95,3742.5,1.19
1545750540,3741.41,3744.63,3742.72,3741.41,0.984
1545750600,3734.01,3741.51,3741.51,3737.5,5.59
1545750660,3736.24,3740.71,3738.4,3736.58,1.73
1545750720,3727.0,3736.44,3736.43,3727.01,2.05
1545750780,3727.01,3733.0,3727.01,3732.99,5.18
1545750840,3733.0,3740.54,3733.0,3738.78,11.58
1545750900,3735.44,3738.77,3738.77,3735.44,3.78
1545750960,3728.0,3735.43,3735.43,3728.0,9.42
1545751020,3711.5,3728.09,3728.09,3711.5,51.7
1545751080,3680.24,3711.51,3711.51,3695.53,311.56
1545751140,3695.53,3699.16,3695.53,3696.74,6.25
1545751200,3693.33,3698.85,3696.73,3693.33,11.87
1545751260,3680.01,3693.32,3693.32,3680.02,26.3
1545751320,3675.86,3695.62,3680.01,3695.62,75.5
1545751380,3695.76,3715.3,3697.3,3715.3,19.61
1545751440,3710.12,3754.52,3713.09,3754.52,96.72
1545751500,3741.64,3760.0,3754.52,3746.28,28.87
1545751560,3745.34,3756.38,3745.41,3746.62,9.34
1545751620,3741.51,3747.83,3745.48,3741.51,4.01
1545751680,3741.51,3746.53,3741.52,3746.53,3.15
1545751740,3740.04,3746.53,3746.53,3740.04,2.96
1545751800,3722.95,3740.04,3740.04,3729.52,24.66
1545751860,3718.19,3731.0,3730.02,3718.2,43.6
1545751920,3718.2,3728.65,3718.2,3720.33,38.95
1545751980,3723.29,3728.16,3723.35,3728.16,8.9
1545752040,3725.32,3729.97,3728.16,3729.97,6.0
1545752100,3729.58,3732.34,3729.97,3731.37,1.29
1545752160,3726.92,3731.26,3731.26,3727.35,1.75
1545752220,3725.0,3728.77,3726.52,3725.5,5.33
1545752280,3722.0,3727.03,3726.14,3722.0,6.51
1545752340,3712.86,3722.01,3722.01,3713.06,13.81
1545752400,3714.8,3723.98,3714.8,3722.79,18.23
1545752460,3719.01,3722.79,3722.79,3720.81,3.71
1545752520,3722.34,3728.68,3722.34,3726.93,12.94
1545752580,3722.22,3728.43,3726.99,3722.42,5.22
1545752640,3724.5,3727.7,3724.5,3727.7,5.43
1545752700,3725.15,3727.7,3727.7,3727.1,2.73
1545752760,3720.01,3726.99,3726.99,3720.01,3.3
1545752820,3716.03,3720.01,3720.01,3718.01,5.05
1545752880,3718.0,3720.02,3718.01,3718.14,6.38
1545752940,3713.64,3718.85,3718.85,3713.99,17.51
1545753000,3713.99,3714.0,3714.0,3714.0,1.06
1545753060,3713.99,3720.02,3713.99,3720.02,8.09
1545753120,3720.01,3742.91,3720.02,3742.91,43.06
1545753180,3732.33,3744.68,3744.44,3734.37,10.6
1545753240,3732.0,3738.15,3734.37,3732.01,4.34
1545753300,3728.01,3732.42,3732.01,3728.01,5.29
1545753360,3726.23,3732.01,3728.0,3732.01,3.7
1545753420,3722.01,3734.02,3732.01,3722.01,25.71
1545753480,3721.61,3729.23,3722.0,3728.98,3.08
1545753540,3724.44,3728.07,3728.07,3726.84,3.39
1545753600,3724.68,3744.28,3726.84,3743.36,5.53
1545753660,3743.7,3753.71,3743.7,3749.99,25.33
1545753720,3740.31,3749.48,3747.92,3740.31,14.05
1545753780,3738.92,3745.0,3742.73,3745.0,5.49
1545753840,3743.82,3745.0,3745.0,3745.0,1.82
1545753900,3740.0,3747.5,3745.0,3741.05,8.55
1545753960,3740.89,3744.1,3740.89,3743.49,0.492
1545754020,3742.52,3744.0,3743.3,3744.0,1.34
1545754080,3744.0,3749.0,3744.0,3745.89,1.09
1545754140,3745.55,3749.0,3745.55,3748.23,2.4
1545754200,3745.85,3748.34,3748.23,3745.85,3.09
1545754260,3745.0,3746.95,3746.01,3745.83,2.94
1545754320,3744.34,3747.63,3745.83,3747.63,2.04
1545754380,3747.62,3753.91,3747.62,3750.37,10.36
1545754440,3747.9,3750.72,3750.34,3750.71,4.18
1545754500,3749.73,3751.63,3750.66,3749.73,2.26
1545754560,3750.04,3756.0,3750.39,3756.0,1.95
1545754620,3755.0,3760.0,3756.0,3755.01,1.78
1545754680,3751.03,3755.01,3755.01,3751.99,7.31
1545754740,3751.62,3753.66,3751.99,3753.63,5.58
1545754800,3752.12,3759.29,3753.62,3759.29,3.99
1545754860,3755.53,3759.99,3759.29,3755.53,3.46
1545754920,3745.01,3755.63,3755.63,3745.01,5.06
1545754980,3743.9,3746.76,3745.01,3745.82,11.45
1545755040,3743.9,3746.14,3746.14,3743.91,5.05
1545755100,3743.0,3743.91,3743.91,3743.01,0.718
1545755160,3739.05,3743.01,3743.01,3739.74,3.7
1545755220,3737.92,3741.59,3739.0,3738.8,2.19
1545755280,3737.37,3743.83,3740.06,3743.74,4.26
1545755340,3743.91,3747.18,3743.91,3745.01,2.13
1545755400,3744.56,3747.31,3745.01,3745.95,4.83
1545755460,3745.2,3749.58,3745.79,3749.05,1.57
1545755520,3748.0,3750.0,3748.68,3749.65,2.39
1545755580,3743.62,3750.0,3749.99,3749.84,5.29
1545755640,3748.53,3749.9,3749.83,3748.54,1.95
1545755700,3747.7,3749.0,3748.54,3748.99,4.58
1545755760,3748.8,3751.51,3749.0,3750.37,13.33
1545755820,3749.9,3751.75,3750.37,3751.75,5.05
1545755880,3751.52,3753.0,3751.75,3753.0,1.15
1545755940,3752.99,3753.0,3752.99,3752.99,1.05
1545756000,3752.99,3755.47,3753.0,3755.47,2.57
1545756060,3747.0,3755.47,3755.47,3747.01,6.57
1545756120,3747.0,3749.01,3747.01,3747.93,3.55
1545756180,3736.23,3747.88,3747.63,3742.48,23.11
1545756240,3738.15,3744.47,3740.99,3740.23,2.45
1545756300,3740.22,3743.24,3740.23,3742.72,1.54
1545756360,3742.72,3749.01,3742.72,3749.01,3.14
1545756420,3748.26,3751.19,3749.01,3751.19,1.39
1545756480,3749.86,3751.19,3749.86,3751.16,0.875
1545756540,3750.29,3751.19,3751.16,3751.19,1.48
1545756600,3751.18,3752.23,3751.19,3752.23,3.14
1545756660,3748.41,3752.23,3752.22,3750.11,1.14
1545756720,3748.39,3750.21,3749.21,3749.61,1.48
1545756780,3748.26,3748.27,3748.27,3748.27,1.68
1545756840,3747.0,3748.27,3748.26,3747.0,3.86
1545756900,3742.58,3746.0,3746.0,3742.68,2.6
1545756960,3742.68,3744.36,3742.69,3742.99,1.33
1545757020,3742.69,3744.68,3743.93,3742.7,0.835
1545757080,3742.68,3744.21,3742.69,3742.68,8.55
1545757140,3742.68,3742.69,3742.69,3742.69,2.03
1545757200,3742.68,3742.69,3742.69,3742.69,2.6
1545757260,3737.98,3742.69,3742.69,3740.03,3.79
1545757320,3737.67,3740.06,3740.03,3738.71,1.9
1545757380,3736.01,3738.68,3738.68,3737.95,5.83
1545757440,3734.24,3737.95,3737.95,3734.25,1.61
1545757500,3734.25,3737.01,3734.25,3737.01,3.16
1545757560,3717.92,3737.01,3737.01,3718.08,40.41
1545757620,3718.22,3720.4,3718.22,3719.88,23.71
1545757680,3715.36,3722.62,3719.05,3722.6,14.61
1545757740,3718.49,3726.43,3722.61,3718.49,7.65
1545757800,3718.5,3721.01,3718.5,3721.0,2.4
1545757860,3714.18,3721.0,3721.0,3717.63,29.9
1545757920,3713.0,3716.78,3716.42,3713.0,6.15
1545757980,3710.41,3713.01,3713.01,3710.42,7.24
1545758040,3695.33,3710.42,3710.42,3700.0,41.1
1545758100,3703.03,3714.05,3703.04,3714.04,3.85
1545758160,3708.32,3714.05,3714.05,3710.0,8.51
1545758220,3709.83,3710.0,3709.83,3710.0,6.03
1545758280,3695.38,3709.81,3709.81,3699.88,7.53
1545758340,3699.82,3704.52,3699.88,3703.36,8.62
1545758400,3703.03,3707.87,3703.03,3707.87,5.66
1545758460,3706.41,3710.0,3707.71,3710.0,2.27
1545758520,3708.05,3714.1,3710.0,3713.73,45.08
1545758580,3711.9,3716.0,3714.11,3714.01,2.14
1545758640,3710.39,3715.25,3714.01,3713.71,0.497
1545758700,3708.45,3714.69,3714.45,3709.47,0.54
1545758760,3708.0,3708.56,3708.56,3708.01,2.19
1545758820,3708.01,3714.0,3708.01,3713.98,47.68
1545758880,3714.0,3717.79,3714.0,3716.22,12.62
1545758940,3707.59,3716.47,3716.06,3707.59,16.71
1545759000,3709.04,3715.0,3709.09,3715.0,3.06
1545759060,3711.5,3715.35,3715.1,3713.2,1.64
1545759120,3713.21,3715.18,3713.22,3713.21,1.6
1545759180,3715.17,3726.02,3715.17,3726.02,3.28
1545759240,3726.03,3730.0,3726.03,3726.32,31.99
1545759300,3726.01,3726.45,3726.45,3726.42,5.77
1545759360,3726.43,3733.68,3726.43,3730.69,16.1
1545759420,3730.58,3732.41,3730.69,3732.36,4.06
1545759480,3728.72,3730.72,3730.15,3728.72,5.53
1545759540,3726.01,3729.94,3729.94,3726.01,3.59
1545759600,3715.0,3726.01,3726.01,3715.98,14.07
1545759660,3714.98,3719.62,3715.01,3717.67,5.17
1545759720,3708.0,3717.67,3717.67,3708.0,5.43
1545759780,3698.59,3707.01,3707.0,3701.99,11.86
1545759840,3698.96,3702.85,3701.99,3702.27,14.54
1545759900,3688.01,3702.27,3702.26,3689.53,42.34
1545759960,3689.53,3699.03,3689.53,3694.01,9.28
1545760020,3690.3,3699.0,3694.01,3699.0,7.53
1545760080,3698.99,3715.0,3699.0,3714.99,35.87
1545760140,3715.0,3720.51,3715.0,3715.8,31.29
1545760200,3707.24,3715.01,3715.0,3708.38,8.93
1545760260,3703.78,3708.38,3708.37,3703.78,4.75
1545760320,3702.87,3708.56,3703.12,3708.0,4.6
1545760380,3707.99,3714.44,3708.0,3710.79,3.53
1545760440,3707.99,3710.01,3710.01,3708.0,1.25
1545760500,3707.99,3718.77,3708.0,3718.04,6.03
1545760560,3715.01,3717.03,3717.03,3715.01,3.14
1545760620,3715.01,3716.0,3715.01,3716.0,5.11
1545760680,3697.58,3715.99,3715.99,3699.3,32.58
1545760740,3698.93,3708.03,3698.93,3705.0,3.87
1545760800,3702.01,3705.0,3704.99,3705.0,1.52
1545760860,3700.31,3706.5,3705.0,3700.32,2.13
1545760920,3692.11,3702.33,3701.66,3695.16,23.65
1545760980,3693.22,3699.01,3695.37,3698.16,11.46
1545761040,3694.76,3715.0,3698.16,3715.0,16.18
1545761100,3706.12,3715.0,3715.0,3708.31,33.95
1545761160,3708.61,3712.36,3708.63,3712.34,13.37
1545761220,3710.0,3716.0,3712.34,3716.0,1.33
1545761280,3716.0,3720.0,3716.0,3720.0,3.33
1545761340,3719.84,3723.98,3720.0,3720.1,6.14
1545761400,3711.86,3717.83,3717.83,3711.87,2.21
1545761460,3710.0,3711.87,3711.87,3710.08,1.72
1545761520,3710.0,3711.87,3710.01,3711.87,2.78
1545761580,3711.87,3717.0,3711.87,3717.0,6.75
1545761640,3711.8,3716.3,3716.3,3711.81,1.99
1545761700,3705.54,3711.81,3711.81,3709.84,11.52
1545761760,3704.9,3710.4,3710.4,3706.0,4.32
1545761820,3705.99,3709.99,3706.0,3708.25,5.89
1545761880,3701.96,3705.89,3705.89,3704.05,4.44
1545761940,3703.47,3709.0,3704.05,3707.02,8.78
1545762000,3705.89,3708.88,3706.56,3708.88,4.7
1545762060,3708.25,3709.0,3708.88,3709.0,3.43
1545762120,3708.99,3717.78,3709.0,3717.78,6.56
1545762180,3716.93,3717.99,3717.77,3717.98,0.875
1545762240,3715.06,3717.99,3716.93,3715.26,3.92
1545762300,3714.07,3718.0,3715.87,3717.22,5.47
1545762360,3714.26,3718.0,3717.22,3717.99,3.19
1545762420,3718.0,3727.98,3718.0,3723.49,8.54
1545762480,3718.23,3721.95,3721.95,3718.29,6.87
1545762540,3718.28,3718.65,3718.29,3718.65,6.99
1545762600,3719.5,3726.94,3719.5,3726.94,7.07
1545762660,3725.49,3730.6,3725.49,3730.6,6.96
1545762720,3730.6,3735.0,3730.6,3735.0,3.11
1545762780,3730.0,3735.0,3735.0,3730.01,6.59
1545762840,3729.99,3730.01,3730.01,3729.99,18.61
1545762900,3723.0,3728.01,3728.01,3727.99,4.71
1545762960,3723.78,3727.99,3727.98,3725.65,1.4
1545763020,3725.45,3730.01,3726.05,3730.0,2.02
1545763080,3727.12,3730.0,3729.99,3730.0,3.0
1545763140,3728.99,3730.0,3729.94,3728.99,0.797
1545763200,3728.98,3729.0,3728.99,3729.0,1.89
1545763260,3728.99,3735.0,3729.0,3735.0,8.37
1545763320,3731.9,3735.0,3735.0,3732.79,8.54
1545763380,3732.0,3738.33,3732.8,3738.33,7.19
1545763440,3737.46,3741.57,3738.09,3737.98,5.97
1545763500,3737.01,3742.48,3739.75,3742.48,3.47
1545763560,3740.0,3742.48,3742.47,3740.01,19.25
1545763620,3730.0,3740.01,3740.01,3730.0,6.4
1545763680,3729.01,3736.65,3729.01,3733.68,4.17
1545763740,3732.07,3736.67,3733.63,3735.93,9.22
1545763800,3735.56,3735.58,3735.58,3735.57,2.76
1545763860,3728.22,3735.57,3735.57,3729.58,5.78
1545763920,3729.58,3734.78,3729.58,3734.78,2.6
1545763980,3734.15,3735.57,3734.52,3734.51,5.04
1545764040,3731.96,3735.93,3734.5,3731.96,4.02
1545764100,3729.0,3730.92,3730.92,3729.0,4.62
1545764160,3724.04,3729.01,3729.01,3727.21,3.16
1545764220,3725.42,3731.96,3725.86,3730.2,5.07
1545764280,3729.5,3731.96,3730.2,3729.94,3.46
1545764340,3728.11,3736.0,3729.43,3736.0,8.05
1545764400,3735.99,3750.11,3736.0,3746.44,82.84
1545764460,3743.89,3750.12,3747.46,3743.89,2.88
1545764520,3742.76,3748.76,3742.78,3744.31,7.61
1545764580,3739.71,3745.5,3742.51,3739.71,5.91
1545764640,3737.74,3745.46,3738.93,3744.06,6.29
1545764700,3744.13,3748.0,3744.64,3748.0,13.3
1545764760,3745.0,3748.0,3748.0,3745.0,3.54
1545764820,3742.53,3746.2,3745.01,3746.18,21.49
1545764880,3746.2,3750.12,3746.2,3749.01,2.43
1545764940,3749.0,3753.0,3749.01,3753.0,1.74
1545765000,3751.17,3756.0,3752.95,3752.18,68.02
1545765060,3752.18,3756.0,3752.18,3753.47,1.93
1545765120,3750.0,3751.26,3751.26,3750.01,1.49
1545765180,3748.82,3755.17,3750.01,3751.21,5.48
1545765240,3748.01,3751.21,3751.21,3748.56,3.15
1545765300,3749.17,3755.95,3749.17,3755.95,3.06
1545765360,3747.6,3755.9,3755.79,3749.01,2.1
1545765420,3733.0,3749.01,3749.01,3738.49,32.39
1545765480,3731.18,3740.23,3738.56,3732.13,6.28
1545765540,3732.12,3738.64,3732.13,3738.64,2.55
1545765600,3735.97,3738.58,3738.58,3735.98,2.38
1545765660,3731.34,3735.98,3735.98,3732.0,11.6
1545765720,3730.76,3734.0,3734.0,3730.76,5.65
1545765780,3724.78,3730.04,3730.04,3725.17,6.78
1545765840,3724.78,3729.37,3724.78,3727.84,2.9
1545765900,3727.57,3730.69,3727.84,3728.88,2.9
1545765960,3728.69,3730.0,3728.93,3730.0,1.13
1545766020,3729.99,3730.0,3730.0,3730.0,2.76
1545766080,3729.99,3735.13,3730.0,3735.13,17.93
1545766140,3729.0,3735.93,3735.07,3729.01,3.04
1545766200,3728.86,3733.23,3729.1,3732.69,3.78
1545766260,3730.0,3734.14,3732.38,3731.81,1.52
1545766320,3732.26,3735.03,3732.97,3732.26,2.06
1545766380,3734.87,3738.44,3735.02,3738.11,2.83
1545766440,3738.6,3743.98,3738.74,3738.6,5.87
1545766500,3735.09,3740.29,3736.94,3738.18,2.9
1545766560,3736.91,3739.31,3738.18,3737.87,5.43
1545766620,3736.75,3738.86,3738.76,3738.86,1.17
1545766680,3738.86,3740.76,3738.86,3740.6,4.5
1545766740,3739.21,3740.6,3740.6,3739.56,3.47
1545766800,3738.01,3742.63,3738.76,3740.63,4.65
1545766860,3740.62,3743.0,3740.63,3742.57,4.05
1545766920,3742.31,3743.0,3742.57,3742.52,1.38
1545766980,3741.55,3742.5,3742.49,3742.5,3.47
1545767040,3742.5,3748.94,3742.5,3743.44,21.28
1545767100,3743.44,3746.98,3743.44,3744.95,9.0
1545767160,3736.67,3744.95,3744.95,3736.67,23.63
1545767220,3735.13,3736.7,3736.68,3736.67,0.983
1545767280,3735.14,3736.7,3736.68,3735.14,11.98
1545767340,3735.0,3736.69,3735.14,3735.02,4.34
1545767400,3735.0,3735.01,3735.0,3735.0,2.14
1545767460,3732.0,3734.87,3734.87,3732.0,0.979
1545767520,3732.0,3732.91,3732.0,3732.91,3.81
1545767580,3732.91,3740.0,3732.91,3740.0,6.03
1545767640,3740.0,3743.72,3740.0,3740.0,2.14
1545767700,3735.01,3740.0,3740.0,3736.48,4.27
1545767760,3735.42,3739.92,3736.48,3738.22,2.57
1545767820,3737.46,3741.99,3737.46,3741.62,1.71
1545767880,3739.0,3741.96,3740.1,3739.01,1.71
1545767940,3739.0,3745.06,3739.01,3743.46,6.81
1545768000,3743.45,3751.02,3743.45,3748.3,23.82
1545768060,3749.0,3757.69,3750.9,3757.69,90.85
1545768120,3757.51,3791.64,3757.51,3784.69,73.2
1545768180,3778.13,3784.78,3784.75,3778.14,8.49
1545768240,3770.07,3783.27,3778.13,3783.27,25.52
1545768300,3783.27,3786.34,3783.27,3786.28,7.73
1545768360,3783.0,3786.28,3786.28,3783.01,21.45
1545768420,3773.07,3783.01,3783.0,3777.0,9.0
1545768480,3777.0,3781.96,3777.0,3781.04,15.46
1545768540,3780.76,3787.0,3781.04,3787.0,26.89
1545768600,3775.5,3789.65,3786.99,3780.41,25.1
1545768660,3778.44,3781.24,3780.16,3781.24,6.03
1545768720,3775.5,3781.24,3781.24,3777.34,4.72
1545768780,3772.66,3778.54,3778.45,3774.13,10.38
1545768840,3774.99,3775.0,3775.0,3775.0,6.43
1545768900,3775.0,3781.15,3775.0,3780.99,2.29
1545768960,3777.99,3781.15,3780.99,3781.15,2.34
1545769020,3781.15,3782.37,3781.15,3782.37,1.13
1545794820,3835.02,3835.02,3835.02,3835.02,1.53
1545794880,3835.02,3837.59,3835.02,3837.59,9.55
1545794940,3837.59,3837.59,3837.59,3837.59,0.198
1545795000,3837.59,3840.0,3837.59,3840.0,24.39
1545795060,3840.0,3840.0,3840.0,3840.0,0.634
1545795120,3839.99,3840.19,3840.0,3840.19,5.55
1545795180,3840.23,3840.23,3840.23,3840.23,0.247
1545795240,3840.22,3840.23,3840.22,3840.23,9.44
1545795300,3840.24,3841.07,3840.24,3841.01,3.18
1545795360,3841.01,3841.03,3841.01,3841.01,0.364
1545795420,3841.01,3841.02,3841.02,3841.01,10.56
1545795480,3841.01,3841.02,3841.01,3841.01,1.22
1545795540,3841.01,3841.02,3841.01,3841.01,3.44
1545795600,3841.01,3841.11,3841.02,3841.11,4.62
1545795660,3841.1,3841.95,3841.11,3841.95,12.22
1545795720,3841.34,3842.0,3841.78,3841.82,15.72
1545795780,3841.9,3841.94,3841.91,3841.93,2.05
1545795840,3841.92,3842.94,3841.92,3842.82,5.31
1545795900,3842.8,3842.82,3842.81,3842.81,9.38
1545795960,3842.51,3842.81,3842.81,3842.52,5.92
1545796020,3842.51,3842.52,3842.52,3842.51,8.13
1545796080,3836.41,3842.52,3842.52,3839.57,13.01
1545796140,3836.06,3839.57,3839.57,3836.71,5.09
1545796200,3836.06,3837.0,3836.71,3836.71,1.95
1545796260,3836.08,3839.1,3836.71,3839.0,12.38
1545796320,3837.03,3839.0,3839.0,3837.06,2.32
1545796380,3837.2,3839.0,3837.97,3838.38,4.76
1545796440,3836.05,3838.66,3838.38,3836.42,6.45
1545796500,3836.87,3838.43,3836.87,3838.43,7.13
1545796560,3838.43,3838.44,3838.43,3838.44,15.53
1545796620,3838.43,3839.75,3838.43,3838.59,16.28
1545796680,3838.58,3840.0,3838.6,3838.58,12.35
1545796740,3836.17,3838.65,3838.64,3837.01,1.56
1545796800,3837.0,3837.01,3837.01,3837.0,4.84
1545796860,3829.22,3836.01,3836.0,3829.22,19.63
1545796920,3826.21,3829.24,3829.22,3826.21,20.12
1545796980,3822.98,3826.21,3826.21,3822.99,6.9
1545797040,3817.1,3822.99,3822.99,3817.1,16.9
1545797100,3817.11,3824.19,3817.11,3824.19,2.24
1545797160,3821.12,3824.19,3824.19,3824.19,4.16
1545797220,3819.39,3824.19,3824.19,3820.34,13.43
1545797280,3820.34,3823.4,3820.34,3820.34,6.08
1545797340,3819.19,3821.5,3821.5,3820.65,0.916
1545797400,3817.55,3821.0,3820.56,3817.55,1.05
1545797460,3817.1,3821.0,3820.72,3817.91,5.26
1545797520,3817.1,3818.58,3818.08,3817.11,1.41
1545797580,3817.1,3819.29,3817.11,3819.29,1.56
1545797640,3817.11,3819.29,3819.29,3818.85,4.76
1545797700,3817.12,3821.16,3818.85,3821.16,4.6
1545797760,3819.98,3821.16,3821.16,3821.16,1.26
1545797820,3820.05,3823.0,3821.16,3823.0,9.33
1545797880,3822.29,3824.19,3823.0,3824.19,1.48
1545797940,3824.18,3827.06,3824.19,3825.31,11.85
1545798000,3825.0,3826.84,3825.32,3826.79,0.958
1545798060,3825.0,3826.77,3826.77,3825.01,1.24
1545798120,3825.0,3828.75,3825.01,3827.11,2.53
1545798180,3825.0,3827.05,3827.05,3825.42,0.702
1545798240,3825.8,3828.1,3825.8,3828.1,1.12
1545798300,3825.09,3828.75,3828.1,3826.63,13.84
1545798360,3825.0,3827.72,3825.22,3827.72,0.711
1545798420,3826.02,3829.0,3827.79,3828.85,3.59
1545798480,3826.7,3830.0,3826.7,3830.0,1.89
1545798540,3829.23,3832.53,3829.99,3832.0,1.08
1545798600,3832.0,3838.81,3832.01,3837.22,12.13
1545798660,3832.77,3837.11,3836.54,3832.86,0.798
1545798720,3831.78,3836.0,3835.04,3835.31,9.48
1545798780,3834.49,3835.54,3835.51,3834.49,0.495
1545798840,3832.53,3835.2,3835.2,3832.78,2.13
1545798900,3832.78,3836.0,3832.78,3836.0,1.3
1545798960,3834.0,3836.04,3836.0,3834.01,0.518
1545799020,3829.79,3834.0,3834.0,3832.3,2.82
1545799080,3822.42,3832.28,3832.28,3827.02,10.34
1545799140,3825.0,3829.72,3829.71,3825.31,1.16
1545799200,3825.0,3826.2,3825.31,3825.01,0.467
1545799260,3825.0,3825.01,3825.01,3825.01,0.866
1545799320,3825.01,3825.18,3825.01,3825.04,2.74
1545799380,3825.03,3825.38,3825.04,3825.03,1.73
1545799440,3825.03,3825.05,3825.05,3825.04,0.524
1545799500,3825.03,3826.19,3825.03,3826.19,3.66
1545799560,3825.41,3827.49,3826.18,3826.2,1.91
1545799620,3825.4,3826.99,3825.4,3826.49,1.01
1545799680,3825.35,3826.2,3826.2,3825.36,0.415
1545799740,3825.89,3826.49,3825.89,3826.49,1.04
1545799800,3826.49,3827.55,3826.49,3827.55,4.18
1545799860,3827.56,3829.96,3827.56,3829.49,0.509
1545799920,3829.4,3829.49,3829.49,3829.4,0.753
1545799980,3829.35,3829.5,3829.41,3829.35,1.44
1545800040,3827.01,3829.36,3829.36,3827.01,8.47
1545800100,3824.12,3827.01,3827.01,3824.88,1.84
1545800160,3824.15,3824.87,3824.87,3824.16,1.28
1545800220,3824.15,3824.52,3824.16,3824.15,0.804
1545800280,3824.15,3824.16,3824.16,3824.15,1.03
1545800340,3824.0,3824.16,3824.15,3824.0,1.82
1545800400,3822.01,3824.01,3824.01,3822.01,3.93
1545800460,3820.0,3822.01,3822.01,3820.62,4.05
1545800520,3820.63,3821.89,3820.63,3821.88,3.89
1545800580,3821.43,3821.45,3821.45,3821.44,2.94
1545800640,3821.44,3824.16,3821.44,3824.16,8.38
1545800700,3824.15,3824.16,3824.16,3824.16,1.16
1545800760,3824.15,3824.16,3824.16,3824.16,1.54
1545800820,3824.16,3827.93,3824.16,3827.93,3.14
1545800880,3826.52,3827.9,3827.9,3826.53,1.73
1545800940,3824.73,3826.53,3826.53,3825.72,2.58
1545801000,3825.8,3826.53,3826.28,3826.51,1.18
1545801060,3825.23,3826.5,3826.5,3825.75,1.56
1545801120,3825.11,3825.75,3825.75,3825.74,0.415
1545801180,3825.03,3825.41,3825.35,3825.04,4.12
1545801240,3823.01,3825.03,3825.03,3823.01,6.95
1545801300,3818.08,3823.0,3823.0,3819.05,2.91
1545801360,3819.04,3819.05,3819.04,3819.05,2.11
1545801420,3819.04,3819.05,3819.05,3819.05,3.37
1545801480,3819.04,3819.05,3819.05,3819.05,1.21
1545801540,3819.04,3819.05,3819.05,3819.05,0.491
1545801600,3819.04,3820.0,3819.05,3820.0,6.03
1545801660,3820.0,3825.74,3820.0,3825.39,4.34
1545801720,3825.11,3829.34,3825.11,3828.65,12.1
1545801780,3828.65,3830.39,3828.65,3830.01,18.7
1545801840,3830.0,3830.01,3830.01,3830.01,1.72
1545801900,3830.0,3830.01,3830.01,3830.01,1.61
1545801960,3828.03,3830.01,3830.01,3830.0,1.55
1545802020,3830.0,3830.01,3830.01,3830.01,0.25
1545802080,3828.0,3830.01,3830.01,3829.83,0.744
1545802140,3827.0,3828.86,3828.86,3827.1,0.791
1545802200,3825.89,3827.62,3827.05,3827.62,2.12
1545802260,3825.65,3828.22,3827.62,3828.22,2.64
1545802320,3826.05,3827.71,3827.71,3827.31,1.66
1545802380,3826.12,3828.69,3826.79,3828.69,2.42
1545802440,3828.68,3831.1,3828.69,3831.1,5.83
1545802500,3831.09,3832.56,3831.1,3832.56,1.96
1545802560,3832.51,3832.51,3832.51,3832.51,1.28
1545802620,3830.0,3832.51,3832.5,3831.79,1.06
1545802680,3830.61,3832.56,3831.51,3832.56,1.79
1545802740,3832.55,3836.0,3832.55,3836.0,8.73
1545802800,3833.92,3836.01,3836.0,3834.88,3.89
1545802860,3830.0,3834.19,3834.18,3830.0,10.58
1545802920,3830.0,3830.59,3830.11,3830.23,9.41
1545802980,3830.31,3832.12,3831.96,3832.11,1.18
1545803040,3831.36,3832.53,3832.11,3831.73,1.38
1545803100,3830.46,3832.53,3831.98,3832.53,3.99
1545803160,3832.53,3836.3,3832.53,3836.15,1.3
1545803220,3834.11,3836.95,3836.11,3834.11,2.4
1545803280,3835.33,3837.45,3835.33,3835.94,13.92
1545803340,3832.52,3835.94,3835.93,3832.68,4.66
1545803400,3831.18,3833.35,3832.64,3833.35,1.09
1545803460,3830.0,3833.36,3833.35,3830.48,4.01
1545803520,3830.02,3830.87,3830.47,3830.31,0.838
1545803580,3830.31,3831.75,3830.31,3831.75,10.15
1545803640,3831.74,3832.74,3831.75,3832.74,0.852
1545803700,3831.74,3832.74,3832.73,3831.74,1.5
1545803760,3830.01,3832.74,3832.48,3830.68,2.46
1545803820,3831.79,3832.87,3831.79,3832.87,0.667
1545803880,3832.77,3832.87,3832.87,3832.85,1.61
1545803940,3830.73,3832.6,3831.6,3830.73,2.58
1545804000,3830.86,3832.49,3831.99,3832.1,1.12
1545804060,3832.51,3834.35,3832.51,3834.33,1.43
1545804120,3834.13,3835.26,3834.32,3835.26,8.08
1545804180,3833.74,3835.26,3835.25,3835.26,1.12
1545804240,3835.25,3835.26,3835.26,3835.25,0.72
1545804300,3835.25,3837.45,3835.26,3837.31,2.1
1545804360,3835.0,3837.29,3837.29,3835.28,8.53
1545804420,3835.0,3835.28,3835.28,3835.01,2.97
1545804480,3828.66,3835.01,3835.01,3831.71,9.3
1545804540,3830.0,3831.42,3830.49,3830.09,0.39
1545804600,3830.0,3831.51,3830.09,3830.0,1.44
1545804660,3827.0,3830.01,3830.01,3828.9,0.98
1545804720,3827.43,3828.9,3828.9,3828.7,3.26
1545804780,3827.32,3827.97,3827.97,3827.32,0.841
1545804840,3827.31,3827.6,3827.31,3827.48,0.373
1545804900,3827.25,3827.57,3827.27,3827.55,0.71
1545804960,3827.26,3827.57,3827.57,3827.26,0.432
1545805020,3827.26,3827.27,3827.27,3827.27,0.758
1545805080,3827.26,3827.27,3827.27,3827.27,0.796
1545805140,3827.27,3827.27,3827.27,3827.27,0.573
1545805200,3827.26,3827.6,3827.27,3827.6,5.73
1545805260,3827.59,3828.78,3827.6,3828.77,1.14
1545805320,3828.67,3828.83,3828.67,3828.68,0.461
1545805380,3828.68,3828.9,3828.68,3828.9,0.459
1545805440,3828.89,3828.9,3828.9,3828.9,0.688
1545805500,3828.89,3829.57,3828.89,3829.57,2.61
1545805560,3829.57,3831.02,3829.57,3831.02,0.505
1545805620,3831.05,3831.67,3831.05,3831.67,3.37
1545805680,3831.67,3831.67,3831.67,3831.67,0.649
1545805740,3831.67,3834.0,3831.67,3833.4,1.54
1545805800,3833.24,3834.93,3833.83,3834.93,3.76
1545805860,3830.05,3835.37,3834.93,3830.92,2.72
1545805920,3830.05,3832.33,3830.76,3830.06,0.649
1545805980,3829.99,3830.06,3830.06,3830.0,2.76
1545806040,3829.99,3830.0,3829.99,3829.99,0.95
1545806100,3829.99,3830.0,3830.0,3829.99,0.28
1545806160,3829.99,3830.0,3829.99,3830.0,0.735
1545806220,3828.26,3830.0,3830.0,3829.38,1.23
1545806280,3828.32,3829.4,3829.38,3829.34,1.91
1545806340,3827.6,3829.4,3829.4,3829.35,1.58
1545806400,3827.6,3829.05,3829.05,3827.83,2.21
1545806460,3827.0,3828.0,3827.78,3827.0,15.63
1545806520,3820.26,3826.01,3826.01,3820.26,7.09
1545806580,3817.4,3820.61,3820.27,3817.41,2.59
1545806640,3817.1,3817.41,3817.41,3817.1,1.52
1545806700,3817.1,3817.11,3817.11,3817.1,0.488
1545806760,3817.1,3817.12,3817.1,3817.12,1.62
1545806820,3817.12,3819.0,3817.12,3819.0,2.3
1545806880,3817.11,3819.0,3819.0,3817.11,9.1
1545806940,3817.1,3817.11,3817.11,3817.1,0.463
1545807000,3817.1,3817.28,3817.11,3817.28,0.784
1545807060,3817.1,3817.11,3817.11,3817.11,0.421
1545807120,3780.01,3817.11,3817.1,3789.96,198.25
1545807180,3784.95,3794.31,3789.87,3792.91,23.88
1545807240,3792.28,3795.0,3792.91,3792.81,10.47
1545807300,3792.81,3792.81,3792.81,3792.81,0.404
1545807360,3792.79,3792.81,3792.81,3792.81,1.06
1545807420,3792.8,3801.86,3792.8,3799.29,69.21
1545807480,3799.01,3804.91,3799.64,3801.49,17.83
1545807540,3800.01,3804.63,3800.01,3802.49,1.47
1545807600,3800.0,3801.68,3801.5,3800.0,8.95
1545807660,3789.64,3799.0,3799.0,3789.64,14.1
1545807720,3788.0,3791.42,3791.41,3788.0,5.47
1545807780,3787.23,3789.83,3787.24,3789.25,1.58
1545807840,3780.0,3789.24,3789.24,3780.01,10.48
1545807900,3777.84,3784.7,3780.0,3784.7,7.04
1545807960,3778.01,3785.98,3785.98,3778.01,8.02
1545808020,3773.42,3779.2,3778.01,3779.16,4.36
1545808080,3779.98,3784.98,3779.98,3784.98,6.02
1545808140,3781.4,3784.98,3784.98,3783.99,0.629
1545808200,3784.0,3784.98,3784.0,3784.98,2.91
1545808260,3784.98,3790.0,3784.98,3785.01,1.59
1545808320,3781.4,3785.0,3785.0,3781.41,8.61
1545808380,3774.94,3781.41,3781.41,3774.94,1.27
1545808440,3777.01,3784.69,3777.01,3780.0,2.01
1545808500,3780.65,3784.99,3781.83,3784.99,0.456
1545808560,3781.41,3783.04,3783.04,3781.41,2.61
1545808620,3781.4,3781.41,3781.41,3781.41,2.29
1545808680,3781.41,3781.63,3781.41,3781.63,2.93
1545808740,3781.63,3781.63,3781.63,3781.63,0.312
1545808800,3781.62,3781.63,3781.63,3781.63,0.466
1545808860,3783.4,3783.41,3783.4,3783.41,0.307
1545808920,3782.0,3783.41,3783.41,3782.93,0.708
1545808980,3782.0,3782.49,3782.0,3782.43,1.2
1545809040,3782.42,3782.43,3782.43,3782.43,0.442
1545809100,3781.99,3782.43,3782.43,3782.0,1.54
1545809160,3780.5,3781.99,3781.99,3780.5,3.15
1545809220,3777.01,3780.01,3780.01,3777.01,2.68
1545809280,3777.01,3777.01,3777.01,3777.01,0.114
1545809340,3773.92,3777.01,3777.01,3774.0,4.37
1545809400,3753.62,3773.78,3773.78,3759.91,97.74
1545809460,3759.91,3762.58,3762.58,3759.99,0.388
1545809520,3759.99,3766.45,3759.99,3766.45,21.7
1545809580,3761.0,3766.45,3766.45,3761.0,16.9
1545809640,3763.1,3765.56,3764.31,3765.56,0.608
1545809700,3760.43,3765.19,3764.21,3764.34,5.39
1545809760,3763.5,3764.34,3764.34,3764.33,1.57
1545809820,3764.33,3764.34,3764.34,3764.34,2.2
1545809880,3764.33,3764.34,3764.34,3764.34,3.02
1545809940,3764.34,3764.34,3764.34,3764.34,0.141
1545810000,3764.33,3766.45,3764.34,3766.44,3.34
1545810060,3766.44,3766.45,3766.45,3766.45,1.22
1545810120,3766.45,3770.0,3766.45,3770.0,38.78
1545810180,3771.44,3776.14,3771.95,3776.09,5.57
1545810240,3773.83,3783.41,3773.83,3783.41,24.16
1545810300,3784.25,3788.72,3784.25,3785.86,19.92
1545810360,3784.09,3788.4,3788.4,3785.72,2.14
1545810420,3785.71,3787.32,3785.72,3787.32,1.18
1545810480,3787.32,3787.37,3787.37,3787.37,0.784
1545810540,3782.01,3787.37,3787.37,3782.01,6.69
1545810600,3780.99,3784.35,3784.35,3782.01,2.46
1545810660,3781.0,3782.01,3781.85,3781.01,2.62
1545810720,3781.0,3781.74,3781.74,3781.01,0.811
1545810780,3775.53,3781.01,3781.01,3776.63,6.17
1545810840,3776.94,3778.3,3777.13,3777.8,0.77
1545810900,3775.21,3777.84,3776.57,3776.47,0.44
1545810960,3776.46,3776.5,3776.47,3776.5,0.744
1545811020,3776.5,3779.99,3776.5,3779.95,2.01
1545811080,3779.06,3779.99,3779.98,3779.99,0.588
1545811140,3779.99,3779.99,3779.99,3779.99,0.255
1545811200,3779.98,3779.99,3779.99,3779.99,2.83
1545811260,3779.99,3780.0,3779.99,3780.0,5.38
1545811320,3779.98,3779.99,3779.99,3779.99,0.549
1545811380,3773.01,3779.99,3779.99,3773.01,1.54
1545811440,3772.5,3774.82,3773.0,3774.82,0.716
1545811500,3770.0,3772.94,3772.5,3770.37,0.561
1545811560,3770.01,3772.56,3770.03,3771.85,0.922
1545811620,3771.37,3772.37,3771.88,3772.03,2.75
1545811680,3771.38,3772.03,3772.02,3771.39,0.993
1545811740,3767.03,3771.39,3771.39,3767.03,4.4
1545811800,3767.01,3769.07,3767.03,3769.07,1.77
1545811860,3768.11,3772.03,3768.11,3772.02,1.69
1545811920,3772.02,3772.03,3772.03,3772.03,0.387
1545811980,3768.49,3771.74,3771.74,3769.63,0.322
1545812040,3768.55,3771.07,3769.74,3769.09,0.349
1545812100,3769.1,3772.03,3769.1,3772.03,2.86
1545812160,3772.02,3772.03,3772.03,3772.03,0.577
1545812220,3770.07,3772.02,3772.02,3770.07,0.706
1545812280,3768.65,3770.56,3768.65,3770.5,0.497
1545812340,3770.5,3772.0,3770.5,3771.83,2.67
1545812400,3768.55,3770.93,3770.93,3769.12,9.37
1545812460,3766.0,3768.56,3768.56,3766.01,9.26
1545812520,3748.42,3766.01,3766.0,3750.05,65.76
1545812580,3750.37,3758.45,3750.37,3758.45,2.32
1545812640,3749.94,3759.63,3758.44,3749.94,16.78
1545812700,3748.41,3759.46,3749.64,3759.46,2.78
1545812760,3758.07,3759.9,3758.49,3758.41,0.36
1545812820,3753.41,3758.41,3758.41,3754.62,6.56
1545812880,3754.62,3757.0,3754.62,3757.0,0.701
1545812940,3755.0,3756.93,3755.01,3756.93,0.639
1545813000,3752.99,3757.0,3756.99,3752.99,1.61
1545813060,3744.7,3750.0,3750.0,3749.32,17.62
1545813120,3746.66,3753.21,3751.33,3750.66,0.69
1545813180,3751.67,3752.0,3751.67,3751.99,0.484
1545813240,3751.99,3754.81,3752.0,3754.81,8.52
1545813300,3754.08,3757.01,3755.07,3756.1,0.298
1545813360,3755.69,3756.47,3756.01,3756.28,0.402
1545813420,3750.84,3757.02,3757.01,3750.84,1.24
1545813480,3748.81,3751.5,3750.0,3750.59,5.4
1545813540,3745.84,3749.01,3749.01,3746.63,8.19
1545813600,3746.62,3746.63,3746.63,3746.63,2.32
1545813660,3745.49,3751.23,3751.23,3745.49,8.44
1545813720,3745.01,3748.42,3745.01,3748.42,0.00877
1545813780,3747.43,3748.41,3748.41,3747.43,1.88
1545813840,3747.43,3747.44,3747.43,3747.44,0.699
1545813900,3747.43,3747.44,3747.44,3747.44,0.154
1545813960,3742.0,3747.43,3747.43,3742.31,1.93
1545814020,3742.36,3744.69,3744.69,3742.52,0.567
1545814080,3738.43,3742.44,3742.31,3742.44,7.62
1545814140,3742.43,3742.51,3742.43,3742.5,3.09
1545814200,3742.5,3748.0,3742.5,3747.99,1.84
1545814260,3747.99,3751.0,3747.99,3751.0,8.02
1545814320,3749.66,3756.82,3749.66,3756.82,3.09
1545814380,3756.81,3766.32,3756.81,3766.31,14.57
1545814440,3760.96,3766.31,3766.31,3760.96,2.23
1545814500,3757.16,3760.96,3760.96,3757.16,1.7
1545814560,3753.55,3757.15,3757.15,3753.55,0.78
1545814620,3753.54,3753.55,3753.55,3753.55,0.716
1545814680,3753.54,3759.75,3753.55,3755.0,2.69
1545814740,3755.27,3755.91,3755.27,3755.91,0.486
1545814800,3756.01,3756.24,3756.01,3756.23,1.17
1545814860,3756.24,3760.95,3756.24,3760.95,0.653
1545814920,3758.06,3760.51,3759.81,3758.7,0.586
1545814980,3757.37,3760.01,3757.37,3760.01,0.153
1545815040,3760.01,3760.01,3760.01,3760.01,1.41
1545815100,3757.4,3760.01,3760.01,3757.51,2.7
1545815160,3757.43,3759.0,3759.0,3757.77,0.462
1545815220,3757.43,3757.51,3757.51,3757.44,0.944
1545815280,3757.38,3757.44,3757.44,3757.38,0.112
1545815340,3755.0,3757.38,3757.38,3755.01,7.99
1545815400,3753.01,3755.0,3755.0,3753.01,0.0549
1545815460,3756.59,3756.59,3756.59,3756.59,0.174
1545815520,3756.59,3764.68,3756.59,3764.68,1.42
1545815580,3764.67,3764.68,3764.68,3764.68,0.565
