1530536400,6333.3,6333.33,6333.33,6333.31,0.6859796200000001
1530536460,6333.3,6333.31,6333.3,6333.31,0.7817999999999999
1530536520,6333.3,6338.4,6333.3,6338.39,5.16336662
1530536580,6335.81,6346.24,6338.4,6346.24,9.351893440000001
1530536640,6346.24,6346.9,6346.24,6346.9,1.9089390199999996
1530536700,6337.99,6346.9,6346.9,6338.0,1.9971139399999998
1530536760,6337.99,6338.0,6338.0,6337.99,1.5318
1530536820,6337.99,6343.95,6337.99,6341.03,2.02077404
1530536880,6343.99,6344.0,6344.0,6344.0,1.2677467999999998
1530536940,6344.0,6369.0,6344.0,6360.0,58.595884150000025
1530537000,6350.0,6363.72,6356.34,6363.72,18.37863739999998
1530537060,6362.11,6363.72,6363.71,6362.11,9.23812815
1530537120,6348.0,6362.12,6362.12,6359.53,16.368859269999998
1530537180,6354.0,6361.94,6359.52,6358.42,7.57674455
1530537240,6355.9,6359.05,6359.05,6356.87,3.06993999
1530537300,6356.87,6366.14,6356.87,6366.14,13.189143559999996
1530537360,6366.14,6391.0,6366.14,6378.1,100.87166177000006
1530537420,6363.98,6382.0,6376.36,6379.43,55.17298068
1530537480,6365.66,6373.47,6371.61,6373.47,24.51409378000001
1530537540,6367.7,6376.24,6374.59,6367.7,15.191011449999998
1530537600,6367.71,6375.8,6367.71,6369.52,19.10527197
1530537660,6369.52,6379.15,6369.52,6379.15,5.999032660000002
1530537720,6376.1,6382.34,6382.14,6376.88,9.807403639999997
1530537780,6376.88,6383.65,6376.88,6383.65,6.977446710000001
1530537840,6383.0,6395.0,6383.65,6394.99,51.41580026999995
1530537900,6388.01,6396.25,6394.99,6396.25,23.12539044
1530537960,6394.39,6397.0,6394.4,6397.0,34.35958158999999
1530538020,6397.18,6468.0,6397.18,6455.01,246.18336363999984
1530538080,6460.8,6523.81,6460.8,6523.81,286.6316313
1530538140,6523.89,6600.0,6523.89,6597.43,189.0525841399998
1530538200,6597.43,6616.19,6597.43,6604.01,56.26118727000004
1530538260,6560.25,6603.03,6603.03,6567.62,102.16530388000004
1530538320,6557.45,6565.54,6565.01,6564.91,19.044752189999997
1530538380,6543.41,6564.91,6564.91,6550.0,28.46955282
1530538440,6540.53,6585.01,6550.0,6585.01,68.76150323000002
1530538500,6586.78,6596.68,6586.78,6596.68,24.19018417
1530538560,6586.98,6612.5,6596.68,6592.52,63.19407329000002
1530538620,6580.0,6595.41,6592.52,6589.97,59.13158875000003
1530538680,6571.5,6580.06,6580.05,6571.5,14.552292799999993
1530538740,6556.13,6572.53,6570.01,6569.2,42.84328957000002
1530538800,6569.2,6580.05,6569.21,6580.05,27.762002139999993
1530538860,6575.0,6580.05,6580.05,6576.11,47.19166518000001
1530538920,6578.15,6579.99,6578.16,6579.99,4.8225964800000005
1530538980,6579.98,6579.99,6579.98,6579.99,9.04039757
1530539040,6579.98,6594.47,6579.99,6588.2,26.04954282000001
1530539100,6588.13,6616.18,6588.13,6616.18,97.71571394999997
1530539160,6616.18,6646.97,6616.18,6646.27,104.85658043000002
1530539220,6644.02,6665.0,6644.02,6665.0,36.420430440000004
1530539280,6637.0,6662.26,6662.25,6637.01,42.63370433000003
1530539340,6615.0,6633.46,6632.98,6622.47,89.09372594000007
1530539400,6605.49,6620.22,6620.22,6605.49,21.447986440000008
1530539460,6605.49,6614.87,6605.49,6614.86,8.250809880000002
1530539520,6607.07,6617.71,6614.86,6608.0,58.63941539000001
1530539580,6607.99,6612.41,6608.0,6612.4,6.03697626
1530539640,6575.36,6608.0,6608.0,6575.37,39.737536989999995
1530539700,6582.46,6595.19,6586.51,6588.45,12.397752269999996
1530539760,6588.45,6599.88,6588.45,6598.17,19.009596280000004
1530539820,6592.39,6598.73,6598.17,6592.39,3.3207072199999996
1530539880,6592.39,6598.71,6592.39,6598.71,16.43519856
1530539940,6595.83,6600.0,6598.72,6595.83,8.94020233
1530540000,6595.83,6612.3,6595.84,6606.0,12.709403939999994
1530540060,6606.0,6606.01,6606.01,6606.0,3.55147523
1530540120,6600.0,6606.01,6606.0,6600.01,9.9366798
1530540180,6600.0,6600.02,6600.01,6600.01,6.4625420799999995
1530540240,6600.01,6606.01,6600.01,6606.01,6.37272071
1530540300,6606.0,6612.52,6606.01,6611.73,13.880871579999997
1530540360,6611.72,6616.11,6611.72,6616.11,9.233346229999997
1530540420,6616.17,6635.0,6616.17,6634.35,19.0076222
1530540480,6602.48,6634.34,6634.34,6617.56,42.95797354000001
1530540540,6611.01,6617.01,6617.01,6611.01,12.396058369999999
1530540600,6611.01,6612.71,6611.02,6612.7,7.54317122
1530540660,6612.71,6618.2,6612.71,6617.19,8.892764099999997
1530540720,6617.2,6620.0,6617.2,6618.2,22.632837279999997
1530540780,6605.01,6618.19,6618.19,6605.01,7.12613314
