1544495400,3379.12,3381.02,3381.02,3379.63,3.81
1544495460,3379.62,3379.63,3379.63,3379.62,1.64
1544495520,3376.54,3379.62,3379.62,3376.98,3.54
1544495580,3376.97,3378.9,3376.98,3378.11,7.87
1544495640,3376.95,3378.12,3378.12,3376.96,1.16
1544495700,3376.0,3378.12,3376.96,3378.12,5.92
1544495760,3378.11,3380.0,3378.12,3380.0,4.13
1544495820,3380.0,3385.0,3380.0,3385.0,48.74
1544495880,3385.0,3386.14,3385.0,3386.13,44.72
1544495940,3383.85,3386.14,3386.14,3384.75,2.48
1544496000,3386.37,3387.73,3386.37,3387.53,1.12
1544496060,3387.01,3388.0,3387.53,3388.0,10.77
1544496120,3387.99,3389.0,3387.99,3389.0,2.14
1544496180,3388.99,3389.0,3389.0,3389.0,6.42
1544496240,3388.99,3389.0,3389.0,3389.0,10.33
1544496300,3388.99,3389.0,3389.0,3389.0,8.72
1544496360,3388.91,3389.0,3389.0,3389.0,1.24
1544496420,3388.9,3388.91,3388.91,3388.91,0.766
1544496480,3385.99,3388.91,3388.91,3386.0,10.82
1544496540,3385.99,3386.0,3385.99,3386.0,2.07
1544496600,3385.99,3386.0,3386.0,3385.99,2.47
1544496660,3385.99,3387.88,3385.99,3387.87,4.81
1544496720,3386.35,3387.88,3387.88,3387.69,3.16
1544496780,3386.85,3387.95,3387.59,3387.85,0.56
1544496840,3386.4,3387.85,3387.85,3387.35,2.17
1544496900,3386.53,3387.34,3387.34,3386.54,3.46
1544496960,3381.89,3386.54,3386.54,3382.65,0.796
1544497020,3382.67,3384.52,3382.67,3383.23,1.21
1544497080,3383.13,3384.57,3383.14,3383.54,1.22
1544497140,3384.5,3384.99,3384.61,3384.99,1.99
1544497200,3382.79,3384.99,3384.98,3382.79,5.83
1544497260,3380.13,3382.54,3382.54,3380.19,5.75
1544497320,3380.0,3380.73,3380.2,3380.01,4.18
1544497380,3380.0,3381.53,3380.01,3380.0,9.92
1544497440,3380.01,3382.75,3380.01,3382.38,2.28
1544497500,3382.4,3384.7,3382.4,3383.72,4.47
1544497560,3382.0,3383.72,3383.72,3382.01,2.81
1544497620,3382.0,3382.01,3382.01,3382.0,2.03
1544497680,3381.93,3383.28,3382.01,3381.94,1.36
1544497740,3381.21,3381.94,3381.94,3381.58,1.78
1544497800,3380.0,3381.85,3381.58,3381.35,1.87
1544497860,3381.34,3383.68,3381.35,3383.67,8.07
1544497920,3382.35,3383.72,3382.35,3383.71,1.42
1544497980,3383.71,3383.72,3383.72,3383.71,1.07
1544498040,3383.71,3383.72,3383.72,3383.72,1.34
1544498100,3383.71,3383.72,3383.72,3383.72,1.18
1544498160,3383.71,3383.72,3383.72,3383.72,1.45
1544498220,3383.71,3383.72,3383.72,3383.72,1.08
1544498280,3381.72,3383.72,3383.72,3381.72,1.73
1544498340,3378.03,3381.72,3381.72,3378.03,2.33
1544498400,3378.02,3379.3,3378.03,3378.03,2.71
1544498460,3378.0,3381.98,3378.03,3378.01,4.07
1544498520,3378.54,3381.18,3378.54,3380.97,9.75
1544498580,3380.96,3381.68,3380.98,3380.97,7.17
1544498640,3380.97,3382.42,3380.97,3381.71,3.99
1544498700,3381.7,3381.71,3381.71,3381.71,2.0
1544498760,3380.0,3381.71,3381.71,3380.01,10.51
1544498820,3379.03,3380.27,3380.01,3380.25,1.43
1544498880,3380.24,3383.06,3380.24,3383.05,5.41
1544498940,3383.05,3383.72,3383.05,3383.72,8.67
1544499000,3383.34,3383.72,3383.71,3383.71,10.36
1544499060,3383.7,3383.71,3383.71,3383.71,1.29
1544499120,3383.04,3383.72,3383.71,3383.71,4.49
1544499180,3383.71,3383.72,3383.72,3383.72,1.03
1544499240,3383.71,3383.72,3383.72,3383.72,3.05
1544499300,3383.71,3387.94,3383.72,3387.94,53.08
1544499360,3386.01,3387.94,3387.93,3386.16,6.52
1544499420,3386.15,3387.0,3386.16,3386.97,1.79
1544499480,3386.66,3387.0,3386.97,3386.99,1.6
1544499540,3387.0,3387.94,3387.0,3387.87,1.54
1544499600,3387.8,3387.87,3387.87,3387.81,2.23
1544499660,3387.8,3387.94,3387.8,3387.94,2.47
1544499720,3385.66,3387.94,3387.94,3385.67,5.28
1544499780,3385.1,3385.85,3385.67,3385.84,1.9
1544499840,3385.84,3385.85,3385.84,3385.85,1.21
1544499900,3385.84,3385.99,3385.85,3385.85,4.76
1544499960,3384.98,3386.0,3385.85,3386.0,5.99
1544500020,3385.65,3386.27,3386.0,3386.27,2.69
1544500080,3386.27,3387.72,3386.27,3386.92,1.15
1544500140,3386.92,3387.93,3386.92,3387.26,11.48
1544500200,3386.76,3387.25,3387.25,3386.76,3.89
1544500260,3384.73,3386.77,3386.77,3384.74,6.05
1544500320,3382.58,3384.74,3384.74,3383.05,5.44
1544500380,3384.32,3384.33,3384.33,3384.33,2.47
1544500440,3380.55,3384.33,3384.32,3380.55,4.05
1544500500,3380.55,3383.48,3380.56,3382.33,5.14
1544500560,3380.74,3382.44,3382.33,3382.44,1.61
1544500620,3381.63,3382.78,3382.44,3382.47,2.9
1544500680,3380.85,3384.76,3382.7,3383.26,4.33
1544500740,3383.44,3384.68,3383.44,3384.63,1.82
1544500800,3383.84,3384.99,3384.63,3384.91,1.95
1544500860,3383.59,3384.86,3384.86,3384.29,6.01
1544500920,3384.28,3385.0,3384.29,3384.32,4.93
1544500980,3384.29,3387.87,3384.32,3387.87,52.99
1544501040,3387.94,3402.86,3387.94,3401.88,104.63
1544501100,3402.94,3410.0,3402.94,3406.58,49.79
1544501160,3399.85,3406.58,3406.58,3400.13,15.05
1544501220,3400.12,3401.5,3400.13,3400.73,1.19
1544501280,3400.74,3402.84,3400.74,3402.5,3.0
1544501340,3402.49,3404.23,3402.5,3403.66,1.49
1544501400,3403.66,3404.24,3403.66,3404.24,3.03
1544501460,3400.75,3404.23,3404.23,3400.88,18.56
1544501520,3400.77,3400.88,3400.88,3400.87,1.24
1544501580,3395.76,3400.87,3400.87,3395.76,4.37
1544501640,3393.31,3396.47,3395.71,3394.51,2.43
1544501700,3394.52,3398.45,3394.52,3398.0,1.22
1544501760,3398.12,3398.13,3398.13,3398.13,1.89
1544501820,3395.0,3398.13,3398.13,3395.01,1.88
1544501880,3395.0,3398.18,3395.0,3398.17,9.78
1544501940,3398.17,3402.49,3398.17,3402.49,8.96
1544502000,3400.01,3402.98,3402.5,3400.01,2.31
1544502060,3396.5,3400.01,3400.01,3396.5,12.56
1544502120,3395.02,3396.51,3396.51,3395.1,1.5
1544502180,3395.1,3398.17,3395.51,3398.17,1.56
1544502240,3398.16,3403.51,3398.16,3403.5,5.9
1544502300,3397.87,3403.51,3403.51,3397.87,36.73
1544502360,3397.87,3400.13,3397.87,3399.63,3.37
1544502420,3399.63,3400.4,3399.64,3400.12,1.84
1544502480,3400.33,3400.39,3400.34,3400.34,3.26
1544502540,3400.33,3400.34,3400.34,3400.34,0.412
1544502600,3400.0,3400.34,3400.34,3400.01,4.02
1544502660,3400.0,3400.01,3400.01,3400.01,0.787
1544502720,3400.0,3403.43,3400.0,3402.19,4.59
1544502780,3402.79,3403.04,3403.04,3402.99,1.14
1544502840,3402.99,3403.04,3402.99,3403.04,6.66
1544502900,3403.03,3403.04,3403.04,3403.04,4.06
1544502960,3403.03,3403.04,3403.03,3403.03,3.47
1544503020,3403.03,3403.05,3403.03,3403.05,1.76
1544503080,3403.04,3404.23,3403.05,3404.23,1.62
1544503140,3404.22,3404.23,3404.22,3404.23,1.4
1544503200,3404.22,3407.0,3404.23,3407.0,30.89
1544503260,3406.99,3419.0,3407.0,3419.0,71.64
1544503320,3411.01,3419.0,3419.0,3411.01,30.19
1544503380,3406.01,3411.0,3411.0,3406.01,1.24
1544503440,3404.66,3406.01,3406.01,3404.67,3.0
1544503500,3404.66,3404.67,3404.67,3404.67,3.71
1544503560,3396.0,3404.66,3404.66,3396.01,23.23
1544503620,3394.76,3396.01,3396.01,3396.0,8.02
1544503680,3396.0,3396.01,3396.0,3396.01,6.71
1544503740,3396.0,3398.78,3396.0,3398.78,3.7
1544503800,3393.78,3398.77,3398.77,3393.78,1.38
1544503860,3393.68,3395.69,3393.79,3393.69,2.07
1544503920,3395.54,3395.55,3395.54,3395.55,4.29
1544503980,3395.55,3397.18,3395.55,3396.87,0.773
1544504040,3395.54,3396.9,3396.85,3395.88,1.8
1544504100,3395.55,3395.88,3395.88,3395.77,1.27
1544504160,3395.77,3397.14,3395.77,3396.22,0.881
1544504220,3393.0,3396.21,3396.21,3393.01,14.87
1544504280,3390.26,3393.01,3393.01,3391.31,2.68
1544504340,3390.44,3391.3,3391.3,3390.44,1.49
1544504400,3390.44,3393.97,3390.45,3393.97,5.07
1544504460,3393.69,3393.97,3393.97,3393.7,1.28
1544504520,3393.69,3397.24,3393.7,3397.24,9.34
1544504580,3397.23,3400.11,3397.24,3400.11,2.78
1544504640,3397.82,3400.11,3400.1,3399.48,2.91
1544504700,3398.3,3399.49,3399.49,3398.31,1.23
1544504760,3398.3,3400.17,3398.31,3400.1,4.52
1544504820,3400.1,3400.17,3400.11,3400.17,23.04
1544504880,3400.17,3403.31,3400.17,3403.31,4.15
1544504940,3400.23,3403.31,3403.31,3400.23,13.17
1544505000,3400.22,3404.0,3400.23,3404.0,3.01
1544505060,3398.83,3404.0,3403.99,3399.91,16.63
1544505120,3398.82,3399.9,3399.85,3398.83,7.21
1544505180,3398.82,3399.76,3398.83,3398.83,3.43
1544505240,3398.82,3402.74,3398.83,3402.33,0.882
1544505300,3401.21,3403.91,3402.05,3401.22,8.71
1544505360,3397.29,3401.21,3401.21,3399.58,43.52
1544505420,3399.35,3401.0,3399.57,3400.99,1.68
1544505480,3400.99,3401.0,3400.99,3401.0,1.19
1544505540,3400.99,3403.0,3401.0,3403.0,3.52
1544505600,3403.0,3403.92,3403.0,3403.92,3.87
1544505660,3400.51,3403.92,3403.92,3400.51,1.53
1544505720,3397.72,3400.51,3400.51,3397.72,1.17
1544505780,3396.89,3397.71,3397.71,3397.25,2.68
1544505840,3397.24,3397.25,3397.25,3397.24,1.29
1544505900,3396.58,3399.32,3397.25,3399.31,2.3
1544505960,3399.31,3402.11,3399.32,3402.11,0.911
1544506020,3402.11,3403.83,3402.11,3403.83,4.57
1544506080,3402.92,3403.83,3403.83,3403.74,5.91
1544506140,3403.74,3406.5,3403.74,3406.17,6.62
1544506200,3402.9,3406.17,3406.17,3404.37,1.27
1544506260,3402.7,3404.7,3402.92,3403.68,3.8
1544506320,3401.86,3405.28,3403.68,3403.56,1.35
1544506380,3403.76,3403.76,3403.76,3403.76,2.94
1544506440,3405.07,3409.66,3405.07,3409.24,1.62
1544506500,3407.98,3409.95,3409.24,3407.99,6.28
1544506560,3407.98,3410.0,3407.99,3407.98,10.47
1544506620,3405.87,3408.55,3405.87,3408.55,0.494
1544506680,3405.53,3408.55,3408.55,3405.53,1.9
1544506740,3404.29,3408.38,3405.53,3408.38,3.66
1544506800,3408.37,3410.0,3408.38,3410.0,2.94
1544506860,3409.99,3412.05,3410.0,3412.04,54.22
1544506920,3412.04,3416.01,3412.05,3416.01,19.56
1544506980,3416.01,3417.0,3416.01,3417.0,1.77
1544507040,3411.55,3417.0,3417.0,3411.56,27.1
1544507100,3411.56,3415.21,3411.56,3415.02,1.31
1544507160,3412.54,3415.02,3415.01,3412.8,20.33
1544507220,3409.53,3413.03,3412.8,3409.67,9.29
1544507280,3409.66,3412.79,3409.67,3412.78,8.97
1544507340,3411.0,3413.2,3412.79,3412.48,1.34
1544507400,3410.32,3412.41,3412.41,3410.87,2.12
1544507460,3410.02,3412.36,3412.36,3410.02,3.51
1544507520,3410.02,3410.03,3410.03,3410.02,2.52
1544507580,3410.0,3410.03,3410.03,3410.01,0.634
1544507640,3410.0,3410.01,3410.0,3410.01,0.46
1544507700,3405.01,3410.01,3410.01,3405.01,6.15
1544507760,3405.0,3407.27,3405.0,3407.27,1.82
1544507820,3405.7,3409.42,3407.27,3409.42,5.27
1544507880,3410.03,3411.49,3410.03,3410.96,1.0
1544507940,3411.45,3413.34,3411.45,3413.34,0.872
1544508000,3412.11,3413.97,3413.97,3413.97,2.67
1544508060,3413.84,3416.98,3413.84,3416.98,2.3
1544508120,3413.84,3419.25,3417.0,3419.25,12.37
1544508180,3415.0,3419.8,3419.45,3415.01,11.24
1544508240,3415.0,3416.61,3415.01,3415.96,5.98
1544508300,3415.96,3420.52,3415.96,3420.52,36.64
1544508360,3420.51,3420.52,3420.52,3420.52,4.83
1544508420,3420.5,3420.52,3420.52,3420.51,2.21
1544508480,3420.5,3420.51,3420.51,3420.5,1.24
1544508540,3417.64,3423.0,3420.51,3423.0,26.74
1544508600,3421.71,3424.49,3423.01,3421.72,14.24
1544508660,3421.72,3424.92,3421.72,3424.92,0.969
1544508720,3422.68,3424.85,3424.85,3423.45,16.13
1544508780,3419.43,3423.44,3423.44,3419.43,9.88
1544508840,3419.96,3420.01,3419.96,3420.01,1.91
1544508900,3420.0,3420.01,3420.0,3420.01,8.47
1544508960,3417.22,3420.01,3420.01,3417.22,9.81
1544509020,3415.01,3417.22,3417.22,3415.01,2.82
1544509080,3413.01,3415.0,3415.0,3413.97,3.92
1544509140,3413.97,3413.97,3413.97,3413.97,0.862
1544509200,3413.96,3413.97,3413.97,3413.97,2.65
1544509260,3413.96,3413.97,3413.97,3413.97,1.66
1544509320,3412.39,3413.98,3413.97,3412.39,12.8
1544509380,3410.02,3412.4,3412.4,3410.02,4.27
