1540730280,6402.22,6402.29,6402.23,6402.28,1.05
1540730340,6402.28,6402.29,6402.28,6402.29,2.18
1540730400,6402.0,6402.39,6402.29,6402.01,1.09
1540730460,6402.0,6402.01,6402.01,6402.01,0.17
1540730520,6402.0,6402.15,6402.0,6402.15,2.78
1540730580,6402.14,6402.15,6402.15,6402.14,0.352
1540730640,6402.14,6402.15,6402.14,6402.15,0.786
1540730700,6402.14,6402.15,6402.14,6402.14,0.717
1540730760,6402.14,6402.27,6402.15,6402.27,1.17
1540730820,6402.26,6402.27,6402.26,6402.27,0.989
1540730880,6402.03,6402.27,6402.26,6402.03,1.51
1540730940,6402.0,6402.03,6402.03,6402.01,1.48
1540731000,6402.01,6402.39,6402.01,6402.38,0.616
1540731060,6402.08,6402.09,6402.08,6402.09,1.49
1540731120,6402.08,6402.09,6402.09,6402.09,0.181
1540731180,6402.08,6402.09,6402.09,6402.08,0.562
1540731240,6402.08,6402.09,6402.09,6402.09,0.338
1540731300,6402.09,6402.31,6402.09,6402.31,0.359
1540731360,6402.0,6402.31,6402.31,6402.01,0.454
1540731420,6402.0,6402.01,6402.0,6402.01,0.477
1540731480,6401.98,6402.01,6402.01,6401.99,0.689
1540731540,6401.98,6401.99,6401.99,6401.98,0.182
1540731600,6401.98,6401.99,6401.99,6401.99,0.24
1540731660,6401.98,6401.99,6401.99,6401.98,0.0719
1540731720,6401.98,6401.99,6401.99,6401.98,0.283
1540731780,6401.98,6401.99,6401.98,6401.99,0.493
1540731840,6401.98,6401.99,6401.98,6401.98,1.17
1540731900,6401.99,6402.01,6401.99,6402.01,0.44
1540731960,6402.0,6402.01,6402.0,6402.01,0.497
1540732020,6402.3,6402.31,6402.31,6402.3,0.467
1540732080,6402.3,6402.4,6402.3,6402.39,0.556
1540732140,6402.39,6402.4,6402.4,6402.4,0.705
1540732200,6402.39,6402.4,6402.4,6402.39,0.44
1540732260,6402.39,6402.4,6402.4,6402.4,0.282
1540732320,6402.39,6402.5,6402.4,6402.5,0.955
1540732380,6402.49,6402.56,6402.5,6402.56,0.264
1540732440,6402.55,6402.92,6402.56,6402.92,0.187
1540732500,6403.34,6403.35,6403.35,6403.35,0.96
1540732560,6403.34,6403.9,6403.34,6403.9,0.982
1540732620,6403.89,6403.9,6403.9,6403.9,0.24
1540732680,6403.89,6403.9,6403.9,6403.9,1.21
1540732740,6403.89,6403.9,6403.9,6403.9,0.182
1540732800,6403.89,6403.9,6403.89,6403.9,0.763
1540732860,6403.89,6403.9,6403.9,6403.9,0.715
1540732920,6403.89,6403.9,6403.89,6403.89,1.39
1540732980,6403.89,6403.9,6403.9,6403.9,2.55
1540733040,6403.89,6403.9,6403.9,6403.9,0.492
1540733100,6403.89,6404.85,6403.9,6404.85,0.905
1540733160,6404.84,6404.85,6404.85,6404.85,0.296
1540733220,6404.84,6404.85,6404.85,6404.84,0.488
1540733280,6404.84,6404.85,6404.85,6404.85,0.514
1540733340,6404.84,6404.85,6404.85,6404.85,0.277
1540733400,6404.84,6404.85,6404.85,6404.85,0.831
1540733460,6404.85,6406.25,6404.85,6406.25,3.33
1540733520,6406.24,6406.25,6406.25,6406.25,1.01
1540733580,6406.24,6406.25,6406.25,6406.25,0.616
1540733640,6406.24,6406.25,6406.25,6406.24,1.16
1540733700,6406.24,6406.25,6406.24,6406.24,0.262
1540733760,6406.24,6406.25,6406.24,6406.25,0.337
1540733820,6406.24,6406.25,6406.25,6406.25,0.323
1540733880,6406.24,6406.25,6406.24,6406.25,0.213
1540733940,6406.24,6406.25,6406.25,6406.25,0.504
1540734000,6406.24,6406.25,6406.24,6406.25,0.137
1540734060,6406.24,6406.25,6406.25,6406.25,0.254
1540734120,6406.24,6406.25,6406.25,6406.24,0.225
1540734180,6406.25,6408.6,6406.25,6408.6,8.49
1540734240,6408.59,6408.6,6408.6,6408.6,1.11
1540734300,6407.72,6408.59,6408.59,6407.73,11.23
1540734360,6407.72,6407.73,6407.72,6407.72,0.199
1540734420,6407.72,6407.73,6407.73,6407.73,0.578
1540734480,6407.72,6407.73,6407.73,6407.73,0.448
1540734540,6407.72,6407.73,6407.73,6407.72,0.276
1540734600,6407.72,6407.73,6407.73,6407.72,4.43
1540734660,6407.72,6407.73,6407.73,6407.73,0.602
1540734720,6407.72,6407.73,6407.73,6407.73,1.04
1540734780,6407.72,6407.73,6407.73,6407.73,0.775
1540734840,6407.72,6407.73,6407.73,6407.72,0.98
1540734900,6407.72,6407.73,6407.72,6407.73,0.158
1540734960,6407.72,6407.73,6407.72,6407.72,0.56
1540735020,6407.72,6407.73,6407.73,6407.72,0.128
1540735080,6407.72,6407.73,6407.73,6407.73,4.51
1540735140,6407.72,6407.73,6407.73,6407.73,2.0
1540735200,6407.72,6407.73,6407.73,6407.73,0.867
1540735260,6407.72,6407.73,6407.73,6407.72,0.218
1540735320,6407.72,6407.73,6407.72,6407.73,0.463
1540735380,6407.72,6407.73,6407.73,6407.73,0.196
1540735440,6407.72,6407.73,6407.72,6407.72,0.349
1540735500,6407.72,6407.73,6407.73,6407.73,3.02
1540735560,6407.72,6407.73,6407.73,6407.73,0.422
1540735620,6407.72,6407.73,6407.73,6407.72,0.342
1540735680,6407.72,6407.73,6407.73,6407.73,0.551
1540735740,6407.72,6407.73,6407.73,6407.72,0.299
1540735800,6407.72,6407.73,6407.73,6407.73,0.567
1540735860,6407.72,6407.73,6407.73,6407.72,1.18
1540735920,6407.72,6407.73,6407.72,6407.73,0.134
1540735980,6407.72,6407.73,6407.72,6407.73,1.26
1540736040,6407.72,6407.73,6407.73,6407.73,0.543
1540736100,6407.72,6407.73,6407.73,6407.73,0.597
1540736160,6407.72,6407.73,6407.72,6407.72,4.76
1540736220,6407.72,6407.73,6407.73,6407.72,0.364
1540736280,6407.72,6407.73,6407.73,6407.73,4.15
1540736340,6407.72,6407.73,6407.73,6407.73,0.808
1540736400,6407.72,6407.73,6407.73,6407.73,0.362
1540736460,6407.72,6407.73,6407.73,6407.73,1.65
1540736520,6407.72,6407.73,6407.72,6407.72,0.343
1540736580,6407.72,6407.73,6407.72,6407.73,0.842
1540736640,6407.72,6407.73,6407.73,6407.72,5.17
1540736700,6407.72,6407.73,6407.72,6407.73,0.522
1540736760,6407.72,6407.73,6407.73,6407.73,0.589
1540736820,6407.72,6407.73,6407.73,6407.72,5.15
1540736880,6406.61,6407.73,6407.73,6406.63,0.972
1540736940,6401.98,6406.63,6406.63,6402.74,9.34
1540737000,6402.74,6402.75,6402.74,6402.74,1.04
1540737060,6402.74,6402.75,6402.74,6402.75,0.499
1540737120,6402.74,6402.75,6402.75,6402.75,0.818
1540737180,6402.74,6402.75,6402.75,6402.75,2.02
1540737240,6402.74,6404.15,6402.75,6404.15,0.486
1540737300,6404.15,6404.55,6404.15,6404.55,0.58
1540737360,6404.54,6404.55,6404.55,6404.55,1.07
1540737420,6404.54,6404.55,6404.55,6404.55,1.21
1540737480,6404.54,6404.55,6404.55,6404.54,0.726
1540737540,6404.54,6404.55,6404.55,6404.54,0.716
1540737600,6404.54,6404.55,6404.55,6404.55,0.352
1540737660,6404.54,6404.55,6404.54,6404.55,1.55
1540737720,6404.54,6404.55,6404.55,6404.55,0.161
1540737780,6404.54,6404.55,6404.55,6404.55,1.75
1540737840,6404.54,6404.55,6404.55,6404.54,1.38
1540737900,6404.54,6404.55,6404.55,6404.55,0.734
1540737960,6404.54,6404.55,6404.55,6404.55,4.12
1540738020,6404.54,6404.55,6404.55,6404.55,0.402
1540738080,6404.54,6404.55,6404.55,6404.55,0.917
1540738140,6404.54,6404.55,6404.55,6404.54,0.786
1540738200,6404.54,6404.55,6404.55,6404.55,0.802
1540738260,6404.54,6404.55,6404.55,6404.54,0.257
1540738320,6404.54,6404.55,6404.55,6404.54,0.785
1540738380,6404.54,6404.55,6404.55,6404.54,0.71
1540738440,6404.54,6404.55,6404.55,6404.54,0.647
1540738500,6404.54,6404.55,6404.55,6404.55,3.84
1540738560,6404.54,6404.55,6404.54,6404.54,0.241
1540738620,6404.54,6404.55,6404.55,6404.54,0.497
1540738680,6404.54,6404.55,6404.55,6404.55,1.0
1540738740,6404.54,6404.55,6404.55,6404.55,1.58
1540738800,6404.54,6404.55,6404.55,6404.54,0.986
1540738860,6404.54,6404.55,6404.55,6404.55,0.473
1540738920,6404.54,6404.55,6404.54,6404.55,1.22
1540738980,6404.54,6404.55,6404.55,6404.54,0.93
1540739040,6404.51,6404.55,6404.55,6404.55,1.24
1540739100,6404.54,6404.55,6404.55,6404.55,2.03
1540739160,6404.54,6404.55,6404.55,6404.54,1.7
1540739220,6404.54,6404.55,6404.55,6404.55,0.429
1540739280,6404.54,6404.55,6404.54,6404.55,0.513
1540739340,6404.54,6404.55,6404.55,6404.55,0.916
1540739400,6404.54,6404.55,6404.54,6404.54,0.966
1540739460,6404.54,6404.55,6404.54,6404.55,1.83
1540739520,6404.54,6404.55,6404.55,6404.55,0.2
1540739580,6404.54,6404.55,6404.55,6404.55,1.56
1540739640,6404.54,6404.55,6404.55,6404.55,0.908
1540739700,6404.54,6404.55,6404.55,6404.55,7.18
1540739760,6404.0,6404.55,6404.55,6404.01,1.42
1540739820,6404.0,6404.01,6404.0,6404.01,0.712
1540739880,6404.01,6404.02,6404.01,6404.02,0.592
1540739940,6404.01,6404.03,6404.01,6404.03,0.402
1540740000,6404.0,6404.56,6404.02,6404.0,1.12
1540740060,6404.0,6404.56,6404.01,6404.54,2.41
1540740120,6404.55,6404.56,6404.56,6404.56,0.542
1540740180,6404.55,6404.56,6404.56,6404.55,2.34
1540740240,6404.55,6404.56,6404.56,6404.56,0.435
1540740300,6404.55,6404.56,6404.56,6404.56,0.491
1540740360,6404.55,6404.56,6404.56,6404.56,0.393
1540740420,6403.68,6404.56,6404.56,6403.68,2.96
1540740480,6403.67,6403.93,6403.68,6403.68,0.747
1540740540,6403.67,6404.45,6403.68,6403.74,1.2
1540740600,6403.67,6403.68,6403.68,6403.68,1.44
1540740660,6403.67,6403.69,6403.68,6403.69,0.82
1540740720,6403.69,6403.7,6403.7,6403.7,0.842
1540740780,6404.48,6404.49,6404.49,6404.49,1.41
1540740840,6404.48,6404.49,6404.49,6404.49,1.0
1540740900,6404.48,6404.49,6404.49,6404.49,1.06
1540740960,6404.48,6404.49,6404.49,6404.49,2.36
1540741020,6404.48,6404.49,6404.49,6404.48,0.949
1540741080,6404.48,6404.49,6404.48,6404.49,1.11
1540741140,6404.48,6404.49,6404.49,6404.49,1.61
1540741200,6404.48,6404.49,6404.48,6404.49,1.14
1540741260,6404.48,6404.49,6404.49,6404.49,3.48
1540741320,6404.48,6404.49,6404.49,6404.49,0.262
1540741380,6404.48,6404.49,6404.49,6404.49,0.397
1540741440,6404.49,6404.5,6404.49,6404.5,0.882
1540741500,6404.49,6404.5,6404.5,6404.5,1.66
1540741560,6404.49,6404.5,6404.5,6404.5,1.01
1540741620,6404.49,6404.6,6404.49,6404.55,4.42
1540741680,6404.48,6404.55,6404.54,6404.48,0.46
1540741740,6404.48,6404.49,6404.49,6404.49,0.512
1540741800,6404.31,6404.7,6404.49,6404.7,2.44
1540741860,6404.69,6404.7,6404.7,6404.7,2.25
1540741920,6404.69,6404.7,6404.7,6404.7,0.412
1540741980,6404.69,6404.7,6404.7,6404.7,0.327
1540742040,6404.68,6404.7,6404.69,6404.69,1.2
1540742100,6404.3,6404.69,6404.68,6404.31,1.76
1540742160,6402.59,6404.31,6404.31,6402.6,0.782
1540742220,6402.38,6402.6,6402.6,6402.39,1.21
1540742280,6402.38,6402.39,6402.39,6402.38,2.07
1540742340,6402.0,6402.39,6402.39,6402.01,6.86
1540742400,6401.98,6402.01,6402.01,6401.99,8.52
1540742460,6401.98,6401.99,6401.98,6401.99,3.48
1540742520,6401.21,6401.99,6401.99,6401.22,1.86
1540742580,6401.21,6401.22,6401.22,6401.22,1.93
1540742640,6401.18,6401.22,6401.22,6401.22,3.17
1540742700,6401.18,6401.19,6401.18,6401.19,0.258
1540742760,6401.18,6401.19,6401.19,6401.18,0.637
1540742820,6401.01,6401.19,6401.19,6401.02,1.37
1540742880,6401.0,6401.02,6401.02,6401.01,1.05
1540742940,6400.0,6401.01,6401.01,6400.01,4.09
1540743000,6400.0,6400.01,6400.01,6400.01,2.45
1540743060,6400.0,6400.05,6400.01,6400.04,1.83
1540743120,6400.04,6401.0,6400.04,6401.0,0.577
1540743180,6400.64,6402.17,6401.0,6401.67,0.803
1540743240,6400.11,6401.45,6401.45,6400.12,2.94
1540743300,6400.11,6402.17,6400.11,6401.44,2.26
1540743360,6400.91,6401.44,6401.44,6401.43,1.43
1540743420,6400.11,6401.44,6401.43,6400.12,2.52
1540743480,6400.11,6400.12,6400.12,6400.12,0.524
1540743540,6400.11,6400.12,6400.11,6400.12,1.04
1540743600,6400.11,6400.12,6400.12,6400.12,0.76
1540743660,6400.11,6400.12,6400.12,6400.12,1.98
1540743720,6400.11,6400.12,6400.11,6400.12,0.334
1540743780,6400.11,6400.12,6400.11,6400.12,2.01
1540743840,6400.11,6400.12,6400.12,6400.12,1.17
1540743900,6400.11,6400.12,6400.11,6400.12,0.943
1540743960,6400.11,6400.12,6400.12,6400.12,1.12
1540744020,6400.11,6400.12,6400.12,6400.12,1.14
1540744080,6400.11,6400.12,6400.12,6400.12,0.787
1540744140,6400.11,6400.12,6400.11,6400.12,2.14
1540744200,6400.11,6400.12,6400.12,6400.12,2.61
1540744260,6400.11,6400.12,6400.12,6400.12,0.864
1540744320,6400.11,6400.12,6400.12,6400.12,0.533
1540744380,6400.11,6400.12,6400.12,6400.12,1.19
1540744440,6400.11,6400.12,6400.12,6400.12,0.834
1540744500,6400.11,6400.12,6400.11,6400.12,3.23
1540744560,6400.11,6400.12,6400.11,6400.12,1.95
1540744620,6400.11,6400.12,6400.12,6400.12,0.939
1540744680,6400.03,6400.12,6400.12,6400.12,1.39
1540744740,6400.11,6400.12,6400.12,6400.12,0.441
1540744800,6400.11,6400.12,6400.12,6400.12,0.778
1540744860,6400.11,6400.12,6400.12,6400.12,1.72
1540744920,6400.11,6401.94,6400.12,6401.39,1.68
1540751640,6401.4,6401.41,6401.41,6401.41,1.33
1540751700,6401.4,6401.41,6401.41,6401.41,0.618
1540751760,6401.4,6401.41,6401.41,6401.41,0.57
1540751820,6401.38,6403.21,6401.41,6403.21,1.18
1540751880,6401.38,6402.76,6402.67,6402.59,0.459
1540751940,6401.38,6403.07,6402.57,6402.64,0.481
1540752000,6401.09,6402.58,6402.22,6402.44,0.66
1540752060,6401.64,6402.64,6402.44,6402.44,0.743
1540752120,6401.09,6402.32,6402.12,6402.32,0.579
1540752180,6401.2,6402.32,6402.32,6402.26,0.146
1540752240,6401.11,6402.3,6402.26,6402.3,2.29
1540752300,6401.11,6403.5,6401.11,6402.58,1.75
1540752360,6401.12,6402.58,6402.58,6401.14,0.875
1540752420,6401.09,6403.38,6401.13,6403.03,1.81
1540752480,6401.09,6403.02,6402.79,6401.09,0.742
1540752540,6401.09,6402.85,6401.09,6401.77,0.852
1540752600,6401.57,6403.49,6402.71,6401.75,0.57
1540752660,6401.09,6402.75,6402.66,6402.49,0.53
1540752720,6401.09,6402.51,6402.46,6401.09,2.3
1540752780,6401.09,6401.7,6401.65,6401.43,0.476
1540752840,6401.09,6401.63,6401.45,6401.56,8.12
1540752900,6401.09,6402.3,6401.56,6402.3,1.72
1540752960,6401.44,6401.83,6401.83,6401.45,0.717
1540753020,6401.27,6401.45,6401.45,6401.27,0.961
1540753080,6401.27,6401.28,6401.28,6401.28,1.45
1540753140,6401.27,6401.28,6401.27,6401.28,0.345
1540753200,6401.27,6402.19,6401.28,6401.28,1.87
1540753260,6401.27,6401.28,6401.27,6401.27,0.311
1540753320,6401.09,6401.28,6401.28,6401.1,1.35
1540753380,6401.09,6402.19,6401.09,6402.19,0.615
1540753440,6401.09,6402.18,6402.18,6401.09,0.784
1540753500,6401.29,6402.28,6401.51,6402.28,0.565
1540753560,6401.19,6402.28,6402.21,6401.42,4.34
1540753620,6401.45,6402.28,6402.26,6402.24,1.13
1540753680,6401.38,6402.24,6402.24,6402.09,0.744
1540753740,6401.09,6401.62,6401.62,6401.1,0.491
1540753800,6401.09,6401.1,6401.09,6401.09,0.627
1540753860,6401.09,6401.1,6401.1,6401.09,1.27
1540753920,6401.09,6401.1,6401.09,6401.1,0.487
1540753980,6401.09,6401.1,6401.1,6401.09,3.42
1540754040,6401.0,6401.93,6401.09,6401.01,0.368
1540754100,6401.0,6402.02,6401.01,6401.01,1.05
1540754160,6401.0,6401.01,6401.01,6401.01,0.876
1540754220,6401.0,6401.01,6401.01,6401.01,1.14
1540754280,6401.01,6402.02,6401.01,6401.03,0.319
1540754340,6401.02,6402.02,6401.03,6402.02,0.558
1540754400,6402.01,6402.02,6402.02,6402.02,0.125
1540754460,6402.01,6402.28,6402.02,6402.28,0.393
1540754520,6401.65,6402.28,6402.28,6402.07,0.795
1540754580,6401.65,6401.86,6401.86,6401.66,0.337
1540754640,6401.65,6402.28,6401.66,6402.27,0.48
1540754700,6401.69,6402.28,6402.28,6402.28,0.634
1540754760,6401.69,6402.28,6402.28,6401.69,0.624
1540754820,6401.65,6401.7,6401.7,6401.66,0.155
1540754880,6401.65,6401.66,6401.65,6401.66,0.126
1540754940,6401.65,6402.15,6401.66,6402.1,0.657
1540755000,6402.1,6402.14,6402.11,6402.14,0.685
1540755060,6401.0,6402.1,6402.1,6401.03,1.12
1540755120,6401.03,6402.27,6401.03,6402.27,1.31
1540755180,6401.02,6402.28,6402.26,6402.07,1.69
1540755240,6401.02,6402.28,6401.1,6402.28,0.667
1540755300,6402.27,6402.3,6402.28,6402.3,2.5
1540755360,6402.29,6402.3,6402.29,6402.3,0.586
1540755420,6402.29,6402.3,6402.3,6402.3,0.226
1540755480,6402.29,6402.3,6402.3,6402.3,0.908
1540755540,6402.27,6402.3,6402.29,6402.29,1.13
1540755600,6402.27,6403.07,6402.29,6403.06,2.49
1540755660,6403.06,6403.07,6403.07,6403.07,0.282
1540755720,6403.06,6403.07,6403.07,6403.06,0.485
1540755780,6402.34,6403.5,6403.07,6403.49,0.831
1540755840,6402.75,6403.5,6403.5,6402.75,1.62
1540755900,6402.27,6402.97,6402.74,6402.97,1.92
1540755960,6402.27,6402.97,6402.97,6402.28,2.72
1540756020,6402.27,6403.5,6402.28,6402.28,1.89
1540756080,6402.27,6402.28,6402.28,6402.28,0.374
1540756140,6402.27,6402.28,6402.28,6402.28,1.41
1540756200,6402.27,6402.28,6402.27,6402.28,0.549
1540756260,6401.34,6402.28,6402.28,6401.97,2.03
1540756320,6401.45,6401.97,6401.96,6401.75,2.78
1540756380,6401.55,6401.76,6401.75,6401.69,0.468
1540756440,6401.34,6401.73,6401.73,6401.35,1.69
1540756500,6401.35,6402.07,6401.35,6402.07,0.553
1540756560,6400.73,6402.99,6402.06,6400.73,5.13
1540756620,6396.11,6400.73,6400.73,6396.12,26.12
1540756680,6395.0,6396.12,6396.11,6395.0,7.35
1540756740,6393.01,6395.01,6395.01,6393.02,7.37
1540756800,6388.0,6393.02,6393.02,6390.68,71.6
1540756860,6390.67,6390.68,6390.67,6390.67,7.57
1540756920,6382.47,6390.68,6390.68,6384.2,39.7
1540756980,6384.19,6384.2,6384.2,6384.2,2.07
1540757040,6384.19,6384.2,6384.2,6384.2,1.83
1540757100,6384.19,6384.2,6384.2,6384.2,3.34
1540757160,6384.19,6384.2,6384.2,6384.2,2.71
1540757220,6384.19,6384.2,6384.2,6384.2,0.576
1540757280,6384.19,6384.2,6384.2,6384.19,1.46
1540757340,6384.19,6384.2,6384.2,6384.2,0.643
1540757400,6384.19,6384.2,6384.2,6384.2,0.523
1540757460,6384.19,6384.2,6384.2,6384.2,1.17
1540757520,6384.19,6384.2,6384.2,6384.2,1.07
1540757580,6384.19,6384.2,6384.2,6384.2,0.556
1540757640,6384.19,6384.2,6384.2,6384.2,1.13
1540757700,6381.69,6384.2,6384.2,6381.69,42.07
1540757760,6380.01,6381.7,6381.69,6380.03,21.47
1540757820,6380.02,6380.03,6380.03,6380.03,0.926
1540757880,6380.02,6387.0,6380.03,6386.05,14.84
1540757940,6386.04,6390.28,6386.05,6389.55,0.756
1540758000,6389.55,6389.56,6389.55,6389.55,1.34
1540758060,6389.55,6389.56,6389.56,6389.56,1.4
1540758120,6389.55,6389.56,6389.56,6389.56,0.466
1540758180,6389.55,6389.6,6389.55,6389.6,1.48
1540758240,6389.6,6390.93,6389.6,6390.92,1.37
1540758300,6390.92,6390.93,6390.93,6390.93,0.415
1540758360,6390.92,6390.93,6390.93,6390.92,0.32
1540758420,6390.92,6390.93,6390.92,6390.93,3.2
1540758480,6390.92,6393.57,6390.93,6393.07,3.61
1540758540,6392.01,6393.07,6393.07,6392.56,1.48
1540758600,6391.92,6392.63,6392.63,6391.92,0.654
1540758660,6390.92,6392.1,6391.92,6390.98,2.14
1540758720,6390.97,6392.71,6390.98,6392.71,0.907
1540758780,6392.37,6395.0,6392.71,6394.13,4.62
1540758840,6394.13,6395.0,6394.13,6395.0,0.859
1540758900,6394.23,6395.0,6394.75,6395.0,1.3
1540758960,6394.99,6395.0,6395.0,6395.0,1.0
1540759020,6394.99,6396.23,6395.0,6395.88,0.872
1540759080,6395.28,6395.29,6395.29,6395.29,0.437
1540759140,6395.28,6395.3,6395.28,6395.3,0.64
1540759200,6395.28,6395.3,6395.3,6395.3,1.09
1540759260,6395.29,6396.22,6395.29,6396.22,2.92
1540759320,6395.28,6396.13,6395.93,6395.29,0.739
1540759380,6395.28,6395.29,6395.29,6395.29,0.877
1540759440,6395.28,6395.29,6395.29,6395.29,0.653
1540759500,6395.28,6395.29,6395.29,6395.29,0.727
1540759560,6395.28,6395.29,6395.29,6395.29,1.71
1540759620,6395.28,6395.29,6395.29,6395.28,1.92
1540759680,6395.28,6395.29,6395.28,6395.29,0.809
1540759740,6395.28,6396.98,6395.29,6396.4,0.46
1540759800,6395.44,6396.2,6396.2,6396.0,0.864
1540759860,6395.4,6396.0,6395.99,6395.4,0.6
1540759920,6395.33,6396.0,6395.58,6395.85,0.377
1540759980,6395.33,6395.82,6395.33,6395.78,0.558
1540760040,6395.28,6396.69,6395.78,6396.69,1.61
1540760100,6395.28,6396.69,6396.69,6396.02,0.546
1540760160,6395.28,6396.21,6395.88,6395.28,1.43
1540760220,6395.03,6395.29,6395.29,6395.04,1.87
1540760280,6395.03,6395.04,6395.04,6395.03,0.755
1540760340,6395.01,6395.04,6395.04,6395.02,0.569
1540760400,6395.01,6395.8,6395.02,6395.22,0.555
1540760460,6395.0,6395.28,6395.28,6395.01,1.31
1540760520,6395.0,6395.01,6395.01,6395.01,0.469
1540760580,6394.99,6395.01,6395.0,6394.99,2.14
1540760640,6394.99,6395.0,6395.0,6395.0,0.681
1540760700,6394.99,6395.01,6395.0,6394.99,0.839
1540760760,6394.99,6395.0,6395.0,6395.0,0.725
1540760820,6394.66,6395.0,6394.99,6394.67,0.717
1540760880,6394.66,6394.67,6394.67,6394.67,0.413
1540760940,6394.61,6394.67,6394.67,6394.61,1.16
1540761000,6392.92,6394.57,6394.57,6392.93,1.66
1540761060,6392.92,6392.93,6392.93,6392.93,0.788
1540761120,6392.92,6392.93,6392.93,6392.93,0.729
1540761180,6392.12,6395.0,6392.93,6392.12,9.44
1540761240,6391.81,6394.63,6392.12,6393.21,6.48
1540761300,6393.22,6395.01,6393.26,6395.01,0.51
1540761360,6395.0,6396.78,6395.01,6396.78,0.463
1540761420,6396.77,6396.78,6396.77,6396.78,1.18
1540761480,6396.77,6396.78,6396.78,6396.78,0.874
1540761540,6396.77,6396.78,6396.78,6396.78,0.807
1540761600,6392.99,6396.78,6396.77,6392.99,2.32
1540761660,6391.03,6393.0,6393.0,6392.19,1.29
1540761720,6391.04,6392.76,6392.19,6391.73,0.938
1540761780,6391.72,6391.73,6391.73,6391.73,1.34
1540761840,6391.72,6391.73,6391.73,6391.73,0.406
1540761900,6391.72,6391.73,6391.73,6391.72,0.871
1540761960,6391.72,6391.73,6391.73,6391.73,0.434
1540762020,6391.72,6392.0,6391.72,6392.0,1.11
1540762080,6391.99,6393.58,6392.0,6393.58,0.869
1540762140,6392.41,6393.59,6393.59,6393.13,1.27
1540762200,6392.92,6393.07,6393.07,6392.92,2.63
1540762260,6392.92,6392.93,6392.93,6392.93,0.998
1540762320,6392.92,6392.93,6392.93,6392.93,0.691
1540762380,6392.92,6394.25,6392.93,6394.25,1.17
1540762440,6394.24,6394.83,6394.25,6394.25,2.31
1540762500,6392.4,6394.25,6394.25,6393.54,12.64
1540762560,6390.01,6393.54,6393.54,6390.01,38.23
1540762620,6390.01,6390.03,6390.01,6390.03,1.32
1540762680,6390.04,6390.05,6390.05,6390.05,2.32
1540762740,6390.04,6390.05,6390.05,6390.05,2.69
1540762800,6390.04,6390.05,6390.05,6390.05,0.837
1540762860,6390.04,6390.05,6390.04,6390.05,0.188
1540762920,6390.04,6390.05,6390.04,6390.05,0.955
1540762980,6390.04,6390.05,6390.05,6390.05,0.758
1540763040,6390.04,6390.05,6390.04,6390.05,6.42
1540763100,6390.04,6391.82,6390.05,6391.82,1.9
1540763160,6389.79,6392.0,6391.83,6389.8,42.06
1540763220,6389.79,6391.0,6389.8,6391.0,2.58
1540763280,6390.99,6391.0,6391.0,6391.0,0.691
1540763340,6390.99,6391.0,6391.0,6391.0,0.483
1540763400,6390.99,6391.0,6391.0,6391.0,1.28
1540763460,6390.99,6391.0,6390.99,6391.0,0.665
1540763520,6390.99,6391.0,6391.0,6390.99,1.48
1540763580,6390.99,6392.0,6391.0,6391.64,2.8
1540763640,6391.63,6392.09,6391.64,6392.09,0.729
1540763700,6391.61,6393.03,6392.09,6392.56,1.28
1540763760,6392.62,6393.16,6392.63,6392.63,0.678
1540763820,6391.04,6393.11,6392.63,6392.11,2.79
1540763880,6392.1,6392.75,6392.75,6392.11,0.322
1540763940,6392.1,6393.28,6392.11,6393.28,0.555
1540764000,6393.06,6394.64,6393.28,6393.16,1.34
1540764060,6390.99,6393.15,6393.15,6391.46,2.82
1540764120,6391.27,6391.73,6391.33,6391.73,1.41
1540764180,6391.27,6391.72,6391.71,6391.72,0.752
1540764240,6391.71,6394.73,6391.72,6394.01,3.93
1540764300,6394.0,6395.0,6394.01,6395.0,0.424
1540764360,6394.93,6395.0,6394.93,6395.0,0.848
1540764420,6394.99,6395.0,6395.0,6395.0,0.246
1540764480,6394.99,6395.0,6395.0,6394.99,0.342
1540764540,6394.99,6396.42,6394.99,6396.42,2.63
1540764600,6395.0,6396.75,6396.42,6396.0,1.46
1540764660,6396.0,6397.18,6396.0,6396.72,1.9
1540764720,6396.07,6397.64,6396.77,6397.64,0.717
1540764780,6395.0,6397.64,6397.64,6395.25,12.85
1540764840,6395.27,6395.54,6395.27,6395.54,0.369
1540764900,6395.0,6395.54,6395.53,6395.0,2.71
1540764960,6395.0,6395.01,6395.01,6395.01,0.425
1540765020,6395.0,6395.01,6395.01,6395.01,3.95
1540765080,6394.9,6395.01,6395.01,6395.01,2.21
1540765140,6395.0,6395.01,6395.0,6395.01,0.54
1540765200,6395.0,6395.49,6395.01,6395.49,2.17
1540765260,6395.48,6395.49,6395.49,6395.49,0.665
1540765320,6395.48,6395.49,6395.48,6395.48,1.37
1540765380,6395.48,6396.0,6395.49,6396.0,2.66
1540765440,6395.99,6396.0,6396.0,6395.99,1.43
1540765500,6395.99,6396.0,6396.0,6396.0,4.18
1540765560,6395.99,6396.07,6396.0,6396.07,3.38
1540765620,6396.06,6396.07,6396.07,6396.07,0.735
1540765680,6396.06,6396.07,6396.07,6396.07,0.335
1540765740,6396.06,6396.07,6396.06,6396.07,1.07
1540765800,6396.06,6396.07,6396.07,6396.07,0.824
1540765860,6396.06,6396.07,6396.07,6396.07,0.99
1540765920,6396.06,6396.07,6396.07,6396.07,2.65
1540765980,6396.06,6396.07,6396.07,6396.07,0.135
1540766040,6396.06,6396.07,6396.06,6396.07,1.14
1540766100,6396.06,6396.25,6396.07,6396.25,0.675
1540766160,6396.24,6398.11,6396.25,6398.1,18.6
1540766220,6398.1,6398.78,6398.11,6398.78,0.574
1540766280,6398.77,6398.78,6398.78,6398.78,1.46
1540766340,6398.77,6398.78,6398.78,6398.78,0.439
1540766400,6398.77,6398.78,6398.77,6398.78,0.76
1540766460,6398.77,6398.78,6398.77,6398.77,1.12
1540766520,6398.77,6398.78,6398.77,6398.78,1.15
1540766580,6398.77,6398.78,6398.78,6398.78,1.68
1540766640,6398.77,6398.78,6398.78,6398.78,0.405
1540766700,6398.77,6398.78,6398.78,6398.77,1.2
1540766760,6398.77,6398.78,6398.78,6398.78,1.53
1540766820,6398.77,6398.78,6398.78,6398.78,1.0
1540766880,6398.77,6398.78,6398.77,6398.78,0.627
1540766940,6392.15,6398.78,6398.78,6395.57,24.43
1540767000,6395.56,6395.57,6395.57,6395.56,0.833
1540767060,6395.56,6396.0,6395.57,6396.0,1.26
1540767120,6395.99,6396.0,6396.0,6396.0,0.732
1540767180,6395.99,6396.0,6396.0,6395.99,2.2
1540767240,6395.99,6396.0,6396.0,6396.0,1.39
1540767300,6395.99,6396.0,6396.0,6396.0,1.38
1540767360,6395.99,6396.0,6396.0,6396.0,0.422
1540767420,6395.99,6396.0,6396.0,6396.0,1.6
1540767480,6395.99,6396.13,6396.0,6396.12,2.31
1540767540,6396.12,6396.13,6396.13,6396.13,3.8
1540767600,6396.12,6396.35,6396.13,6396.35,3.78
1540767660,6396.34,6396.35,6396.34,6396.35,4.64
1540767720,6396.34,6396.35,6396.35,6396.35,2.2
1540767780,6396.34,6396.35,6396.34,6396.34,4.34
1540767840,6396.34,6396.35,6396.35,6396.35,0.656
1540767900,6396.34,6396.35,6396.35,6396.35,1.92
1540767960,6396.34,6396.35,6396.35,6396.35,0.943
1540768020,6396.34,6396.35,6396.35,6396.35,1.33
1540768080,6396.34,6396.37,6396.35,6396.37,2.36
1540768140,6396.36,6396.4,6396.37,6396.37,1.96
1540768200,6396.34,6396.37,6396.37,6396.35,2.93
1540768260,6396.34,6396.35,6396.35,6396.35,1.01
1540768320,6393.63,6400.53,6396.35,6400.53,8.08
1540768380,6400.53,6403.0,6400.53,6402.76,6.98
1540768440,6402.76,6408.0,6402.76,6408.0,26.14
1540768500,6408.0,6415.0,6408.0,6415.0,32.72
1540768560,6414.99,6415.0,6414.99,6415.0,1.01
1540768620,6414.99,6415.0,6415.0,6415.0,1.8
1540768680,6414.99,6415.0,6415.0,6415.0,0.528
1540768740,6413.05,6415.0,6415.0,6413.06,9.27
1540768800,6413.05,6413.06,6413.06,6413.06,2.07
1540768860,6413.05,6413.06,6413.06,6413.06,2.25
1540768920,6410.54,6413.06,6413.06,6410.54,3.13
1540768980,6410.54,6410.55,6410.54,6410.55,0.735
1540769040,6410.54,6410.55,6410.55,6410.55,0.884
1540769100,6408.61,6410.55,6410.54,6408.62,6.95
1540769160,6407.68,6408.62,6408.62,6407.68,3.32
1540769220,6407.68,6407.69,6407.69,6407.69,0.496
1540769280,6407.68,6407.69,6407.69,6407.69,1.46
1540769340,6407.68,6407.69,6407.69,6407.68,0.429
1540769400,6407.68,6407.69,6407.69,6407.69,2.57
1540769460,6407.68,6407.69,6407.69,6407.68,1.36
1540769520,6407.68,6407.69,6407.69,6407.68,3.24
1540769580,6407.68,6407.69,6407.69,6407.68,3.45
1540780500,6406.99,6407.0,6407.0,6407.0,2.18
1540780560,6406.99,6407.0,6407.0,6407.0,0.527
1540780620,6406.99,6407.0,6407.0,6407.0,0.573
1540780680,6406.99,6407.0,6406.99,6407.0,1.54
1540780740,6406.99,6407.0,6407.0,6407.0,1.02
1540780800,6406.99,6407.0,6407.0,6407.0,2.07
1540780860,6406.99,6407.0,6407.0,6407.0,1.98
1540780920,6406.99,6407.0,6407.0,6407.0,5.12
1540780980,6406.99,6407.0,6406.99,6407.0,1.69
1540781040,6406.94,6407.0,6407.0,6406.95,1.1
1540781100,6406.94,6406.95,6406.95,6406.94,2.11
1540781160,6406.94,6406.95,6406.95,6406.95,0.859
1540781220,6406.71,6406.95,6406.94,6406.71,0.991
1540781280,6406.7,6406.71,6406.71,6406.71,2.41
1540781340,6406.7,6406.71,6406.71,6406.71,1.69
1540781400,6406.7,6409.0,6406.71,6409.0,23.3
1540781460,6408.99,6409.0,6409.0,6409.0,17.2
1540781520,6408.99,6412.9,6409.0,6412.9,63.33
1540781580,6412.9,6412.92,6412.9,6412.91,10.73
1540781640,6412.9,6412.91,6412.91,6412.9,1.14
1540781700,6412.9,6412.91,6412.91,6412.91,25.2
1540781760,6412.9,6413.47,6412.91,6413.2,31.35
1540781820,6412.9,6413.2,6413.2,6412.91,11.65
1540781880,6412.9,6412.91,6412.9,6412.91,0.806
1540781940,6412.9,6412.91,6412.91,6412.91,2.64
1540782000,6412.9,6414.0,6412.91,6414.0,13.61
1540782060,6411.82,6414.99,6414.0,6412.14,41.12
1540782120,6412.49,6412.5,6412.5,6412.5,0.33
1540782180,6412.49,6412.5,6412.5,6412.5,0.847
1540782240,6412.49,6412.99,6412.5,6412.98,0.317
1540782300,6412.98,6412.99,6412.99,6412.99,4.65
1540782360,6412.98,6412.99,6412.99,6412.98,0.297
1540782420,6412.98,6412.99,6412.98,6412.98,2.28
1540782480,6412.98,6412.99,6412.99,6412.99,0.364
1540782540,6412.98,6413.13,6412.99,6413.12,2.94
1540782600,6409.76,6413.12,6413.12,6409.84,10.56
1540782660,6409.83,6411.75,6409.84,6409.83,1.13
1540782720,6409.83,6410.01,6409.84,6409.84,1.69
1540782780,6409.83,6409.97,6409.84,6409.97,0.504
1540782840,6409.83,6409.97,6409.97,6409.84,1.36
1540782900,6409.84,6409.96,6409.84,6409.95,1.04
1540782960,6409.95,6410.12,6409.95,6410.11,0.799
1540783020,6409.96,6410.12,6410.12,6410.09,0.355
1540783080,6410.09,6410.1,6410.1,6410.1,1.4
1540783140,6410.09,6411.0,6410.1,6410.99,1.53
1540783200,6410.29,6410.48,6410.29,6410.48,0.549
1540783260,6410.46,6410.48,6410.48,6410.47,0.447
1540783320,6408.13,6410.47,6410.47,6408.14,14.26
1540783380,6408.13,6408.14,6408.13,6408.14,3.23
1540783440,6407.0,6408.14,6408.14,6407.02,2.76
1540783500,6406.0,6407.02,6407.02,6406.75,1.29
1540783560,6405.01,6406.75,6406.75,6405.02,1.07
1540783620,6405.01,6405.02,6405.02,6405.02,2.5
1540783680,6405.01,6406.03,6405.02,6406.03,0.585
1540783740,6406.02,6406.03,6406.02,6406.02,1.11
1540783800,6406.02,6406.03,6406.02,6406.03,1.94
1540783860,6406.02,6406.03,6406.03,6406.02,2.4
1540783920,6406.02,6408.37,6406.02,6408.37,4.39
1540783980,6408.36,6408.37,6408.37,6408.37,0.142
1540784040,6408.36,6408.37,6408.37,6408.37,0.593
1540784100,6408.36,6408.37,6408.36,6408.37,1.21
1540784160,6408.36,6408.37,6408.37,6408.37,1.35
1540784220,6408.36,6410.0,6408.36,6410.0,0.644
1540784280,6410.0,6410.09,6410.0,6410.09,0.374
1540784340,6410.08,6410.09,6410.09,6410.09,0.4
1540784400,6410.08,6410.09,6410.08,6410.09,0.604
1540784460,6410.08,6410.09,6410.08,6410.09,3.14
1540784520,6410.08,6411.62,6410.08,6410.86,5.17
1540784580,6409.55,6410.14,6410.14,6409.55,4.42
1540784640,6408.52,6410.62,6409.55,6408.53,2.87
1540784700,6408.52,6408.53,6408.53,6408.53,0.45
1540784760,6408.52,6408.53,6408.53,6408.53,0.389
1540784820,6408.52,6410.33,6408.53,6410.33,4.34
1540784880,6410.32,6410.74,6410.33,6410.74,6.74
1540784940,6410.74,6410.75,6410.74,6410.74,0.333
1540785000,6410.74,6410.75,6410.74,6410.75,2.1
1540785060,6410.74,6410.75,6410.75,6410.74,0.352
1540785120,6410.74,6411.0,6410.74,6411.0,0.309
1540785180,6410.99,6411.0,6410.99,6411.0,1.12
1540785240,6410.99,6411.0,6411.0,6411.0,1.6
1540785300,6410.99,6411.0,6410.99,6411.0,0.749
1540785360,6410.99,6411.0,6410.99,6411.0,0.171
1540785420,6410.99,6411.0,6411.0,6411.0,3.56
1540785480,6410.99,6411.0,6410.99,6411.0,7.77
1540785540,6409.25,6411.0,6410.99,6409.26,12.37
1540785600,6409.25,6409.26,6409.25,6409.26,2.63
1540785660,6409.24,6409.26,6409.26,6409.24,1.18
1540785720,6408.55,6409.24,6409.24,6408.56,1.75
1540785780,6408.55,6408.56,6408.56,6408.56,9.13
1540785840,6408.55,6408.56,6408.55,6408.56,0.434
1540785900,6408.55,6408.56,6408.56,6408.55,0.491
1540785960,6408.55,6408.56,6408.55,6408.56,1.54
1540786020,6408.55,6408.56,6408.55,6408.56,0.458
1540786080,6408.55,6408.56,6408.55,6408.56,0.449
1540786140,6408.55,6408.56,6408.55,6408.56,1.32
1540786200,6408.55,6408.56,6408.56,6408.56,0.817
1540786260,6408.55,6408.56,6408.56,6408.56,0.871
1540786320,6405.9,6408.56,6408.55,6407.33,7.83
1540786380,6407.32,6407.33,6407.33,6407.33,0.756
1540786440,6407.32,6407.33,6407.33,6407.33,0.332
1540786500,6406.85,6407.49,6407.33,6407.45,1.77
1540786560,6406.01,6407.76,6407.48,6407.71,1.74
1540786620,6406.5,6407.73,6407.73,6407.57,0.625
1540786680,6407.51,6407.83,6407.56,6407.51,0.47
1540786740,6405.29,6407.75,6407.51,6406.71,2.0
1540786800,6405.68,6407.08,6407.08,6406.58,1.44
1540786860,6406.57,6406.69,6406.58,6406.58,0.884
1540786920,6406.57,6406.93,6406.58,6406.57,0.697
1540786980,6405.22,6407.0,6406.58,6405.23,2.55
1540787040,6405.22,6405.23,6405.22,6405.22,0.613
1540787100,6405.0,6405.22,6405.22,6405.0,0.171
1540787160,6405.0,6405.01,6405.01,6405.01,0.242
1540787220,6405.0,6405.01,6405.01,6405.01,2.19
1540787280,6405.0,6405.01,6405.01,6405.01,0.353
1540787340,6405.0,6405.01,6405.0,6405.01,0.405
1540787400,6405.0,6405.01,6405.01,6405.0,0.148
1540787460,6405.0,6405.01,6405.01,6405.0,2.15
1540787520,6405.0,6405.01,6405.01,6405.0,0.105
1540787580,6405.0,6405.01,6405.01,6405.0,0.534
1540787640,6405.0,6405.01,6405.01,6405.0,2.28
1540787700,6405.0,6405.01,6405.01,6405.01,1.36
1540787760,6405.0,6405.01,6405.0,6405.0,0.311
1540787820,6405.0,6405.01,6405.0,6405.0,0.759
1540787880,6405.0,6405.01,6405.01,6405.0,0.994
1540787940,6405.0,6405.01,6405.01,6405.01,0.155
1540788000,6405.0,6405.01,6405.01,6405.01,1.48
1540788060,6405.0,6405.01,6405.01,6405.01,1.04
1540788120,6405.0,6405.01,6405.0,6405.01,0.208
1540788180,6405.0,6405.01,6405.01,6405.0,0.755
1540788240,6405.0,6405.01,6405.01,6405.0,1.2
1540788300,6405.0,6405.01,6405.01,6405.0,0.215
1540788360,6405.0,6405.01,6405.01,6405.01,0.102
1540788420,6405.0,6405.01,6405.01,6405.0,1.07
1540788480,6405.0,6405.01,6405.0,6405.01,1.13
1540788540,6405.0,6405.01,6405.0,6405.0,0.67
1540788600,6405.0,6405.01,6405.01,6405.01,0.652
1540788660,6405.0,6405.01,6405.01,6405.01,0.371
1540788720,6403.7,6405.01,6405.0,6403.7,1.18
1540788780,6403.7,6403.71,6403.71,6403.7,1.39
1540788840,6403.7,6403.71,6403.7,6403.71,0.526
1540788900,6403.7,6403.71,6403.71,6403.71,0.438
1540788960,6403.7,6403.71,6403.71,6403.71,0.421
1540789020,6403.7,6403.71,6403.7,6403.71,0.154
1540789080,6403.7,6403.71,6403.7,6403.71,0.83
1540789140,6403.7,6403.71,6403.7,6403.71,0.191
1540789200,6403.7,6403.71,6403.71,6403.7,0.0726
1540789260,6403.7,6403.71,6403.7,6403.71,0.324
1540789320,6403.7,6403.71,6403.7,6403.71,0.464
1540789380,6403.66,6403.71,6403.7,6403.66,2.4
1540789440,6403.65,6403.66,6403.66,6403.66,1.66
1540789500,6403.65,6403.66,6403.66,6403.66,1.75
1540789560,6403.65,6403.66,6403.66,6403.65,0.204
1540789620,6403.65,6403.66,6403.66,6403.65,2.3
1540789680,6403.65,6403.66,6403.66,6403.65,0.712
1540789740,6403.65,6403.66,6403.66,6403.66,0.836
1540789800,6403.65,6403.66,6403.65,6403.66,0.328
1540789860,6403.65,6403.66,6403.66,6403.66,0.162
1540789920,6403.65,6403.66,6403.66,6403.66,0.323
1540789980,6403.65,6403.66,6403.66,6403.65,0.262
1540790040,6403.65,6403.66,6403.66,6403.66,2.15
1540790100,6403.65,6403.66,6403.65,6403.66,0.507
1540790160,6403.65,6403.66,6403.66,6403.66,1.76
1540790220,6403.65,6403.66,6403.66,6403.66,0.695
1540790280,6403.65,6403.66,6403.65,6403.66,0.304
1540790340,6403.65,6403.66,6403.66,6403.66,1.61
1540790400,6403.65,6403.66,6403.66,6403.66,0.865
1540790460,6403.65,6403.66,6403.65,6403.66,0.389
1540790520,6403.65,6403.66,6403.65,6403.66,0.116
1540790580,6403.65,6403.66,6403.66,6403.66,1.2
1540790640,6403.65,6403.66,6403.66,6403.66,0.275
1540790700,6403.65,6403.66,6403.65,6403.66,0.481
1540790760,6403.65,6403.66,6403.65,6403.66,1.32
1540790820,6403.65,6403.66,6403.66,6403.65,0.253
1540790880,6403.65,6403.66,6403.66,6403.66,0.383
1540790940,6403.65,6403.66,6403.66,6403.65,0.572
1540791000,6403.65,6403.66,6403.65,6403.65,1.31
1540791060,6403.65,6403.66,6403.66,6403.66,0.442
1540791120,6403.65,6403.66,6403.66,6403.65,1.14
1540791180,6403.65,6403.66,6403.65,6403.66,0.421
1540791240,6403.65,6403.66,6403.65,6403.65,2.29
1540791300,6403.65,6403.66,6403.66,6403.65,1.39
1540791360,6403.65,6403.66,6403.66,6403.66,0.146
1540791420,6403.65,6403.66,6403.66,6403.66,0.173
1540791480,6403.65,6403.67,6403.65,6403.67,2.5
1540791540,6403.66,6403.67,6403.67,6403.66,2.59
1540791600,6403.66,6403.67,6403.66,6403.66,0.211
1540791660,6403.66,6403.67,6403.66,6403.67,1.1
1540791720,6403.66,6403.67,6403.66,6403.67,0.183
1540791780,6403.66,6403.67,6403.67,6403.67,0.367
1540791840,6403.66,6403.67,6403.67,6403.66,3.86
1540791900,6403.66,6403.67,6403.66,6403.67,0.268
1540791960,6403.66,6403.67,6403.67,6403.67,0.921
1540792020,6403.66,6403.67,6403.67,6403.67,0.142
1540792080,6403.66,6403.67,6403.67,6403.66,0.0957
1540792140,6403.66,6403.67,6403.67,6403.67,0.446
1540792200,6403.66,6403.67,6403.67,6403.66,0.118
1540792260,6403.66,6403.67,6403.67,6403.66,0.574
1540792320,6403.66,6403.67,6403.67,6403.67,0.211
1540792380,6403.66,6403.67,6403.67,6403.66,0.288
1540792440,6403.66,6403.67,6403.67,6403.67,8.83
1540792500,6403.66,6403.67,6403.66,6403.66,0.706
1540792560,6403.66,6403.67,6403.67,6403.67,0.213
1540792620,6403.66,6403.67,6403.66,6403.67,0.0949
1540792680,6403.66,6403.67,6403.66,6403.67,0.125
1540792740,6403.66,6403.67,6403.67,6403.67,0.0663
1540792800,6403.66,6403.67,6403.67,6403.67,1.55
1540792860,6403.66,6403.67,6403.66,6403.67,0.0723
1540792920,6403.66,6403.67,6403.66,6403.67,1.47
1540792980,6403.66,6403.67,6403.66,6403.67,2.35
1540793040,6403.66,6403.67,6403.67,6403.66,0.0733
1540793100,6403.66,6403.67,6403.67,6403.67,0.467
1540793160,6403.66,6403.67,6403.67,6403.67,0.288
1540793220,6403.66,6403.67,6403.67,6403.67,0.454
1540793280,6403.66,6403.67,6403.67,6403.66,0.0804
1540793340,6403.66,6403.67,6403.67,6403.67,0.813
1540793400,6403.66,6403.67,6403.66,6403.67,0.146
1540793460,6403.66,6403.67,6403.67,6403.66,0.113
1540793520,6403.66,6403.67,6403.67,6403.66,0.246
1540793580,6403.66,6403.67,6403.67,6403.66,0.663
1540793640,6403.66,6403.67,6403.66,6403.67,3.66
1540793700,6403.66,6403.67,6403.67,6403.66,0.0607
1540793760,6403.66,6403.67,6403.66,6403.67,0.297
1540793820,6403.66,6403.67,6403.67,6403.67,2.45
1540793880,6403.66,6403.67,6403.67,6403.67,1.69
1540793940,6403.66,6403.67,6403.67,6403.67,0.081
1540794000,6403.66,6403.67,6403.66,6403.67,1.43
1540794060,6403.66,6403.67,6403.66,6403.66,0.149
1540794120,6403.66,6403.67,6403.67,6403.66,0.244
1540794180,6403.66,6403.67,6403.67,6403.67,0.146
1540794240,6403.66,6403.67,6403.67,6403.67,0.201
1540794300,6403.66,6403.67,6403.67,6403.67,0.526
1540794360,6403.66,6403.67,6403.66,6403.67,0.787
1540794420,6403.66,6403.67,6403.66,6403.66,0.242
1540794480,6403.66,6403.67,6403.67,6403.66,0.0756
1540794540,6403.66,6403.67,6403.67,6403.67,0.913
1540794600,6403.66,6403.67,6403.67,6403.67,0.268
1540794660,6403.66,6403.67,6403.66,6403.67,0.41
1540794720,6403.66,6403.67,6403.66,6403.67,0.0863
1540794780,6403.66,6403.67,6403.66,6403.67,2.28
1540794840,6403.66,6403.67,6403.67,6403.67,0.431
1540794900,6403.66,6403.67,6403.66,6403.67,0.0829
1540794960,6403.66,6403.67,6403.67,6403.67,0.125
1540795020,6403.66,6403.67,6403.66,6403.67,1.0
1540795080,6403.66,6403.67,6403.67,6403.66,0.563
1540795140,6403.66,6403.67,6403.66,6403.66,0.165
1540795200,6403.66,6403.67,6403.66,6403.66,0.879
1540795260,6403.66,6403.67,6403.66,6403.66,0.499
1540795320,6403.66,6403.67,6403.67,6403.66,0.391
1540795380,6403.66,6403.67,6403.66,6403.67,0.176
1540795440,6403.66,6403.67,6403.67,6403.67,0.903
1540795500,6403.66,6403.67,6403.66,6403.67,3.09
1540795560,6403.66,6403.67,6403.67,6403.66,0.158
1540795620,6403.66,6403.67,6403.66,6403.66,0.612
1540795680,6403.66,6403.67,6403.66,6403.66,0.972
1540795740,6403.66,6403.67,6403.67,6403.66,0.0561
1540795800,6403.66,6403.67,6403.67,6403.66,1.3
1540795860,6403.66,6403.67,6403.67,6403.67,0.0915
1540795920,6403.66,6403.67,6403.67,6403.67,0.269
1540795980,6403.66,6403.67,6403.66,6403.66,0.474
1540796040,6403.66,6403.67,6403.66,6403.67,0.0535
1540796100,6403.47,6403.67,6403.67,6403.47,3.03
1540796160,6403.47,6403.48,6403.48,6403.48,0.183
1540796220,6403.47,6403.48,6403.47,6403.48,1.16
1540796280,6403.47,6403.48,6403.48,6403.48,0.227
1540796340,6403.47,6403.48,6403.47,6403.48,0.129
1540796400,6403.47,6403.48,6403.47,6403.48,0.585
1540796460,6403.47,6403.48,6403.48,6403.48,2.36
1540796520,6403.47,6403.48,6403.48,6403.47,2.13
1540796580,6403.47,6403.48,6403.47,6403.48,0.163
1540796640,6403.47,6403.48,6403.47,6403.47,1.01
1540796700,6403.46,6403.47,6403.47,6403.47,2.96
1540796760,6403.45,6403.47,6403.46,6403.46,1.11
1540796820,6403.45,6403.46,6403.45,6403.45,0.067
1540796880,6403.43,6403.46,6403.45,6403.43,0.792
1540796940,6403.43,6403.44,6403.44,6403.43,0.634
1540797000,6403.0,6403.43,6403.43,6403.0,0.175
1540797060,6403.0,6403.01,6403.0,6403.01,0.061
1540797120,6402.98,6403.01,6403.01,6402.99,0.687
1540797180,6402.89,6402.98,6402.98,6402.89,1.04
1540797240,6402.89,6402.9,6402.89,6402.9,0.0769
1540797300,6402.89,6402.9,6402.9,6402.9,2.23
1540797360,6402.89,6402.9,6402.89,6402.89,0.196
1540797420,6402.89,6402.9,6402.89,6402.9,0.293
1540797480,6402.89,6402.9,6402.89,6402.9,0.0853
1540797540,6402.89,6402.9,6402.9,6402.89,0.621
1540797600,6402.89,6402.9,6402.9,6402.9,0.343
1540797660,6402.89,6402.9,6402.9,6402.89,0.082
1540797720,6402.75,6402.9,6402.9,6402.75,2.69
1540797780,6402.01,6402.5,6402.5,6402.01,0.15
1540797840,6402.0,6402.02,6402.01,6402.01,0.526
1540797900,6402.0,6402.01,6402.01,6402.01,0.741
1540797960,6402.0,6402.01,6402.0,6402.0,0.0424
1540798020,6402.0,6402.01,6402.01,6402.0,0.162
1540798080,6402.0,6402.01,6402.0,6402.0,0.0541
1540798140,6402.0,6402.01,6402.01,6402.01,0.2
1540798200,6402.0,6402.01,6402.01,6402.01,0.0758
1540798260,6402.0,6402.01,6402.01,6402.0,0.471
1540798320,6402.0,6402.01,6402.0,6402.01,0.0406
1540798380,6400.01,6402.0,6402.0,6400.46,1.59
1540798440,6400.46,6400.47,6400.47,6400.46,0.0135
1540805940,6389.43,6389.44,6389.43,6389.44,1.72
1540806000,6389.43,6389.44,6389.44,6389.43,0.121
1540806060,6389.43,6389.44,6389.44,6389.43,0.19
1540806120,6389.43,6389.44,6389.44,6389.44,0.286
1540806180,6389.4,6389.44,6389.44,6389.4,0.138
1540806240,6388.7,6389.41,6389.4,6388.71,1.22
1540806300,6388.67,6388.7,6388.7,6388.68,3.02
1540806360,6385.69,6388.67,6388.67,6385.7,2.69
1540806420,6385.69,6385.7,6385.69,6385.69,0.221
1540806480,6385.69,6385.7,6385.7,6385.69,0.15
1540806540,6385.69,6385.7,6385.7,6385.7,1.31
1540806600,6385.69,6385.7,6385.7,6385.69,0.0665
1540806660,6385.69,6385.7,6385.69,6385.7,0.964
1540806720,6385.69,6385.7,6385.7,6385.69,0.148
1540806780,6385.69,6385.7,6385.7,6385.69,0.69
1540806840,6385.69,6385.7,6385.7,6385.69,0.151
1540806900,6385.69,6385.7,6385.69,6385.69,0.166
1540806960,6382.22,6385.7,6385.7,6382.23,30.56
1540807020,6382.22,6382.23,6382.23,6382.23,0.0793
1540807080,6382.0,6382.23,6382.23,6382.01,0.535
1540807140,6382.0,6382.23,6382.0,6382.23,4.53
1540807200,6382.22,6382.23,6382.23,6382.23,0.0927
1540807260,6382.22,6382.23,6382.22,6382.22,0.305
1540807320,6382.22,6382.23,6382.22,6382.23,0.0882
1540807380,6382.23,6385.7,6382.23,6385.7,17.46
1540807440,6385.7,6389.0,6385.7,6389.0,30.76
1540807500,6389.44,6389.99,6389.44,6389.98,0.591
1540807560,6389.98,6389.99,6389.99,6389.99,2.88
1540807620,6389.98,6389.99,6389.99,6389.98,2.03
1540807680,6389.98,6389.99,6389.98,6389.98,0.146
1540807740,6389.98,6389.99,6389.98,6389.99,0.158
1540807800,6389.98,6389.99,6389.99,6389.99,0.505
1540807860,6389.98,6390.0,6389.98,6390.0,4.16
1540807920,6389.99,6390.0,6389.99,6389.99,0.51
1540807980,6389.99,6390.0,6389.99,6389.99,0.835
1540808040,6389.99,6390.0,6390.0,6390.0,0.106
1540808100,6389.99,6390.0,6390.0,6389.99,0.363
1540808160,6389.99,6390.0,6390.0,6389.99,0.27
1540808220,6389.99,6390.0,6389.99,6389.99,21.66
1540808280,6389.99,6390.0,6390.0,6390.0,0.213
1540808340,6389.99,6390.0,6389.99,6390.0,0.791
1540808400,6389.99,6390.0,6390.0,6390.0,0.47
1540808460,6389.99,6390.0,6389.99,6390.0,0.871
1540808520,6389.99,6390.0,6390.0,6390.0,0.83
1540808580,6389.99,6390.0,6390.0,6389.99,0.91
1540808640,6389.99,6390.0,6390.0,6389.99,0.824
1540808700,6389.99,6390.0,6390.0,6389.99,0.102
1540808760,6389.99,6390.0,6390.0,6390.0,0.407
1540808820,6389.99,6390.0,6389.99,6390.0,0.227
1540808880,6387.28,6390.0,6390.0,6387.29,1.66
1540808940,6387.29,6387.74,6387.29,6387.74,2.74
1540809000,6387.73,6387.74,6387.74,6387.74,0.612
1540809060,6387.73,6387.74,6387.73,6387.73,0.166
1540809120,6387.73,6387.74,6387.74,6387.74,0.11
1540809180,6387.73,6387.74,6387.73,6387.73,0.0729
1540809240,6387.73,6387.74,6387.74,6387.74,1.35
1540809300,6387.73,6387.74,6387.73,6387.74,2.13
1540809360,6387.73,6387.74,6387.73,6387.73,0.591
1540809420,6387.73,6387.74,6387.73,6387.74,1.65
1540809480,6387.73,6387.74,6387.74,6387.73,0.638
1540809540,6387.73,6388.81,6387.74,6388.8,6.49
1540809600,6388.8,6388.81,6388.81,6388.81,0.092
1540809660,6388.8,6388.81,6388.81,6388.81,0.449
1540809720,6388.8,6388.81,6388.81,6388.81,0.646
1540809780,6388.8,6388.81,6388.81,6388.81,1.93
1540809840,6388.8,6388.81,6388.8,6388.8,0.0377
1540809900,6388.8,6388.81,6388.8,6388.81,0.177
1540809960,6388.8,6388.81,6388.81,6388.81,0.275
1540810020,6388.8,6388.81,6388.8,6388.8,0.368
1540810080,6388.8,6388.81,6388.81,6388.81,0.568
1540810140,6388.8,6388.81,6388.8,6388.81,1.21
1540810200,6388.8,6388.81,6388.81,6388.81,2.59
1540810260,6388.8,6388.81,6388.8,6388.81,1.73
1540810320,6388.8,6388.81,6388.8,6388.8,0.524
1540810380,6388.8,6388.81,6388.8,6388.81,0.0754
1540810440,6388.8,6388.81,6388.81,6388.8,0.272
1540810500,6388.8,6388.81,6388.81,6388.8,0.453
1540810560,6388.8,6388.81,6388.8,6388.81,0.07
1540810620,6388.8,6388.81,6388.81,6388.8,1.24
1540810680,6388.8,6388.81,6388.81,6388.81,0.066
1540810740,6388.8,6388.81,6388.81,6388.81,0.17
1540810800,6388.8,6388.81,6388.8,6388.81,0.508
1540810860,6388.8,6388.81,6388.81,6388.8,0.29
1540810920,6388.8,6388.81,6388.8,6388.8,0.278
1540810980,6388.8,6388.81,6388.81,6388.81,0.17
1540811040,6385.94,6388.81,6388.8,6385.95,7.99
1540811100,6385.51,6385.94,6385.94,6385.51,0.872
1540811160,6385.51,6385.52,6385.51,6385.51,0.542
1540811220,6385.51,6385.52,6385.51,6385.52,0.271
1540811280,6385.51,6385.52,6385.51,6385.52,0.295
1540811340,6385.51,6386.16,6385.51,6386.15,0.348
1540811400,6386.15,6386.16,6386.16,6386.16,0.881
1540811460,6386.15,6386.16,6386.16,6386.16,1.67
1540811520,6386.15,6386.16,6386.16,6386.15,1.31
1540811580,6386.15,6386.16,6386.16,6386.15,0.586
1540811640,6386.15,6386.61,6386.15,6386.6,0.593
1540811700,6386.15,6386.61,6386.61,6386.26,1.86
1540811760,6386.26,6386.27,6386.26,6386.26,0.0805
1540811820,6385.48,6386.27,6386.27,6385.48,11.55
1540811880,6385.28,6385.49,6385.49,6385.29,5.6
1540811940,6385.01,6385.29,6385.28,6385.01,3.63
1540812000,6375.0,6385.01,6385.01,6375.0,47.94
1540812060,6321.0,6375.01,6375.01,6336.06,274.93
1540812120,6272.43,6335.91,6335.91,6285.25,401.4
1540812180,6278.95,6285.25,6285.25,6278.96,17.9
1540812240,6278.95,6293.43,6278.95,6293.43,96.47
1540812300,6292.25,6310.22,6293.43,6292.72,99.69
1540812360,6292.77,6300.0,6292.77,6299.99,8.76
1540812420,6299.99,6314.86,6300.0,6314.86,8.18
1540812480,6312.0,6315.0,6314.86,6312.01,19.26
1540812540,6301.0,6312.0,6312.0,6306.01,34.18
1540812600,6306.0,6306.01,6306.0,6306.01,1.81
1540812660,6306.01,6310.62,6306.01,6310.62,12.68
1540812720,6310.61,6316.38,6310.61,6316.38,32.28
1540812780,6304.09,6319.86,6316.38,6304.09,30.52
1540812840,6302.52,6311.37,6304.09,6311.37,16.9
1540812900,6311.36,6315.0,6311.37,6315.0,5.52
1540812960,6313.0,6315.0,6315.0,6313.01,0.718
1540813020,6308.01,6313.0,6313.0,6309.82,9.43
1540813080,6309.36,6312.01,6309.82,6312.01,6.86
1540813140,6312.0,6318.97,6312.0,6318.97,13.0
1540813200,6318.19,6318.97,6318.97,6318.19,3.41
1540813260,6315.0,6318.18,6318.18,6315.01,4.92
1540813320,6315.0,6318.57,6315.0,6318.0,10.77
1540813380,6317.99,6322.88,6317.99,6321.0,5.16
1540813440,6320.99,6321.0,6321.0,6321.0,0.919
1540813500,6320.99,6327.88,6321.0,6327.72,9.21
1540813560,6327.72,6327.73,6327.73,6327.73,0.956
1540813620,6327.72,6330.0,6327.72,6329.99,11.91
1540813680,6329.99,6330.0,6330.0,6329.99,0.262
1540813740,6329.99,6330.0,6330.0,6330.0,4.87
1540813800,6328.08,6330.0,6329.99,6328.08,2.9
1540813860,6326.36,6328.09,6328.09,6326.37,6.24
1540813920,6326.36,6326.37,6326.37,6326.36,3.95
1540813980,6321.8,6326.37,6326.36,6321.81,1.44
1540814040,6321.8,6321.81,6321.8,6321.8,0.63
1540814100,6321.8,6321.81,6321.81,6321.8,3.89
1540814160,6321.8,6323.0,6321.81,6323.0,4.49
1540814220,6322.99,6325.0,6323.0,6325.0,9.53
1540814280,6324.99,6327.83,6324.99,6327.83,0.854
1540814340,6327.82,6332.23,6327.82,6332.23,2.82
1540814400,6332.22,6332.23,6332.22,6332.22,0.77
1540814460,6332.22,6332.23,6332.23,6332.23,0.83
1540814520,6332.22,6332.23,6332.23,6332.23,3.0
1540814580,6332.22,6332.23,6332.22,6332.23,1.46
1540814640,6329.88,6332.23,6332.23,6329.88,12.09
1540814700,6327.54,6329.89,6329.89,6327.54,1.23
1540814760,6327.54,6327.55,6327.55,6327.55,0.786
1540814820,6327.54,6327.55,6327.55,6327.55,0.474
1540814880,6327.55,6332.05,6327.55,6332.01,14.65
1540814940,6329.2,6332.05,6332.01,6330.64,2.63
1540815000,6330.63,6330.64,6330.64,6330.64,1.34
1540815060,6330.63,6330.64,6330.64,6330.63,2.63
1540815120,6327.54,6330.18,6330.18,6327.55,3.48
1540815180,6327.54,6327.55,6327.54,6327.55,3.07
1540815240,6318.05,6327.55,6327.55,6318.05,18.8
1540815300,6318.05,6318.06,6318.06,6318.06,4.13
1540815360,6318.05,6318.06,6318.06,6318.06,1.52
1540815420,6318.05,6318.06,6318.06,6318.06,0.719
1540815480,6318.05,6318.06,6318.06,6318.06,0.112
1540815540,6315.0,6318.06,6318.06,6315.0,1.71
1540815600,6310.92,6315.01,6315.01,6310.93,15.48
1540815660,6309.16,6310.93,6310.93,6309.16,2.49
1540815720,6307.01,6309.17,6309.16,6307.01,25.75
1540815780,6296.94,6307.0,6307.0,6296.94,15.95
1540815840,6266.41,6297.55,6296.94,6266.41,104.47
1540815900,6278.58,6282.97,6282.97,6278.59,10.61
1540815960,6278.58,6278.59,6278.59,6278.59,3.77
1540816020,6278.59,6285.0,6278.59,6285.0,18.94
1540816080,6285.0,6290.56,6285.0,6289.93,12.78
1540816140,6289.92,6299.2,6289.93,6297.74,5.85
1540816200,6291.32,6297.74,6297.73,6291.33,15.4
1540816260,6291.32,6291.33,6291.33,6291.33,7.51
1540816320,6278.46,6291.33,6291.33,6278.47,24.33
1540816380,6276.55,6278.47,6278.47,6276.55,8.65
1540816440,6272.99,6276.56,6276.55,6272.99,5.57
1540816500,6258.5,6273.0,6273.0,6258.5,28.27
1540816560,6256.0,6258.5,6258.5,6256.0,44.53
1540816620,6211.51,6256.0,6256.0,6211.51,154.18
1540816680,6211.0,6225.05,6211.5,6225.04,67.61
1540816740,6220.26,6240.0,6225.04,6240.0,40.13
1540816800,6239.99,6242.32,6239.99,6242.32,4.9
1540816860,6242.32,6259.0,6242.32,6256.52,20.72
1540816920,6246.03,6256.52,6256.52,6247.2,13.34
1540816980,6240.44,6247.2,6247.2,6240.44,2.85
1540817040,6240.43,6254.51,6240.43,6254.51,14.57
1540817100,6254.6,6261.0,6254.6,6261.0,7.24
1540817160,6256.33,6261.0,6261.0,6256.34,9.32
1540817220,6256.33,6256.34,6256.34,6256.34,3.99
1540817280,6256.33,6261.19,6256.33,6261.19,13.46
1540817340,6256.33,6261.7,6261.19,6256.33,12.28
1540817400,6256.33,6261.18,6256.34,6261.17,15.96
1540817460,6260.97,6261.17,6261.17,6260.98,3.97
1540817520,6260.97,6260.98,6260.98,6260.98,2.52
1540817580,6248.93,6260.98,6260.98,6248.93,16.97
1540817640,6248.92,6250.67,6248.93,6250.66,5.61
1540817700,6250.67,6254.91,6250.67,6254.91,8.08
1540817760,6255.0,6259.54,6255.0,6258.51,0.74
1540817820,6258.5,6258.95,6258.51,6258.63,10.55
1540817880,6258.63,6262.99,6258.64,6260.29,13.78
1540817940,6260.28,6260.29,6260.28,6260.29,3.15
1540818000,6260.04,6262.56,6260.29,6262.56,15.49
1540818060,6262.55,6269.46,6262.56,6269.46,72.08
1540818120,6256.41,6269.46,6269.46,6262.78,94.19
1540818180,6260.25,6264.54,6264.54,6260.36,13.09
1540818240,6254.02,6265.0,6260.36,6264.11,30.39
1540818300,6265.0,6269.69,6265.0,6269.68,46.23
1540818360,6266.12,6269.68,6269.67,6266.13,14.86
1540818420,6266.12,6266.13,6266.13,6266.12,1.92
1540818480,6266.12,6268.0,6266.13,6267.99,4.86
1540818540,6267.78,6268.0,6268.0,6267.78,2.94
1540818600,6267.79,6269.79,6267.79,6269.79,11.5
1540818660,6269.79,6274.85,6269.79,6272.18,12.49
1540818720,6272.59,6275.0,6273.59,6274.99,6.06
1540818780,6275.0,6299.26,6275.0,6293.81,68.38
1540818840,6292.12,6293.81,6293.81,6292.13,7.51
1540818900,6288.06,6292.13,6292.13,6288.07,17.66
1540818960,6288.06,6288.07,6288.06,6288.07,4.23
1540819020,6280.03,6288.07,6288.07,6280.04,9.07
1540819080,6280.0,6280.04,6280.03,6280.01,1.47
1540819140,6275.81,6280.01,6280.01,6275.81,4.66
1540819200,6270.01,6275.8,6275.8,6270.11,7.57
1540819260,6270.1,6274.27,6270.1,6274.27,10.69
1540819320,6274.26,6280.0,6274.26,6280.0,4.14
1540819380,6280.0,6282.54,6280.01,6282.53,3.05
1540819440,6282.53,6282.54,6282.53,6282.54,3.87
1540819500,6274.01,6282.54,6282.54,6274.01,2.48
1540819560,6270.12,6274.01,6274.01,6273.21,8.17
1540819620,6273.2,6273.72,6273.21,6273.72,4.67
1540819680,6271.16,6273.71,6273.71,6271.2,2.99
1540819740,6266.14,6271.2,6271.2,6267.25,3.52
1540819800,6267.11,6270.29,6268.25,6270.29,2.99
1540819860,6270.28,6273.24,6270.29,6273.24,2.91
1540819920,6265.67,6273.14,6273.14,6267.06,43.54
1540819980,6267.05,6270.8,6267.05,6267.54,21.52
1540820040,6267.54,6270.35,6267.54,6267.54,1.31
1540820100,6263.79,6267.54,6267.53,6264.23,2.03
1540820160,6264.23,6265.8,6264.24,6264.23,6.21
1540820220,6264.23,6269.39,6264.24,6268.35,3.63
1540820280,6268.34,6268.35,6268.35,6268.35,0.546
1540820340,6250.0,6268.35,6268.35,6259.34,111.24
1540820400,6259.0,6259.34,6259.34,6259.01,9.74
1540820460,6259.0,6259.01,6259.0,6259.01,12.48
1540820520,6250.01,6259.01,6259.01,6252.09,20.35
1540820580,6251.33,6252.09,6252.09,6251.33,2.76
1540820640,6251.33,6255.0,6251.34,6252.14,8.18
1540820700,6252.13,6255.0,6252.14,6255.0,2.53
1540820760,6254.99,6260.0,6255.0,6260.0,5.71
1540820820,6260.0,6260.85,6260.0,6260.85,4.77
1540820880,6260.85,6264.06,6260.85,6262.63,0.46
1540820940,6262.62,6262.63,6262.62,6262.62,2.02
1540821000,6259.07,6262.63,6262.63,6259.08,3.48
1540821060,6259.07,6259.08,6259.08,6259.08,1.58
1540821120,6259.07,6260.5,6259.08,6260.21,2.04
1540821180,6260.21,6264.99,6260.21,6264.99,1.11
1540821240,6263.05,6268.65,6264.83,6268.65,0.825
1540821300,6268.64,6270.0,6268.65,6270.0,5.06
1540821360,6269.99,6270.11,6269.99,6270.11,4.22
1540821420,6270.0,6270.11,6270.11,6270.01,5.64
1540821480,6263.67,6270.01,6270.01,6263.68,6.31
1540821540,6263.68,6268.17,6263.68,6266.33,2.2
1540821600,6266.46,6269.57,6266.9,6268.2,5.44
1540821660,6267.0,6268.2,6268.2,6267.0,2.35
1540821720,6266.15,6268.82,6266.93,6266.15,4.27
1540821780,6265.01,6268.97,6266.15,6265.02,3.54
1540821840,6264.41,6265.02,6265.01,6264.42,1.27
1540821900,6264.41,6267.71,6264.41,6267.71,1.08
1540821960,6267.71,6272.3,6267.71,6269.94,7.69
1540822020,6265.07,6269.94,6269.94,6265.07,6.39
1540822080,6265.01,6265.08,6265.08,6265.01,3.01
1540822140,6264.0,6265.01,6265.01,6264.01,4.01
1540822200,6261.04,6264.01,6264.0,6261.05,1.97
1540822260,6261.04,6264.63,6261.04,6264.62,2.83
1540822320,6264.43,6267.36,6264.63,6264.43,2.5
1540822380,6264.43,6267.33,6264.43,6265.01,4.81
1540822440,6260.0,6265.01,6265.01,6261.93,6.36
1540822500,6260.65,6265.0,6261.94,6265.0,2.26
1540822560,6260.32,6263.32,6263.32,6260.32,12.76
1540822620,6260.33,6267.38,6260.33,6265.53,3.41
1540822680,6265.3,6267.85,6265.31,6265.93,7.02
1540822740,6263.81,6265.35,6265.01,6265.35,7.52
1540822800,6263.82,6265.78,6265.35,6265.01,6.38
1540822860,6264.91,6265.01,6265.0,6264.92,6.57
1540822920,6264.91,6267.33,6264.92,6267.32,2.49
1540822980,6266.32,6267.67,6266.37,6267.66,2.69
1540823040,6267.66,6267.67,6267.67,6267.67,2.11
1540823100,6267.66,6269.55,6267.67,6269.55,2.58
1540823160,6266.32,6269.55,6269.55,6269.45,1.54
1540823220,6266.0,6269.44,6269.44,6266.01,3.8
1540823280,6266.01,6268.38,6266.01,6267.83,1.2
1540823340,6264.45,6267.99,6267.84,6266.93,7.63
1540823400,6266.16,6268.0,6266.93,6268.0,0.982
1540823460,6267.99,6269.94,6268.0,6269.94,2.09
1540823520,6269.93,6269.94,6269.93,6269.94,1.21
1540823580,6269.93,6274.19,6269.93,6274.19,6.56
1540823640,6272.44,6274.28,6274.19,6273.2,2.88
1540823700,6273.19,6273.2,6273.2,6273.2,1.82
1540823760,6273.19,6273.3,6273.2,6273.3,2.65
1540823820,6273.29,6273.3,6273.3,6273.3,2.41
1540823880,6273.29,6274.58,6273.29,6274.58,0.818
