1540573200,200.2,200.58,200.5,200.2,5.1
1540576800,200.38,200.7,200.38,200.7,53.93
1540580400,200.1,200.1,200.1,200.1,0.799
1540584000,200.08,200.6,200.19,200.6,7.88
1540598400,200.0,200.0,200.0,200.0,0.011
1540602000,200.78,200.78,200.78,200.78,1.99
1540656000,200.49,200.49,200.49,200.49,2.45
1540659600,200.49,201.46,200.49,201.46,13.21
1540731600,201.03,202.0,201.03,202.0,2.13
1540778400,202.0,202.0,202.0,202.0,1.0
1540782000,202.0,202.93,202.01,202.93,1.28
1540810800,200.01,201.24,201.24,200.01,30.86
1540814400,190.61,200.01,200.01,193.87,34.9
1540818000,194.07,195.5,194.07,195.5,10.72
1540821600,195.44,195.5,195.5,195.44,0.51
1540828800,194.19,194.19,194.19,194.19,40.0
1540839600,194.0,194.08,194.08,194.0,5.67
1540843200,193.47,193.47,193.47,193.47,19.41
1540846800,192.36,193.38,192.36,193.38,0.574
1540850400,194.49,194.49,194.49,194.49,0.0513
1540861200,194.44,194.5,194.5,194.44,0.359
1540875600,194.92,195.97,194.92,195.97,6.11
1540882800,194.71,195.21,194.71,195.21,8.88
1540886400,194.04,194.04,194.04,194.04,2.0
1540911600,194.79,194.79,194.79,194.79,0.0237
1540915200,194.12,194.75,194.75,194.12,0.496
1540929600,193.45,194.04,193.45,194.04,45.34
1540933200,194.04,194.05,194.04,194.05,5.14
1540936800,195.05,195.07,195.05,195.07,2.0
1540947600,195.4,195.4,195.4,195.4,2.06
1540965600,195.4,195.4,195.4,195.4,2.34E-4
1540972800,194.13,194.13,194.13,194.13,0.029
1540994400,193.15,193.46,193.46,193.15,0.0205
1540998000,192.93,197.48,192.93,197.48,12.28
1541005200,196.22,197.0,197.0,196.22,21.91
1541008800,195.71,196.36,195.84,196.36,58.64
1541012400,196.44,196.69,196.51,196.65,45.19
1541016000,196.15,197.04,196.62,197.04,27.35
1541019600,197.04,197.04,197.04,197.04,16.0
1541023200,197.21,197.21,197.21,197.21,0.195
1541030400,197.08,197.08,197.08,197.08,0.0507
1541044800,196.0,196.0,196.0,196.0,15.23
1541048400,196.03,197.3,197.3,196.03,1.0
1541070000,196.2,196.2,196.2,196.2,2.0
1541073600,196.2,197.06,196.2,197.06,1.5
1541077200,196.31,196.31,196.31,196.31,0.37
1541080800,196.61,196.61,196.61,196.61,0.183
1541091600,196.88,196.88,196.88,196.88,0.253
1541098800,197.17,197.18,197.17,197.18,7.58
1541102400,197.2,197.4,197.2,197.4,6.33
1541106000,197.54,198.53,197.54,198.53,51.23
1541109600,197.33,198.2,198.2,197.82,125.29
1541113200,197.7,198.51,197.78,198.51,10.11
1541116800,198.94,199.82,199.2,199.29,6.38
1541120400,199.28,199.94,199.94,199.78,7.54
1541124000,199.27,199.28,199.28,199.27,3.25
1541127600,198.6,199.13,198.61,199.13,36.61
1541134800,199.34,199.34,199.34,199.34,0.05
1541138400,199.26,199.92,199.26,199.92,30.75
1541160000,198.18,198.18,198.18,198.18,0.0581
1541163600,199.35,199.84,199.49,199.68,31.25
1541167200,199.44,199.95,199.44,199.8,54.16
1541170800,200.44,201.35,200.86,200.44,29.95
1541174400,199.96,200.07,200.07,199.96,6.6
1541178000,200.01,200.53,200.01,200.53,11.34
1541185200,199.97,199.97,199.97,199.97,1.99
1541188800,199.99,200.84,200.34,200.11,30.32
1541192400,199.09,200.61,199.96,199.87,33.42
1541196000,199.53,200.42,199.8,199.87,1.64
1541199600,199.37,199.37,199.37,199.37,0.785
1541203200,199.46,199.97,199.46,199.97,0.328
1541206800,199.19,199.19,199.19,199.19,5.43
1541210400,198.58,199.08,198.58,199.08,0.838
1541214000,199.48,199.84,199.48,199.84,0.779
1541217600,199.32,199.66,199.32,199.66,0.526
1541221200,199.05,199.2,199.2,199.05,1.16
1541224800,199.26,200.27,199.26,199.92,35.54
1541232000,198.24,199.26,198.84,199.26,1.27
1541239200,198.11,198.11,198.11,198.11,0.113
1541242800,199.03,199.03,199.03,199.03,0.219
1541253600,199.0,199.0,199.0,199.0,0.782
1541257200,198.48,198.8,198.8,198.48,2.61
1541260800,199.07,199.07,199.07,199.07,0.25
1541264400,197.96,197.96,197.96,197.96,0.31
1541271600,198.24,199.07,198.76,198.24,8.19
1541275200,198.39,199.82,199.44,198.39,17.42
1541278800,199.7,199.7,199.7,199.7,0.999
1541282400,197.38,199.32,198.51,198.22,59.03
1541286000,198.24,199.04,198.43,198.24,4.01
1541289600,197.47,198.24,198.24,197.47,9.44
1541293200,198.51,198.51,198.51,198.51,0.352
1541300400,197.88,197.88,197.88,197.88,0.0531
1541307600,197.81,197.81,197.81,197.81,0.5
1541311200,199.32,199.32,199.32,199.32,9.17
1541314800,200.45,200.45,200.45,200.45,0.517
1541322000,199.92,199.92,199.92,199.92,0.024
1541325600,199.81,200.29,199.81,200.29,0.113
1541332800,200.2,200.2,200.2,200.2,0.547
1541336400,200.18,200.42,200.18,200.4,1.2
1541343600,200.43,205.39,200.43,205.39,3.7
1541347200,203.89,204.28,203.89,204.28,2.9
1541350800,203.62,204.6,204.6,204.24,0.214
1541354400,205.32,216.53,205.32,212.09,12.41
1541358000,211.12,213.45,213.34,211.12,6.74
1541361600,209.11,210.73,210.73,209.11,4.82
1541365200,210.0,210.21,210.0,210.21,43.69
1541368800,209.55,209.8,209.8,209.55,3.12
1541376000,209.75,209.91,209.91,209.75,0.402
1541379600,208.59,208.63,208.63,208.59,0.0999
1541386800,207.85,207.85,207.85,207.85,0.24
1541394000,207.29,207.98,207.29,207.98,2.4
1541408400,207.1,207.1,207.1,207.1,0.481
1541419200,207.8,207.8,207.8,207.8,2.59
1541422800,208.03,210.24,208.03,210.24,3.41
1541426400,209.88,209.88,209.88,209.88,0.24
1541433600,207.91,208.69,208.69,207.91,1.01
1541437200,206.25,206.42,206.42,206.25,1.05
1541440800,205.49,207.28,206.53,205.49,30.08
1541444400,205.61,206.46,205.68,206.46,11.75
1541448000,206.33,206.65,206.33,206.55,27.4
1541451600,206.0,207.43,206.72,206.98,31.37
1541455200,206.02,208.02,206.25,208.02,59.64
1541458800,207.16,208.51,207.16,208.51,12.32
1541462400,208.52,208.97,208.71,208.53,16.2
1541466000,208.51,208.52,208.52,208.51,0.273
1541469600,207.88,208.87,208.51,208.09,71.78
1541473200,207.24,207.51,207.35,207.24,5.58
1541476800,207.25,207.58,207.25,207.4,22.43
1541480400,207.52,209.25,207.52,209.25,274.02
1541484000,208.25,209.4,208.25,209.4,2.64
1541487600,209.89,210.29,210.0,209.91,2.56
1541491200,210.29,212.19,210.29,211.47,13.01
1541494800,211.24,214.0,211.24,214.0,11.68
1541498400,210.96,212.56,212.29,212.22,3.24
1541505600,211.22,212.22,211.22,212.22,55.99
1541509200,212.55,213.91,212.55,213.08,155.97
1541512800,214.34,215.17,214.34,215.17,66.04
1541516400,213.75,216.25,214.02,214.76,39.62
1541520000,213.65,214.55,214.55,213.65,2.14
1541523600,213.97,215.09,213.98,214.03,124.65
1541527200,214.64,214.89,214.64,214.89,1.01
1541530800,213.38,214.86,214.86,213.38,0.668
1541534400,212.9,215.26,212.9,214.34,13.61
1541538000,214.98,215.25,214.98,215.25,16.22
1541541600,215.87,218.83,215.87,217.52,17.59
1541545200,217.09,218.0,217.33,218.0,5.43
1541548800,218.25,223.2,218.25,219.37,8.22
1541552400,220.0,220.67,220.0,220.67,0.279
1541556000,219.83,220.29,220.29,219.83,9.14
1541559600,219.85,220.76,219.85,219.85,114.65
1541563200,218.7,219.92,219.92,218.81,3.89
1541566800,217.88,218.25,218.25,217.88,5.0
1541570400,216.79,217.75,217.75,216.79,0.777
1541574000,217.4,218.34,217.4,218.34,7.89
1541577600,218.45,221.43,218.45,220.46,20.59
1541581200,220.03,220.38,220.38,220.03,2.0
1541584800,218.27,218.61,218.27,218.61,1.57
1541588400,218.71,218.71,218.71,218.71,1.51
1541592000,218.68,219.02,219.02,218.68,1.38
1541595600,219.25,219.75,219.25,219.75,0.03
1541599200,216.75,219.29,219.29,216.75,150.65
1541602800,215.4,216.5,216.5,216.25,8.65
1541606400,216.17,217.25,216.17,217.03,6.43
1541610000,217.12,217.99,217.37,217.82,30.46
1541613600,216.53,217.5,217.5,216.53,46.34
1541617200,216.91,216.98,216.91,216.98,0.442
1541620800,216.26,216.97,216.97,216.31,18.08
1541624400,216.31,217.01,216.31,217.01,50.28
1541628000,216.4,217.01,217.01,217.01,16.15
1541631600,216.42,216.93,216.84,216.88,33.52
1541635200,217.0,218.31,217.0,217.24,22.25
1541638800,216.61,217.43,217.25,216.61,17.29
1541642400,213.43,216.62,216.62,213.64,27.39
1541646000,212.12,213.93,213.93,212.12,139.53
1541649600,212.21,213.63,212.21,213.63,3.79
1541653200,213.05,213.84,213.84,213.05,5.1
1541656800,212.39,212.97,212.87,212.39,13.74
1541664000,212.95,213.83,212.95,213.39,10.27
1541667600,212.92,213.28,213.28,212.92,9.62
1541671200,213.05,214.04,213.05,213.77,43.94
1541674800,213.5,213.83,213.55,213.5,16.91
1541678400,213.49,214.16,213.49,214.15,16.43
1541682000,214.12,215.21,214.12,214.62,177.58
1541685600,214.4,214.63,214.62,214.63,129.12
1541689200,212.73,214.63,214.63,212.73,69.58
1541692800,210.25,212.49,212.42,211.0,401.64
1541696400,211.3,212.52,212.52,211.49,13.19
1541700000,211.31,211.89,211.79,211.89,73.44
1541703600,211.88,211.89,211.88,211.89,3.18
1541707200,211.89,213.86,211.89,212.66,254.83
1541710800,212.44,213.48,213.1,212.73,159.9
1541714400,211.67,213.01,213.01,211.67,92.57
1541718000,210.15,211.48,211.48,210.34,163.96
1541721600,210.47,211.78,210.47,211.21,150.6
1541725200,210.99,211.21,211.16,211.21,68.43
1541728800,210.98,211.57,211.21,210.99,74.84
1541732400,210.95,211.66,210.98,211.52,41.67
1541736000,211.68,212.31,211.78,212.31,74.47
1541739600,211.49,211.55,211.55,211.54,2.24
1541743200,211.36,211.68,211.48,211.61,12.25
1541746800,211.29,211.69,211.39,211.68,19.56
1541750400,211.7,211.7,211.7,211.7,0.802
1541754000,209.3,210.99,210.99,209.86,10.29
1541761200,209.0,209.0,209.0,209.0,0.923
1541764800,209.0,209.44,209.0,209.28,7.51
1541768400,208.0,208.99,208.99,208.99,7.49
1541772000,207.65,207.65,207.65,207.65,2.0
1541775600,208.18,208.3,208.18,208.27,151.22
1541779200,208.28,208.55,208.28,208.55,18.83
1541782800,208.5,208.56,208.55,208.5,40.74
1541786400,208.2,208.46,208.46,208.2,39.94
1541790000,207.81,207.82,207.81,207.82,0.527
1541797200,206.58,207.6,207.5,207.6,40.68
1541800800,207.27,207.99,207.62,207.27,2.31
1541804400,207.99,208.38,207.99,208.38,2.9
1541808000,207.03,207.98,207.98,207.03,114.78
1541811600,207.0,208.04,207.91,208.04,16.46
