1532565900,473.93,475.5,475.49,474.0,261.4065186299999
1532566800,473.83,474.82,474.0,474.53,195.58645887999998
1532567700,474.15,474.62,474.54,474.3,171.43348412
1532568600,474.0,475.07,474.31,475.07,225.61030582
1532569500,475.06,475.5,475.07,475.5,168.53826202000002
1532570400,474.0,475.5,475.5,474.47,483.18949089000006
1532571300,474.0,474.6,474.46,474.16,153.48168107
1532572200,474.15,475.03,474.16,474.92,184.72786926000003
1532573100,474.01,475.0,474.93,474.04,235.63427747999998
1532574000,473.55,474.57,474.04,474.48,203.22119161999998
1532574900,473.77,474.54,474.48,474.54,319.16534415999996
1532575800,474.16,475.29,474.54,474.54,346.31247285
1532576700,474.28,476.0,474.39,475.75,821.7069368099999
1532577600,475.75,476.63,475.76,476.26,413.66849995999996
1532578500,475.37,476.44,476.26,475.61,197.75431079
1532579400,475.13,475.84,475.61,475.5,113.81528129
1532580300,475.94,476.68,476.24,476.23,55.47422719
1532581200,476.0,476.68,476.24,476.58,82.11528172999998
1532582100,476.57,476.58,476.58,476.58,62.62700475999999
1532583000,476.56,476.62,476.58,476.57,198.74317387
1532583900,476.56,476.57,476.56,476.56,61.14052275000001
1532584800,476.0,476.57,476.57,476.37,101.84153673
1532585700,476.12,477.0,476.32,476.54,271.57591537999997
1532586600,476.51,481.96,476.54,481.96,1314.4473088299997
1532587500,481.79,483.88,481.95,482.72,1334.7124325
1532588400,481.12,483.77,482.7,481.13,146.87969340000006
1532589300,480.51,482.51,481.13,480.98,482.11779101
1532590200,478.0,480.98,480.98,478.07,530.10124467
1532591100,478.01,479.67,478.07,479.13,310.97740455999985
1532592000,479.39,482.39,479.4,482.39,248.86373866999983
1532592900,481.17,483.63,482.38,481.18,405.69062749000005
1532593800,481.17,481.99,481.18,481.86,78.08064968
1532594700,480.85,481.86,481.86,481.27,176.82801746
1532595600,481.26,481.37,481.26,481.36,46.47892731
1532596500,481.36,482.87,481.36,482.33,339.42877923000003
1532597400,480.95,482.56,482.32,481.56,132.72218614
1532598300,481.56,481.77,481.57,481.77,69.76674827
1532599200,481.53,482.24,481.78,482.23,306.80338416
1532600100,482.17,483.0,482.23,482.51,407.05543127000016
1532601000,482.0,483.42,482.66,482.12,152.02164068999997
1532601900,482.0,482.5,482.13,482.5,251.16960320999996
1532602800,480.51,482.5,482.49,480.51,599.6123531000001
1532603700,478.0,479.0,478.0,479.0,72.38320645
1532604600,476.9,479.07,479.0,476.91,299.91775927
1532605500,476.9,477.99,476.91,477.44,431.24173950000005
1532606400,475.05,477.44,477.43,476.0,391.0931777799999
1532607300,475.01,476.76,476.0,475.01,531.80200221
1532608200,474.35,476.16,475.02,476.14,378.14999681
1532609100,476.14,478.0,476.14,478.0,370.27963981000016
1532610000,475.78,478.0,478.0,477.0,229.74716308000004
1532610900,476.99,477.0,477.0,476.99,122.22974799
1532611800,476.18,477.0,476.99,476.57,328.76318481999994
1532612700,475.17,476.57,476.56,476.29,290.91759247
1532613600,474.13,476.34,476.27,474.14,364.58765471000004
1532614500,474.13,475.14,474.13,474.87,397.39460797
1532615400,474.43,475.0,474.87,474.99,219.36410222
1532616300,474.99,476.54,475.0,476.54,297.95777331999994
1532617200,476.13,477.0,476.54,476.22,385.47957911999987
1532618100,473.46,476.23,476.22,474.6,986.9197313799998
1532619000,474.99,475.0,475.0,475.0,69.24480521000001
1532619900,474.56,475.0,475.0,474.65,402.36882701999997
1532620800,473.02,474.66,474.65,473.75,905.4093207899998
1532621700,472.87,474.0,473.75,473.72,283.86460293000005
1532622600,473.3,474.34,473.6,474.34,377.4465743
1532623500,474.35,475.8,474.35,475.77,803.7905303900001
1532624400,475.4,476.75,475.74,476.54,522.4754355499999
1532625300,476.22,477.56,476.54,477.41,602.7879238699998
1532626200,475.79,478.0,477.41,476.54,929.8418999499999
1532627100,476.13,476.86,476.42,476.86,49.34106696000001
1532628000,476.86,477.99,476.86,477.27,416.05619544999996
1532628900,476.45,477.55,477.27,476.79,495.87725030999997
1532629800,476.12,476.99,476.49,476.46,550.67182861
1532630700,476.4,476.8,476.48,476.79,241.22452575999998
1532631600,476.4,477.04,476.65,477.04,428.8041951
1532632500,476.92,477.57,477.04,477.38,846.07913228
1532633400,477.2,478.49,477.38,478.48,340.17689819000003
1532634300,478.48,478.79,478.49,478.64,278.65075959999996
1532635200,477.53,478.75,478.1,478.33,199.48307458999997
1532636100,477.91,478.76,478.33,478.1,238.17904946
1532637000,477.2,478.5,478.09,477.21,750.39399605
1532637900,470.14,477.53,477.21,471.48,2405.62414482
1532638800,468.0,471.48,471.48,469.5,1714.2177604099993
1532639700,465.3,469.51,469.51,467.37,1158.7374834299997
1532640600,464.0,467.38,467.37,464.65,1544.9640489899998
1532641500,461.02,465.76,464.65,465.3,2588.3984961399997
1532642400,465.2,466.45,465.97,466.11,366.32379322999986
1532643300,465.57,467.68,466.12,466.5,1214.5582168799997
1532644200,462.22,466.73,466.5,463.91,800.2029321099998
1532645100,462.15,464.5,463.75,462.24,526.08357619
1532646000,460.0,462.24,462.24,460.02,1492.3506025600002
1532646900,460.01,463.83,460.01,463.8,822.6055704199996
1532647800,463.8,465.0,463.8,465.0,409.12860067
1532648700,461.42,465.0,464.99,461.42,1317.40868798
1532649600,461.42,462.9,461.43,462.9,199.80631284
1532650500,462.82,462.99,462.9,462.83,105.67750958000002
1532651400,462.98,462.99,462.99,462.98,49.938698840000015
1532652300,462.98,462.99,462.98,462.99,119.70144038
1532653200,462.52,462.99,462.98,462.65,351.99169192
1532654100,462.5,462.64,462.64,462.51,189.24241278
1532655000,461.32,462.51,462.51,461.32,321.76941205
1532655900,461.31,461.32,461.32,461.32,658.10164957
1532656800,461.31,462.52,461.32,462.52,817.8664087099999
1532657700,462.51,464.24,462.52,463.92,427.18093390999996
1532658600,463.91,464.75,463.92,464.68,211.04176684
1532659500,461.93,464.32,464.32,462.03,449.04358642000005
1532660400,461.61,464.0,462.03,463.85,496.11259164
1532661300,463.85,464.5,463.85,464.38,191.76257464999998
1532662200,464.23,465.01,464.38,464.63,313.6327793599999
1532663100,463.26,464.76,464.63,463.31,337.04204470000013
1532664000,463.24,464.0,463.3,463.71,166.21939662000005
1532664900,463.42,464.76,463.44,464.76,97.83136033
1532665800,463.56,465.01,464.76,463.8,318.43483032999995
1532666700,463.81,465.0,463.81,465.0,104.7777655
1532667600,464.99,465.0,465.0,465.0,47.82144512000001
1532668500,464.23,465.0,464.99,464.23,156.92548148999998
1532669400,464.23,464.28,464.24,464.28,73.00177908
1532670300,463.5,464.76,464.27,463.5,245.55233006999998
1532671200,463.33,464.05,463.51,464.04,201.82299204
1532672100,462.7,464.05,464.05,462.93,227.29650901999997
1532673000,462.17,463.52,462.71,463.45,308.7481801899999
1532673900,463.44,463.45,463.45,463.44,37.023539570000004
1532674800,462.0,462.01,462.01,462.0,67.51749703
1532675700,459.29,461.92,461.92,459.3,687.8427102899998
1532676600,457.64,459.3,459.3,458.11,507.026023
1532677500,458.1,460.0,458.11,460.0,237.25625169
1532678400,459.99,465.54,460.0,465.54,569.35194237
1532679300,461.97,465.54,465.54,463.5,343.40755237
1532680200,463.49,465.0,463.5,464.14,339.86895303999995
1532681100,464.13,464.99,464.14,464.15,281.88957380999994
1532682000,463.37,464.15,464.15,463.79,141.14518152
1532682900,463.22,463.9,463.56,463.81,50.687187560000005
1532683800,463.8,464.5,463.8,464.39,73.02967968
1532684700,463.56,464.5,464.38,463.9,85.83447826000003
1532685600,462.52,464.5,463.9,463.69,162.42955321
1532686500,462.58,463.69,463.69,463.54,168.23100632
1532687400,463.54,464.5,463.54,464.5,109.78980385999999
1532688300,464.4,464.44,464.41,464.44,102.57890155000001
1532689200,463.24,464.44,464.44,463.24,365.31376899
1532690100,460.9,463.24,463.24,460.91,124.84672205
1532691000,460.36,461.0,460.91,460.36,418.08392256
1532691900,460.36,461.62,460.37,461.61,121.56638115
1532692800,461.33,462.0,461.62,461.57,133.42847462
1532693700,460.17,461.57,461.57,460.35,249.39166567000004
1532694600,459.07,460.47,460.36,459.73,441.90431229
1532695500,456.31,459.74,459.74,458.63,1173.9454434799998
1532696400,456.0,460.27,458.63,458.98,953.4458049
1532697300,458.97,460.73,458.98,459.72,576.77333772
1532698200,459.03,461.1,459.73,460.82,470.61766844999994
1532699100,459.86,460.45,460.45,460.26,252.39486484
1532700000,459.33,460.64,460.26,460.1,492.24817314
1532700900,460.1,460.65,460.11,460.63,266.59795253
1532701800,458.7,460.63,460.63,459.64,1414.46127435
1532702700,454.25,459.97,459.63,455.7,2295.2775391000005
1532703600,455.7,465.0,455.7,463.76,1830.7984321999995
1532704500,463.18,466.6,463.78,465.97,1819.75916682
1532705400,463.53,466.57,465.96,464.41,2042.1741646899993
1532706300,464.08,466.33,464.41,465.7,815.0602186400001
1532707200,465.38,466.99,465.69,466.98,262.81600199
1532708100,465.81,467.0,466.99,466.0,670.45494373
1532709000,466.0,468.0,466.01,467.52,706.8545422300001
1532709900,466.1,467.55,467.36,466.68,661.8045230400002
1532710800,465.6,466.75,466.67,466.49,379.39980364000013
1532711700,465.17,466.99,466.49,465.18,358.23110366000003
1532712600,465.17,466.55,465.17,466.21,358.65370629999995
1532713500,466.2,466.52,466.21,466.52,162.96046874
1532714400,466.51,467.85,466.51,467.71,391.47630512999996
1532715300,467.69,468.49,468.0,468.24,383.74861267999995
1532716200,468.0,468.8,468.25,468.76,298.72118487000006
1532717100,468.5,468.89,468.76,468.89,284.30948993000004
1532718000,467.58,468.9,468.89,467.58,587.65188482
1532718900,467.58,468.9,467.59,468.89,1027.88519319
1532719800,466.5,468.9,468.89,467.46,553.62657051
1532720700,466.79,468.0,467.45,467.03,410.30145931
1532721600,466.8,468.62,467.03,466.81,356.3594539
1532722500,467.13,467.14,467.13,467.13,12.565405209999998
1532723400,466.74,467.13,467.13,466.75,222.74804751000002
1532724300,466.74,466.75,466.74,466.75,180.61776042
1532725200,466.73,468.3,466.74,466.74,922.32777369
1532726100,466.73,467.59,466.74,467.59,122.57867446
1532727000,467.58,472.8,467.59,472.79,1472.1551143899994
1532727900,472.45,473.33,472.8,472.46,330.48033491999996
1532728800,472.43,472.46,472.45,472.44,323.55764192999993
1532729700,470.09,472.44,472.44,470.59,357.32340292
1532730600,470.59,471.35,470.6,471.16,478.9444094600001
1532731500,471.16,471.99,471.17,471.9,394.94354697999995
1532732400,471.9,472.44,471.91,472.44,405.97951171
1532733300,468.26,472.44,472.44,469.76,1078.2755564699999
1532734200,468.01,469.76,469.75,468.13,492.02987347000004
1532735100,468.12,469.8,468.13,469.3,216.97652746999998
1532736000,469.29,471.01,469.3,470.57,580.65661592
1532736900,469.9,470.57,470.57,470.0,228.97936875999997
1532737800,469.99,470.34,470.0,470.25,177.50358001
1532738700,470.25,470.26,470.26,470.25,142.86170929
1532739600,469.36,470.26,470.26,469.37,384.06835306000005
1532740500,469.36,469.37,469.37,469.37,85.08434539
1532741400,469.36,469.37,469.37,469.36,177.19510751999997
1532742300,469.1,469.37,469.37,469.2,307.41613399
1532743200,468.01,469.35,469.26,468.38,205.09019639999997
1532744100,468.62,469.26,468.62,469.11,119.89403165999998
1532745000,468.41,469.11,469.1,468.6,178.89766412
1532745900,468.6,469.26,468.61,469.15,156.83343151000003
1532746800,468.86,469.2,469.15,469.04,133.71514943
1532747700,468.47,469.04,469.04,468.48,52.97125469999999
1532748600,468.02,468.48,468.47,468.02,94.18417896
1532749500,468.02,469.2,468.03,469.2,372.54410561
1532750400,469.19,470.15,469.2,469.71,630.1625636399999
1532751300,469.11,470.12,469.72,469.48,190.51940952000018
1532752200,469.4,470.2,469.48,469.78,136.18078009999996
1532753100,469.77,470.46,469.78,469.87,90.58826889000001
1532754000,469.86,470.05,470.05,469.86,18.747515360000005
1532754900,469.86,470.0,469.86,470.0,56.27508091999999
1532755800,469.99,470.35,470.0,470.34,62.33848343999999
1532756700,469.42,470.35,470.35,469.58,290.04064718000006
1532757600,469.34,469.7,469.42,469.6,47.96217718
1532758500,469.15,469.6,469.6,469.41,156.48267594
1532759400,469.41,469.89,469.42,469.89,128.67522186999997
1532760300,469.7,470.7,469.88,470.26,74.83574055
1532761200,470.06,470.5,470.26,470.24,46.494730149999995
1532762100,469.8,470.0,469.99,469.81,52.035247819999995
1532763000,469.8,470.0,469.81,470.0,78.70562283000001
1532763900,469.99,470.0,470.0,469.99,55.49551586
1532764800,469.99,470.45,470.0,470.45,197.69403108000003
1532765700,470.45,471.0,470.45,471.0,109.52556315000001
1532766600,469.99,471.0,471.0,470.0,322.00774621999994
1532767500,469.99,470.0,470.0,469.99,86.96042357
1532768400,468.44,470.01,469.99,468.44,250.96143607999997
1532769300,468.44,469.81,468.45,469.16,84.16354231
1532770200,468.81,469.14,469.14,468.82,12.206092329999999
1532771100,468.38,469.31,468.82,469.31,135.75127878
1532772000,469.31,469.76,469.31,469.65,35.331051089999995
1532772900,469.63,469.65,469.65,469.64,42.17733295
1532773800,469.0,469.64,469.64,469.01,26.531530059999998
1532774700,468.2,469.01,469.01,468.22,116.84320168
1532775600,466.0,468.22,468.22,466.5,502.11936944000007
1532776500,464.07,468.15,467.0,467.72,1039.8023765799996
1532777400,466.93,467.73,467.73,467.52,221.02474085
1532778300,467.51,467.86,467.52,467.85,54.69445175
1532779200,466.71,467.53,467.53,466.89,168.53961341000002
1532780100,466.88,466.89,466.88,466.89,136.22581269000003
1532781000,466.88,466.89,466.88,466.89,120.54250639
1532781900,466.88,467.38,466.89,467.33,293.0213098699999
1532782800,467.05,467.46,467.34,467.06,147.73443174
1532783700,467.05,467.06,467.06,467.05,106.72844131
1532784600,465.48,467.06,467.05,466.19,142.48830097
1532785500,465.23,466.24,466.19,465.83,170.46635764999996
1532786400,464.51,464.51,464.51,464.51,0.42229227999999996
1532787300,463.58,464.56,464.52,463.8,171.13082192000002
1532788200,463.0,464.75,463.8,464.75,690.6856866500002
1532789100,464.28,465.79,464.75,464.28,151.60532024
1532790000,462.61,464.17,464.17,462.72,194.06580548999997
1532790900,462.1,462.73,462.73,462.16,194.43796105000004
1532791800,461.33,463.54,462.16,462.46,580.44166262
1532792700,461.25,463.14,462.83,463.0,205.37064491
1532793600,462.99,465.47,463.0,465.0,412.68935816
1532794500,465.13,465.2,465.14,465.2,15.097121029999998
1532795400,464.08,465.14,465.14,464.64,170.26828847999997
1532796300,464.4,465.8,464.63,465.49,205.67034578999997
1532797200,465.01,465.66,465.66,465.55,126.34876670999998
1532798100,464.92,465.93,465.54,465.93,332.47537122999995
1532799000,465.0,466.25,465.93,465.77,144.40164077
1532799900,465.2,465.81,465.76,465.81,272.5582567
1532800800,465.01,465.81,465.81,465.5,170.00155685000001
1532801700,465.49,465.5,465.49,465.49,178.32418194
1532802600,465.49,465.5,465.5,465.5,155.81639438
1532803500,465.49,466.0,465.5,466.0,280.92276238000005
1532804400,465.99,466.27,465.99,466.27,92.36438162
1532805300,466.26,466.56,466.26,466.56,83.43100264
1532806200,465.21,466.56,466.56,465.62,240.05089508999998
1532807100,465.15,466.41,465.62,465.66,240.39361741
1532808000,465.0,465.68,465.66,465.6,222.34655396
1532808900,464.28,465.6,465.59,464.28,290.4797318100001
1532809800,464.23,464.98,464.29,464.65,88.17593483000002
1532810700,464.01,464.65,464.64,464.12,149.53849247000002
1532811600,464.12,464.13,464.13,464.13,131.7956442
1532812500,464.12,464.13,464.13,464.13,199.43356139000005
1532813400,464.12,464.13,464.13,464.13,88.54812466999998
1532814300,464.12,464.13,464.12,464.12,53.0227762
1532815200,464.12,464.3,464.12,464.13,439.20525713000006
1532816100,464.12,465.97,464.13,465.97,257.50008329
1532817000,465.96,467.54,465.96,466.95,168.60918427
1532817900,466.94,467.36,466.95,467.15,121.25659847000001
1532818800,467.08,467.35,467.15,467.09,128.71365649
1532819700,466.25,467.41,467.08,467.41,254.24188988000003
1532820600,467.3,467.41,467.41,467.38,98.08167759999999
1532821500,466.73,468.12,467.31,468.12,296.4518707299999
1532822400,468.11,471.0,468.12,470.98,705.74713219
1532823300,469.5,471.37,470.98,469.76,409.61008864999997
1532824200,469.52,470.3,469.76,469.53,203.99090255
1532825100,468.6,470.22,469.54,468.6,309.47881212000004
1532826000,467.98,468.61,467.99,468.51,80.10664407000002
1532826900,468.4,468.83,468.51,468.83,86.32513449999999
1532827800,468.4,468.83,468.83,468.41,67.9232058
1532828700,468.4,469.0,468.4,469.0,75.20759766
1532829600,468.99,469.58,469.0,469.44,222.38895843
1532830500,468.5,469.8,469.44,468.51,243.98239389999995
1532831400,468.5,469.06,468.51,468.51,101.85663596
1532832300,468.4,469.34,468.5,468.41,323.4295168399999
1532833200,467.46,468.41,468.41,467.81,126.66210572000001
1532834100,467.6,467.77,467.77,467.62,62.86947749
1532835000,465.51,467.62,467.62,465.92,584.3043793899998
1532835900,465.66,466.79,465.93,466.13,83.08238849
1532836800,466.12,466.46,466.12,466.37,51.56115864999999
1532837700,465.5,466.37,466.37,465.51,111.16637831
1532838600,465.1,465.96,465.51,465.11,74.7564632
1532839500,464.5,465.11,465.11,464.51,48.85974220000001
1532840400,464.07,465.4,464.51,465.0,114.50929333000003
1532841300,465.0,465.5,465.01,465.5,115.61400421
1532842200,465.49,466.64,465.5,466.62,201.48605949999998
1532843100,466.0,466.46,466.46,466.01,28.3358673
1532844000,466.0,466.72,466.0,466.08,189.03402331999996
1532844900,465.5,466.08,466.08,465.51,97.90181852000002
1532845800,465.5,466.18,465.51,466.18,36.96158362
1532846700,465.96,466.18,466.18,465.96,286.50237131
1532847600,465.59,465.96,465.96,465.6,35.0327015
1532848500,465.1,465.6,465.6,465.59,90.35714695
1532849400,465.58,465.59,465.59,465.59,16.293819250000002
1532850300,465.0,465.59,465.59,465.01,206.69488273000002
1532851200,464.4,464.41,464.41,464.41,10.42291019
1532852100,464.35,464.88,464.41,464.36,170.17945124000002
1532853000,464.01,464.36,464.36,464.02,68.28343036
1532853900,464.0,464.02,464.01,464.01,43.702173189999996
1532854800,464.0,464.48,464.0,464.48,34.30900619
1532855700,464.48,464.71,464.48,464.48,51.149777369999995
1532856600,464.48,464.99,464.49,464.99,32.47198449
1532857500,464.13,464.99,464.99,464.6,91.69386249999998
1532858400,464.59,464.91,464.6,464.59,88.74096723
1532859300,464.59,464.91,464.6,464.91,35.66201227
1532860200,464.13,464.91,464.91,464.13,292.28375213000004
1532861100,463.96,464.14,464.14,464.1,59.45878675
1532862000,464.09,464.56,464.1,464.32,233.11856290999998
1532862900,463.5,464.33,464.33,463.51,47.392640019999995
1532863800,462.0,463.51,463.51,462.47,592.714109
1532864700,462.47,464.67,462.48,464.67,452.7313515999999
1532865600,463.27,464.67,464.66,464.53,59.120876349999996
1532866500,464.52,464.91,464.53,464.75,83.86718677
1532867400,464.02,464.76,464.76,464.53,55.38552646000001
1532868300,465.15,466.27,466.27,465.42,56.781218909999986
1532869200,465.42,466.22,465.42,465.52,148.62333856999996
1532870100,464.52,465.53,465.53,464.52,69.49965495000001
1532871000,463.15,464.53,464.53,464.4,439.95065745000005
1532871900,463.87,464.53,464.4,463.88,81.57646408000001
1532872800,463.87,465.5,463.88,465.43,141.32897279000002
1532873700,465.42,466.32,465.43,466.0,278.53289824
1532874600,465.99,466.5,466.0,466.21,142.29598774
1532875500,465.79,466.21,466.21,465.88,142.37556768000002
1532876400,466.22,466.47,466.23,466.47,47.00338701
1532877300,466.46,467.02,466.46,467.01,235.47899957999996
1532878200,466.3,467.02,467.02,466.81,358.71784648
1532879100,466.51,466.97,466.82,466.91,284.5329172800001
1532880000,465.87,466.91,466.91,465.88,1033.6970283199998
1532880900,465.31,465.88,465.88,465.31,241.89289339
1532881800,464.65,465.33,465.31,464.66,277.62325981000004
1532882700,464.39,464.66,464.66,464.4,204.50537078999997
1532883600,464.38,464.4,464.4,464.4,178.28570152000006
1532884500,464.39,465.25,464.4,465.25,308.0595923
1532885400,465.32,465.72,465.71,465.33,46.06969934
1532886300,464.84,465.33,465.33,465.02,133.38866998
1532887200,465.01,466.22,465.04,465.79,180.56491794
1532888100,465.41,466.0,465.79,466.0,163.98737334999998
1532889000,465.54,466.4,466.0,466.3,143.57652898
1532889900,466.07,466.4,466.3,466.4,134.85333021
1532890800,466.03,466.65,466.4,466.04,371.33205168999996
1532891700,465.77,466.04,466.04,465.96,207.34792366
1532892600,465.95,466.25,465.96,466.22,203.82708206000004
1532893500,466.1,466.11,466.1,466.11,37.1248679
1532894400,466.04,466.15,466.11,466.04,189.98774316999996
1532895300,466.03,466.05,466.04,466.04,127.51658548000002
1532896200,466.03,466.04,466.04,466.04,312.73255912999997
1532897100,466.03,466.22,466.03,466.04,856.3740936400001
1532898000,465.55,466.04,466.04,465.87,226.85686983000002
1532898900,465.52,466.0,465.87,465.59,177.69323732
1532899800,465.0,465.6,465.6,465.1,441.27670144
1532900700,464.88,465.24,465.1,465.12,188.68655374000005
1532901600,464.39,465.1,465.1,464.52,170.32305503000006
1532902500,464.39,464.65,464.52,464.65,131.93737833
1532903400,464.64,465.03,464.65,464.73,221.8659007
1532904300,464.49,465.08,464.73,464.92,260.21619026999997
1532905200,464.59,465.13,464.91,464.94,172.36101461999996
1532906100,464.77,468.07,464.94,468.07,470.2747420400001
1532907000,467.4,469.2,468.07,467.41,502.78755565999995
1532907900,465.91,467.41,467.41,466.01,231.48312357
1532908800,459.63,466.4,466.01,461.46,2591.3794025099996
1532909700,461.45,462.96,461.46,462.7,198.24210173999995
1532910600,461.12,462.69,462.69,461.81,350.91545955000004
1532911500,462.2,463.68,462.89,463.42,175.0927936
1532912400,462.76,463.78,463.41,463.78,318.66038458
1532913300,463.18,465.38,463.78,465.38,268.1447526999999
1532914200,465.38,469.0,465.38,467.04,1545.2292859799995
1532915100,465.85,467.31,467.03,467.11,192.28184846999994
1532916000,465.29,467.2,467.11,466.25,433.22079178999996
1532916900,465.57,466.26,465.86,465.93,417.37857120000007
1532917800,465.92,466.47,465.93,466.47,192.89638370999998
1532918700,465.27,466.47,466.47,465.88,259.5944370600001
1532919600,465.41,465.97,465.88,465.92,66.24103644000002
1532920500,465.18,466.47,465.91,465.18,429.4470084300001
1532921400,465.05,465.23,465.18,465.05,145.3960133
1532922300,464.27,465.29,465.05,465.1,192.69469439999997
1532923200,464.33,465.33,465.11,464.71,135.94691976999997
1532924100,463.98,464.72,464.72,463.99,142.07440394000002
1532925000,463.54,464.0,463.99,463.99,173.83526436000002
1532925900,463.64,464.17,464.0,464.0,379.96415566999997
1532926800,463.78,464.0,464.0,463.92,167.71400846
1532927700,463.91,463.92,463.92,463.92,102.28791501000002
1532928600,463.47,463.92,463.92,463.47,184.45972099
1532929500,463.47,463.48,463.48,463.47,86.87076854000001
1532930400,463.47,463.48,463.47,463.47,57.119913909999994
1532931300,462.62,463.48,463.48,463.18,282.52797472000015
1532932200,463.06,463.48,463.17,463.48,296.48780502999995
1532933100,462.13,463.48,463.48,462.67,253.08088547999995
1532934000,462.0,462.87,462.71,462.16,134.54528596999998
1532934900,462.15,462.6,462.15,462.6,94.55867832000001
1532935800,462.59,462.84,462.6,462.83,53.29372
1532936700,462.83,463.59,462.84,463.29,67.44663588
1532937600,463.28,464.0,463.28,463.42,99.42364248
1532938500,462.9,463.64,463.41,462.9,116.76104258999997
1532939400,462.76,462.91,462.91,462.76,76.17685470999999
1532940300,462.07,462.77,462.77,462.32,48.86450395999999
1532941200,462.32,462.33,462.33,462.33,24.971550160000007
1532942100,462.27,463.05,462.32,462.93,42.01262269
1532943000,461.9,462.92,462.92,461.93,90.26924235999999
1532943900,460.02,460.83,460.45,460.83,16.96771689
1532944800,459.92,460.99,460.57,460.89,158.30909127000007
1532945700,460.74,461.0,460.89,460.75,107.75296361000002
1532946600,460.0,460.75,460.75,460.1,790.94662756
1532947500,459.45,460.11,460.11,459.97,520.7252449400002
1532948400,459.42,459.97,459.97,459.43,477.20537106000006
1532949300,458.54,460.0,459.43,460.0,1053.1366506000002
1532950200,458.92,460.0,460.0,459.99,400.4874639200002
1532951100,459.98,460.85,459.99,460.85,127.24075197
1532952000,460.53,461.0,460.85,460.6,213.96104896000003
1532952900,460.3,460.69,460.53,460.31,55.066325819999975
1532953800,459.49,460.33,460.3,460.01,152.68133289
1532954700,459.65,460.11,460.01,459.76,181.67836090000003
1532955600,459.49,460.01,459.82,459.8,110.5802061
1532956500,459.79,460.4,459.79,460.04,482.1887976500001
1532957400,458.53,460.05,460.05,458.96,411.31582913
1532958300,458.95,459.71,458.95,458.96,306.10895568
1532959200,458.95,460.25,458.96,460.1,286.5286874699999
1532960100,459.68,460.11,460.11,459.68,228.85961638999999
1532961000,458.77,459.03,459.03,459.0,153.62582286999998
1532961900,458.99,461.98,459.0,461.51,1581.4497129299994
1532962800,460.45,462.33,461.52,460.45,661.1708948099997
1532963700,459.48,460.46,460.46,459.49,300.29427605000006
1532964600,457.38,459.49,459.48,457.49,1145.2344944399995
1532965500,455.57,458.05,457.5,455.85,1380.9469071499993
1532966400,455.1,456.5,455.86,455.1,868.3154256999999
1532967300,453.21,455.5,455.1,453.89,1269.8996926999992
1532968200,453.47,453.89,453.88,453.87,542.40236843
1532969100,453.56,454.66,453.86,454.65,630.80272053
1532970000,453.6,454.66,454.65,453.6,334.90476630999996
1532970900,451.68,453.61,453.6,452.85,1259.0837768799993
1532971800,449.53,452.87,452.85,449.54,3090.5599811999996
1532972700,447.4,449.94,449.57,448.64,1669.0821747799998
1532973600,446.0,449.43,448.64,449.19,1417.5740883900003
1532974500,447.02,449.4,449.18,447.82,785.95814095
1532975400,447.81,449.62,447.82,448.9,788.39897673
1532976300,447.87,449.69,448.79,449.58,937.4999425
1532977200,449.04,451.9,449.58,449.27,853.8668345600001
1532978100,449.27,453.0,449.28,451.23,891.0791023100002
1532979000,451.24,453.56,451.24,453.4,800.7887791999999
1532979900,452.3,454.36,453.32,452.78,1096.04378929
1532980800,451.47,453.54,452.77,452.18,561.2311298799998
1532981700,452.16,453.6,452.17,453.6,360.07554835999997
1532982600,451.9,454.45,453.6,452.49,861.0451013299999
1532983500,451.48,453.74,452.5,453.73,809.20985367
1532984400,452.6,453.74,453.74,452.61,402.77206823000006
1532985300,452.69,452.7,452.7,452.69,17.500100530000005
1532986200,452.68,453.86,452.69,453.86,664.9004688800001
1532987100,452.6,453.86,453.86,453.0,242.69638235999997
1532988000,452.69,453.86,453.0,453.85,190.20906468000004
1532988900,453.85,455.0,453.86,454.9,665.4662365
1532989800,454.0,454.91,454.91,454.14,347.98558917999986
1532990700,454.13,455.68,454.14,455.36,405.94708388
1532991600,455.01,455.94,455.36,455.34,243.43455936
1532992500,455.19,455.88,455.35,455.65,351.82225255
1532993400,455.28,455.5,455.5,455.3,163.71683678
1532994300,455.28,460.0,455.5,456.46,2851.6003961100014
1532995200,455.33,456.46,455.34,456.46,63.94059547
1532996100,456.28,457.3,456.45,456.28,288.49773821
1532997000,455.0,456.7,456.43,455.35,159.38448999000005
1532997900,454.67,455.66,455.34,454.68,135.39859047
1532998800,452.6,455.09,454.68,452.84,859.2350957699999
1532999700,452.6,453.84,452.84,453.59,270.97559808
1533000600,453.42,454.29,453.59,453.81,393.6084591200001
1533001500,452.86,453.97,453.72,452.99,247.75237932
1533002400,452.99,453.76,453.0,453.75,147.81181748999998
1533003300,452.8,453.0,452.93,452.99,26.61404629999999
1533004200,452.63,453.0,453.0,452.97,181.11789107999996
1533005100,452.07,452.97,452.97,452.09,282.36440659
1533006000,451.13,452.09,452.09,451.32,468.48029810000014
1533006900,451.0,451.33,451.32,451.1,125.29305852
1533007800,450.23,451.1,451.09,450.23,942.2832454299999
1533008700,450.23,451.0,450.23,450.26,372.26328217000014
1533009600,449.72,450.26,450.26,449.72,207.94377262000003
1533010500,449.66,449.7,449.7,449.67,187.18731322
1533011400,449.67,451.0,449.67,451.0,318.20419962
1533012300,450.99,451.48,451.47,451.26,73.82630977
1533013200,450.37,451.26,451.26,450.97,136.82033575
1533014100,450.71,451.76,451.22,451.26,145.85309131999998
1533015000,451.25,451.26,451.26,451.26,33.80662572000001
1533015900,451.0,451.26,451.25,451.24,73.62403841999999
1533016800,451.01,451.24,451.24,451.21,81.91468405999998
1533017700,451.0,451.22,451.22,451.0,86.63334873
1533018600,450.71,451.01,451.01,450.71,124.02220639000001
1533019500,450.11,450.72,450.71,450.11,205.5253311
1533020400,450.1,450.12,450.11,450.1,14.04624301
1533021300,450.0,450.11,450.11,450.01,103.57444363999998
1533022200,449.36,450.01,450.0,449.36,133.63726422999997
1533023100,449.33,449.37,449.37,449.34,59.55672703999999
1533024000,447.63,449.34,449.34,448.08,1088.686241080002
1533024900,447.25,448.08,448.07,447.26,260.75308546
1533025800,446.36,447.25,447.25,446.37,478.24760836999997
1533026700,443.21,446.37,446.36,445.43,1309.5966648699987
1533027600,445.01,447.17,445.44,446.29,274.65904329999995
1533028500,445.0,446.28,446.28,445.0,41.39453924
1533029400,445.19,447.65,445.3,447.65,330.53994778999987
1533030300,444.46,447.51,447.5,445.15,241.18777354999986
1533031200,444.41,445.75,445.01,444.84,147.91159953000002
1533032100,440.2,444.83,444.83,440.47,925.39688005
1533033000,437.14,440.52,440.3,438.68,1754.2314905999988
1533033900,432.58,439.28,438.69,432.58,1244.9008953100001
1533034800,431.6,435.86,432.58,433.99,1247.5463767300002
1533035700,433.99,437.29,434.0,437.29,469.47858757
1533036600,437.31,440.52,437.32,439.15,710.87252725
1533037500,437.1,440.52,439.16,437.73,364.3703190300001
1533038400,435.01,438.1,438.08,435.38,464.18263880999996
1533039300,431.95,435.38,435.37,433.93,788.3808959600002
1533040200,430.18,434.14,433.93,433.6,1881.0401853099995
1533041100,431.31,434.33,433.59,432.6,847.6676987899999
1533042000,431.66,434.42,432.6,434.25,764.79899515
1533042900,433.02,434.25,434.24,434.17,688.96005551
1533043800,434.17,436.05,434.18,436.05,597.48795723
1533044700,429.38,436.05,436.05,430.29,2342.30367328
1533045600,427.33,432.21,430.29,431.79,2490.2649397
1533046500,430.71,431.93,431.32,430.84,440.4309803099999
1533047400,430.05,432.07,430.85,430.55,824.1308468699999
1533048300,429.35,431.03,430.56,430.41,716.2528321799999
1533049200,428.5,430.42,430.42,429.16,1254.76486414
1533050100,428.96,431.16,429.16,430.24,695.1299075799997
1533051000,429.5,430.74,430.09,430.01,644.6653007100001
1533051900,430.0,430.43,430.01,430.33,528.72711299
1533052800,428.54,430.61,430.26,430.61,1019.0688001900003
1533053700,430.56,432.45,430.61,432.29,918.6468241899998
1533054600,430.62,432.67,432.28,431.5,708.07701198
1533055500,431.64,432.34,431.78,432.34,47.60301505999999
1533056400,432.0,433.93,432.34,432.0,869.87182672
1533057300,431.58,435.99,432.01,434.32,2295.77057782
1533058200,432.7,434.26,434.1,433.98,632.8941239
1533059100,433.01,434.45,433.93,433.46,478.8597314499999
1533060000,432.28,433.79,433.46,432.29,405.98758159
1533060900,431.68,433.0,432.28,432.42,691.6435196399998
1533061800,431.44,432.67,432.19,432.59,440.9824471700001
1533062700,432.2,433.99,432.6,433.19,1080.9557491899998
1533063600,432.63,434.44,433.19,434.43,521.3493723
1533064500,433.25,434.36,434.01,433.26,291.52017821
1533065400,433.0,434.0,433.26,433.54,210.45440178000004
1533066300,433.54,435.0,433.54,434.52,664.98344258
1533067200,432.82,434.52,434.52,433.01,520.9077934199998
1533068100,433.0,433.67,433.01,433.47,295.76245321
1533069000,432.89,433.97,433.47,432.89,505.69561176
1533069900,431.26,432.9,432.9,431.95,584.4124306900001
1533070800,431.62,432.5,431.95,432.44,417.78378834000006
1533071700,431.5,432.44,432.43,432.26,481.13565274
1533072600,431.37,432.75,432.46,431.38,806.7703104999999
1533073500,431.38,432.53,431.38,431.55,315.38993206000004
1533074400,431.06,432.33,431.56,431.53,464.35158192999995
1533075300,431.06,431.91,431.54,431.31,628.1268426500001
1533076200,431.06,431.87,431.31,431.62,304.21276292000005
1533077100,430.48,431.62,431.61,430.48,338.03912404000016
1533078000,429.3,431.0,430.49,430.21,634.3895258800002
1533078900,428.3,430.51,430.21,428.31,971.81246656
1533079800,428.3,433.88,428.31,432.5,2360.71441293
1533080700,431.7,433.78,432.51,432.35,1483.3840079799998
1533081600,432.29,433.4,432.36,432.66,1304.12040552
1533082500,432.7,434.02,432.71,434.02,815.2070782999999
1533083400,434.01,435.48,434.02,434.02,1637.9680999799998
1533084300,431.83,434.02,434.02,431.84,858.0776961500002
1533085200,430.34,432.48,431.84,431.99,1555.2916568
1533086100,431.11,432.68,432.0,431.37,1006.3385655000002
1533087000,425.6,431.37,431.37,425.61,1792.4402216599988
1533087900,415.61,426.37,425.6,415.62,6900.711545009999
1533088800,412.0,418.75,415.62,414.76,4590.38774899
1533089700,412.08,414.99,414.75,414.92,2833.72632272
1533090600,414.29,416.13,414.29,416.13,389.23460683999997
1533091500,414.0,416.75,416.12,416.75,1511.3620275600001
1533092400,416.06,417.29,416.75,417.0,892.0010589999999
1533093300,417.0,418.3,417.0,418.3,686.2856727799999
1533094200,417.51,418.98,418.3,417.56,751.6588805099999
1533095100,416.28,417.84,417.72,417.44,602.39847579
1533096000,416.79,417.74,417.44,417.74,335.66017299
1533096900,417.73,418.93,417.74,418.01,669.53118399
1533097800,418.07,418.65,418.08,418.26,251.14941526
1533098700,415.21,418.33,418.26,416.34,1051.5325122799998
1533099600,417.1,417.42,417.34,417.4,35.84898966
1533100500,416.67,417.4,417.39,417.23,353.99904486
1533101400,415.0,417.23,417.23,416.33,906.00318385
1533102300,416.14,418.5,416.41,418.36,899.89656033
1533103200,418.03,418.82,418.37,418.37,378.31463635
1533104100,418.33,419.0,418.37,418.97,831.8169844699997
1533105000,418.97,421.54,418.97,420.85,1904.931919989999
1533105900,420.69,422.0,420.86,420.69,936.9637303100002
1533106800,420.06,421.33,420.69,420.74,338.24879395000005
1533107700,420.42,421.45,420.42,421.45,37.17173285
1533108600,420.0,421.57,421.45,420.17,237.90667222000005
1533109500,420.17,421.5,420.18,421.35,200.58501521999997
1533110400,421.26,423.0,421.27,422.86,239.49151559
1533111300,422.86,425.8,422.86,424.5,542.5567556400001
1533112200,424.12,425.84,424.2,425.83,307.54423817
1533113100,425.2,426.27,425.84,425.62,442.93047239
1533114000,425.2,426.15,425.61,425.27,209.29925927
1533114900,424.28,425.45,425.27,424.9,327.8440683799999
1533115800,424.53,425.11,425.11,424.91,9.090300449999997
1533116700,423.29,424.92,424.92,423.3,262.56016643000004
1533117600,420.68,423.3,423.3,420.8,316.94181445
1533118500,420.5,422.1,420.79,420.85,184.18709444000004
1533119400,420.43,422.0,420.85,420.57,96.38295395999998
1533120300,420.46,423.75,420.46,422.87,448.66895554999996
1533121200,421.41,423.41,422.88,422.18,142.55401448
1533122100,421.54,423.12,422.17,421.54,184.91484628999999
1533123000,421.33,422.42,421.55,422.19,83.87126636
1533123900,421.85,424.42,422.19,424.42,388.14261860000005
1533124800,423.75,425.69,424.36,424.0,264.97443153000006
1533125700,422.99,424.0,424.0,423.26,305.25981819000003
1533126600,421.81,423.35,423.26,422.09,158.75232128000002
1533127500,421.81,423.39,422.1,423.18,242.65282967
1533128400,423.08,424.43,423.18,424.13,227.24341478
1533129300,424.0,424.85,424.09,424.71,358.07783148
1533130200,423.7,424.77,424.71,423.71,405.57669375999984
1533131100,422.55,424.14,423.71,424.13,503.46904228000005
1533132000,424.13,424.8,424.13,424.32,253.05934667
1533132900,423.28,424.32,424.32,423.5,329.3699142700001
1533133800,423.28,423.59,423.58,423.58,240.61385607999998
1533134700,422.0,423.59,423.59,422.0,352.64275528999997
1533135600,421.33,422.65,422.01,422.2,451.80336595000006
1533136500,422.18,423.0,422.2,422.3,472.81921622
1533137400,420.73,422.31,422.31,420.73,321.13468074
1533138300,420.73,421.1,420.74,420.92,231.46477657
1533139200,420.35,421.72,420.91,421.56,420.05854611999996
1533140100,420.33,421.72,421.56,420.85,589.09840425
1533141000,418.48,420.96,420.85,419.49,1060.5279962999998
1533141900,418.53,420.36,419.49,420.26,567.5244256799999
1533142800,418.66,419.82,419.82,419.21,206.29938126
1533143700,418.89,419.69,419.21,419.1,598.0404877099999
1533144600,418.99,420.0,419.1,419.32,665.3240815199999
1533145500,417.93,419.5,419.32,418.4,1004.1939402999997
1533146400,417.82,418.44,418.4,418.01,649.5083144299998
1533147300,417.41,419.59,418.01,419.29,540.84737826
1533148200,418.78,419.46,419.29,419.01,226.81301994999998
1533149100,416.15,419.01,419.01,416.71,374.6161799700002
1533150000,416.7,418.26,416.7,418.26,645.3925661500001
1533150900,418.4,418.92,418.4,418.92,222.93309152
1533151800,418.0,419.0,418.92,418.92,394.97630244999993
1533152700,418.77,419.62,418.92,419.61,401.2455167199999
1533153600,418.05,419.87,419.61,418.55,1118.0525845199995
1533154500,417.43,418.55,418.55,417.44,494.47479159000005
1533155400,412.23,417.44,417.44,412.24,1504.5122417399996
1533156300,409.0,412.3,412.24,409.71,2405.72024361
1533157200,409.52,413.0,409.7,410.88,2405.10681304
1533158100,410.18,411.58,410.88,410.48,1354.2002139400001
1533159000,410.11,411.03,410.54,410.99,717.54974446
1533159900,408.88,411.37,411.0,408.92,901.09880521
1533160800,407.78,415.0,408.92,415.0,2368.051347089999
1533161700,415.0,421.17,415.0,420.0,1686.8359298799992
1533162600,417.76,420.09,419.99,419.11,749.6555291799999
1533163500,417.9,420.3,419.11,420.3,614.7856373100001
1533164400,419.52,421.08,420.29,420.04,735.8227580300002
1533165300,419.6,421.09,420.04,420.08,299.52148609999995
1533166200,417.55,420.5,420.25,417.7,654.96370941
1533167100,417.0,419.6,417.96,419.6,825.63100802
1533168000,419.32,422.17,419.59,422.17,390.30120157
1533168900,422.0,423.0,422.74,422.67,180.94520748999997
1533169800,422.54,423.25,422.67,422.86,579.89150614
1533170700,422.0,422.86,422.85,422.37,399.45221433
1533171600,422.4,423.85,422.4,423.31,296.42749025
1533172500,422.34,423.75,423.32,422.7,457.12985294
1533173400,422.0,423.98,422.71,423.67,310.47230953
1533174300,423.0,424.61,423.67,423.0,874.25190713
1533175200,421.45,422.94,422.77,421.66,881.93522702
1533176100,421.02,421.78,421.66,421.03,443.32530678000006
1533177000,420.99,421.33,421.33,420.99,76.02864661000001
1533177900,420.01,421.23,421.0,421.23,510.60443644000003
1533178800,420.09,421.52,421.23,420.26,364.10496742
1533179700,420.22,420.87,420.22,420.63,198.63218813999995
1533180600,420.5,421.2,420.63,420.95,240.70772173999995
1533181500,420.95,421.42,420.95,421.0,171.21937164000002
1533182400,420.64,421.17,421.01,420.85,148.94365508
1533183300,420.84,420.94,420.84,420.93,89.17292534999999
1533184200,419.57,420.94,420.94,419.72,198.07213711999998
1533185100,418.5,419.89,419.72,418.52,175.57824408999997
1533186000,418.45,418.57,418.52,418.46,75.58354863
1533186900,418.28,419.23,418.46,419.11,446.57631424999994
1533187800,418.43,419.45,419.11,419.01,277.10150038000006
1533188700,418.75,419.3,419.0,419.3,161.25467400999997
1533189600,418.9,420.0,419.3,419.99,115.89707181
1533190500,419.99,420.08,419.99,420.0,74.19587765
1533191400,419.01,420.0,420.0,419.34,169.79824282
1533192300,419.33,419.89,419.34,419.89,64.90780688000001
1533193200,419.88,420.96,419.88,420.96,265.54564006
1533194100,420.96,421.72,420.96,421.72,172.34767417
1533195000,421.71,421.72,421.72,421.72,62.674922980000005
1533195900,420.95,421.72,421.72,421.05,55.47208154999999
1533196800,420.28,421.05,421.05,420.72,323.71939013
1533197700,420.13,420.71,420.71,420.29,109.85717088999999
1533198600,419.47,420.48,420.24,419.87,360.65100161
1533199500,417.5,419.87,419.87,417.5,471.5616714700001
1533200400,417.27,418.7,417.51,418.05,133.35996575000001
1533201300,417.74,418.7,418.04,418.69,407.0353907199999
1533202200,417.55,418.7,418.69,417.75,167.65139824000005
1533203100,415.51,417.17,417.17,415.54,199.16894975
1533204000,412.71,415.54,415.53,413.58,401.69677671000005
1533204900,413.57,415.12,413.58,413.77,150.96507632000004
1533205800,413.47,414.0,413.76,413.77,201.53231982000003
1533206700,413.46,415.74,413.77,415.19,289.5489379300001
1533207600,413.5,415.19,415.18,414.21,199.82554758000003
1533208500,413.71,415.19,414.2,414.96,242.79182554000002
1533209400,414.56,415.74,414.96,414.8,105.62994889999999
1533210300,413.92,415.24,415.04,414.75,373.37268251999996
1533211200,414.18,415.39,414.59,414.18,330.69481097999994
1533212100,414.24,414.62,414.61,414.29,143.33030568
1533213000,412.51,414.61,414.38,412.51,449.59005621999995
1533213900,410.91,412.56,412.51,410.98,501.91727340999984
1533214800,410.58,413.21,410.97,412.76,616.4638572299999
1533215700,410.8,412.88,412.69,411.53,244.07789133
1533216600,409.19,411.77,411.28,411.48,608.3483566300001
1533217500,410.54,412.26,411.48,410.54,624.51119353
1533218400,409.25,411.16,410.55,410.12,968.3998319300002
1533219300,410.0,411.1,410.34,410.95,629.8008683599999
1533220200,411.04,411.75,411.04,411.74,229.77100556000002
1533221100,411.74,412.58,411.75,412.32,698.3323175999999
1533222000,412.32,414.36,412.32,414.02,705.19477109
1533222900,413.61,414.02,414.02,413.62,414.66592124000005
1533223800,412.09,413.67,413.61,412.09,678.80144241
1533224700,411.6,412.24,412.1,411.64,288.03463238000006
1533225600,410.1,412.12,411.64,410.18,442.86101532999993
1533226500,407.95,414.37,410.18,414.36,1756.73769064
1533227400,412.71,414.9,414.37,413.47,1249.99800008
1533228300,412.05,413.52,413.47,412.92,1308.9774041500002
1533229200,412.37,413.05,412.81,412.73,209.09224398000003
1533230100,412.25,413.27,412.73,412.47,484.5924363499999
1533231000,410.01,412.72,412.67,410.01,507.3411570600001
1533231900,408.0,410.9,410.01,409.01,1938.4657782
1533232800,407.29,409.89,409.01,408.16,1073.9876866099999
1533233700,407.47,408.71,408.16,408.71,933.7293548400003
1533234600,408.7,409.41,408.7,409.03,805.7011612300001
1533235500,408.89,410.0,409.32,409.24,432.94535784000004
1533236400,409.24,410.0,409.24,409.33,725.1673145499998
1533237300,408.17,409.79,409.33,409.73,905.4299985499998
1533238200,408.87,409.73,409.73,409.53,1084.80608854
1533239100,409.5,409.63,409.54,409.53,399.4793154700001
1533240000,409.13,409.53,409.53,409.52,433.54670989
1533240900,409.52,411.37,409.52,411.17,476.97361576
1533241800,411.16,412.33,411.17,412.32,736.78034285
1533242700,409.99,412.33,412.33,409.99,794.3533346600001
1533243600,409.69,410.27,410.0,410.01,499.71916849999997
1533244500,410.0,410.57,410.0,410.55,212.31154773
1533245400,409.49,410.56,410.56,409.99,289.93528314
1533246300,409.51,410.39,409.98,410.11,206.40645421999994
1533247200,409.75,410.99,410.1,410.78,637.9108521800001
1533248100,410.77,411.85,410.78,411.85,441.14764723
1533249000,411.01,411.85,411.85,411.36,328.06674208000004
1533249900,411.16,411.85,411.33,411.75,243.24045510000002
1533250800,411.4,412.38,411.61,411.79,396.8622970900001
1533251700,410.78,412.11,411.79,410.95,429.44898337999996
1533252600,410.61,411.42,410.95,411.04,343.1888153600001
1533253500,410.7,411.14,411.04,410.71,179.24775855
1533254400,408.21,410.71,410.71,408.36,404.04903210999987
1533255300,405.0,408.39,408.36,405.98,1915.6884357899994
1533256200,401.11,406.38,405.98,401.67,3204.079455289999
1533257100,401.22,404.38,401.67,404.38,831.0262825599999
1533258000,397.94,404.38,404.38,398.98,11637.910912180037
1533258900,398.15,403.1,398.98,400.94,4618.18968238
1533259800,400.54,401.3,400.98,400.91,1329.37145548
1533260700,400.5,401.23,400.92,400.52,1090.78927577
1533261600,398.5,400.52,400.52,399.61,2789.7783416499997
1533262500,399.11,399.95,399.67,399.95,1059.5432081499998
1533263400,399.5,400.0,399.95,399.95,1113.72532207
1533264300,399.94,401.06,399.95,401.05,2804.18129641
1533265200,400.86,401.06,401.06,401.05,537.5734618999999
1533266100,401.04,401.33,401.06,401.05,470.85573192000004
1533267000,400.83,401.35,401.05,401.35,596.4525699299998
1533267900,400.59,401.38,401.35,401.02,461.5326898099999
1533268800,395.0,401.03,401.02,398.08,8172.493412500002
1533269700,396.58,398.66,398.08,397.68,1006.2894045700003
1533270600,397.3,398.0,397.67,398.0,767.55010489
1533271500,397.99,400.72,398.0,400.72,1850.29371795
1533272400,400.22,401.6,400.72,400.75,1248.7863244300004
1533273300,400.69,402.23,400.75,401.3,1924.5904979000002
1533274200,401.29,403.0,401.3,403.0,826.8466508300003
1533275100,402.5,403.0,403.0,402.61,398.45442921000006
1533276000,401.02,402.61,402.61,402.02,339.62033844999996
1533276900,402.01,403.0,402.02,403.0,267.15694309
1533277800,402.99,403.28,402.99,403.28,303.0811533699999
1533278700,403.27,404.39,403.28,404.39,237.09765103999996
1533279600,403.22,404.39,404.39,403.62,643.2811232800001
1533280500,403.11,404.35,403.62,404.35,322.66245606999996
1533281400,404.34,406.88,404.35,406.45,1209.44130581
1533282300,406.24,408.61,406.45,408.61,394.0125692099999
1533283200,408.26,410.61,408.61,410.02,787.58518714
1533284100,407.87,410.34,410.02,407.87,449.1552472400001
1533285000,407.53,408.53,407.88,407.97,197.58824155
1533285900,407.88,408.4,407.91,408.4,60.68462718999999
1533286800,406.11,408.4,408.4,406.59,319.49475633
1533287700,406.59,406.9,406.6,406.7,204.59743004999999
1533288600,406.69,407.1,406.7,407.1,212.08321672
1533289500,407.09,407.7,407.1,407.7,182.96083618000003
1533290400,407.69,408.34,407.7,408.34,167.80847156000002
1533291300,408.33,408.71,408.34,408.33,344.59008796
1533292200,408.34,409.17,408.34,409.0,225.822155
1533293100,408.49,409.0,408.92,409.0,142.75740246
1533294000,408.99,409.0,409.0,409.0,203.10529738999998
1533294900,408.74,409.58,409.0,409.58,315.6845192400001
1533295800,409.16,409.58,409.57,409.5,250.12772802
1533296700,409.49,410.0,409.5,409.98,596.6570048199999
1533297600,409.0,409.99,409.99,409.87,250.89175047999998
1533298500,409.0,409.86,409.86,409.49,244.11007892999993
1533299400,409.49,410.1,409.5,410.1,1333.4492076300003
1533300300,409.99,413.94,410.1,413.91,2106.4104526800006
1533301200,412.44,414.02,413.91,412.53,1130.2504115500003
1533302100,411.46,412.54,412.54,411.69,547.1585801300001
1533303000,411.19,411.98,411.69,411.98,454.91724891999996
1533303900,411.97,413.99,411.98,413.65,3216.879521959998
1533304800,413.64,414.3,413.64,414.05,919.88840679
1533305700,413.65,414.4,414.05,414.4,913.5047095700002
1533306600,414.18,414.93,414.4,414.75,1379.1751490199997
1533307500,412.74,414.76,414.75,413.35,1355.4099231800003
1533308400,411.16,413.19,413.15,411.28,679.71941004
1533309300,410.31,412.51,411.29,412.51,1531.1332567200004
1533310200,412.5,413.6,412.51,413.32,900.4140132200001
1533311100,413.32,413.99,413.33,413.98,419.82005888
1533312000,413.0,414.39,413.99,413.0,789.2852537800001
1533312900,412.56,413.55,413.01,412.81,444.07857092
1533313800,412.53,412.81,412.8,412.57,307.75847888000004
1533314700,412.0,413.74,412.57,413.47,1405.51074874
1533315600,413.41,414.33,413.46,414.18,623.82796163
1533316500,413.56,415.08,414.19,414.15,1215.9451662099998
1533317400,413.51,417.87,414.16,417.07,1451.76913663
1533318300,417.06,418.66,417.07,418.66,509.4548792800001
1533319200,417.53,418.66,418.65,418.5,599.9100322400003
1533320100,417.57,418.79,418.5,418.78,477.9493195200001
1533321000,418.42,420.27,418.56,419.81,1264.38152279
1533321900,417.43,419.81,419.8,417.88,816.08271602
1533322800,413.69,417.88,417.88,414.9,1396.9021585599994
1533323700,413.53,415.0,414.9,414.2,575.34607961
1533324600,413.5,414.21,414.21,413.71,370.2909366
1533325500,412.52,413.97,413.72,413.97,458.1978118800001
1533326400,413.7,416.96,413.97,416.96,384.1257351800001
1533327300,415.51,417.73,416.96,415.51,347.5857465
1533328200,414.49,415.76,415.7,415.45,452.38457236000005
1533329100,415.23,416.14,415.46,416.14,403.13660976000006
1533330000,416.13,417.53,416.13,417.53,316.90750751999997
1533330900,417.49,418.13,417.52,417.78,583.4636147599999
1533331800,417.52,418.8,417.78,417.68,478.83746434
1533332700,416.86,418.06,417.69,417.44,639.0054408000001
1533333600,417.05,417.65,417.44,417.59,146.27766677999998
1533334500,417.51,417.66,417.58,417.66,172.96663019000002
1533335400,417.65,417.66,417.66,417.65,199.93526649
1533336300,416.68,417.99,417.65,417.15,240.81078981
1533337200,414.32,417.15,417.15,415.76,593.5818605899996
1533338100,415.76,418.21,415.76,417.61,306.30498273
1533339000,417.25,417.79,417.34,417.51,208.91145016
1533339900,417.5,417.98,417.51,417.8,198.93052488999996
1533340800,416.25,417.8,417.8,416.62,428.13111139999995
1533341700,415.06,416.62,416.62,415.45,419.36530282
1533342600,415.44,415.72,415.44,415.7,296.2500546300001
1533343500,415.69,418.0,415.7,417.59,590.2697875900001
1533344400,417.31,418.94,417.6,417.91,296.94206095
1533345300,417.41,418.37,417.91,417.94,402.67536176999994
1533346200,417.04,417.96,417.95,417.96,628.5816796900002
1533347100,417.95,418.93,417.95,418.4,312.66153801
1533348000,418.1,418.95,418.41,418.45,580.61050467
1533348900,418.28,418.98,418.46,418.98,154.8489771
1533349800,418.97,419.0,418.98,419.0,133.64114949999998
1533350700,418.99,419.0,419.0,419.0,199.82173808
1533351600,418.99,419.16,418.99,419.16,478.19302733000006
1533352500,418.01,419.16,419.16,418.55,508.43110894999995
1533353400,418.02,418.55,418.55,418.32,357.41261795
1533354300,418.28,418.32,418.31,418.32,180.45354334
1533355200,418.0,418.35,418.32,418.01,149.42666835
1533356100,417.51,418.01,418.01,417.52,108.45706872
1533357000,417.17,417.87,417.52,417.87,113.01770058999999
1533357900,417.5,418.0,417.87,417.82,48.25383521
1533358800,417.5,417.96,417.84,417.73,42.721192259999995
1533359700,416.85,417.87,417.73,416.93,174.9629918
1533360600,416.79,417.0,416.94,417.0,87.71911217
1533361500,416.99,417.25,416.99,417.03,205.67631246
1533362400,416.5,417.24,417.04,416.8,277.72593860999996
1533363300,416.79,416.8,416.8,416.79,46.43994183
1533364200,416.0,416.8,416.8,416.28,184.87260973000008
1533365100,416.0,416.29,416.29,416.01,317.87269164
1533366000,416.0,416.78,416.01,416.77,191.9620174700001
1533366900,416.77,416.83,416.78,416.83,110.76999378000001
1533367800,416.82,417.49,416.83,417.49,296.40802606000005
1533368700,417.09,417.5,417.48,417.4,187.56490783999996
1533369600,417.03,417.65,417.33,417.46,73.08580411
1533370500,417.4,418.0,417.45,418.0,173.45531477
1533371400,417.39,418.4,418.0,417.8,140.7987818
1533372300,417.13,417.59,417.59,417.33,46.46680366
1533373200,417.19,417.34,417.34,417.2,78.71004934999998
1533374100,416.35,417.2,417.2,416.35,95.61360853999997
1533375000,416.08,416.35,416.35,416.08,71.23685501
1533375900,416.08,416.09,416.09,416.09,29.47356695
1533376800,416.03,416.09,416.09,416.09,245.68035179
1533377700,412.45,416.38,416.08,413.67,2172.9561605799995
1533378600,412.56,414.91,413.67,414.91,458.45351782
1533379500,414.42,415.72,414.91,414.43,256.25085636999995
1533380400,413.55,414.55,414.55,413.7,100.24408214999998
1533381300,413.7,414.82,413.71,414.42,116.44944665999999
1533382200,413.89,414.82,414.43,414.82,97.32788409000001
1533383100,413.98,414.82,414.82,414.42,101.32467466
1533384000,412.08,414.42,414.42,412.45,194.29898945999997
1533384900,412.02,412.85,412.49,412.03,91.51423204
1533385800,410.0,412.03,412.03,410.0,914.8267232299994
1533386700,406.22,410.01,410.01,408.37,1327.3092172300003
1533387600,407.9,410.32,408.37,409.44,1120.1335445299999
1533388500,408.68,410.0,409.44,409.09,262.8416943200001
1533389400,408.75,411.67,409.09,411.67,472.2523114299999
1533390300,409.74,411.67,411.67,409.87,172.66043384999995
1533391200,408.67,409.87,409.87,409.35,327.1962046400001
1533392100,401.5,409.36,409.36,403.62,2231.1333775799994
1533393000,402.0,405.0,403.62,404.51,1238.7168072500003
1533393900,403.33,406.98,404.5,406.07,858.4614569600002
1533394800,405.27,406.32,406.08,405.51,568.80410059
1533395700,401.0,405.51,405.5,402.33,1008.10336022
1533396600,401.01,405.67,402.33,404.38,1572.9179528400002
1533397500,403.14,406.29,404.37,403.89,784.4973118600002
1533398400,403.4,405.85,403.75,405.25,806.0074342100002
1533399300,404.82,406.5,405.45,406.46,958.2695644899999
1533400200,404.99,406.5,406.46,405.96,533.5636330699999
1533401100,404.5,406.11,405.96,405.11,405.54728715000005
1533402000,404.91,405.8,405.11,404.92,443.3833456400001
1533402900,403.01,404.92,404.92,403.21,389.98350734999997
1533403800,403.21,407.37,403.21,407.37,812.66383588
1533404700,406.88,408.64,407.37,408.16,593.2275377599999
1533405600,407.51,409.0,408.16,407.53,388.5223085399999
1533406500,406.69,407.99,407.52,407.39,347.30101721000005
1533407400,407.15,407.99,407.25,407.48,306.89043754000005
1533408300,406.79,407.54,407.21,407.43,327.79485576999997
1533409200,406.26,407.49,407.43,406.49,370.91153394
1533410100,405.66,406.56,406.5,406.0,394.17237250000005
1533411000,405.16,406.0,406.0,406.0,237.46113238
1533411900,405.75,406.54,406.0,406.18,188.7282404
1533412800,405.27,406.26,406.07,405.37,289.3299889
1533413700,404.7,405.64,405.38,405.41,227.6286417
1533414600,404.02,405.42,405.42,404.49,359.7359019600001
1533415500,404.01,404.49,404.49,404.43,218.38894002
1533416400,404.0,404.99,404.42,404.55,414.9984913799999
1533417300,404.55,405.59,404.56,405.03,330.5051326600001
1533418200,405.3,407.0,405.3,406.64,292.4125821100001
1533419100,405.08,406.51,406.51,405.31,236.96424599000002
1533420000,405.3,406.13,405.6,405.65,143.52021629
1533420900,405.65,406.27,405.66,406.23,211.50255821999997
1533421800,405.89,406.27,406.23,406.25,184.33385829
1533422700,406.05,406.45,406.25,406.31,204.05456560000002
1533423600,406.18,406.64,406.31,406.56,229.58975121
1533424500,405.53,406.65,406.56,406.25,165.32765136
1533425400,405.86,406.65,406.25,406.45,133.89656181
1533426300,406.23,407.0,406.45,407.0,251.55990905
1533427200,406.99,409.4,407.0,408.89,824.9846919799998
1533428100,408.35,408.89,408.88,408.57,124.08903231000002
1533429000,407.62,408.57,408.57,407.62,252.20434045000007
1533429900,400.55,407.63,407.62,401.35,1374.2556393900002
1533430800,400.73,402.75,401.35,401.86,768.6106462
1533431700,400.5,404.5,401.86,404.5,2229.4674484399998
1533432600,401.0,404.5,404.5,401.59,1407.5047100300003
1533433500,401.58,401.59,401.59,401.59,175.6670927
1533434400,401.57,402.96,401.59,402.35,565.9370099400002
1533435300,401.55,404.39,402.35,404.39,531.3970821600003
1533436200,404.14,405.33,404.39,405.32,537.36696227
1533437100,405.0,405.33,405.33,405.0,96.37213415999997
1533438000,405.0,406.24,405.01,406.05,337.17710551000005
1533438900,405.28,406.18,406.05,405.29,325.30232404000003
1533439800,405.3,407.64,405.3,407.47,504.71670497
1533440700,407.21,408.44,407.47,408.44,377.21095197
1533441600,406.25,409.0,408.44,406.26,335.23843813999997
1533442500,406.13,406.77,406.26,406.2,290.71362273999995
1533443400,406.17,406.79,406.2,406.61,165.11674148999998
1533444300,406.2,406.62,406.62,406.55,165.22547338
1533445200,405.44,406.62,406.55,406.62,242.91166258
1533446100,406.61,407.15,406.61,407.0,83.45160916000002
1533447000,407.0,407.04,407.0,407.04,53.10256871
1533447900,407.03,407.04,407.04,407.03,99.13586709
1533448800,406.43,407.04,407.04,406.43,225.52980192000007
1533449700,405.1,406.44,406.43,405.1,277.49537555000006
1533450600,405.1,405.5,405.1,405.11,178.75029304000006
1533451500,405.12,406.53,405.13,405.28,515.99872955
1533452400,404.3,405.39,405.39,404.76,237.3791583599999
1533453300,404.76,405.64,404.76,405.12,87.15094791000001
1533454200,404.87,405.19,405.16,405.04,74.31217676
1533455100,402.14,405.13,405.04,402.89,323.66755897
1533456000,402.89,405.24,402.9,405.23,85.55077595000002
1533456900,405.0,405.86,405.23,405.74,74.42058049999999
1533457800,405.13,406.09,405.74,405.24,33.70619246
1533458700,405.0,405.47,405.25,405.24,91.60389285999999
1533459600,405.23,406.62,405.24,405.51,547.8772035400001
1533460500,405.5,406.17,405.51,405.99,75.5605753
1533461400,405.98,406.62,405.99,406.62,66.4126946
1533462300,406.61,409.0,406.62,408.34,500.79559912999997
1533463200,407.71,408.62,408.02,407.71,146.9751202
1533464100,407.72,408.06,407.72,407.99,189.1527252
1533465000,406.93,407.99,407.99,406.93,47.825506870000005
1533465900,406.92,406.94,406.93,406.93,146.68046915000002
1533466800,406.61,406.92,406.92,406.62,65.34757622000001
1533467700,406.44,406.69,406.62,406.45,87.07209891
1533468600,406.09,406.45,406.45,406.31,63.62601188
1533469500,406.09,407.16,406.32,406.76,100.99676113
1533470400,406.63,407.48,406.81,406.98,57.99258695000001
1533471300,405.99,407.4,406.97,407.4,283.05162887000006
1533472200,407.4,408.0,407.4,407.71,135.25102436999998
1533473100,407.69,408.2,407.7,408.2,173.16941753000003
1533474000,408.0,408.25,408.2,408.08,142.14877157
1533474900,405.01,408.08,408.08,405.26,290.35956407
1533475800,405.25,406.61,405.26,406.48,197.83952350999996
1533476700,405.16,406.56,406.43,405.73,152.40369851000003
1533477600,404.31,405.74,405.72,405.56,255.6978892300001
1533478500,404.04,405.88,405.56,404.05,121.08824098000001
1533479400,403.51,405.0,404.05,404.79,386.40326985
1533480300,404.0,405.9,404.79,404.01,192.59238870000001
1533481200,403.11,407.3,404.01,405.89,888.1711777300002
1533482100,405.88,406.76,405.88,406.76,238.18153110000003
1533483000,405.68,407.05,406.87,406.29,460.78743166000004
1533483900,405.52,406.48,406.29,405.67,253.23736637999997
1533484800,405.37,406.0,405.8,405.9,133.64878662
1533485700,405.38,405.9,405.89,405.65,156.43907158000002
1533486600,405.34,405.91,405.65,405.35,172.52053286
1533487500,403.86,405.35,405.35,405.19,463.12616094
1533488400,403.69,405.88,405.2,404.52,320.98385575
1533489300,404.23,404.95,404.53,404.65,124.45399214
1533490200,404.64,404.95,404.65,404.75,54.65101510000001
1533491100,404.11,405.0,404.73,405.0,249.85510118
1533492000,404.99,405.38,405.0,405.21,180.98849258
1533492900,404.4,405.24,405.2,405.23,317.16284004
1533493800,404.77,405.24,405.24,405.2,135.42201566
1533494700,404.27,405.6,405.19,405.6,460.26341852
1533495600,405.24,406.5,405.6,405.82,440.75108107
1533496500,405.15,406.0,405.83,405.23,166.99136953000001
1533497400,405.3,405.67,405.3,405.66,222.42409532999997
1533498300,405.66,406.28,405.67,406.24,365.1244919899999
1533499200,406.23,406.93,406.24,406.93,115.10525245000001
