1554840600,719.23,719.23,719.23,719.23,0.05
1554849900,717.0,717.0,717.0,717.0,0.0401
1554850200,717.0,717.0,717.0,717.0,0.24
1554855300,717.0,717.0,717.0,717.0,0.206
1554882300,722.42,722.42,722.42,722.42,0.236
1554906000,718.01,721.35,718.55,720.36,2.0
1554906600,718.09,719.93,718.09,719.93,1.0
1554906900,718.09,720.06,718.09,720.06,0.433
1554907200,718.07,720.97,718.52,720.11,1.2
1554907500,718.08,720.03,718.09,718.32,0.941
1554911400,718.0,718.0,718.0,718.0,0.101
1554918600,718.78,718.78,718.78,718.78,0.0901
1554928200,710.0,718.0,718.0,710.0,0.334
1554928500,700.75,710.0,710.0,700.75,0.109
1554928800,679.0,700.75,700.75,679.0,0.107
1554949800,705.78,705.78,705.78,705.78,0.0167
1554951600,704.39,707.48,705.19,704.39,0.985
1554970500,679.13,680.96,679.74,680.96,1.0
1554975900,677.97,681.02,679.18,677.97,0.727
1554991500,647.67,659.8,659.8,647.67,0.02
1555001700,644.55,647.44,645.67,644.55,1.2
1555013700,630.0,630.0,630.0,630.0,0.01
1555077000,630.02,641.39,641.39,630.02,0.35
1555079100,639.01,639.01,639.01,639.01,0.01
1555165800,633.72,635.76,635.76,633.72,0.426
1555166400,633.72,633.72,633.72,633.72,0.00283
1555178100,608.69,616.5,616.5,608.69,2.02
1555178400,606.37,608.14,608.14,606.37,2.0
1555190400,613.0,613.0,613.0,613.0,0.08
1555198800,607.61,609.16,609.16,607.61,2.0
1555199100,605.18,606.95,606.95,605.18,1.66
1555244100,605.91,605.91,605.91,605.91,0.0207
1555281900,634.97,646.31,634.97,646.31,0.0803
1555287000,644.46,646.25,644.46,645.26,1.0
1555349100,633.8,645.25,645.25,633.8,0.149
1555358700,620.0,620.0,620.0,620.0,0.104
1555374300,630.33,630.33,630.33,630.33,0.0172
1555426500,630.35,630.35,630.35,630.35,0.201
1555435500,640.0,640.0,640.0,640.0,0.025
1555436400,648.19,648.19,648.19,648.19,0.4
1555437300,645.73,649.89,649.89,647.47,1.2
1555444800,627.14,629.94,628.23,627.14,0.566
1555489500,616.74,626.68,626.68,618.41,0.486
1555490400,615.0,615.0,615.0,615.0,0.18
1555505100,613.16,613.16,613.16,613.16,0.026
1555509600,608.7,608.7,608.7,608.7,0.12
1555527300,614.94,614.94,614.94,614.94,0.0648
1555551000,641.87,641.87,641.87,641.87,0.01
1555571700,632.87,634.26,634.26,632.87,0.431
1555599300,650.0,650.3,650.0,650.0,0.2
1555601100,650.8,653.49,650.8,651.73,1.33
1555615200,654.83,654.83,654.83,654.83,0.05
1555646400,614.2,622.09,614.2,622.09,4.6
1555665900,624.73,628.25,624.73,628.25,1.0
1555681500,626.81,629.76,626.81,629.76,1.0
1555705500,617.17,617.17,617.17,617.17,0.0536
1555707900,617.67,617.67,617.67,617.67,1.0
1555738200,617.05,618.55,618.55,617.49,0.578
1555741200,617.28,617.28,617.28,617.28,0.01
1555741500,617.0,617.01,617.01,617.0,0.172
1555754700,616.5,616.5,616.5,616.5,0.051
1555768800,617.72,619.4,617.72,619.4,0.8
1555772400,607.33,614.0,614.0,607.33,0.494
1555796400,614.0,614.0,614.0,614.0,0.1
1555834200,615.6,616.19,616.19,615.6,1.03
1555834800,614.0,614.0,614.0,614.0,0.0506
1555849800,607.34,607.89,607.34,607.89,0.279
1555856100,610.02,610.02,610.02,610.02,0.01
1555856700,615.0,615.0,615.0,615.0,1.21
1555857000,615.46,615.46,615.46,615.46,1.0
1555866300,615.0,615.44,615.44,615.0,1.78
1555890300,606.72,606.72,606.72,606.72,0.4
1555890600,606.16,606.46,606.16,606.46,0.427
1555891500,606.08,606.08,606.08,606.08,0.0862
1555898100,605.16,605.99,605.16,605.99,0.0301
1555947600,608.66,608.66,608.66,608.66,0.0101
1555956000,607.58,607.58,607.58,607.58,0.4
1555966500,604.64,606.09,606.09,604.64,1.01
1555992300,605.11,605.11,605.11,605.11,0.269
1555993200,609.93,609.93,609.93,609.93,0.01
1556012400,611.87,611.87,611.87,611.87,0.0518
1556057100,611.87,611.87,611.87,611.87,0.176
1556060100,604.85,604.85,604.85,604.85,0.549
1556094600,591.8,604.64,604.64,591.8,0.345
1556095800,577.79,579.35,577.79,579.35,0.8
1556096700,574.21,574.21,574.21,574.21,0.01
1556097000,569.12,569.12,569.12,569.12,0.05
1556161500,568.0,568.0,568.0,568.0,0.159
1556169000,568.0,568.0,568.0,568.0,0.0395
1556204100,564.2,564.2,564.2,564.2,0.115
1556205000,564.2,564.2,564.2,564.2,0.263
1556228100,569.37,569.37,569.37,569.37,0.0358
1556228700,562.79,564.27,564.27,562.79,1.51
1556229300,562.79,562.79,562.79,562.79,1.97
1556230500,515.8,562.79,562.79,515.8,0.01
1556235300,517.0,527.94,517.0,518.0,1.18
1556235600,516.81,517.11,517.11,516.81,1.2
1556235900,515.45,516.96,516.38,515.45,2.72
1556237400,508.55,509.57,509.57,508.55,1.6
1556238600,506.11,506.11,506.11,506.11,0.4
1556238900,505.33,506.17,505.95,505.33,3.4
1556239500,504.74,504.74,504.74,504.74,0.4
1556240100,502.36,511.89,504.67,502.57,3.84
1556240400,501.59,502.6,502.14,501.89,2.4
1556241000,500.18,501.21,500.65,500.85,2.98
1556242500,497.33,498.86,498.59,497.33,4.8
1556242800,495.89,497.56,497.56,495.89,2.55
1556243100,493.06,495.57,495.53,493.06,4.0
1556243700,489.93,492.19,492.19,489.93,3.2
1556244000,487.52,489.53,489.53,487.52,2.8
1556246700,500.47,501.83,500.47,501.83,0.8
1556247000,500.37,500.37,500.37,500.37,0.4
1556254800,500.37,500.37,500.37,500.37,0.4
1556255100,501.44,501.44,501.44,501.44,0.0412
1556255400,492.56,500.37,500.37,492.56,0.0764
1556265600,486.45,491.0,491.0,486.45,2.0
1556266500,484.08,488.58,488.58,484.08,2.0
1556266800,486.16,486.78,486.78,486.16,0.8
1556267700,482.52,487.37,487.37,482.52,2.0
1556268000,486.28,486.28,486.28,486.28,0.4
1556268900,491.06,491.06,491.06,491.06,0.282
1556271900,491.37,491.73,491.73,491.37,0.8
1556272800,493.11,493.11,493.11,493.11,0.4
1556278200,495.59,495.59,495.59,495.59,0.4
1556278500,495.89,495.89,495.89,495.89,0.4
1556289600,497.67,497.67,497.67,497.67,0.0403
1556291400,497.67,497.67,497.67,497.67,0.357
1556291700,497.67,497.67,497.67,497.67,0.121
1556313900,497.68,497.68,497.68,497.68,0.015
1556314200,490.0,490.0,490.0,490.0,0.29
1556329500,487.69,487.69,487.69,487.69,0.0874
1556531700,542.37,542.37,542.37,542.37,0.01
1556533200,500.22,500.22,500.22,500.22,0.0371
1556561100,528.83,529.96,528.83,529.96,0.8
1556561400,531.08,532.01,531.08,532.01,0.8
1556561700,532.95,532.95,532.95,532.95,0.4
1556562900,531.55,531.55,531.55,531.55,0.4
1556563500,532.77,532.77,532.77,532.77,0.4
1556617200,533.32,533.32,533.32,533.32,0.301
1556705400,485.03,532.78,485.03,532.78,0.0487
1556742600,522.0,522.0,522.0,522.0,0.0493
1556745600,512.49,512.49,512.49,512.49,0.433
1556809800,522.0,536.49,522.0,536.49,0.0413
1556827200,485.03,512.49,512.49,485.03,0.0438
1556873400,529.99,529.99,529.99,529.99,0.0493
1556875800,536.49,537.0,536.49,537.0,0.188
1556876400,537.0,537.05,537.0,537.05,0.0818
1556884200,537.05,537.05,537.05,537.05,1.0E-5
1556891400,549.0,549.0,549.0,549.0,0.023
1556893500,549.0,549.0,549.0,549.0,0.118
1556894400,549.0,560.0,549.0,549.0,1.92
1556894700,530.6,530.6,530.6,530.6,0.0101
1556895300,575.44,575.44,575.44,575.44,0.0429
1556904300,534.85,572.85,534.85,572.85,0.621
1556936700,533.0,533.0,533.0,533.0,1.52
1557070200,512.78,512.78,512.78,512.78,1.85
1557071100,512.78,512.78,512.78,512.78,0.153
1557077700,485.0,512.78,512.78,485.0,0.0336
1557142200,533.0,563.85,533.0,563.85,0.0434
1557142500,499.0,499.0,499.0,499.0,0.02
1557260100,562.0,562.0,562.0,562.0,0.2
1557271200,562.0,562.0,562.0,562.0,0.118
1557278100,550.0,550.0,550.0,550.0,0.01
1557322500,540.0,550.0,550.0,540.0,0.104
