1548536100,0.2859,0.286517,0.286324,0.286517,4440.42
1548536400,0.285905,0.286698,0.286514,0.285905,12567.9
1548536700,0.286302,0.287598,0.286302,0.286601,2090.37
1548537000,0.287001,0.288094,0.287001,0.288067,5850.38
1548537300,0.28711,0.288079,0.288079,0.28711,398.47
1548537600,0.287148,0.287989,0.287148,0.287898,783.89
1548537900,0.287899,0.287989,0.287899,0.287989,97.66
1548538200,0.287597,0.28798,0.287597,0.287597,516.9
1548538500,0.28798,0.288199,0.28798,0.288199,120.0
1548538800,0.2878,0.288199,0.2878,0.288003,325.11
1548539100,0.287781,0.288197,0.288003,0.288197,282.05
1548539400,0.287803,0.288197,0.288197,0.287803,221.4
1548539700,0.287981,0.288005,0.288005,0.287981,452.49
1548540000,0.287802,0.28795,0.287802,0.28795,444.86
1548540300,0.287802,0.288118,0.287802,0.288088,5297.16
1548540600,0.288089,0.288187,0.288187,0.288089,896.33
1548540900,0.28809,0.288114,0.28809,0.288114,51.12
1548541200,0.288089,0.28809,0.288089,0.28809,100.8
1548541500,0.288089,0.28809,0.28809,0.288089,740.47
1548541800,0.288089,0.28809,0.28809,0.288089,2329.68
1548542100,0.28809,0.28809,0.28809,0.28809,744.38
1548542400,0.288089,0.28809,0.28809,0.288089,769.39
1548542700,0.28809,0.28809,0.28809,0.28809,90.03
1548543000,0.288089,0.288162,0.288089,0.288162,3501.09
1548543300,0.288118,0.288192,0.288118,0.288192,141.94
1548543600,0.28818,0.288677,0.288191,0.28818,26841.57
1548543900,0.28809,0.288577,0.28818,0.288577,940.67
1548544200,0.288089,0.288095,0.288091,0.288089,7126.82
1548544500,0.287888,0.28809,0.28809,0.288037,12429.1
1548544800,0.287747,0.288006,0.288006,0.287841,1233.78
1548545100,0.287749,0.287758,0.287758,0.287749,237.16
1548545400,0.286401,0.287749,0.287749,0.287406,2291.45
1548545700,0.287474,0.287474,0.287474,0.287474,30.0
1548546000,0.286416,0.287335,0.286697,0.287335,568.9
1548546300,0.286462,0.288152,0.28733,0.288152,1196.24
1548546600,0.287917,0.288072,0.288072,0.287918,404.24
1548546900,0.2875,0.287501,0.287501,0.2875,201.64
1548547200,0.286405,0.287613,0.287613,0.286405,757.39
1548547500,0.2863,0.286797,0.286794,0.2863,2832.5
1548547800,0.2859,0.286201,0.286201,0.2859,2686.0
1548548100,0.285203,0.286226,0.286225,0.285203,3911.97
1548548400,0.285856,0.286058,0.286058,0.285856,600.69
1548548700,0.2823,0.28553,0.285254,0.283383,46888.52
1548549000,0.2823,0.283,0.2823,0.2823,449.83
1548549300,0.281071,0.283592,0.2833,0.2823,21060.84
1548549600,0.281509,0.283697,0.2824,0.283697,2834.33
1548549900,0.282805,0.283997,0.2837,0.283,1401.93
1548550200,0.282601,0.283849,0.282902,0.2837,11757.39
1548550500,0.283321,0.283897,0.283794,0.283321,2710.84
1548550800,0.283321,0.283884,0.283321,0.283884,2938.74
1548551100,0.283341,0.28445,0.283341,0.2839,25832.1
1548551400,0.283323,0.284131,0.2839,0.283323,2338.28
1548551700,0.283323,0.284022,0.283326,0.28385,1520.62
1548552000,0.283323,0.283827,0.283827,0.283738,1476.87
1548552300,0.283323,0.2835,0.283324,0.283323,312.56
1548552600,0.283324,0.283469,0.283324,0.283469,16.67
1548552900,0.283323,0.283469,0.283469,0.283469,368.75
1548553200,0.283324,0.28347,0.283469,0.283324,1689.75
1548553500,0.283322,0.283467,0.283324,0.283322,10370.56
1548553800,0.283323,0.283323,0.283323,0.283323,165.13
1548554100,0.283322,0.28346,0.283323,0.28346,7387.9
1548554400,0.28261,0.28347,0.28345,0.28261,21042.94
1548554700,0.283426,0.283444,0.283443,0.283427,45.71
1548555000,0.283354,0.28342,0.28342,0.283355,7953.05
1548555300,0.282512,0.283443,0.2826,0.283435,3578.38
1548555600,0.282512,0.283413,0.282512,0.282512,495.73
1548555900,0.282512,0.283382,0.283382,0.283302,2555.74
1548556200,0.282501,0.28329,0.283289,0.282501,3630.02
1548556500,0.282519,0.283316,0.283213,0.283316,2672.24
1548556800,0.282668,0.283469,0.283461,0.283469,2250.51
1548557100,0.283455,0.28347,0.283455,0.28347,1258.96
1548557400,0.283467,0.283467,0.283467,0.283467,6.29
1548557700,0.283467,0.28347,0.283469,0.283469,12467.41
1548558000,0.2825,0.283469,0.283469,0.2825,7413.52
1548558300,0.283087,0.283087,0.283087,0.283087,350.0
1548558600,0.283379,0.283385,0.283385,0.283379,233.57
1548558900,0.2832,0.2832,0.2832,0.2832,65.03
1548559200,0.283087,0.283095,0.283095,0.283087,102.64
1548559500,0.2821,0.283087,0.283087,0.2821,3770.54
1548559800,0.282325,0.282995,0.282325,0.282995,7660.06
1548560100,0.282995,0.283388,0.282995,0.283388,344.19
1548560400,0.283395,0.283399,0.283399,0.283395,645.32
1548560700,0.282489,0.283396,0.283395,0.283396,4247.54
1548561000,0.283396,0.2839,0.283396,0.2839,18905.77
1548561300,0.283002,0.283898,0.283022,0.283876,8592.34
1548561600,0.282729,0.283764,0.283002,0.282733,228.22
1548561900,0.28273,0.282733,0.282733,0.28273,1327.48
1548562200,0.282731,0.282731,0.282731,0.282731,31.71
1548562500,0.282731,0.282733,0.282731,0.282731,438.26
1548562800,0.282731,0.282731,0.282731,0.282731,1376.27
1548563100,0.2818,0.282725,0.282725,0.2818,4856.68
1548563400,0.281504,0.282304,0.281802,0.281801,6301.81
1548563700,0.28139,0.281501,0.281501,0.28139,4288.41
1548564000,0.280857,0.2815,0.2815,0.28105,25937.25
1548564300,0.2805,0.282291,0.280857,0.281054,16346.2
1548564600,0.281053,0.281054,0.281054,0.281054,809.59
1548564900,0.280857,0.281053,0.281053,0.281051,918.91
1548565200,0.280857,0.281051,0.281051,0.280858,132.58
1548565500,0.280118,0.280857,0.280857,0.280118,4740.08
1548565800,0.280011,0.280857,0.280118,0.280299,3733.86
1548566100,0.280299,0.2803,0.280299,0.280299,1846.47
1548566400,0.280299,0.2803,0.280299,0.280299,1375.43
1548567000,0.2803,0.280858,0.2803,0.280858,3004.6
1548567300,0.280088,0.280825,0.280307,0.280798,1052.08
1548567600,0.28,0.28005,0.28005,0.28,6533.42
1548567900,0.28,0.280826,0.280826,0.28,9649.16
1548568200,0.280417,0.280573,0.280573,0.280417,4452.12
1548568500,0.280001,0.280331,0.280331,0.280331,1243.97
1548568800,0.28,0.280083,0.280083,0.28,23185.97
1548569100,0.28,0.280407,0.280001,0.28,3395.28
1548569400,0.280001,0.280829,0.280001,0.280829,2332.69
1548569700,0.280002,0.280829,0.280829,0.280762,4675.04
1548570000,0.28,0.280713,0.280052,0.280697,811.12
1548570300,0.28,0.280696,0.280696,0.28,1319.63
1548570600,0.2801,0.280546,0.2805,0.2801,81.4
1548570900,0.28,0.280378,0.280378,0.28,2617.83
1548571200,0.28,0.280441,0.280441,0.28029,25030.56
1548571500,0.28,0.280001,0.28,0.280001,2298.06
1548571800,0.278133,0.28,0.28,0.279593,46233.52
1548572100,0.276079,0.279594,0.279486,0.27753,40340.29
1548572400,0.277,0.278005,0.277493,0.27712,64907.51
1548572700,0.2774,0.278295,0.2774,0.278287,12181.89
1548573000,0.277301,0.278221,0.277301,0.27808,7557.36
1548573300,0.2774,0.27805,0.27805,0.2774,13137.37
1548573600,0.276715,0.277769,0.277769,0.277511,328.84
1548573900,0.277338,0.277379,0.277378,0.277338,1341.97
1548574200,0.276701,0.277129,0.277129,0.276701,338.71
1548574500,0.276201,0.277698,0.2767,0.277695,8824.69
1548574800,0.2767,0.277148,0.277148,0.276701,2350.51
1548575100,0.276701,0.276701,0.276701,0.276701,187.1
1548575400,0.276701,0.277343,0.276701,0.277343,8014.08
1548575700,0.277057,0.277058,0.277058,0.277057,8594.81
1548576000,0.277616,0.277617,0.277616,0.277617,4565.65
1548576300,0.27755,0.277555,0.277555,0.277551,4356.31
1548576600,0.277551,0.277551,0.277551,0.277551,172.12
1548576900,0.277551,0.277551,0.277551,0.277551,250.0
1548577200,0.27755,0.277551,0.277551,0.27755,434.74
1548577500,0.277551,0.277551,0.277551,0.277551,2713.84
1548577800,0.27755,0.278398,0.2777,0.27755,16677.15
1548578100,0.27755,0.278394,0.27755,0.278394,5890.83
1548578400,0.277802,0.279117,0.278389,0.277813,18992.02
1548578700,0.277807,0.278799,0.27803,0.277846,2843.64
1548579000,0.2788,0.2788,0.2788,0.2788,399.79
1548579300,0.2787,0.279116,0.278701,0.279111,851.18
1548579600,0.279108,0.279109,0.279108,0.279109,342.81
1548579900,0.278958,0.278995,0.278995,0.278959,5563.89
1548580200,0.2776,0.2787,0.2787,0.2776,10134.61
1548580500,0.278226,0.280999,0.278226,0.279207,97106.42
1548580800,0.278353,0.280294,0.28,0.280294,1047.7
1548581100,0.279302,0.279302,0.279302,0.279302,10.72
1548581400,0.279302,0.279302,0.279302,0.279302,80.23
1548581700,0.27831,0.279301,0.279301,0.27831,1581.43
1548582000,0.2783,0.278311,0.278311,0.2783,922.34
1548582300,0.277463,0.2782,0.2782,0.277463,9773.93
1548582600,0.276901,0.2774,0.2774,0.276901,1440.29
1548582900,0.277,0.277694,0.277,0.277011,3080.1
1548583200,0.277007,0.277011,0.277011,0.277007,5167.26
1548583500,0.277,0.277734,0.277008,0.277,15628.9
1548583800,0.2765,0.277,0.277,0.2765,13050.54
1548584100,0.277008,0.27808,0.277008,0.277119,3926.85
1548584400,0.27802,0.278399,0.27802,0.278398,1235.44
1548584700,0.278099,0.278398,0.278398,0.2781,934.61
1548585000,0.277304,0.278099,0.278099,0.277304,262.34
1548585300,0.2765,0.2773,0.2773,0.2765,2008.0
1548585600,0.2762,0.276501,0.2765,0.276501,1170.61
1548585900,0.276501,0.276501,0.276501,0.276501,70.46
1548586500,0.2765,0.276501,0.2765,0.276501,89.25
1548586800,0.2755,0.276451,0.276451,0.276266,2023.36
1548587100,0.275503,0.276082,0.275503,0.275503,847.17
1548587400,0.275504,0.275504,0.275504,0.275504,85.91
1548587700,0.275228,0.2765,0.275504,0.276266,3319.33
1548588300,0.276101,0.276142,0.276142,0.276101,386.43
1548588600,0.2763,0.2765,0.2763,0.276487,1590.84
1548588900,0.276501,0.276501,0.276501,0.276501,190.07
1548589200,0.276299,0.276301,0.276301,0.2763,1040.64
1548589500,0.275488,0.276299,0.276299,0.275488,359.9
1548589800,0.275488,0.276298,0.276298,0.276161,2581.03
1548590100,0.276057,0.276057,0.276057,0.276057,361.16
1548590400,0.276269,0.276269,0.276269,0.276269,1774.22
1548590700,0.275502,0.278053,0.276204,0.2767,10924.17
1548591000,0.275021,0.2771,0.2768,0.275021,3628.93
1548591300,0.275,0.275609,0.275022,0.275609,13896.96
1548591600,0.275002,0.275563,0.275002,0.275563,306.85
1548591900,0.275,0.275349,0.275001,0.275001,4173.3
1548592200,0.275001,0.275002,0.275002,0.275001,834.43
1548592500,0.275007,0.275727,0.275727,0.275007,2316.79
1548593100,0.275,0.275424,0.275,0.275424,11554.63
1548593400,0.275,0.275237,0.275237,0.275,13705.28
1548593700,0.275,0.275,0.275,0.275,14360.0
1548594000,0.274677,0.276099,0.275213,0.275798,15048.98
1548594300,0.2748,0.2757,0.2757,0.275691,3818.31
1548594600,0.274677,0.27568,0.27568,0.274677,7320.58
1548594900,0.2747,0.27535,0.27535,0.2747,5507.26
1548595200,0.275326,0.275326,0.275326,0.275326,347.52
1548595500,0.2747,0.275597,0.2747,0.275597,1801.98
1548595800,0.274678,0.275599,0.274679,0.275595,2295.88
1548596100,0.274679,0.275599,0.274688,0.274679,1384.74
1548596700,0.275454,0.275694,0.275454,0.275694,50.0
1548597000,0.272705,0.275592,0.2747,0.272705,37088.35
1548597300,0.273104,0.274188,0.2737,0.273374,280.79
1548597600,0.273105,0.273374,0.273364,0.273105,22719.32
1548597900,0.2714,0.273161,0.273161,0.2714,7351.88
1548598200,0.2714,0.27238,0.2714,0.27238,6491.0
1548598500,0.271,0.27238,0.27238,0.271,8747.92
1548598800,0.2706,0.271648,0.271,0.2706,5589.92
1548599100,0.27,0.27143,0.27143,0.27,10337.33
1548599400,0.269152,0.270237,0.270001,0.269152,45779.85
1548599700,0.267,0.270044,0.269151,0.269102,29083.36
1548600000,0.268222,0.272844,0.269151,0.272844,52768.03
1548600300,0.271099,0.273199,0.272842,0.272078,5569.68
1548600600,0.271333,0.275069,0.271333,0.275069,1697.95
1548600900,0.272087,0.274048,0.274048,0.272287,3907.54
1548601200,0.27208,0.273696,0.272288,0.273608,8926.47
1548601500,0.271469,0.273606,0.273606,0.273455,14590.74
1548601800,0.2728,0.273904,0.2728,0.273893,4973.67
1548602100,0.272954,0.273892,0.273892,0.273774,3270.15
1548602400,0.272972,0.2738,0.273742,0.273799,15860.41
1548602700,0.273799,0.276438,0.273799,0.276005,25458.54
1548603000,0.274051,0.2751,0.2751,0.274122,5454.15
1548603300,0.275038,0.276697,0.276027,0.275038,168.65
1548603600,0.2733,0.27603,0.27603,0.274099,5170.41
1548603900,0.272821,0.2741,0.274099,0.272821,5153.13
1548604200,0.272812,0.2741,0.274048,0.2741,5892.57
1548604500,0.272868,0.2741,0.274099,0.274081,4646.76
1548604800,0.272818,0.275817,0.274081,0.272818,8755.29
1548605100,0.272807,0.275034,0.274048,0.27282,5314.36
1548605400,0.272801,0.273993,0.273986,0.273905,9538.51
1548605700,0.27307,0.276698,0.273885,0.273881,39635.23
1548606000,0.273881,0.276696,0.273881,0.274118,2242.42
1548606300,0.274255,0.276,0.275993,0.275004,6577.84
1548606600,0.275379,0.276527,0.275379,0.276527,941.98
1548606900,0.2751,0.276545,0.276488,0.2751,21915.21
1548607200,0.27501,0.276543,0.276543,0.275998,2377.76
1548607500,0.27501,0.27586,0.2751,0.275497,12490.83
1548607800,0.275,0.275299,0.275299,0.275149,6810.87
1548608100,0.275001,0.276279,0.275131,0.276279,3790.75
1548608400,0.275,0.276522,0.275011,0.276394,11759.8
1548608700,0.275,0.276413,0.276409,0.276,10823.26
1548609000,0.275,0.276028,0.276001,0.275,27659.59
1548609300,0.274058,0.275557,0.275,0.274058,5922.7
1548609600,0.274069,0.274875,0.274875,0.274071,6384.36
1548609900,0.273505,0.274732,0.274732,0.274594,2503.12
1548610200,0.274594,0.275421,0.274594,0.27533,13678.47
1548610500,0.27532,0.275339,0.27532,0.27532,7287.42
1548610800,0.274114,0.275322,0.27532,0.274114,5143.22
1548611100,0.27504,0.277783,0.275318,0.277028,36716.52
1548611400,0.275627,0.277774,0.277028,0.2758,6593.75
1548611700,0.2757,0.277019,0.2759,0.27571,4316.79
1548612000,0.274576,0.275949,0.275726,0.274576,5456.07
1548612300,0.275946,0.27595,0.275946,0.27595,90.79
1548612600,0.274905,0.275997,0.27595,0.275997,3600.09
1548612900,0.27485,0.275985,0.275,0.2749,2046.45
1548613200,0.274,0.27591,0.274999,0.274,17881.01
1548613500,0.273551,0.275019,0.275019,0.273551,3440.31
1548613800,0.274369,0.274396,0.274396,0.274369,714.37
1548614100,0.273506,0.274271,0.274271,0.273506,3234.43
1548614400,0.273063,0.273958,0.273958,0.273937,5684.85
1548614700,0.273,0.273937,0.273937,0.273,5528.22
1548615000,0.273001,0.273931,0.273931,0.273001,9549.49
1548615300,0.273001,0.274392,0.273813,0.273763,3806.93
1548615600,0.273001,0.273686,0.273686,0.273002,2109.05
1548615900,0.273542,0.274398,0.273564,0.274398,9519.33
1548616200,0.273112,0.274398,0.274397,0.274398,1438.18
1548616500,0.273114,0.274398,0.274398,0.274398,2137.01
1548616800,0.273103,0.274399,0.274398,0.2734,2739.89
1548617100,0.2743,0.276766,0.2743,0.276766,1114.27
1548617400,0.273501,0.27651,0.27651,0.274,4444.36
1548617700,0.273303,0.274733,0.2739,0.273303,2065.95
1548618000,0.2732,0.27394,0.273303,0.273865,7778.88
1548618300,0.2732,0.273863,0.273863,0.2732,68.4
1548618600,0.273,0.273753,0.273753,0.273557,3832.59
1548618900,0.273,0.274199,0.273507,0.273,8247.8
1548619200,0.273003,0.273952,0.273003,0.273003,219.85
1548619500,0.273058,0.273997,0.273821,0.273058,225.34
1548619800,0.273604,0.276111,0.273997,0.275036,57867.27
1548620100,0.273502,0.275497,0.275,0.275497,177.29
1548620400,0.275493,0.276198,0.275493,0.276198,11810.08
1548620700,0.275022,0.276198,0.276198,0.276198,3593.69
1548621000,0.274499,0.275999,0.275999,0.2745,12749.43
1548621300,0.274499,0.2745,0.2745,0.2745,1074.31
1548621600,0.2745,0.2745,0.2745,0.2745,711.13
1548621900,0.2745,0.27535,0.2745,0.275299,4966.6
1548622200,0.275298,0.275299,0.275298,0.275299,269.55
1548622500,0.275298,0.275299,0.275298,0.275299,26.36
1548622800,0.274499,0.2753,0.275298,0.275299,5058.33
1548623100,0.273304,0.275216,0.275216,0.273304,5367.0
1548623400,0.273,0.276,0.274205,0.274103,37744.57
1548623700,0.274202,0.275926,0.275926,0.275399,11065.71
1548624000,0.275395,0.275499,0.275395,0.275499,595.65
1548624300,0.2745,0.275796,0.274501,0.275796,5066.75
1548624600,0.2745,0.275792,0.275792,0.2745,1148.23
1548624900,0.2748,0.275348,0.2748,0.275163,3525.54
1548625200,0.273,0.274501,0.274501,0.273021,10170.01
1548625500,0.2729,0.273021,0.273021,0.2729,9645.99
1548625800,0.272801,0.272801,0.272801,0.272801,450.95
1548626100,0.2724,0.272801,0.272801,0.27278,773.81
1548626400,0.272102,0.273021,0.272729,0.273014,2714.73
1548626700,0.272148,0.27302,0.273012,0.27302,2054.14
1548627000,0.273,0.27302,0.27302,0.273,8187.34
1548627300,0.272293,0.273,0.273,0.272293,1308.79
1548627600,0.272773,0.272889,0.272889,0.272773,135.0
1548627900,0.272293,0.272927,0.272711,0.272834,2916.3
1548628200,0.272101,0.272999,0.272999,0.272826,3860.26
1548628500,0.272888,0.272966,0.272966,0.272888,732.97
1548628800,0.272102,0.27302,0.272836,0.27302,3450.46
1548629100,0.272988,0.273492,0.273016,0.273492,1841.82
1548629400,0.273019,0.273492,0.273492,0.273407,15487.04
1548629700,0.273019,0.27359,0.273407,0.273019,2118.1
1548630000,0.273019,0.274199,0.273517,0.273206,10772.94
1548630300,0.27302,0.274499,0.274193,0.273202,1555.57
1548630600,0.272804,0.274002,0.274001,0.272804,1515.4
1548630900,0.273609,0.274059,0.273609,0.273846,1308.06
1548631200,0.273015,0.273788,0.273788,0.273015,400.15
1548631500,0.272604,0.273576,0.273576,0.272604,851.13
1548631800,0.272607,0.2737,0.2736,0.273377,1176.62
1548632100,0.272401,0.2726,0.2726,0.2725,309.2
1548632400,0.272499,0.272499,0.272499,0.272499,2104.22
1548632700,0.272102,0.273081,0.272499,0.272102,7309.67
1548633000,0.272102,0.272529,0.272102,0.272459,2739.69
1548633300,0.272,0.272845,0.272459,0.272,12242.63
1548633600,0.272,0.272922,0.272801,0.272,12059.7
1548633900,0.272,0.273899,0.272639,0.273785,8884.32
1548634200,0.2725,0.2728,0.2728,0.272787,2509.6
1548634500,0.2719,0.272401,0.2724,0.2719,4015.71
1548634800,0.271406,0.273999,0.2719,0.271502,7365.02
1548635100,0.271502,0.272351,0.2722,0.271502,6157.79
1548635400,0.272299,0.275,0.272299,0.2728,96539.63
1548635700,0.272801,0.273676,0.273675,0.272822,4576.87
1548636000,0.272608,0.273,0.272999,0.272608,2970.42
1548636300,0.272401,0.273,0.273,0.272803,1395.95
1548636600,0.272,0.2724,0.2724,0.272,25046.1
1548636900,0.272,0.272738,0.272704,0.272,4084.4
1548637200,0.271683,0.272687,0.272635,0.272687,1736.38
1548637500,0.271405,0.272672,0.2717,0.272,3749.01
1548637800,0.2699,0.272077,0.2717,0.271191,18306.66
1548638100,0.2699,0.270966,0.2702,0.2699,3566.22
1548638400,0.269201,0.272,0.269901,0.272,10497.77
1548638700,0.271124,0.27212,0.271999,0.27212,1022.61
1548639000,0.271349,0.27212,0.271349,0.271564,2065.09
1548639300,0.2722,0.272399,0.2722,0.272358,1203.22
1548639600,0.27045,0.272346,0.272346,0.27045,6135.52
1548639900,0.269224,0.271,0.271,0.270303,1839.42
1548640200,0.2672,0.269956,0.269224,0.2672,25759.53
1548640500,0.265435,0.268384,0.268182,0.2667,58305.93
1548640800,0.265501,0.26705,0.267049,0.265501,9742.76
1548641100,0.265436,0.266999,0.266481,0.266991,3244.68
1548641400,0.265441,0.266995,0.266992,0.266894,1463.94
1548641700,0.266,0.266498,0.2664,0.266286,3023.15
1548642000,0.265436,0.266286,0.266286,0.265999,5060.61
1548642300,0.265435,0.266994,0.265999,0.266993,27461.86
1548642600,0.266255,0.267499,0.266996,0.267389,23223.0
1548642900,0.2662,0.267599,0.266301,0.266991,15821.08
1548643200,0.2662,0.266936,0.2662,0.266798,6089.79
1548643500,0.265701,0.266609,0.2662,0.266535,4569.8
1548643800,0.265449,0.266525,0.2657,0.266047,6889.43
1548644100,0.265449,0.267299,0.265992,0.267286,36057.3
1548644400,0.263383,0.266997,0.2663,0.2642,180710.65
1548644700,0.2636,0.265899,0.2641,0.2636,10607.02
1548645000,0.26299,0.264406,0.264405,0.2639,6833.32
1548645300,0.26243,0.263881,0.263881,0.263395,16899.43
1548645600,0.263096,0.263999,0.263395,0.263098,3415.11
1548645900,0.262801,0.265729,0.263994,0.264498,31428.67
1548646200,0.26243,0.264499,0.264499,0.263995,24633.83
1548646500,0.2631,0.263977,0.263977,0.263936,2263.67
1548646800,0.263,0.263698,0.2632,0.263089,25601.81
1548647100,0.26142,0.263077,0.263076,0.262599,53494.81
1548647400,0.2611,0.26304,0.262591,0.26182,44746.69
1548647700,0.261,0.261995,0.261754,0.261813,30657.51
1548648000,0.26,0.261788,0.261788,0.26,41037.21
1548648300,0.260012,0.263837,0.260012,0.263837,99607.77
1548648600,0.261301,0.263837,0.2629,0.261302,21957.43
1548648900,0.261201,0.2635,0.262274,0.263499,25952.02
1548649200,0.261252,0.272409,0.263498,0.261254,9456.97
1548649500,0.2624,0.271698,0.2624,0.269989,14172.44
1548649800,0.2614,0.269989,0.268182,0.266954,9759.5
1548650100,0.2615,0.268989,0.266784,0.268989,18442.47
1548650400,0.261718,0.268901,0.267225,0.262443,18809.5
1548650700,0.262441,0.263799,0.262442,0.263466,4607.89
1548651000,0.263346,0.263999,0.263439,0.263999,1645.36
1548651300,0.261556,0.264099,0.263346,0.261579,35865.22
1548651600,0.26156,0.262486,0.262481,0.262486,21357.61
1548651900,0.261201,0.262486,0.26156,0.262398,15814.72
1548652200,0.262201,0.262387,0.262385,0.262202,1060.34
1548652500,0.2605,0.262196,0.262195,0.2605,16164.61
1548652800,0.260007,0.260812,0.2604,0.26074,9295.62
1548653100,0.260007,0.260706,0.260706,0.260649,21188.72
1548653400,0.260006,0.260883,0.260641,0.260006,7045.11
1548653700,0.260005,0.260883,0.260006,0.260883,11097.43
1548654000,0.26,0.260882,0.260882,0.26,22285.3
1548654300,0.26,0.26087,0.26087,0.260869,3762.54
1548654600,0.26,0.260876,0.260875,0.260875,2826.14
1548654900,0.26,0.260874,0.260257,0.260865,17051.82
1548655200,0.2551,0.260841,0.260002,0.2551,66598.43
1548655500,0.251101,0.257729,0.256822,0.251352,83811.72
1548655800,0.252234,0.254296,0.2542,0.254275,6631.27
1548656100,0.251201,0.254275,0.254275,0.251201,41532.9
1548656400,0.2511,0.252063,0.251202,0.251966,9426.19
1548656700,0.251945,0.253885,0.251945,0.253784,44021.68
1548657000,0.251001,0.253685,0.253685,0.25343,21868.74
1548657300,0.252402,0.253424,0.2525,0.252507,1242.86
1548657600,0.252522,0.253883,0.253393,0.253699,7657.04
1548657900,0.253883,0.255045,0.253883,0.255045,10039.47
1548658200,0.255007,0.256198,0.255044,0.256163,8645.06
1548658500,0.2542,0.255895,0.2552,0.25519,4738.49
1548658800,0.255,0.2557,0.2557,0.255689,2074.32
1548659100,0.255321,0.25569,0.2555,0.255326,5177.09
1548659400,0.2554,0.257756,0.2554,0.257756,7439.02
1548659700,0.255602,0.258,0.2578,0.256648,17087.68
1548660000,0.2553,0.256001,0.2556,0.255647,1628.2
1548660300,0.254601,0.257696,0.255303,0.256495,11337.73
1548660600,0.255,0.255981,0.255981,0.255,8179.51
1548660900,0.25455,0.255493,0.255493,0.25455,8868.28
1548661200,0.25455,0.255053,0.254552,0.254813,3368.42
1548661500,0.254813,0.255485,0.254813,0.255485,613.46
1548661800,0.254552,0.255389,0.255389,0.254552,728.37
1548662100,0.254304,0.254978,0.254552,0.254306,364.37
1548662400,0.2542,0.255195,0.2543,0.2542,7140.48
1548662700,0.253601,0.254551,0.2542,0.254452,11063.7
1548663000,0.252479,0.254239,0.2536,0.252561,2078.28
1548663300,0.252483,0.253499,0.25332,0.253434,4674.77
1548663600,0.252598,0.253599,0.252598,0.252647,4646.79
1548663900,0.252606,0.253598,0.252661,0.253572,3673.97
1548664200,0.252605,0.252605,0.252605,0.252605,430.0
1548664500,0.252101,0.254188,0.252601,0.254188,16120.13
1548664800,0.2525,0.253896,0.253896,0.253641,6944.72
1548665100,0.252,0.253281,0.252788,0.252824,1397.52
1548665400,0.2516,0.252295,0.252,0.251977,3782.8
1548665700,0.251,0.251934,0.251934,0.25151,23949.24
1548666000,0.251,0.251606,0.25151,0.251,4593.51
1548666300,0.251,0.251616,0.251546,0.251,3527.87
1548666600,0.251051,0.251617,0.251616,0.251051,9400.22
1548666900,0.251616,0.251617,0.251616,0.251617,6362.77
1548667200,0.251285,0.253665,0.251285,0.253665,10092.32
1548667500,0.252233,0.253629,0.2525,0.252233,2150.42
1548667800,0.252713,0.254472,0.252713,0.253201,17519.02
1548668100,0.253101,0.254044,0.25404,0.253934,18957.03
1548668400,0.253846,0.254048,0.253846,0.253997,3312.93
1548668700,0.253423,0.255191,0.254059,0.2542,11652.93
1548669000,0.254906,0.254997,0.254997,0.254906,1407.37
1548669300,0.254,0.254884,0.254883,0.254538,2242.44
1548669600,0.254701,0.256099,0.254786,0.25473,27244.71
1548669900,0.253033,0.25472,0.25472,0.254718,4337.7
1548670200,0.254202,0.255398,0.254718,0.2549,1324.4
1548670500,0.2545,0.255798,0.2552,0.2548,1852.51
1548670800,0.2545,0.25554,0.2547,0.255241,2109.58
1548671100,0.2544,0.25522,0.255219,0.25473,2905.33
1548671400,0.25473,0.255189,0.25473,0.255188,6026.65
1548671700,0.255184,0.25519,0.255188,0.255188,5181.89
1548672000,0.254,0.255186,0.255186,0.254883,4025.58
1548672300,0.253935,0.254826,0.254825,0.25469,2507.85
1548672600,0.253949,0.254888,0.253949,0.254015,11213.46
1548672900,0.253601,0.254624,0.254624,0.254329,4058.81
1548673200,0.252921,0.254076,0.2536,0.253399,963.47
1548673500,0.253399,0.254974,0.253399,0.254275,1545.11
1548673800,0.2534,0.2537,0.2537,0.2534,3.96
1548674100,0.253202,0.254293,0.254293,0.254063,1793.7
1548674400,0.253201,0.253884,0.253221,0.253851,6172.96
1548674700,0.252237,0.25374,0.2532,0.252272,2655.74
1548675000,0.252307,0.252749,0.252749,0.252307,179.44
1548675300,0.252305,0.253169,0.252739,0.252365,14219.63
1548675600,0.253052,0.253184,0.253127,0.253052,926.86
1548675900,0.253,0.25307,0.25307,0.253,2023.63
1548676200,0.252001,0.252957,0.252957,0.252001,1260.16
1548676500,0.251201,0.252272,0.252,0.252101,22204.5
1548676800,0.251202,0.252183,0.252101,0.252183,2257.42
1548677100,0.2505,0.252698,0.251202,0.25137,26094.2
1548677400,0.25,0.251249,0.251249,0.25,72291.52
1548677700,0.25,0.250788,0.250787,0.25,4134.2
1548678000,0.25,0.250674,0.250668,0.250663,20072.74
1548678300,0.25,0.2507,0.250001,0.2507,3314.3
1548678600,0.25,0.250947,0.250003,0.250637,10386.45
1548678900,0.25,0.250533,0.250533,0.25,10112.17
1548679200,0.249001,0.250198,0.25,0.2495,13863.31
1548679500,0.248301,0.249979,0.2492,0.248743,12461.05
1548679800,0.248322,0.249245,0.248748,0.249142,9925.6
1548680100,0.248873,0.250593,0.24914,0.249202,20272.37
1548680400,0.249102,0.25023,0.249301,0.250121,9510.7
1548680700,0.249101,0.250242,0.250121,0.249101,6882.89
1548681000,0.249138,0.250241,0.249138,0.249301,11694.61
1548681300,0.24863,0.250129,0.250126,0.249588,5553.98
1548681600,0.24759,0.249558,0.2494,0.249207,25995.29
1548681900,0.248867,0.25,0.2494,0.249993,12469.84
1548682200,0.249142,0.252706,0.249986,0.251601,35876.3
1548682500,0.249803,0.252428,0.251601,0.249803,26787.58
1548682800,0.250109,0.252991,0.251316,0.252991,7138.74
1548683100,0.251601,0.252999,0.252998,0.252565,6275.11
1548683400,0.249322,0.252565,0.252565,0.251469,50224.97
1548683700,0.251435,0.251499,0.251435,0.251473,3834.03
1548684000,0.250777,0.251441,0.25144,0.251371,6863.16
1548684300,0.2502,0.251352,0.251352,0.251197,3132.83
1548684600,0.251193,0.251279,0.251194,0.251217,1128.98
1548684900,0.248301,0.251398,0.251179,0.250998,13747.6
1548685200,0.248303,0.251588,0.2502,0.251304,13814.68
1548685500,0.248478,0.250697,0.2505,0.250573,7412.77
1548685800,0.25,0.250799,0.250531,0.250734,11694.22
1548686100,0.249124,0.2508,0.250797,0.249322,22888.81
1548686400,0.249324,0.253907,0.249324,0.2504,32335.08
1548686700,0.250704,0.253573,0.251325,0.252797,5891.2
1548687000,0.251061,0.254633,0.2519,0.25258,19377.2
1548687300,0.251,0.253535,0.251973,0.2518,45165.8
1548687600,0.2518,0.253521,0.2518,0.2518,22071.17
1548687900,0.251802,0.252704,0.252399,0.252508,23742.57
1548688200,0.2505,0.253521,0.2527,0.252419,21722.26
1548688500,0.250501,0.251697,0.251497,0.251685,4158.44
1548688800,0.25,0.251695,0.2507,0.250851,14724.21
1548689100,0.25,0.250878,0.250729,0.250696,7326.96
1548689400,0.250002,0.251396,0.250681,0.250857,10750.13
1548689700,0.248855,0.250001,0.250001,0.24901,15420.26
1548690000,0.247201,0.251093,0.2498,0.2487,76804.3
1548690300,0.248621,0.249395,0.248691,0.249295,40231.99
1548690600,0.249288,0.249457,0.249299,0.249457,33752.18
1548690900,0.2495,0.251599,0.2495,0.25159,5464.46
1548691200,0.251,0.2524,0.251588,0.252392,11540.5
1548691500,0.2514,0.25239,0.251502,0.25239,3817.33
1548691800,0.251513,0.252895,0.252388,0.252895,3731.26
1548692100,0.25289,0.253,0.252891,0.253,4870.29
1548692400,0.252114,0.253464,0.252115,0.252202,13975.77
1548692700,0.252223,0.252963,0.252962,0.252928,2639.98
1548693000,0.252205,0.252928,0.252927,0.252928,8609.6
1548693300,0.252506,0.252947,0.252928,0.252906,10755.97
1548693600,0.252404,0.253367,0.25288,0.253335,13088.41
1548693900,0.252884,0.253361,0.253361,0.253361,5768.27
1548694200,0.2529,0.253361,0.253361,0.25336,8478.43
1548694500,0.252502,0.25336,0.25336,0.253359,4418.17
1548694800,0.2515,0.253352,0.253352,0.2515,38457.7
1548695100,0.251505,0.253135,0.253135,0.253,12514.45
1548695400,0.250402,0.252982,0.252112,0.251597,48361.11
1548695700,0.250027,0.252198,0.251579,0.250115,12708.13
1548696000,0.25019,0.251974,0.250851,0.251484,11890.91
1548696300,0.250219,0.251491,0.251491,0.251154,22455.29
1548696600,0.249901,0.251898,0.251102,0.249908,10115.55
1548696900,0.249906,0.251257,0.251257,0.25071,2303.14
1548697200,0.250361,0.250488,0.250488,0.250361,1221.76
1548697500,0.250047,0.252197,0.250047,0.251745,2329.15
1548697800,0.2515,0.252186,0.2515,0.252135,5246.64
1548698100,0.251206,0.252997,0.25203,0.252001,12458.68
1548698400,0.250901,0.252792,0.252018,0.251773,19290.84
1548698700,0.251022,0.252998,0.251749,0.25257,13697.85
1548699000,0.251801,0.252535,0.252534,0.252518,3872.75
1548699300,0.251601,0.252403,0.252401,0.252162,4806.52
1548699600,0.251606,0.252698,0.252395,0.252698,3907.47
1548699900,0.251917,0.252986,0.252699,0.25295,1234.69
1548700200,0.252029,0.253219,0.252767,0.252103,15730.78
1548700500,0.252001,0.25317,0.25317,0.252001,20814.87
1548700800,0.252,0.252856,0.252002,0.2527,1583.24
1548701100,0.252074,0.252921,0.252688,0.252868,8595.18
1548701400,0.252084,0.252913,0.252867,0.252867,7895.65
1548701700,0.252897,0.252921,0.252897,0.252921,2092.37
1548702000,0.252921,0.253171,0.252921,0.253141,2051.78
1548702300,0.253213,0.253298,0.253213,0.253298,554.88
1548702600,0.2527,0.253298,0.253283,0.253285,1909.37
1548702900,0.252533,0.2533,0.252701,0.253299,8255.93
1548703200,0.252402,0.2533,0.253299,0.25299,5620.58
1548703500,0.252401,0.252949,0.252899,0.2529,3084.99
1548703800,0.251887,0.2529,0.252501,0.251887,15029.35
1548704100,0.251887,0.252334,0.252333,0.25227,5527.72
1548704400,0.2522,0.252706,0.252271,0.2522,15047.78
1548704700,0.252537,0.252606,0.252597,0.252537,1260.57
1548705000,0.251396,0.252592,0.251894,0.251396,12577.23
1548705300,0.25186,0.252866,0.252229,0.252866,1014.24
1548705600,0.251543,0.2533,0.2519,0.252479,42865.42
1548705900,0.252321,0.253428,0.253274,0.252611,5149.74
1548706200,0.2526,0.254,0.253408,0.254,19146.46
1548706500,0.2528,0.253936,0.253936,0.253747,2438.28
1548706800,0.25374,0.253797,0.253746,0.253793,1184.31
1548707100,0.253008,0.253784,0.253008,0.25377,1924.04
1548707400,0.253796,0.254413,0.253796,0.254413,27801.22
1548707700,0.25377,0.254999,0.254413,0.254032,13703.22
1548708000,0.254108,0.255048,0.254953,0.254866,18000.53
1548708300,0.254501,0.255444,0.255048,0.255444,1861.9
1548708600,0.254501,0.255444,0.255444,0.255402,5683.81
1548708900,0.2554,0.256091,0.255403,0.255991,3001.44
1548709200,0.254707,0.255899,0.255899,0.255401,14571.51
1548709500,0.254401,0.255401,0.255401,0.255344,2913.27
1548709800,0.254528,0.256999,0.25485,0.254528,149182.6
1548710100,0.254716,0.256596,0.255497,0.256573,12047.86
1548710400,0.255301,0.256066,0.255601,0.255896,4584.69
1548710700,0.255467,0.256392,0.255909,0.256392,3514.06
1548711000,0.255489,0.256387,0.256387,0.256279,1076.24
1548711300,0.255433,0.256312,0.256147,0.256174,2178.12
1548711600,0.255433,0.256092,0.256092,0.25578,3753.74
1548711900,0.255432,0.256331,0.255433,0.256296,13092.39
1548712200,0.255401,0.2562,0.2562,0.256164,3108.07
1548712500,0.255301,0.256164,0.256164,0.25605,6986.81
1548712800,0.254902,0.257544,0.2553,0.255896,43315.88
1548713100,0.2559,0.255999,0.2559,0.255989,2838.08
1548713400,0.255027,0.25669,0.255957,0.256465,6289.51
1548713700,0.255434,0.256689,0.256406,0.255434,1339.66
1548714000,0.255724,0.256528,0.256526,0.256528,923.24
1548714300,0.255483,0.256528,0.256528,0.256528,1888.82
1548714600,0.256589,0.25659,0.256589,0.25659,1186.05
1548714900,0.255893,0.25659,0.256589,0.25659,522.18
1548715200,0.25659,0.256696,0.25659,0.256696,1405.01
1548715500,0.256696,0.257375,0.256696,0.257374,3376.28
1548715800,0.257263,0.257375,0.257307,0.257375,1625.57
1548716100,0.256523,0.257383,0.256695,0.25738,4001.76
1548716400,0.256652,0.25754,0.257273,0.257538,3048.31
1548716700,0.2575,0.25755,0.25753,0.25755,7877.58
1548717000,0.25754,0.258099,0.25754,0.258099,2371.98
1548717300,0.258098,0.25832,0.258099,0.25832,4037.5
1548717600,0.25809,0.258999,0.25832,0.258992,15535.26
1548717900,0.258106,0.259691,0.258106,0.259555,18770.22
1548718200,0.258328,0.260273,0.259506,0.259563,35174.86
1548718500,0.259545,0.259728,0.259545,0.259727,6292.9
1548718800,0.259021,0.259728,0.259727,0.259021,5407.64
1548719100,0.258917,0.260256,0.259548,0.2592,13171.79
1548719400,0.259101,0.259999,0.259101,0.259995,23030.55
1548719700,0.259101,0.259995,0.259995,0.259765,7874.35
1548720000,0.259722,0.26,0.259722,0.26,15643.28
1548720300,0.2593,0.260272,0.25999,0.260188,19100.91
1548720600,0.260064,0.260877,0.260064,0.260877,483.5
1548720900,0.260211,0.261194,0.260877,0.261194,7717.48
1548721200,0.260999,0.261191,0.261002,0.261,2408.91
1548721500,0.261,0.261194,0.261,0.261194,639.58
1548721800,0.261,0.262692,0.261194,0.261403,24267.87
1548722100,0.2614,0.261938,0.261938,0.261881,1232.53
1548722400,0.261,0.261881,0.261881,0.261271,24563.89
1548722700,0.26035,0.263199,0.261001,0.262095,87992.51
1548723000,0.260501,0.262095,0.262095,0.260502,14555.22
1548723300,0.260036,0.260798,0.260798,0.260654,15072.29
1548723600,0.2588,0.260582,0.260037,0.259997,7323.59
1548723900,0.259664,0.259668,0.259667,0.259664,404.6
1548724200,0.25873,0.259485,0.259325,0.258732,2569.71
1548724500,0.258732,0.259648,0.258732,0.259627,1075.0
1548724800,0.258415,0.259651,0.258996,0.259372,1169.62
1548725100,0.256141,0.258416,0.258416,0.256141,2436.23
1548725400,0.25625,0.256891,0.256251,0.256891,1361.75
1548725700,0.256744,0.257,0.256874,0.257,1628.64
1548726000,0.256999,0.257549,0.256999,0.257549,609.33
1548726300,0.257548,0.257549,0.257548,0.257549,1528.14
1548726600,0.257394,0.257548,0.257548,0.257394,423.16
1548726900,0.2563,0.257363,0.257363,0.25734,1887.21
1548727200,0.255001,0.2564,0.2564,0.255689,11948.18
1548727500,0.255,0.255669,0.255667,0.255,11383.2
1548727800,0.25558,0.25558,0.25558,0.25558,377.67
1548728100,0.255,0.255703,0.255231,0.255666,743.29
1548728400,0.255053,0.255666,0.255053,0.255666,636.95
1548728700,0.255665,0.255666,0.255666,0.255666,2621.27
1548729000,0.255066,0.255665,0.255665,0.255501,2267.49
1548729300,0.255501,0.255838,0.255501,0.255664,4122.24
1548729600,0.255068,0.255889,0.255621,0.255784,3135.06
1548729900,0.255071,0.255784,0.255783,0.255784,670.67
1548730200,0.255077,0.255736,0.255736,0.255567,1188.87
1548730500,0.255077,0.255864,0.255476,0.255864,1817.52
1548730800,0.255077,0.258201,0.255077,0.2572,31371.05
1548731100,0.2572,0.257289,0.257288,0.257201,4609.87
1548731400,0.2572,0.257201,0.2572,0.257201,1677.15
1548731700,0.2572,0.257201,0.2572,0.257201,4009.04
1548732000,0.2554,0.2572,0.2572,0.25543,5521.53
1548732300,0.2552,0.256348,0.255998,0.256128,5217.82
1548732600,0.255112,0.255964,0.255964,0.255112,228.88
1548732900,0.255138,0.256042,0.256042,0.255139,607.22
1548733200,0.255,0.255996,0.255141,0.255887,2843.66
1548733500,0.255,0.255777,0.255777,0.255,4495.87
1548733800,0.255,0.257559,0.255001,0.256569,21209.87
1548734100,0.255201,0.25637,0.25637,0.255201,659.95
1548734400,0.254625,0.255742,0.255742,0.254626,7331.34
1548734700,0.253515,0.254601,0.2546,0.254594,27645.55
1548735000,0.2536,0.254498,0.25449,0.254498,1107.83
1548735300,0.254471,0.254499,0.254498,0.254471,156.73
1548735600,0.253628,0.2545,0.253628,0.2545,2175.81
1548735900,0.253673,0.254496,0.253673,0.254444,8364.64
1548736200,0.254497,0.254499,0.254499,0.254497,4347.99
1548736500,0.2536,0.254488,0.254488,0.254098,984.88
1548736800,0.2535,0.25365,0.2536,0.2535,11223.71
1548737100,0.2535,0.254484,0.25365,0.254233,4959.26
1548737400,0.2523,0.254153,0.2535,0.2523,6243.84
1548737700,0.25266,0.253077,0.253077,0.25266,52.36
1548738000,0.252571,0.252854,0.252571,0.252825,256.22
1548738300,0.2518,0.2528,0.2528,0.2518,2610.17
1548738600,0.251702,0.252566,0.251702,0.252367,11978.14
1548738900,0.25153,0.252562,0.25225,0.25153,6099.12
1548739200,0.2511,0.251903,0.25153,0.251612,5478.47
1548739500,0.2511,0.251683,0.2511,0.251681,5022.79
1548739800,0.251101,0.251935,0.251584,0.251932,8627.75
1548740100,0.2511,0.252184,0.251109,0.2512,17206.0
1548740400,0.250415,0.251667,0.251201,0.250416,17995.84
1548740700,0.25,0.251301,0.2513,0.250884,7760.14
1548741000,0.250002,0.250894,0.250796,0.250894,1483.23
1548741300,0.250002,0.250881,0.250881,0.250004,1324.01
1548741600,0.25,0.250893,0.250893,0.25,908.79
1548741900,0.25,0.250891,0.250003,0.250887,35567.18
1548742200,0.250023,0.251098,0.250898,0.251001,9845.47
1548742500,0.249601,0.250679,0.250679,0.250592,18692.84
1548742800,0.249813,0.250781,0.2506,0.250714,2884.4
1548743100,0.2496,0.2506,0.2506,0.250445,2196.55
1548743400,0.250386,0.250472,0.250386,0.250463,3160.12
1548743700,0.2505,0.250599,0.2505,0.250599,400.0
1548744000,0.2496,0.250001,0.250001,0.2496,3001.16
1548744300,0.2499,0.25021,0.250099,0.2499,2517.95
1548744600,0.249601,0.250514,0.249601,0.250493,732.85
1548744900,0.249601,0.250597,0.250597,0.249601,26.67
1548745200,0.249449,0.250698,0.2506,0.249449,5043.44
1548745500,0.247551,0.2494,0.2494,0.249099,26791.58
1548745800,0.248001,0.249598,0.2481,0.249566,624.1
1548746100,0.248995,0.249539,0.249539,0.248995,298.47
1548746400,0.247301,0.248601,0.248601,0.248279,1073.53
1548746700,0.247876,0.248229,0.248229,0.247876,1172.67
1548747000,0.246799,0.249893,0.247303,0.246802,99892.81
1548747300,0.2477,0.249364,0.2481,0.249347,9203.59
1548747600,0.247,0.249231,0.2484,0.247,4207.76
1548747900,0.247,0.247869,0.247098,0.247765,31626.35
1548748200,0.24655,0.24749,0.247,0.247485,2234.31
1548748500,0.246,0.246953,0.24655,0.246953,19238.01
1548748800,0.246004,0.246995,0.246964,0.246987,5773.75
1548749100,0.2456,0.247,0.246146,0.246253,29776.15
1548749400,0.247,0.247167,0.247,0.247167,1233.76
1548749700,0.247178,0.247299,0.247178,0.247299,100.0
1548750000,0.246504,0.249,0.2473,0.248105,26364.61
1548750300,0.248108,0.249096,0.24883,0.248999,5212.65
1548750600,0.249049,0.249051,0.249051,0.249049,859.09
1548750900,0.248327,0.2491,0.248327,0.2491,170.7
1548751200,0.2492,0.2496,0.2492,0.2496,419.29
1548751500,0.249579,0.249579,0.249579,0.249579,27.03
1548751800,0.248704,0.249574,0.249574,0.248704,973.32
1548752100,0.249574,0.2496,0.249574,0.2496,49.13
1548752400,0.248761,0.249598,0.249598,0.249596,407.36
1548752700,0.2496,0.2496,0.2496,0.2496,35.92
1548753300,0.2496,0.2496,0.2496,0.2496,1119.22
1548753600,0.249699,0.2497,0.249699,0.2497,1943.55
1548753900,0.2497,0.2497,0.2497,0.2497,422.48
1548754200,0.2497,0.2497,0.2497,0.2497,93.68
1548754500,0.2497,0.2497,0.2497,0.2497,157.0
1548754800,0.2497,0.25,0.2497,0.25,6130.75
1548755100,0.249999,0.249999,0.249999,0.249999,35.96
1548755400,0.249999,0.25,0.249999,0.25,4289.47
1548755700,0.249999,0.25,0.249999,0.25,21552.55
1548756000,0.25,0.25,0.25,0.25,73.67
1548756300,0.249788,0.25,0.25,0.25,1547.12
1548756900,0.249787,0.249996,0.249996,0.249787,535.3
1548757200,0.249996,0.249996,0.249996,0.249996,1.1
1548757500,0.249788,0.25,0.249996,0.249788,482.33
1548757800,0.249999,0.25,0.249999,0.25,274.42
1548758400,0.249794,0.25,0.249794,0.25,19665.4
1548758700,0.249997,0.25,0.249997,0.25,67.86
1548759000,0.249974,0.249974,0.249974,0.249974,50.75
1548759300,0.249789,0.25,0.249974,0.249999,3338.18
1548759600,0.249808,0.25,0.249999,0.25,22739.67
1548759900,0.25,0.251798,0.25,0.251798,14353.66
1548760200,0.2518,0.252199,0.2518,0.252199,516.11
1548760800,0.251308,0.252175,0.251308,0.252175,380.66
1548761100,0.252139,0.252171,0.252171,0.252139,509.38
1548761400,0.25213,0.252499,0.25213,0.252499,2681.43
1548761700,0.252495,0.252495,0.252495,0.252495,647.38
1548762000,0.251517,0.252497,0.252496,0.251517,1928.13
1548762300,0.252364,0.252436,0.252436,0.252364,1395.9
1548762600,0.251201,0.252288,0.252288,0.251938,613.55
1548762900,0.2512,0.251201,0.251201,0.2512,13.9
1548763200,0.2512,0.251201,0.251201,0.251201,313.53
1548763500,0.251,0.251201,0.251201,0.251001,266.51
1548763800,0.251001,0.251201,0.251001,0.251201,1375.12
1548764100,0.251008,0.25157,0.251008,0.251525,1006.31
1548764400,0.251395,0.252296,0.25143,0.251879,8007.45
1548764700,0.251333,0.25227,0.251891,0.251853,912.94
1548765000,0.25194,0.252011,0.252011,0.25194,199.53
1548765300,0.251317,0.252175,0.25188,0.252142,4005.33
1548765600,0.251446,0.252162,0.251446,0.252162,7592.34
1548765900,0.2521,0.252398,0.252297,0.2521,2189.28
1548766200,0.2524,0.2525,0.2524,0.2525,197.04
1548766500,0.2525,0.253089,0.2525,0.253077,856.39
1548766800,0.252331,0.253699,0.253079,0.253699,2228.88
1548767100,0.252702,0.253677,0.252702,0.253677,779.64
1548767400,0.252863,0.253669,0.253669,0.253571,4863.29
1548767700,0.253133,0.2536,0.253546,0.253133,6250.34
1548768000,0.253334,0.254,0.2536,0.253356,19297.72
1548768300,0.253303,0.255,0.254,0.253303,26864.64
1548768600,0.254101,0.254999,0.254999,0.25494,4569.83
1548768900,0.254849,0.254858,0.254858,0.25485,6046.61
1548769200,0.25485,0.254853,0.254853,0.254852,2453.2
1548769500,0.25485,0.255,0.254853,0.25485,3009.63
1548769800,0.25485,0.256609,0.255,0.2553,41657.64
1548770100,0.25485,0.256188,0.2552,0.25485,16859.39
1548770400,0.25485,0.255781,0.255617,0.255781,4941.59
1548770700,0.25485,0.255758,0.255758,0.25485,9502.03
1548771000,0.25485,0.255481,0.25485,0.255467,1618.71
1548771300,0.25485,0.255409,0.25485,0.255409,13249.43
1548771600,0.254218,0.255193,0.25485,0.254972,8049.97
1548771900,0.254,0.254921,0.25491,0.254687,5893.66
1548772200,0.252741,0.254652,0.254652,0.253756,26699.11
1548772500,0.251702,0.253597,0.2528,0.252997,16153.39
1548772800,0.251886,0.253985,0.252,0.253893,1427.92
1548773100,0.252659,0.253988,0.253889,0.253988,2945.93
1548773400,0.254,0.254999,0.254,0.2549,6730.8
1548773700,0.254897,0.2549,0.254897,0.2549,449.26
1548774000,0.2549,0.256297,0.2549,0.256192,4863.83
1548774300,0.256,0.256297,0.256163,0.256152,5459.74
1548774600,0.256,0.25609,0.256,0.256001,1464.29
1548774900,0.256,0.256266,0.256001,0.256229,12875.76
1548775200,0.256,0.25623,0.256226,0.256184,1833.1
1548775500,0.255301,0.256034,0.256,0.256034,3605.52
1548775800,0.256,0.256034,0.256034,0.256,9875.58
1548776100,0.254906,0.255959,0.255959,0.255873,5707.4
1548776400,0.254102,0.255761,0.255761,0.255389,25673.65
1548776700,0.255151,0.255226,0.255222,0.255151,4453.82
1548777000,0.254,0.255075,0.2544,0.254501,3926.31
1548777300,0.252802,0.254501,0.2545,0.252802,24540.22
1548777600,0.253423,0.254396,0.2538,0.253532,497.42
1548777900,0.253551,0.254899,0.253551,0.254899,9395.0
1548778200,0.254566,0.255682,0.2549,0.254734,11542.95
1548778500,0.254004,0.256,0.255526,0.254004,30269.47
1548778800,0.254777,0.255599,0.255,0.25549,1614.7
1548779100,0.254691,0.25556,0.254778,0.255534,12475.96
1548779400,0.255534,0.255759,0.255534,0.255759,19221.6
1548779700,0.2545,0.255724,0.255534,0.2545,4655.49
1548780000,0.2545,0.255286,0.255286,0.2545,812.09
1548780300,0.2545,0.255098,0.254797,0.254989,702.6
1548780600,0.254,0.254869,0.254869,0.254,4255.97
1548780900,0.252061,0.254284,0.254284,0.252997,12969.54
1548781200,0.2522,0.252972,0.252203,0.252339,1071.89
1548781500,0.251,0.252399,0.252214,0.25236,6557.66
1548781800,0.2524,0.253329,0.2524,0.253138,9287.1
1548782100,0.251312,0.253357,0.253136,0.252496,17371.92
1548782400,0.251502,0.253194,0.252499,0.251502,20662.04
1548782700,0.252451,0.252499,0.252499,0.252451,2437.44
1548783000,0.251616,0.252497,0.252449,0.252482,6289.99
1548783300,0.251637,0.252472,0.252472,0.25237,1247.58
1548783600,0.251574,0.252438,0.251574,0.252438,7113.84
1548783900,0.251861,0.252439,0.252438,0.252299,2614.53
1548784200,0.251801,0.252439,0.252299,0.251801,5450.42
1548784500,0.2518,0.252387,0.252387,0.252329,2997.85
1548784800,0.2512,0.252367,0.252312,0.252083,20016.74
1548785100,0.2512,0.252019,0.252019,0.2512,1951.93
1548785400,0.251895,0.251968,0.251927,0.251895,589.78
1548785700,0.2512,0.251897,0.251897,0.2512,2625.44
1548786000,0.251564,0.251581,0.251581,0.251565,662.66
1548786300,0.2505,0.251202,0.251201,0.2505,10409.93
1548786600,0.250499,0.2505,0.250499,0.2505,4351.77
1548786900,0.250499,0.251873,0.2505,0.251872,15609.21
1548787200,0.250997,0.251998,0.251873,0.251997,12007.81
1548787500,0.251305,0.252468,0.251996,0.252291,15011.14
1548787800,0.251313,0.252298,0.25137,0.252297,5546.34
1548788100,0.251433,0.252298,0.251433,0.252298,5374.07
1548788400,0.251489,0.252297,0.252297,0.251529,8251.76
1548788700,0.251529,0.252297,0.252295,0.252297,179.88
1548789000,0.251545,0.252298,0.251545,0.252298,704.17
1548789300,0.25142,0.252298,0.252297,0.251421,5219.45
1548789600,0.251207,0.252263,0.252,0.252115,7934.41
1548789900,0.251379,0.2522,0.251379,0.2522,884.61
1548790200,0.251558,0.2522,0.2522,0.2522,3079.56
1548790500,0.251661,0.2522,0.251661,0.2522,1991.18
1548790800,0.251794,0.252,0.252,0.251999,833.79
1548791100,0.251844,0.25219,0.251999,0.252016,5116.97
1548791400,0.252053,0.25219,0.25219,0.25219,3419.22
1548791700,0.25219,0.253266,0.25219,0.25265,2304.29
1548792000,0.252473,0.253491,0.253267,0.253386,2514.72
1548792300,0.252643,0.253587,0.253499,0.253575,2858.69
1548792600,0.252981,0.25399,0.253575,0.253126,6117.84
1548792900,0.253147,0.254058,0.253923,0.254055,8697.31
1548793200,0.253273,0.254056,0.254056,0.254056,2040.11
1548793500,0.253433,0.254474,0.2541,0.254467,895.27
1548793800,0.253331,0.254418,0.254418,0.253449,519.59
1548794100,0.253548,0.254426,0.253548,0.254268,2672.99
1548794400,0.254116,0.25419,0.25419,0.254116,564.36
1548794700,0.252803,0.253948,0.2535,0.25333,5396.55
1548795000,0.25333,0.253608,0.253607,0.253575,166.18
1548795300,0.2519,0.25354,0.2528,0.2519,18543.82
1548795600,0.251924,0.252894,0.2528,0.251929,1277.08
1548795900,0.252006,0.25298,0.252815,0.25297,3579.5
1548796200,0.252048,0.252999,0.25297,0.252998,2785.68
1548796500,0.252066,0.252999,0.252066,0.252898,240.88
1548796800,0.252816,0.252891,0.252891,0.252816,738.75
1548797100,0.252799,0.252799,0.252799,0.252799,259.46
1548797400,0.252014,0.252748,0.252748,0.252014,1191.36
1548797700,0.251025,0.252797,0.252014,0.251329,24335.28
1548798000,0.251553,0.252598,0.2524,0.251614,18062.6
1548798300,0.251637,0.252787,0.25259,0.252787,1449.55
1548798600,0.251209,0.2531,0.251813,0.252997,2813.34
1548798900,0.251684,0.252884,0.2522,0.252594,7399.21
1548799200,0.251502,0.25359,0.253,0.252449,11406.6
1548799500,0.251029,0.252412,0.252412,0.251998,34650.6
1548799800,0.251,0.251986,0.251986,0.251467,12570.62
1548800100,0.25,0.251129,0.251,0.251128,18323.79
1548800400,0.250158,0.251129,0.251129,0.250416,10560.2
1548800700,0.250094,0.251129,0.251129,0.251094,14952.79
1548801000,0.250211,0.251129,0.251098,0.251112,695.76
1548801300,0.250211,0.250257,0.250211,0.250257,3.17
1548801600,0.251094,0.251119,0.251094,0.251119,350.0
1548801900,0.250396,0.251128,0.251104,0.251128,843.18
1548802200,0.251032,0.251099,0.251098,0.251032,2556.32
1548802500,0.250101,0.250976,0.250976,0.250101,147.8
1548802800,0.250103,0.250103,0.250103,0.250103,225.32
1548803100,0.250163,0.250367,0.250367,0.250163,189.04
1548803400,0.2501,0.250959,0.250164,0.2501,2675.05
1548803700,0.2501,0.250793,0.250793,0.25048,6824.49
1548804000,0.25,0.250451,0.250451,0.25,2680.86
1548804300,0.25,0.250386,0.250386,0.250386,1981.77
1548804600,0.25,0.250386,0.250386,0.25,2240.94
1548804900,0.25,0.250299,0.2501,0.25,609.39
1548805500,0.25,0.250291,0.250001,0.250289,1710.74
1548805800,0.25,0.250276,0.250276,0.250268,1431.23
1548806100,0.248617,0.250271,0.250268,0.250245,111824.17
1548806400,0.2482,0.250244,0.250244,0.248741,2520.35
1548806700,0.247402,0.248487,0.2481,0.248304,278.04
1548807000,0.245974,0.248085,0.248085,0.245974,5107.5
1548807300,0.245436,0.247593,0.24759,0.246497,13231.04
1548807600,0.245801,0.247087,0.246703,0.245801,27184.16
1548807900,0.2461,0.246894,0.246642,0.2461,3176.35
1548808200,0.246555,0.24675,0.246567,0.24675,3058.51
1548808500,0.246238,0.24675,0.24675,0.246302,3284.94
1548808800,0.246244,0.246899,0.246749,0.246897,4456.98
1548809100,0.24625,0.247071,0.24625,0.24707,5579.99
1548809400,0.24702,0.247031,0.247031,0.24702,65.21
1548809700,0.246601,0.247001,0.247001,0.246601,925.98
1548810000,0.246601,0.246601,0.246601,0.246601,467.65
1548810300,0.246601,0.246601,0.246601,0.246601,10744.78
1548810600,0.2466,0.246601,0.246601,0.246601,2174.19
1548810900,0.246601,0.246601,0.246601,0.246601,1603.97
1548811200,0.2466,0.246601,0.246601,0.246601,6554.22
1548811500,0.246601,0.246603,0.246601,0.246603,27620.45
1548811800,0.2466,0.246603,0.246602,0.246601,10946.65
1548812100,0.246603,0.246603,0.246603,0.246603,133.27
1548812400,0.2467,0.246781,0.2467,0.246781,351.22
1548812700,0.246616,0.24715,0.247,0.247099,4620.55
1548813000,0.246619,0.246619,0.246619,0.246619,637.64
1548813300,0.246352,0.246619,0.246619,0.246619,10547.66
1548813600,0.246351,0.246619,0.246619,0.246357,3190.59
1548813900,0.245813,0.246619,0.246619,0.246618,17593.32
1548814200,0.246617,0.24715,0.246618,0.24715,8156.15
1548814500,0.24715,0.247799,0.24715,0.247595,1298.5
1548814800,0.246246,0.247797,0.2467,0.247797,860.35
1548815100,0.24777,0.248199,0.247793,0.248199,3529.86
1548815400,0.247301,0.248644,0.2482,0.248597,665.37
1548815700,0.247775,0.248653,0.247775,0.248653,450.41
1548816000,0.247996,0.248799,0.248653,0.248799,919.45
1548816300,0.248785,0.248799,0.248785,0.24879,1052.88
1548816600,0.247441,0.248795,0.248783,0.247743,34670.31
1548816900,0.248776,0.248897,0.248793,0.248893,6438.83
1548817200,0.248072,0.249676,0.248897,0.248421,11763.92
1548817500,0.248527,0.249495,0.24929,0.248527,1045.75
1548817800,0.248801,0.249999,0.2495,0.249787,16394.01
1548818100,0.248208,0.249856,0.248887,0.24967,7283.54
1548818400,0.249171,0.249399,0.2493,0.249171,2036.34
1548818700,0.248482,0.249357,0.249171,0.248509,1521.01
1548819000,0.24922,0.249316,0.249225,0.24922,481.26
1548819300,0.248509,0.249364,0.24928,0.249364,5349.13
1548819600,0.248543,0.249365,0.248902,0.248827,1532.58
1548819900,0.248878,0.249897,0.248878,0.249897,10182.41
1548820200,0.249029,0.24981,0.24981,0.249029,955.25
1548820500,0.249043,0.249665,0.249665,0.249061,186.74
1548820800,0.249135,0.249832,0.249832,0.249785,1127.56
1548821100,0.2499,0.25,0.2499,0.25,66.07
1548821400,0.249793,0.25,0.249793,0.25,1259.14
1548821700,0.24964,0.25,0.25,0.25,1026.52
1548822000,0.25,0.250561,0.25,0.250442,4669.43
1548822300,0.249853,0.250398,0.249868,0.249888,3408.93
1548822600,0.250303,0.250562,0.25042,0.250562,5758.36
1548822900,0.249767,0.250561,0.250561,0.250361,611.72
1548823200,0.249811,0.250562,0.249811,0.250001,2860.19
1548823500,0.249502,0.250985,0.249697,0.25081,21816.28
1548823800,0.249813,0.250447,0.250326,0.249813,1975.8
1548824100,0.249733,0.250683,0.250683,0.250269,10695.88
1548824400,0.250022,0.250891,0.250465,0.250022,2088.78
1548824700,0.2509,0.25173,0.2509,0.251716,19616.12
1548825000,0.250515,0.251713,0.251712,0.250541,3063.38
1548825600,0.250488,0.251379,0.251379,0.250488,1398.72
1548825900,0.251133,0.251134,0.251133,0.251134,1951.69
1548826200,0.250998,0.251134,0.251124,0.250999,2091.81
1548826500,0.250958,0.250997,0.250996,0.250958,692.0
1548827100,0.25005,0.250893,0.250491,0.250111,11535.51
1548827400,0.25005,0.25088,0.25088,0.25005,624.45
1548827700,0.250488,0.250811,0.250606,0.250488,2352.95
1548828000,0.250051,0.251092,0.250488,0.251092,14574.8
1548828300,0.25061,0.25123,0.2511,0.251096,1729.32
1548828600,0.250452,0.251096,0.250452,0.251096,127.02
1548828900,0.250103,0.251094,0.2502,0.251025,917.63
1548829200,0.25017,0.2505,0.25017,0.250498,559.69
1548829500,0.250498,0.250498,0.250498,0.250498,300.67
1548829800,0.25017,0.2505,0.250498,0.2505,890.6
1548830100,0.25017,0.25017,0.25017,0.25017,86.37
1548830700,0.25,0.250494,0.250494,0.25,7081.25
1548831000,0.250097,0.250099,0.250098,0.250099,2940.85
1548831300,0.250096,0.250097,0.250097,0.250097,1534.58
1548831600,0.250096,0.250097,0.250097,0.250096,736.8
1548831900,0.250097,0.250097,0.250097,0.250097,4529.58
1548832500,0.250097,0.250097,0.250097,0.250097,2081.0
1548832800,0.249902,0.250096,0.250096,0.249902,1073.3
1548833100,0.250097,0.250097,0.250097,0.250097,71.72
1548833400,0.250097,0.250097,0.250097,0.250097,421.81
1548833700,0.250097,0.250097,0.250097,0.250097,93.54
1548834000,0.249701,0.250097,0.250097,0.249705,510.89
1548834300,0.249601,0.250097,0.250097,0.250096,1223.03
1548834600,0.249529,0.250097,0.2496,0.250097,1893.33
1548834900,0.250097,0.250097,0.250097,0.250097,35.85
1548835200,0.250097,0.2501,0.250097,0.2501,18815.22
1548835500,0.250307,0.250493,0.250493,0.250307,215.65
1548835800,0.250493,0.250799,0.250493,0.250799,73.51
1548836100,0.2508,0.251148,0.2508,0.250821,249.7
1548836400,0.251173,0.251399,0.251173,0.251397,1120.88
1548836700,0.250981,0.251557,0.251399,0.250981,1009.76
1548837000,0.251558,0.251797,0.251558,0.251797,1131.44
1548837300,0.251723,0.252503,0.251797,0.252503,1807.98
1548837600,0.252072,0.252501,0.252072,0.25249,12245.14
1548837900,0.251736,0.252118,0.252118,0.251736,1000.0
1548838200,0.251902,0.251915,0.251902,0.251915,700.0
1548838500,0.252444,0.252575,0.252444,0.252575,72.92
1548838800,0.252578,0.252578,0.252578,0.252578,20.03
1548839100,0.251612,0.252299,0.252299,0.251612,442.37
1548839700,0.252297,0.252297,0.252297,0.252297,11.91
1548840000,0.251713,0.252888,0.252291,0.251713,34070.83
1548840300,0.251718,0.251718,0.251718,0.251718,53.4
1548840600,0.2517,0.251718,0.251718,0.2517,42.83
1548841200,0.251701,0.252041,0.251701,0.252041,1200.0
1548841500,0.25187,0.25187,0.25187,0.25187,200.0
1548841800,0.251103,0.251869,0.251742,0.251103,1636.32
1548842400,0.251101,0.251829,0.251825,0.251112,215.79
1548843000,0.251499,0.251499,0.251499,0.251499,73.23
1548843600,0.251283,0.251283,0.251283,0.251283,37.66
1548843900,0.251273,0.251794,0.251273,0.251794,211.49
1548844200,0.251793,0.252693,0.251793,0.252693,198.65
1548844800,0.2527,0.253387,0.2527,0.253345,4665.29
1548845100,0.253345,0.253946,0.253345,0.253759,7896.57
1548845400,0.253241,0.254705,0.253692,0.25464,19686.49
1548845700,0.253202,0.254759,0.2539,0.254759,4622.8
1548846000,0.254049,0.254759,0.254731,0.254758,363.51
1548846300,0.254557,0.256851,0.254758,0.2557,40289.6
1548846600,0.255007,0.255998,0.255632,0.255007,895.53
1548846900,0.255022,0.255985,0.255758,0.255022,4418.41
1548847200,0.2544,0.255295,0.255292,0.2544,3268.08
1548847500,0.2535,0.254301,0.2543,0.2535,5755.5
1548847800,0.253101,0.2534,0.2534,0.253334,11648.6
1548848100,0.253334,0.253334,0.253334,0.253334,31.98
1548848400,0.252698,0.253263,0.2531,0.253263,85.43
1548848700,0.253228,0.253241,0.253241,0.253228,444.2
1548849000,0.253142,0.253211,0.253211,0.253142,145.47
1548849300,0.253189,0.253194,0.253194,0.253189,296.78
1548849600,0.252698,0.253142,0.253142,0.253042,770.2
1548849900,0.2526,0.252945,0.252945,0.252828,5329.39
1548850200,0.2522,0.253,0.2526,0.253,80251.83
1548850500,0.252259,0.253,0.252994,0.253,25255.69
1548850800,0.253,0.2572,0.253,0.255718,70243.62
1548851100,0.2552,0.256636,0.2557,0.256345,559.97
1548851400,0.255105,0.256072,0.255201,0.255981,1501.24
1548851700,0.255822,0.256795,0.255946,0.256795,4662.23
1548852000,0.256652,0.2568,0.256779,0.256799,9766.95
1548852300,0.256799,0.256799,0.256799,0.256799,269.82
1548852600,0.2558,0.256776,0.256775,0.256606,4125.92
1548852900,0.256,0.2568,0.256,0.2568,11558.48
1548853200,0.256798,0.256799,0.256799,0.256798,383.82
1548853500,0.2567,0.2568,0.256799,0.2568,1599.21
1548853800,0.2558,0.256799,0.256799,0.256571,7232.63
1548854100,0.255302,0.256498,0.256498,0.256285,1731.35
1548854400,0.25538,0.256158,0.256158,0.25538,795.37
1548854700,0.255348,0.256295,0.256295,0.255348,674.28
1548855000,0.255995,0.256476,0.255997,0.256476,1676.96
1548855300,0.256307,0.256799,0.256476,0.256328,1709.57
1548855600,0.256328,0.25762,0.256328,0.25762,10438.41
1548855900,0.256708,0.2583,0.257021,0.2583,7525.17
1548856200,0.257328,0.258295,0.258295,0.258131,4398.37
1548856500,0.257425,0.2575,0.2575,0.257463,375.42
1548856800,0.257499,0.258177,0.257499,0.258174,2465.74
1548857100,0.256207,0.258899,0.258174,0.256309,32538.35
1548857400,0.256521,0.257461,0.256849,0.256599,982.66
1548857700,0.2575,0.257897,0.2575,0.257888,300.72
1548858000,0.2574,0.257884,0.257884,0.2574,16.64
1548858300,0.2574,0.257527,0.2574,0.2574,3716.57
1548858600,0.2574,0.257526,0.257401,0.257526,3250.44
1548858900,0.257525,0.257525,0.257525,0.257525,189.4
1548859200,0.257525,0.258,0.257525,0.258,21663.74
1548859500,0.257999,0.258899,0.257999,0.258899,10923.45
1548859800,0.257971,0.258793,0.258793,0.258568,646.1
1548860100,0.258497,0.258513,0.258499,0.2585,11571.65
1548860400,0.258046,0.25883,0.258526,0.258829,905.18
1548860700,0.258814,0.261091,0.258814,0.2601,192181.85
1548861000,0.259301,0.26064,0.26064,0.259301,2225.41
1548861300,0.258901,0.259968,0.259879,0.259955,3267.59
1548861600,0.258703,0.259947,0.259929,0.259645,4655.04
1548861900,0.2579,0.259643,0.259643,0.2579,9692.28
1548862200,0.257886,0.25875,0.258732,0.258746,10223.53
1548862500,0.257921,0.258742,0.258742,0.258685,8714.06
1548862800,0.258047,0.258683,0.258104,0.258683,1767.76
1548863100,0.2585,0.258749,0.2585,0.258749,1034.65
1548863400,0.257844,0.258549,0.258098,0.258549,4645.67
1548863700,0.258549,0.258742,0.258549,0.258719,1134.7
1548864000,0.257917,0.258744,0.258704,0.257931,667.46
1548864300,0.257706,0.25875,0.258735,0.257706,9214.22
1548864600,0.257622,0.258541,0.258541,0.25834,2728.53
1548864900,0.257622,0.25832,0.25832,0.258276,4407.41
1548865200,0.2575,0.258165,0.258165,0.2575,11275.63
1548865500,0.256399,0.258197,0.257884,0.257128,11658.95
1548865800,0.256305,0.258164,0.256876,0.257131,8831.33
1548866100,0.256308,0.257699,0.257087,0.257699,4002.18
1548866400,0.256701,0.257617,0.257617,0.257424,3718.53
1548866700,0.256367,0.257201,0.2567,0.257201,3104.25
1548867000,0.25625,0.257075,0.257075,0.256987,3140.16
1548867300,0.255908,0.256964,0.256963,0.256803,5670.06
1548867600,0.255544,0.256099,0.256099,0.255544,1350.92
1548867900,0.255544,0.256098,0.255944,0.256088,1341.66
1548868200,0.256085,0.256099,0.256085,0.256096,468.26
1548868500,0.255544,0.256061,0.255549,0.25606,2260.33
1548868800,0.255545,0.256061,0.256059,0.256057,2493.36
1548869100,0.255545,0.2561,0.256057,0.2561,2139.73
1548869400,0.255544,0.256087,0.256087,0.256046,2887.94
1548869700,0.256039,0.256045,0.256044,0.256039,518.96
1548870000,0.255416,0.256036,0.256036,0.255936,527.02
1548870300,0.255448,0.255925,0.255448,0.25555,153.57
1548870600,0.255551,0.25595,0.255949,0.255551,14857.93
1548870900,0.25555,0.255551,0.255551,0.25555,318.42
1548871200,0.25555,0.25595,0.25555,0.25595,10632.95
1548871500,0.255581,0.25595,0.255581,0.25595,1774.69
1548871800,0.255949,0.25595,0.25595,0.25595,30493.45
1548872100,0.25595,0.25595,0.25595,0.25595,23035.52
1548872400,0.255864,0.25595,0.25595,0.255865,10109.18
1548872700,0.255949,0.2561,0.25595,0.2561,8000.17
1548873000,0.255865,0.2561,0.2561,0.255865,1120.29
1548873300,0.2561,0.2561,0.2561,0.2561,1088.19
1548873600,0.255865,0.2561,0.2561,0.2561,4992.06
1548873900,0.2561,0.2561,0.2561,0.2561,7917.52
1548874200,0.2561,0.257095,0.2561,0.2563,2860.59
1548874500,0.256317,0.257065,0.257065,0.256317,485.69
1548874800,0.256657,0.256658,0.256657,0.256658,290.0
1548875100,0.2563,0.256658,0.256658,0.256529,3017.05
1548875400,0.256586,0.25746,0.256586,0.256696,4362.1
1548875700,0.25746,0.257464,0.25746,0.257464,1213.96
1548876000,0.256993,0.257999,0.256993,0.257999,2898.52
1548876300,0.257503,0.258493,0.257999,0.257503,1401.89
1548876600,0.25842,0.258443,0.258443,0.258421,1199.52
1548876900,0.2583,0.258399,0.258398,0.258399,441.59
1548877200,0.258398,0.258399,0.258398,0.258399,751.12
1548877500,0.258394,0.258399,0.258399,0.258398,1653.51
1548877800,0.257406,0.258001,0.258001,0.258,2697.26
1548878100,0.257002,0.257942,0.2574,0.257016,881.12
1548878400,0.256901,0.257826,0.257001,0.257744,4950.85
1548878700,0.256901,0.257717,0.257717,0.257681,2387.64
1548879000,0.256529,0.257446,0.2569,0.256529,1111.52
1548879300,0.256531,0.258098,0.256531,0.258098,6183.23
1548879600,0.256702,0.258054,0.258054,0.257557,1743.33
1548879900,0.256601,0.257511,0.256717,0.257511,235.69
1548880200,0.257459,0.257463,0.257463,0.257459,612.64
1548880500,0.256601,0.2575,0.256637,0.257491,11008.35
1548880800,0.25749,0.257499,0.257491,0.257491,906.18
1548881100,0.256863,0.257491,0.257491,0.257433,552.45
1548881400,0.257432,0.25806,0.257432,0.25806,5328.66
1548881700,0.257005,0.257999,0.257998,0.257699,5313.65
1548882000,0.256609,0.257499,0.257498,0.256609,1078.91
1548882300,0.257476,0.257479,0.257476,0.257478,2051.25
1548882600,0.256621,0.257478,0.257478,0.257478,277.47
1548882900,0.257478,0.257987,0.257478,0.257841,1343.84
1548883200,0.256908,0.257839,0.257047,0.257002,1404.43
1548883500,0.257039,0.25784,0.257839,0.25779,8247.29
1548883800,0.257079,0.257779,0.257079,0.257777,897.18
1548884100,0.257776,0.257778,0.257777,0.257777,848.59
1548884400,0.255618,0.257777,0.257777,0.257773,30665.56
1548884700,0.256319,0.257699,0.2566,0.2571,1415.48
1548885000,0.2568,0.257543,0.2571,0.2568,483.3
1548885300,0.256101,0.257492,0.257486,0.256233,53157.22
1548885600,0.255972,0.257283,0.2571,0.256,30733.7
1548885900,0.25623,0.257292,0.25623,0.257292,683.78
1548886200,0.256449,0.257495,0.25728,0.257339,2646.19
1548886500,0.256208,0.257339,0.256523,0.256208,5145.07
1548886800,0.256402,0.258189,0.257049,0.256403,5230.23
1548887100,0.257448,0.257996,0.257448,0.257731,1525.63
1548887400,0.2571,0.257663,0.257663,0.2571,741.59
1548887700,0.2563,0.257465,0.257458,0.257153,7081.15
1548888000,0.256317,0.257117,0.2565,0.256321,804.82
1548888300,0.256321,0.257059,0.257059,0.256321,2646.54
1548888600,0.256413,0.257177,0.257048,0.256421,248.54
1548888900,0.256421,0.257177,0.257177,0.256421,104.86
1548889200,0.256338,0.256964,0.256964,0.256338,3166.76
1548889500,0.25634,0.257096,0.257096,0.256958,1905.74
1548889800,0.25689,0.256974,0.256973,0.256974,445.07
1548890100,0.257174,0.257175,0.257174,0.257175,427.35
1548890400,0.25689,0.257366,0.256892,0.257093,1461.07
1548890700,0.256063,0.256987,0.25689,0.256876,459.17
1548891000,0.256001,0.256856,0.256856,0.256628,2797.76
1548891300,0.256001,0.25632,0.256001,0.25632,221.45
1548891600,0.256317,0.256318,0.256317,0.256318,194.15
1548891900,0.25632,0.256848,0.25632,0.256819,3288.52
1548892200,0.256074,0.256104,0.256104,0.256074,89.34
1548892500,0.256791,0.256791,0.256791,0.256791,71.72
1548892800,0.256184,0.256851,0.256791,0.256184,821.67
1548893100,0.256184,0.257659,0.256184,0.257659,1214.32
1548893400,0.256675,0.257582,0.257581,0.257545,3007.78
1548893700,0.257402,0.257412,0.257402,0.257412,409.81
1548894000,0.25674,0.257699,0.25674,0.257699,3217.01
1548894300,0.257033,0.257694,0.25769,0.257681,2656.93
1548894600,0.257676,0.25769,0.25769,0.257676,276.17
1548894900,0.257499,0.2575,0.2575,0.2575,2606.86
1548895200,0.257499,0.2575,0.2575,0.257499,5955.48
1548895500,0.2575,0.2575,0.2575,0.2575,4388.3
1548895800,0.257499,0.2575,0.2575,0.257499,12685.25
1548896100,0.2575,0.2583,0.2575,0.2583,13658.48
1548896400,0.257999,0.2583,0.2583,0.2583,9716.78
1548896700,0.258,0.2583,0.258299,0.258,2257.63
1548897000,0.2578,0.2583,0.258299,0.257801,4744.97
1548897300,0.258037,0.2583,0.2583,0.2583,4938.46
1548897600,0.258122,0.258299,0.258299,0.25825,6958.81
1548897900,0.25825,0.2583,0.25825,0.2583,7061.03
1548898200,0.258211,0.258749,0.2583,0.258749,13414.38
1548898500,0.258265,0.258749,0.258749,0.258265,229.85
1548898800,0.258749,0.25875,0.258749,0.25875,3015.46
1548899100,0.258269,0.258749,0.258749,0.258693,1248.68
1548899400,0.258227,0.258692,0.258692,0.258578,2453.83
1548899700,0.258228,0.258569,0.258569,0.258228,720.7
1548900000,0.2578,0.258228,0.258228,0.2578,1195.85
1548900300,0.257711,0.258553,0.257801,0.25842,1582.72
1548900600,0.257781,0.257813,0.257781,0.257813,620.47
1548900900,0.257821,0.257877,0.257821,0.257877,229.67
1548901200,0.257821,0.257877,0.257877,0.257821,203.46
1548901500,0.257748,0.258659,0.257877,0.257748,2610.09
1548901800,0.258002,0.2587,0.2585,0.258002,4381.61
1548902100,0.257898,0.2585,0.258002,0.2585,2698.33
1548902400,0.257901,0.2585,0.257931,0.258399,3709.02
1548902700,0.2579,0.258399,0.258399,0.2579,1126.18
1548903000,0.258399,0.258489,0.258399,0.258487,600.73
1548903300,0.257704,0.258487,0.258487,0.258484,8502.05
1548903600,0.257404,0.258483,0.258483,0.257404,4177.12
1548903900,0.2573,0.257955,0.2574,0.257955,753.82
1548904200,0.2573,0.257949,0.257949,0.2573,3526.61
1548904500,0.257001,0.257717,0.2573,0.257688,3101.96
1548904800,0.257002,0.257654,0.257654,0.257002,386.04
1548905100,0.257,0.257619,0.257619,0.257582,420.05
1548905400,0.257,0.257542,0.257,0.257,4594.48
1548905700,0.257,0.257455,0.257,0.257439,1617.01
1548906000,0.257,0.257417,0.257,0.257387,105.63
1548906300,0.257387,0.257387,0.257387,0.257387,349.94
1548906600,0.257376,0.257383,0.257383,0.257376,317.12
1548906900,0.257,0.257387,0.257,0.257387,2915.14
1548907200,0.2566,0.257332,0.257,0.257323,1689.45
1548907500,0.25661,0.257323,0.257323,0.25661,333.84
1548907800,0.256391,0.25721,0.25661,0.256391,5202.26
1548908100,0.256239,0.257117,0.257111,0.257063,3610.11
1548908400,0.257061,0.257061,0.257061,0.257061,4.0
1548908700,0.256264,0.257019,0.256458,0.257019,2099.59
1548909000,0.256158,0.257013,0.257011,0.256158,3976.2
1548909300,0.256696,0.256916,0.256915,0.256697,2897.91
1548909600,0.2561,0.256696,0.256695,0.256686,2296.68
1548909900,0.256489,0.256673,0.256673,0.2565,2125.52
1548910200,0.255907,0.256499,0.2561,0.256299,3432.79
1548910500,0.255913,0.256704,0.255913,0.255913,1420.81
1548910800,0.255611,0.256493,0.256493,0.255611,19108.91
1548911100,0.255611,0.256496,0.255612,0.256496,1951.66
1548911400,0.256477,0.256692,0.256499,0.256692,2724.61
1548911700,0.256418,0.256685,0.256685,0.256418,554.08
1548912000,0.256264,0.256264,0.256264,0.256264,283.68
1548912300,0.255891,0.256357,0.256264,0.255891,1223.16
1548912600,0.255891,0.256134,0.256134,0.255891,209.64
1548912900,0.256051,0.256061,0.256061,0.256051,198.3
1548913200,0.255611,0.256028,0.256028,0.255849,4670.45
1548913500,0.255818,0.25582,0.25582,0.255818,389.62
1548913800,0.255816,0.255816,0.255816,0.255816,217.34
1548914100,0.255611,0.255791,0.255791,0.255611,143.36
1548914400,0.255611,0.255746,0.255746,0.255634,2940.39
1548914700,0.255611,0.255653,0.255611,0.255652,686.2
1548915000,0.255651,0.255652,0.255651,0.255652,1994.94
1548915300,0.255652,0.256001,0.255652,0.255657,845.37
1548915600,0.255651,0.255999,0.255656,0.255999,2423.68
1548915900,0.255017,0.255655,0.255655,0.255017,5186.56
1548916200,0.255845,0.255912,0.255912,0.255845,122.28
1548916500,0.255826,0.255826,0.255826,0.255826,373.46
1548916800,0.255999,0.25615,0.255999,0.25615,3560.65
1548917100,0.256165,0.256275,0.256192,0.256275,1011.43
1548917400,0.25626,0.256399,0.256271,0.2563,915.53
1548917700,0.256068,0.256269,0.256068,0.256068,1675.03
1548918000,0.255402,0.256329,0.256068,0.256311,504.84
1548918300,0.255408,0.256282,0.256268,0.256282,5638.7
1548918600,0.256268,0.256268,0.256268,0.256268,51.6
1548918900,0.255473,0.256174,0.256174,0.256072,3464.69
1548919200,0.255402,0.256227,0.256125,0.255402,3297.74
1548919500,0.256146,0.256224,0.256224,0.256186,1108.57
1548919800,0.256187,0.256187,0.256187,0.256187,60.82
1548920100,0.2554,0.256109,0.2554,0.256092,318.72
1548920400,0.256067,0.256179,0.256067,0.256179,907.45
1548920700,0.255715,0.256187,0.256187,0.256187,244.81
1548921000,0.255726,0.256187,0.256169,0.256187,794.01
1548921300,0.256052,0.256697,0.256187,0.256052,2937.07
1548921600,0.25585,0.256258,0.256052,0.256258,274.32
1548921900,0.255849,0.256255,0.256254,0.255849,1654.64
1548922200,0.255447,0.255849,0.255849,0.255447,195.72
1548922500,0.255,0.255791,0.255791,0.255,10868.23
1548922800,0.255,0.255538,0.255538,0.255419,4607.72
1548923100,0.255,0.255215,0.255,0.255212,1106.27
1548923400,0.252744,0.255001,0.255,0.252744,57707.44
1548923700,0.252719,0.253996,0.252719,0.253984,622.85
1548924000,0.2527,0.253669,0.253,0.2527,16519.9
1548924300,0.25204,0.25329,0.252701,0.252949,14807.24
1548924600,0.252843,0.252843,0.252843,0.252843,169.23
1548924900,0.2525,0.2525,0.2525,0.2525,8.62
1548925200,0.252999,0.252999,0.252999,0.252999,72.8
1548925500,0.252996,0.252996,0.252996,0.252996,146.69
1548925800,0.252001,0.252957,0.252957,0.252001,4088.58
1548926100,0.252862,0.252963,0.252862,0.252963,1920.52
1548926400,0.252926,0.252926,0.252926,0.252926,479.98
1548926700,0.252758,0.252791,0.252791,0.252758,448.9
1548927000,0.252938,0.252986,0.252986,0.252938,443.19
1548927600,0.252505,0.252985,0.252521,0.252985,1385.52
1548927900,0.252114,0.252952,0.252114,0.252952,359.53
1548928200,0.252872,0.252934,0.252934,0.252873,2470.84
1548928500,0.252761,0.252816,0.252816,0.252761,55.15
1548928800,0.252761,0.253395,0.25297,0.253395,2553.54
1548929100,0.253301,0.253595,0.253301,0.253595,1015.75
1548929400,0.253346,0.253575,0.253575,0.253346,966.84
1548929700,0.251505,0.253463,0.253463,0.251505,24633.78
1548930000,0.25,0.25197,0.251505,0.250884,15863.65
1548930300,0.25,0.250783,0.250002,0.250783,1705.88
1548930600,0.249574,0.250857,0.250728,0.2504,15017.93
1548930900,0.250117,0.25024,0.25024,0.250117,121.06
1548931200,0.249201,0.250085,0.250074,0.249201,11543.96
1548931500,0.2492,0.249202,0.249201,0.2492,1148.08
1548931800,0.2492,0.249868,0.249202,0.2492,1524.35
1548932100,0.249,0.249641,0.249641,0.24948,2095.36
1548932400,0.249737,0.24974,0.249737,0.24974,784.95
1548932700,0.248999,0.249,0.249,0.248999,5.52
1548933000,0.248897,0.249245,0.249245,0.248897,1298.0
1548933300,0.248825,0.24977,0.248825,0.24977,2015.78
1548933600,0.249734,0.249734,0.249734,0.249734,492.62
1548933900,0.249,0.249733,0.249663,0.249733,2160.27
1548934200,0.249118,0.249721,0.249721,0.249118,420.65
1548934500,0.2498,0.251093,0.2498,0.251093,3911.55
1548934800,0.250901,0.250901,0.250901,0.250901,781.3
1548935100,0.250167,0.250167,0.250167,0.250167,117.1
1548935400,0.250009,0.250826,0.250194,0.250801,1057.2
1548935700,0.250662,0.250966,0.250745,0.25083,2404.99
1548936000,0.250855,0.251062,0.250994,0.251062,639.32
1548936300,0.250953,0.25102,0.25102,0.250953,769.18
1548936900,0.251073,0.251195,0.251073,0.251194,467.8
1548937200,0.250551,0.251297,0.251199,0.250576,178.94
1548937500,0.251297,0.251693,0.251297,0.251693,189.87
1548937800,0.251327,0.251968,0.251693,0.251327,196.83
1548938100,0.251329,0.251999,0.251329,0.251999,1185.37
1548938400,0.251998,0.251998,0.251998,0.251998,470.05
1548938700,0.251998,0.251998,0.251998,0.251998,158.06
1548939000,0.251998,0.251998,0.251998,0.251998,6355.26
1548939300,0.251997,0.251998,0.251998,0.251997,1226.11
1548939600,0.251001,0.251997,0.251997,0.251001,445.24
1548939900,0.249503,0.251,0.251,0.250471,7673.84
1548940200,0.250139,0.250335,0.250335,0.250139,1198.61
1548940500,0.2485,0.2495,0.2495,0.249382,1508.92
1548940800,0.248462,0.249189,0.248462,0.249146,719.3
1548941100,0.2486,0.24908,0.2486,0.249015,5085.89
1548941400,0.2486,0.248603,0.248602,0.2486,3927.14
1548941700,0.2486,0.249583,0.249067,0.249149,14943.04
1548942000,0.248609,0.249166,0.249145,0.248609,509.63
1548942300,0.247901,0.24861,0.248609,0.247901,7855.6
1548942600,0.247801,0.248,0.247999,0.247801,4332.12
1548942900,0.247999,0.248,0.247999,0.248,5958.43
1548943200,0.248,0.249749,0.248,0.249749,2527.09
1548943500,0.248501,0.248851,0.248851,0.248851,521.16
1548943800,0.248851,0.24935,0.248851,0.249348,7401.17
1548944100,0.248416,0.249343,0.249,0.249284,656.06
1548944400,0.248423,0.249197,0.249197,0.249195,2842.57
1548944700,0.248452,0.249193,0.249193,0.24909,2344.33
1548945000,0.24818,0.248861,0.248861,0.248842,7078.41
1548945300,0.24818,0.24884,0.24884,0.248793,4088.11
1548945600,0.24818,0.249069,0.248794,0.248792,7107.26
1548945900,0.24818,0.24871,0.248183,0.24857,5714.22
1548946200,0.24855,0.24857,0.24855,0.24857,2150.1
1548946500,0.24855,0.248986,0.24857,0.248955,3378.47
1548946800,0.248693,0.248939,0.248939,0.248693,637.89
1548947100,0.247269,0.249699,0.248463,0.247281,112105.46
1548947400,0.247326,0.248295,0.2482,0.248286,2430.39
1548947700,0.247664,0.24829,0.248289,0.248288,4507.26
1548948000,0.24734,0.248396,0.248292,0.247367,5733.56
1548948300,0.247255,0.249081,0.248299,0.248758,32281.34
1548948600,0.248101,0.24873,0.248728,0.248101,375.69
1548948900,0.24741,0.248584,0.2481,0.248584,2060.58
1548949200,0.248,0.249545,0.248584,0.248,5685.31
1548949500,0.248014,0.248925,0.248918,0.248082,2774.02
1548949800,0.248143,0.248893,0.248865,0.248893,2433.43
1548950100,0.248072,0.248893,0.248869,0.248078,7784.21
1548950400,0.24809,0.248893,0.24809,0.248889,4556.52
1548950700,0.248113,0.248889,0.248124,0.248144,3027.28
1548951000,0.248101,0.248892,0.248878,0.248101,1236.42
1548951300,0.248104,0.24889,0.248879,0.248886,1834.87
1548951600,0.248104,0.24889,0.248888,0.24889,5503.85
1548951900,0.24803,0.248893,0.248146,0.24803,3886.3
1548952200,0.248006,0.248799,0.248034,0.248773,3866.17
1548952500,0.247901,0.248692,0.248,0.247901,9449.58
1548952800,0.247929,0.248597,0.248595,0.247929,3032.88
1548953100,0.247929,0.248599,0.248599,0.248506,3593.21
1548953400,0.247901,0.248613,0.24851,0.248613,1135.99
1548953700,0.247869,0.248528,0.2479,0.24838,1763.04
1548954000,0.2475,0.248329,0.248329,0.248159,13946.04
1548954300,0.24725,0.24815,0.24815,0.247844,20097.59
1548954600,0.247251,0.247825,0.247825,0.247817,3215.34
1548954900,0.247816,0.247817,0.247817,0.247816,4386.91
1548955200,0.247251,0.247815,0.247815,0.247815,503.05
1548955500,0.247251,0.24787,0.247816,0.24787,4619.92
1548955800,0.247251,0.247866,0.247251,0.247866,255.62
1548956100,0.247253,0.247867,0.247867,0.247253,2508.49
1548956400,0.24725,0.247866,0.247253,0.247847,5815.24
1548956700,0.247826,0.247828,0.247828,0.247826,4439.93
1548957000,0.24725,0.247252,0.24725,0.247252,9262.63
1548957300,0.24725,0.247251,0.24725,0.24725,5840.83
1548957600,0.24725,0.247251,0.24725,0.24725,7540.69
1548957900,0.24725,0.247251,0.24725,0.247251,2348.71
1548958200,0.24725,0.247251,0.24725,0.24725,12778.09
1548958500,0.24725,0.247869,0.24725,0.247642,20108.63
1548958800,0.24725,0.247642,0.247642,0.247618,1740.43
1548959100,0.247119,0.2476,0.2476,0.247444,15946.48
1548959400,0.247119,0.24744,0.24744,0.247261,5509.32
1548959700,0.247119,0.247261,0.247119,0.247119,4555.99
1548960000,0.247119,0.24726,0.247119,0.24726,3027.95
1548960300,0.247119,0.247592,0.247119,0.247567,13534.84
1548960600,0.247119,0.247535,0.247535,0.247119,643.46
1548960900,0.247,0.247199,0.247119,0.247,3903.43
1548961200,0.247,0.247311,0.247195,0.247,4455.77
1548961500,0.247,0.247234,0.247,0.247221,1773.75
1548961800,0.2465,0.247214,0.247,0.2465,2019.62
1548962100,0.246486,0.247165,0.2465,0.246946,10526.58
1548962400,0.246205,0.246985,0.246944,0.246962,10792.55
1548962700,0.246464,0.24699,0.24699,0.24699,852.6
1548963000,0.246704,0.24699,0.24699,0.246704,8125.77
1548963300,0.246754,0.24699,0.24699,0.24676,1020.0
1548963600,0.246755,0.24699,0.246989,0.24699,1494.44
1548963900,0.246334,0.24699,0.24699,0.246335,4096.21
1548964200,0.246335,0.246799,0.246335,0.246797,639.41
1548964500,0.246325,0.246792,0.246792,0.246326,552.2
1548964800,0.24612,0.246792,0.246325,0.246792,4255.85
1548965100,0.246127,0.246127,0.246127,0.246127,874.91
1548965400,0.246121,0.247644,0.246127,0.246748,11043.29
1548965700,0.246762,0.247643,0.246762,0.246866,2745.35
1548966000,0.247081,0.247643,0.24756,0.247643,4421.81
1548966300,0.2471,0.247643,0.2471,0.247202,556.23
1548966600,0.247202,0.248081,0.247202,0.248081,1005.05
1548966900,0.247607,0.247608,0.247608,0.247607,405.84
1548967200,0.247607,0.247608,0.247607,0.247607,133.58
1548967500,0.247607,0.247608,0.247607,0.247608,4359.4
1548967800,0.247607,0.247608,0.247607,0.247608,2086.66
1548968100,0.247608,0.2482,0.247608,0.248199,26908.63
1548968400,0.2478,0.248199,0.248199,0.248043,1956.04
1548968700,0.2478,0.248149,0.2478,0.248109,10934.65
1548969000,0.2478,0.248476,0.248103,0.248285,5678.27
1548969300,0.247505,0.248257,0.2478,0.248153,1850.19
1548969600,0.248134,0.248134,0.248134,0.248134,270.76
1548969900,0.247323,0.248251,0.2477,0.247324,29890.56
1548970200,0.247323,0.247811,0.2475,0.247789,13249.01
1548970500,0.247202,0.247738,0.247324,0.247202,7780.35
1548970800,0.2473,0.247499,0.2473,0.247485,5125.87
1548971100,0.2467,0.247485,0.247485,0.247261,3174.2
1548971400,0.2467,0.247238,0.2467,0.2467,1312.19
1548971700,0.246289,0.2467,0.2467,0.246685,7974.5
1548972000,0.246538,0.246925,0.246682,0.246865,8282.65
1548972300,0.246204,0.246782,0.246571,0.246205,3814.5
1548972600,0.246208,0.247095,0.246681,0.246208,17064.8
1548972900,0.246217,0.247397,0.246217,0.246315,4573.32
1548973200,0.24634,0.247491,0.2473,0.24634,1118.85
1548973500,0.246347,0.247495,0.247263,0.247294,762.15
1548973800,0.246515,0.247875,0.247155,0.246515,1311.17
1548974100,0.24663,0.247489,0.24663,0.2469,2643.07
1548974400,0.246579,0.247442,0.247427,0.247431,1625.05
1548974700,0.246616,0.2475,0.247422,0.24685,2376.47
1548975000,0.246901,0.247498,0.247262,0.247275,2920.83
1548975300,0.247199,0.247199,0.247199,0.247199,36.27
1548975600,0.247099,0.247495,0.247099,0.247099,1335.68
1548975900,0.2469,0.247463,0.247099,0.2469,4930.31
1548976200,0.246619,0.2469,0.2469,0.246619,1742.52
1548976500,0.246658,0.247001,0.247001,0.246877,3073.31
1548976800,0.246658,0.246697,0.246658,0.246687,681.18
1548977100,0.246658,0.246659,0.246658,0.246659,523.53
1548977700,0.246658,0.246991,0.246659,0.246744,1182.57
1548978000,0.246744,0.246744,0.246744,0.246744,395.28
