1551607200,0.244594,0.244594,0.244594,0.244594,6132.61
1551607800,0.243503,0.244498,0.2436,0.244498,400.31
1551608400,0.244498,0.244498,0.244498,0.244498,40.78
1551608700,0.244497,0.244498,0.244498,0.244497,154.73
1551609000,0.24311,0.244497,0.244497,0.24311,39.71
1551609300,0.2441,0.244459,0.2441,0.244458,243.06
1551609900,0.243103,0.24401,0.24401,0.243103,1569.16
1551610500,0.243003,0.244497,0.2431,0.244497,446.8
1551610800,0.244497,0.244497,0.244497,0.244497,195.39
1551611700,0.244496,0.244496,0.244496,0.244496,203.53
1551612600,0.244379,0.24438,0.24438,0.244379,570.76
1551613500,0.242709,0.244146,0.244146,0.242709,624.11
1551613800,0.242702,0.244497,0.242702,0.244497,8044.42
1551614100,0.244495,0.244496,0.244496,0.244495,1109.52
1551614400,0.2437,0.2437,0.2437,0.2437,1475.67
