1554665700,0.362502,0.364137,0.364131,0.362784,16588.02
1554666000,0.362695,0.364137,0.364105,0.363981,6092.6
1554666300,0.362705,0.364137,0.36397,0.364,6342.84
1554666600,0.362886,0.363998,0.363993,0.363998,994.79
1554666900,0.362712,0.364,0.363977,0.362712,6387.28
1554667200,0.362734,0.36495,0.362734,0.364898,6458.22
1554667500,0.36338,0.365,0.364917,0.365,19290.81
1554667800,0.363867,0.366,0.364635,0.365999,12899.59
1554668100,0.364621,0.366,0.364621,0.365057,10846.04
1554668400,0.364196,0.366,0.365999,0.364196,10068.99
1554668700,0.364121,0.366,0.365859,0.366,25873.65
1554669000,0.364357,0.366,0.365999,0.365478,5675.02
1554669300,0.363,0.366,0.365999,0.363,3269.53
1554669600,0.363,0.36499,0.364906,0.36499,4937.21
1554669900,0.363719,0.365351,0.364998,0.365292,6161.44
1554670200,0.35953,0.365382,0.365278,0.35953,35883.36
1554670500,0.358535,0.360359,0.360359,0.360142,5506.38
1554670800,0.358683,0.360465,0.360128,0.359244,4862.02
1554671100,0.358861,0.361201,0.359266,0.36108,12639.7
1554671400,0.359153,0.3613,0.361069,0.360703,7674.78
1554671700,0.359031,0.360796,0.359347,0.360796,4984.91
1554672000,0.358676,0.360695,0.360695,0.359964,3586.48
1554672300,0.358755,0.360659,0.359925,0.360659,4967.71
1554672600,0.358959,0.36081,0.360635,0.360641,4511.12
1554672900,0.359188,0.361002,0.360626,0.360992,4728.04
1554673200,0.360001,0.36119,0.360978,0.36119,3670.74
1554673500,0.36,0.361432,0.36124,0.361245,4971.29
1554673800,0.3592,0.36141,0.360017,0.361405,13213.71
1554674100,0.359423,0.361392,0.361386,0.361252,6409.99
1554674400,0.359937,0.362169,0.361174,0.362086,3372.49
1554674700,0.360963,0.362482,0.362004,0.362465,11304.33
1554675000,0.360999,0.362452,0.362452,0.36227,3043.2
1554675300,0.359719,0.36227,0.362269,0.359719,13741.37
1554675600,0.35881,0.361248,0.359521,0.360772,1832.85
1554675900,0.359061,0.361717,0.360768,0.36156,19722.05
1554676200,0.358811,0.361481,0.358996,0.360976,7205.09
1554676500,0.359454,0.361982,0.36093,0.36162,13623.63
1554676800,0.359464,0.36159,0.36159,0.361295,5466.85
1554677100,0.359745,0.361206,0.360825,0.359898,4615.11
1554677400,0.355112,0.360998,0.360998,0.355582,43878.07
1554677700,0.355611,0.360044,0.360044,0.356169,5099.71
1554678000,0.355201,0.358853,0.358853,0.355201,8280.78
1554678300,0.353001,0.357299,0.355202,0.357127,7048.84
1554678600,0.354693,0.357013,0.354693,0.355218,14971.65
1554678900,0.355,0.356903,0.356903,0.355,4749.55
1554679200,0.355,0.357657,0.357048,0.3573,5692.78
1554679500,0.355234,0.357382,0.3573,0.357186,7132.51
1554679800,0.35575,0.357538,0.357173,0.35742,21233.1
1554680100,0.355388,0.358301,0.357419,0.35795,10301.65
1554680400,0.357,0.358332,0.357952,0.357,1682.37
1554680700,0.355118,0.357929,0.357929,0.357,9387.76
1554681000,0.355448,0.357,0.356,0.356996,2502.65
1554681300,0.355425,0.35699,0.35543,0.355426,11718.27
1554681600,0.355341,0.356997,0.356997,0.355341,1120.25
1554681900,0.355001,0.356,0.355341,0.356,17124.1
1554682200,0.355069,0.356,0.355998,0.356,4200.79
1554682500,0.355195,0.358,0.356,0.358,8732.69
1554682800,0.356759,0.359795,0.356785,0.359794,26781.81
1554683100,0.357886,0.360497,0.359794,0.358545,7949.9
1554683400,0.358609,0.362649,0.360464,0.362649,34111.58
1554683700,0.362649,0.366,0.362733,0.362928,53066.76
1554684000,0.363109,0.365934,0.363109,0.363344,16767.67
1554684300,0.362657,0.364697,0.363351,0.362728,13790.64
1554684600,0.36266,0.364363,0.362731,0.364362,7149.13
1554684900,0.36265,0.364363,0.364361,0.362721,13441.44
1554685200,0.36193,0.364363,0.362739,0.363924,18442.88
1554685500,0.36211,0.365,0.363912,0.365,50339.46
1554685800,0.36018,0.364947,0.364947,0.363875,61025.77
1554686100,0.3617,0.36378,0.36378,0.363196,38329.66
1554686400,0.361705,0.3633,0.363196,0.361735,29419.74
1554686700,0.360828,0.3628,0.361701,0.360829,31592.93
1554687000,0.360306,0.365201,0.36083,0.364929,113079.18
1554687300,0.36174,0.365284,0.364918,0.365284,9519.64
1554687600,0.362234,0.36786,0.365275,0.365217,96958.31
1554687900,0.365331,0.368883,0.367999,0.3672,22462.21
1554688200,0.367201,0.370324,0.368353,0.369,100238.7
1554688500,0.369,0.370288,0.369,0.369,42006.78
1554688800,0.369,0.3711,0.369919,0.370669,19203.27
1554689100,0.369015,0.371621,0.370654,0.369475,45611.97
1554689400,0.369032,0.371622,0.37144,0.371617,33891.32
1554689700,0.369501,0.374098,0.369524,0.369619,120483.54
1554690000,0.369193,0.371266,0.371024,0.370717,16155.98
1554690300,0.369,0.370713,0.370713,0.369926,49471.91
1554690600,0.369,0.370321,0.3699,0.369003,11344.55
1554690900,0.369003,0.3722,0.370624,0.372149,37845.52
1554691200,0.369006,0.3722,0.372197,0.371486,30837.72
1554691500,0.369,0.372199,0.369044,0.371991,71848.72
1554691800,0.368374,0.371998,0.371965,0.368374,21942.65
1554692100,0.368942,0.37098,0.369038,0.37098,173910.62
1554692400,0.366133,0.370953,0.370953,0.367964,254601.54
1554692700,0.365185,0.367638,0.366308,0.366792,10615.91
1554693000,0.36466,0.366794,0.365184,0.36466,5157.79
1554693300,0.3625,0.36466,0.36466,0.363494,6727.25
1554693600,0.362501,0.363574,0.362501,0.362501,15586.51
1554693900,0.360987,0.362502,0.362502,0.360987,54607.91
1554694200,0.360448,0.361191,0.360774,0.3605,8885.73
1554694500,0.36,0.360816,0.360449,0.360331,5178.54
1554694800,0.358354,0.36045,0.360269,0.359707,4473.63
1554695100,0.35758,0.36044,0.359704,0.36014,10270.84
1554695400,0.35727,0.360591,0.3576,0.359951,11058.79
1554695700,0.358053,0.360621,0.36005,0.359988,8305.6
1554696000,0.357026,0.359681,0.359681,0.358821,3497.56
1554696300,0.355588,0.358663,0.357275,0.355752,18819.24
1554696600,0.357041,0.358048,0.358048,0.357041,1388.46
1554696900,0.357041,0.357986,0.357966,0.357836,7359.08
1554697200,0.355603,0.357753,0.357753,0.355726,39228.5
1554697500,0.355774,0.358009,0.357756,0.355833,4423.84
1554697800,0.355778,0.358226,0.355778,0.358226,8187.02
1554698100,0.356031,0.358485,0.356031,0.357692,5502.42
1554698400,0.357,0.358935,0.358486,0.358359,5753.67
1554698700,0.357,0.357499,0.357001,0.357,8473.27
1554699000,0.357,0.3575,0.357419,0.357,33019.02
1554699300,0.357,0.358771,0.357001,0.357386,24656.03
1554699600,0.3575,0.359838,0.358763,0.357501,52460.76
1554699900,0.357636,0.3591,0.358956,0.358,24893.66
1554700200,0.358,0.358783,0.358693,0.358783,3195.3
1554700500,0.358,0.358839,0.358839,0.358262,6546.25
1554700800,0.3572,0.358179,0.358179,0.3572,12761.01
1554701100,0.3572,0.358,0.357999,0.357201,21343.01
1554701400,0.3572,0.357998,0.357998,0.357935,12205.19
1554701700,0.35455,0.357862,0.357862,0.35455,34361.29
1554702000,0.355053,0.356769,0.355053,0.356769,3096.56
1554702300,0.356535,0.357156,0.356825,0.357116,800.43
1554702600,0.35634,0.357998,0.357203,0.356547,2359.32
1554702900,0.356314,0.358,0.35772,0.357413,6765.66
1554703200,0.357437,0.358,0.357999,0.357445,1924.98
1554703500,0.357382,0.358484,0.357999,0.358484,2214.99
1554703800,0.356547,0.358845,0.357556,0.35871,20434.79
1554704100,0.358659,0.35866,0.358659,0.35866,18362.83
1554704400,0.356635,0.358659,0.358659,0.356635,2895.37
1554704700,0.356195,0.357738,0.35635,0.357543,452.86
1554705000,0.356119,0.357507,0.356119,0.357484,1958.02
1554705300,0.354922,0.3574,0.3574,0.355497,8598.94
1554705600,0.354352,0.355497,0.354935,0.3545,53516.01
1554705900,0.354405,0.35634,0.3545,0.35634,18822.02
1554706200,0.354761,0.357827,0.354761,0.35585,1318.32
1554706500,0.35555,0.357718,0.356036,0.355732,10133.58
1554706800,0.355013,0.356878,0.355555,0.35669,875.41
1554707100,0.354412,0.356514,0.356514,0.356353,2057.1
1554707400,0.352004,0.354479,0.354413,0.354428,9505.54
1554707700,0.352109,0.354423,0.354407,0.352361,3009.81
1554708000,0.352366,0.354963,0.354272,0.354792,11441.87
1554708300,0.352429,0.354861,0.354861,0.352429,4526.95
1554708600,0.352422,0.354553,0.35419,0.35423,2008.7
1554708900,0.352294,0.354416,0.354416,0.354304,352.05
1554709200,0.3525,0.354118,0.352703,0.354103,165.17
1554709500,0.352804,0.35501,0.352804,0.353065,12060.1
1554709800,0.353991,0.355472,0.354903,0.35404,1418.54
1554710100,0.356,0.356304,0.356,0.356304,903.73
1554710400,0.354236,0.356282,0.356001,0.355912,1599.41
1554710700,0.35509,0.35509,0.35509,0.35509,37.85
1554711000,0.352868,0.354303,0.354303,0.352868,29.55
1554711300,0.351549,0.352529,0.352001,0.351549,1608.13
1554711600,0.350908,0.352446,0.352446,0.350908,2605.59
1554711900,0.350012,0.351371,0.350826,0.350142,2363.51
1554712200,0.350011,0.352004,0.350037,0.350108,996.64
1554712500,0.350614,0.352336,0.350614,0.352336,675.42
1554712800,0.350658,0.352903,0.352521,0.350658,23196.52
1554713100,0.350513,0.352043,0.352043,0.350514,207.4
1554713400,0.350499,0.351747,0.350593,0.350499,1912.05
1554713700,0.350131,0.3505,0.3505,0.35019,1864.52
1554714000,0.350023,0.351593,0.350023,0.351502,663.9
1554714300,0.350012,0.352196,0.350012,0.35183,12019.0
1554714600,0.350164,0.351979,0.351641,0.351979,6331.88
1554714900,0.350104,0.352381,0.350234,0.351558,1412.73
1554715200,0.350223,0.351974,0.350223,0.351544,561.06
1554715500,0.350125,0.352141,0.350125,0.350194,739.63
1554715800,0.350233,0.352212,0.352055,0.352212,1899.05
1554716100,0.351013,0.353245,0.351013,0.353245,14363.31
1554716400,0.351033,0.353233,0.353233,0.352624,522.96
1554716700,0.351,0.351913,0.351001,0.351845,987.08
1554717000,0.350262,0.352723,0.352344,0.350332,1438.69
1554717300,0.350375,0.35302,0.350375,0.350951,4529.31
1554717600,0.350316,0.35296,0.35296,0.350459,179.25
1554717900,0.350812,0.352839,0.352538,0.352749,1112.44
1554718200,0.3507,0.352483,0.352483,0.3507,391.39
1554718500,0.350763,0.352911,0.350763,0.352646,96.53
1554718800,0.350675,0.353247,0.351016,0.353025,54690.97
1554719100,0.350707,0.352441,0.351278,0.352359,1231.13
1554719400,0.35057,0.352641,0.352267,0.352641,1551.52
1554719700,0.35,0.352083,0.352083,0.351207,21513.51
1554720000,0.35,0.35341,0.350001,0.35054,392.97
1554720300,0.351004,0.35317,0.351013,0.352849,3621.38
1554720600,0.352809,0.353501,0.352809,0.353501,19.67
1554720900,0.350378,0.353098,0.352001,0.350458,2999.21
1554721200,0.350001,0.352636,0.352234,0.350002,9754.84
1554721500,0.348905,0.351654,0.351654,0.351601,55079.74
1554721800,0.350351,0.352971,0.351576,0.350439,52438.68
1554722100,0.348908,0.353097,0.352145,0.348908,13409.43
1554722400,0.347505,0.351486,0.348909,0.350811,17669.07
1554722700,0.343001,0.350512,0.347512,0.34448,52983.96
1554723000,0.341702,0.346962,0.346962,0.345671,5066.19
1554723300,0.341747,0.345568,0.341747,0.342973,3317.02
1554723600,0.343158,0.345026,0.343158,0.344557,17280.97
1554723900,0.342613,0.344313,0.342721,0.34369,6225.46
1554724200,0.340573,0.34355,0.342614,0.342487,25166.48
1554724500,0.33809,0.342347,0.340646,0.33809,40949.77
1554724800,0.336258,0.340756,0.33809,0.338035,45536.37
1554725100,0.3385,0.341923,0.3385,0.341916,15711.43
1554725400,0.340223,0.344964,0.341308,0.344964,40790.83
1554725700,0.34227,0.346225,0.344381,0.346225,28923.55
1554726000,0.342318,0.345985,0.345985,0.345188,3482.5
1554726300,0.3419,0.346164,0.34296,0.346164,34841.18
1554726600,0.343135,0.345393,0.345392,0.343732,1774.97
1554726900,0.344058,0.346418,0.346418,0.345935,19990.92
1554727200,0.343815,0.346746,0.343815,0.346684,2324.88
1554727500,0.344828,0.347173,0.346684,0.347099,45515.43
1554727800,0.344437,0.347607,0.347097,0.347482,2923.26
1554728100,0.345151,0.347413,0.347413,0.347178,6798.13
1554728400,0.344493,0.347286,0.347286,0.344843,22583.32
1554728700,0.344859,0.347331,0.346605,0.347331,14588.49
1554729000,0.34549,0.348257,0.347129,0.348233,12205.84
1554729300,0.34632,0.348191,0.348191,0.347963,9024.19
1554729600,0.346623,0.349021,0.347963,0.348993,5856.6
1554729900,0.347458,0.348981,0.348981,0.348961,4230.97
1554730200,0.347519,0.349528,0.348939,0.347673,2510.67
1554730500,0.347751,0.349537,0.349537,0.349492,1819.33
1554730800,0.346385,0.349323,0.347766,0.346385,11140.2
1554731100,0.344735,0.347395,0.346386,0.346604,13280.25
1554731400,0.345573,0.347673,0.347671,0.347599,2281.22
1554731700,0.345985,0.347577,0.347577,0.347022,3011.9
1554732000,0.34475,0.346954,0.346954,0.346423,29165.97
1554732300,0.343749,0.346244,0.346244,0.345761,11742.24
1554732600,0.345003,0.346551,0.346141,0.346387,7323.88
1554732900,0.345013,0.346418,0.345013,0.34634,2248.09
1554733200,0.344902,0.346249,0.345003,0.346132,3744.23
1554733500,0.34443,0.345712,0.344903,0.345468,12396.94
1554733800,0.344432,0.346652,0.344432,0.345082,2943.49
1554734100,0.344866,0.346685,0.345125,0.345902,4957.29
1554734400,0.34564,0.3485,0.345914,0.345909,6134.77
1554734700,0.345703,0.348046,0.348046,0.347515,2917.1
1554735000,0.346001,0.348358,0.347515,0.347809,6598.55
1554735300,0.346197,0.348712,0.347147,0.348606,16372.51
1554735600,0.346874,0.349558,0.348426,0.347057,5489.63
1554735900,0.347184,0.349768,0.347184,0.347303,20892.04
1554736200,0.347298,0.349771,0.347298,0.349758,4557.21
1554736500,0.347657,0.349985,0.34975,0.348445,6072.82
1554736800,0.348342,0.35,0.348511,0.348559,30931.33
1554737100,0.348656,0.351679,0.349999,0.349268,5138.42
1554737400,0.349316,0.351686,0.349316,0.350001,1851.06
1554737700,0.349382,0.351556,0.350001,0.3494,5585.14
1554738000,0.349285,0.351321,0.3494,0.349285,9513.92
1554738300,0.349285,0.350664,0.350664,0.350013,1925.24
1554738600,0.349287,0.350998,0.349287,0.350942,13386.39
1554738900,0.349446,0.353168,0.350951,0.351661,15864.84
1554739200,0.349674,0.353167,0.349674,0.352781,5133.06
1554739500,0.351453,0.354825,0.352691,0.352502,13579.5
1554739800,0.350175,0.354335,0.354335,0.350262,23466.4
1554740100,0.349285,0.352249,0.352249,0.349285,13342.78
1554740400,0.346576,0.349284,0.349284,0.346576,13731.95
1554740700,0.346005,0.349103,0.346849,0.348597,25312.65
1554741000,0.346993,0.348649,0.348594,0.347072,7700.94
1554741300,0.34377,0.34785,0.347073,0.344954,42941.99
1554741600,0.345264,0.347039,0.346848,0.345264,1070.27
1554741900,0.345183,0.346496,0.346495,0.34522,337.28
1554742200,0.345011,0.346083,0.345194,0.346049,10541.14
1554742500,0.344837,0.348076,0.344837,0.347712,12690.21
1554742800,0.345823,0.347749,0.34753,0.347727,31076.46
1554743100,0.345857,0.347995,0.347648,0.347993,14167.25
1554743400,0.346621,0.348506,0.347151,0.348425,9086.51
1554743700,0.346558,0.348437,0.348437,0.347786,5541.72
1554744000,0.345162,0.347607,0.346558,0.345163,22165.85
1554744300,0.34415,0.347338,0.345223,0.345046,5321.32
1554744600,0.344475,0.346636,0.345072,0.346384,10962.09
1554744900,0.344809,0.346629,0.346629,0.346331,806.18
1554745200,0.345071,0.346284,0.346284,0.346252,3237.99
1554745500,0.344648,0.346464,0.346464,0.344648,4161.09
1554745800,0.34438,0.34634,0.34634,0.34438,2318.58
1554746100,0.344795,0.346495,0.345933,0.346002,8447.93
1554746400,0.344862,0.347407,0.346002,0.345546,15566.57
1554746700,0.34535,0.347233,0.345646,0.347115,713.09
1554747000,0.34628,0.347875,0.347073,0.346364,4764.78
1554747300,0.346397,0.348,0.347769,0.348,2988.58
1554747600,0.346537,0.348,0.346766,0.348,3715.39
1554747900,0.346073,0.347978,0.346263,0.347963,13749.51
1554748200,0.346342,0.347999,0.347999,0.347998,2048.04
1554748500,0.345318,0.347647,0.34653,0.345318,5980.98
1554748800,0.345337,0.346971,0.345337,0.346762,3230.98
1554749100,0.344869,0.346722,0.346548,0.346653,5958.43
1554749400,0.344723,0.346605,0.346543,0.346581,7257.65
1554749700,0.345001,0.346488,0.346488,0.345001,2180.85
1554750000,0.343787,0.346216,0.345,0.343892,8300.99
1554750300,0.343691,0.345358,0.345358,0.344919,899.8
1554750600,0.344919,0.34579,0.344919,0.345786,2943.43
1554750900,0.34438,0.346437,0.34438,0.344892,4057.66
1554751200,0.345064,0.34675,0.346058,0.345064,7123.19
1554751500,0.345041,0.346888,0.346888,0.345157,2389.3
1554751800,0.345147,0.346988,0.345333,0.345353,15487.32
1554752100,0.344938,0.346611,0.346611,0.346367,1783.75
1554752400,0.3445,0.346284,0.346284,0.345827,6149.51
1554752700,0.3445,0.34543,0.3445,0.34455,767.37
1554753000,0.343682,0.345255,0.344534,0.343961,7626.92
1554753300,0.343678,0.34581,0.34581,0.343678,6920.04
1554753600,0.343413,0.34514,0.34514,0.344745,597.04
1554753900,0.343369,0.345747,0.344715,0.3457,4468.47
1554754200,0.343278,0.346863,0.345982,0.346863,11661.0
1554754500,0.344898,0.346844,0.346836,0.3451,14169.95
1554754800,0.344657,0.347,0.3451,0.346907,5709.52
1554755100,0.345387,0.347,0.34689,0.347,2586.02
1554755400,0.346,0.347,0.347,0.346959,3247.72
1554755700,0.346001,0.346938,0.346873,0.346908,4720.17
1554756000,0.346005,0.347985,0.346005,0.347985,9190.92
1554756300,0.346217,0.349539,0.346218,0.346923,9220.08
1554756600,0.347091,0.349599,0.349599,0.348647,1703.85
1554756900,0.3477,0.349,0.3477,0.348001,945.73
1554757200,0.348243,0.350411,0.348825,0.348621,1352.95
1554757500,0.349079,0.350552,0.350133,0.350549,9339.6
1554757800,0.3491,0.349942,0.349154,0.34984,668.85
1554758100,0.3488,0.349998,0.349685,0.3488,1546.02
1554758400,0.348,0.349668,0.349668,0.348,11041.63
1554758700,0.348,0.348464,0.348,0.348,29530.68
1554759000,0.348001,0.348948,0.348001,0.348001,1443.26
1554759300,0.348,0.348734,0.348,0.348,8686.45
1554759600,0.348,0.348005,0.348,0.348,4846.27
1554759900,0.348,0.348004,0.348004,0.348,14066.37
1554760200,0.348,0.348898,0.348,0.3481,20786.06
1554760500,0.348132,0.349944,0.3489,0.349944,6506.32
1554760800,0.348225,0.350417,0.348225,0.349037,6300.75
1554761100,0.349003,0.349717,0.349717,0.349005,636.67
1554761400,0.349,0.349005,0.349005,0.349,3677.06
1554761700,0.349,0.350261,0.349,0.350166,373.18
1554762000,0.349167,0.350498,0.350076,0.349179,4447.57
1554762300,0.349001,0.350437,0.350437,0.350251,2020.47
1554762600,0.349163,0.350552,0.350491,0.350552,1820.24
1554762900,0.349922,0.350549,0.350549,0.349926,1713.19
1554763200,0.349085,0.350552,0.349588,0.349155,2209.04
1554763500,0.349,0.350547,0.350547,0.35,4654.28
1554763800,0.349,0.350149,0.349001,0.349,21616.25
1554764100,0.349,0.34998,0.349838,0.349894,3968.15
1554764400,0.346085,0.349892,0.349,0.349624,9448.56
1554764700,0.346113,0.349352,0.346176,0.349203,2106.58
1554765000,0.347463,0.349203,0.349203,0.349,163.14
1554765300,0.34632,0.349001,0.349001,0.34632,5727.72
1554765600,0.346817,0.348948,0.346817,0.348942,662.54
1554765900,0.346605,0.349612,0.348942,0.346605,1426.09
1554766200,0.347412,0.349862,0.349415,0.34842,2540.79
1554766500,0.348497,0.349863,0.349863,0.349838,4404.73
1554766800,0.348444,0.349898,0.349859,0.348559,4615.32
1554767100,0.348372,0.350181,0.348584,0.350032,6715.53
1554767400,0.348591,0.350541,0.348841,0.34928,3599.22
1554767700,0.348785,0.350542,0.350542,0.348785,12608.42
1554768000,0.348206,0.350522,0.350421,0.348216,56.07
1554768300,0.348227,0.349494,0.348436,0.348228,12902.37
1554768600,0.348227,0.349772,0.349585,0.349772,5763.17
1554768900,0.348607,0.359,0.349772,0.359,195966.68
1554769200,0.35419,0.359459,0.359,0.35572,11333.26
1554769500,0.352925,0.358033,0.355583,0.358033,4170.52
1554769800,0.35454,0.358494,0.357985,0.35777,14886.29
1554770100,0.35777,0.359126,0.357771,0.358022,4937.9
1554770400,0.358992,0.359458,0.359296,0.359452,5718.56
1554770700,0.3588,0.361193,0.359452,0.361162,37200.76
1554771000,0.357163,0.361162,0.361158,0.360057,19038.24
1554771300,0.354838,0.35975,0.356942,0.358849,9764.01
1554771600,0.354898,0.358631,0.358631,0.355406,2988.29
1554771900,0.354462,0.3582,0.357879,0.357794,1819.55
1554772200,0.354912,0.358716,0.354912,0.358207,17960.17
1554772500,0.355584,0.358422,0.355584,0.358422,1410.04
1554772800,0.355043,0.358672,0.358672,0.355043,670.54
1554773100,0.353428,0.355996,0.354502,0.355,2561.15
1554773400,0.353862,0.35708,0.355,0.354637,660.54
1554773700,0.354305,0.35711,0.35711,0.354305,1333.37
1554774000,0.353456,0.354966,0.354964,0.353804,1158.68
1554774300,0.35453,0.3556,0.354966,0.355294,12981.6
1554774600,0.355504,0.356912,0.356,0.356514,4418.67
1554774900,0.353367,0.356557,0.354867,0.353597,37715.72
1554775200,0.353814,0.35552,0.353814,0.354623,760.5
1554775500,0.354785,0.35554,0.355436,0.35554,1492.72
1554775800,0.355017,0.355598,0.355598,0.355465,1535.61
1554776100,0.353851,0.355496,0.355491,0.35393,3283.87
1554776400,0.354004,0.3556,0.355381,0.3556,6687.39
1554776700,0.3556,0.356527,0.3556,0.356527,2666.84
1554777000,0.354969,0.356995,0.354969,0.355874,3266.61
1554777300,0.355509,0.357481,0.356996,0.357384,1397.78
1554777600,0.355759,0.357268,0.357268,0.355774,800.86
1554777900,0.355766,0.356945,0.355783,0.356942,4432.47
1554778200,0.355407,0.356863,0.356863,0.355408,3528.49
1554778500,0.354591,0.356786,0.356786,0.354731,4128.28
1554778800,0.354798,0.356452,0.354997,0.35481,2232.55
1554779100,0.354899,0.356199,0.356199,0.35493,5761.95
1554779400,0.354897,0.356234,0.3561,0.354924,2284.85
1554779700,0.354968,0.3563,0.3562,0.356293,535.16
1554780000,0.354218,0.356098,0.354914,0.354351,1346.93
1554780300,0.355069,0.356099,0.355069,0.356099,2167.95
1554780600,0.354799,0.356087,0.355062,0.354799,2345.98
1554780900,0.354295,0.3561,0.355936,0.355664,4250.02
1554781200,0.351825,0.355539,0.354273,0.355539,35334.03
1554781500,0.353625,0.355196,0.354921,0.354807,4131.5
1554781800,0.353277,0.355057,0.355057,0.353571,6029.57
1554782100,0.353254,0.355242,0.353637,0.3538,14731.93
1554782400,0.353173,0.357343,0.3538,0.357343,71861.25
1554782700,0.353719,0.356489,0.356489,0.353899,4289.86
1554783000,0.352883,0.355257,0.354115,0.352883,31526.09
1554783300,0.351874,0.354544,0.354528,0.353952,23355.77
1554783600,0.354431,0.354722,0.354722,0.354431,224.09
1554783900,0.352084,0.352084,0.352084,0.352084,851.32
1554784200,0.350649,0.352589,0.351802,0.352589,51709.7
1554784500,0.351972,0.35254,0.35254,0.351972,770.31
1554784800,0.351229,0.354732,0.352044,0.352914,60747.07
1554785100,0.351189,0.353634,0.351685,0.353247,1783.35
1554785400,0.352188,0.353267,0.353266,0.353091,185.4
1554785700,0.35186,0.351947,0.351947,0.35186,727.29
1554786000,0.350701,0.351682,0.350741,0.351512,10935.7
1554786300,0.3488,0.350953,0.3507,0.3488,5319.46
1554786600,0.345,0.349267,0.348227,0.348344,81211.98
1554786900,0.345298,0.347283,0.345679,0.34673,916.66
1554787200,0.345006,0.347574,0.347574,0.346155,1535.77
1554787500,0.342918,0.34647,0.346087,0.3432,36821.49
1554787800,0.341,0.345861,0.345861,0.341,73468.15
1554788100,0.338499,0.342632,0.342632,0.341717,135373.64
1554788400,0.338957,0.341297,0.338957,0.340137,642.22
1554788700,0.340693,0.343581,0.342652,0.343346,3786.94
1554789000,0.341737,0.343507,0.343506,0.341996,5975.42
1554789300,0.342702,0.343618,0.343545,0.343001,2685.73
1554789600,0.343,0.343603,0.343001,0.343469,1073.59
1554789900,0.343022,0.344787,0.343469,0.344624,9242.63
1554790200,0.345198,0.345199,0.345199,0.345198,219.11
1554790500,0.343644,0.345584,0.344704,0.344185,1662.6
1554790800,0.344474,0.34667,0.345738,0.345278,273.07
1554791100,0.345343,0.347142,0.34667,0.347142,686.24
1554791400,0.346539,0.347757,0.347142,0.346539,5769.5
1554791700,0.345697,0.347871,0.347871,0.347629,867.36
1554792000,0.345512,0.347582,0.347582,0.345512,717.19
1554792300,0.344522,0.345304,0.345304,0.344548,507.17
1554792600,0.345009,0.346879,0.346547,0.346298,597.3
1554792900,0.345563,0.346997,0.346997,0.345573,810.66
1554793200,0.345154,0.345298,0.345298,0.345194,5814.07
1554793500,0.345354,0.347908,0.346798,0.347336,19704.24
1554793800,0.345629,0.347519,0.34715,0.347519,11037.81
1554794100,0.34595,0.347973,0.347609,0.347689,11512.5
1554794400,0.346657,0.34796,0.34768,0.347416,2938.03
1554794700,0.348469,0.348677,0.348677,0.348469,4860.7
1554795000,0.346335,0.346969,0.346969,0.346661,596.77
1554795300,0.346721,0.348488,0.346721,0.348488,11.48
1554795600,0.345468,0.345596,0.345468,0.345594,9927.94
1554795900,0.348142,0.350646,0.348142,0.350646,4724.52
1554796200,0.347599,0.347788,0.3476,0.347788,974.24
1554796500,0.349075,0.34924,0.349075,0.34924,1061.73
1554797100,0.348023,0.350238,0.350238,0.348023,572.89
1554797400,0.347875,0.34983,0.349616,0.347875,742.43
1554797700,0.347189,0.349889,0.349889,0.349208,26.82
1554798000,0.345302,0.347673,0.346184,0.346683,16221.67
1554798300,0.344592,0.347669,0.345154,0.347669,351.89
1554798600,0.346043,0.348351,0.348351,0.347584,1453.27
1554798900,0.345248,0.345373,0.345373,0.345248,194.14
1554799200,0.345545,0.346847,0.346369,0.345554,282.61
1554799500,0.346206,0.346206,0.346206,0.346206,8.78
1554799800,0.346431,0.348564,0.34725,0.3466,1420.67
1554800100,0.347644,0.347644,0.347644,0.347644,704.97
1554800400,0.3471,0.348629,0.348629,0.3471,124.39
1554800700,0.347369,0.348683,0.348683,0.347369,300.0
1554801000,0.347477,0.348784,0.347478,0.348702,1649.61
1554801300,0.348708,0.349314,0.348708,0.349314,179.04
1554801600,0.349083,0.349083,0.349083,0.349083,2.06
1554801900,0.347607,0.349536,0.347607,0.347939,3960.91
1554802200,0.3475,0.349712,0.347897,0.347737,861.86
1554802500,0.348059,0.349377,0.348059,0.348138,552.57
1554803100,0.347629,0.347629,0.347629,0.347629,5.73
1554803400,0.347147,0.349231,0.347147,0.348582,919.79
1554803700,0.34674,0.34674,0.34674,0.34674,62.48
1554804000,0.346042,0.349626,0.349626,0.34827,491.82
1554804300,0.345394,0.346523,0.346523,0.345394,3126.86
1554804600,0.345182,0.346749,0.345585,0.345182,1492.21
1554804900,0.344545,0.346,0.346,0.344545,561.22
1554805200,0.342203,0.346914,0.344582,0.346429,28319.38
1554805500,0.344642,0.346343,0.344684,0.344642,1389.68
1554805800,0.344739,0.346541,0.346541,0.346397,4462.06
1554806100,0.345661,0.346642,0.346642,0.345661,137.25
1554806400,0.344565,0.346209,0.344565,0.345977,497.71
1554806700,0.345491,0.346962,0.346962,0.345491,1663.62
1554807000,0.345646,0.347142,0.345646,0.347142,781.32
1554807300,0.347028,0.348556,0.348,0.348033,4245.36
1554807600,0.345781,0.347906,0.347117,0.345785,4800.33
1554807900,0.346061,0.348144,0.346061,0.348144,275.66
1554808200,0.346874,0.348595,0.347999,0.347253,1282.35
1554808500,0.34761,0.348728,0.348681,0.34761,3846.99
1554808800,0.34744,0.349314,0.348749,0.349299,3350.27
1554809100,0.348389,0.349261,0.349261,0.348831,2791.46
1554809400,0.348389,0.349215,0.348389,0.348389,2644.54
1554809700,0.348389,0.348895,0.348389,0.348895,3252.91
1554810000,0.347594,0.348931,0.348661,0.3477,120.05
1554810300,0.347486,0.348931,0.348931,0.347938,1747.64
1554810600,0.348046,0.349105,0.348931,0.34814,125.05
1554810900,0.348231,0.35032,0.348231,0.350314,6819.25
1554811200,0.349308,0.351845,0.35032,0.351845,32010.7
1554811500,0.350862,0.352347,0.351772,0.352344,8290.17
1554811800,0.35013,0.352147,0.350566,0.35187,4635.96
1554812100,0.350677,0.352167,0.352167,0.350677,110.38
1554812400,0.35,0.350677,0.350677,0.350001,3098.01
1554812700,0.350009,0.350677,0.350454,0.350009,3811.81
1554813000,0.350073,0.350677,0.350677,0.350198,17709.95
1554813300,0.350112,0.350677,0.350112,0.350331,3155.79
1554813600,0.350351,0.350677,0.350677,0.350405,1705.23
1554813900,0.350449,0.353999,0.350677,0.351672,141784.1
1554814200,0.350834,0.353155,0.352491,0.35311,1424.33
1554814500,0.350403,0.353027,0.353027,0.352424,2077.79
1554814800,0.350647,0.352318,0.352318,0.350804,2113.8
1554815100,0.350773,0.352,0.350802,0.351999,366.1
1554815400,0.351226,0.352,0.351967,0.352,920.12
1554815700,0.35191,0.353436,0.352,0.353427,3209.27
1554816000,0.352155,0.353438,0.353438,0.353438,4712.2
1554816300,0.35215,0.35419,0.35215,0.352876,3348.92
1554816600,0.353032,0.355634,0.354189,0.3535,14251.41
1554816900,0.352749,0.354988,0.353449,0.354987,2528.2
1554817200,0.353976,0.35553,0.354987,0.354735,2465.64
1554817500,0.354992,0.3589,0.355529,0.3589,10071.8
1554817800,0.358519,0.359955,0.3589,0.359955,16173.1
1554818100,0.358853,0.361,0.358853,0.361,34954.78
1554818400,0.358267,0.360613,0.360601,0.359933,10502.92
1554818700,0.358084,0.360485,0.359817,0.36048,29637.1
1554819000,0.358044,0.360988,0.360454,0.358198,8387.72
1554819300,0.358032,0.359921,0.359921,0.358797,6229.72
1554819600,0.358028,0.3587,0.358699,0.35803,3334.67
1554819900,0.3586,0.361,0.3586,0.361,11619.79
1554820200,0.360092,0.362498,0.361,0.362497,38052.53
1554820500,0.36051,0.362497,0.361001,0.362262,7164.17
1554820800,0.36086,0.3634,0.362262,0.362779,116227.95
1554821100,0.360518,0.36633,0.360518,0.362939,97026.07
1554821400,0.3625,0.363425,0.362915,0.363425,13740.23
1554821700,0.360643,0.363417,0.362971,0.362902,17767.96
1554822000,0.360836,0.362989,0.360836,0.361139,18906.79
1554822300,0.361372,0.3628,0.361374,0.362795,10441.82
1554822600,0.360903,0.362799,0.362799,0.362785,2613.02
1554822900,0.360257,0.362697,0.362697,0.36265,17258.67
1554823200,0.36032,0.361998,0.360333,0.36047,6191.02
1554823500,0.360471,0.364163,0.360471,0.36408,24573.5
1554823800,0.359901,0.363837,0.361007,0.360989,82377.99
1554824100,0.361178,0.363616,0.361191,0.361978,16300.83
1554824400,0.36179,0.363284,0.361995,0.362012,10540.96
1554824700,0.361816,0.364693,0.363328,0.363754,55898.05
1554825000,0.361951,0.36422,0.363733,0.362027,27346.19
1554825300,0.361789,0.363753,0.363447,0.362179,14028.32
1554825600,0.362206,0.363632,0.362206,0.362431,7783.1
1554825900,0.362684,0.364337,0.363389,0.36431,12110.37
1554826200,0.362642,0.364265,0.364263,0.363983,10148.41
1554826500,0.361942,0.364062,0.363879,0.363839,10521.18
1554826800,0.361312,0.363752,0.363693,0.361312,29767.49
1554827100,0.361459,0.363176,0.362873,0.361459,3904.43
1554827400,0.36076,0.362557,0.362557,0.361634,6249.65
1554827700,0.361624,0.362049,0.362044,0.361998,9531.93
1554828000,0.361624,0.362049,0.361624,0.361862,14533.68
1554828300,0.361449,0.362047,0.362046,0.361449,3328.96
1554828600,0.361817,0.3621,0.362047,0.3621,9253.28
1554828900,0.362073,0.363715,0.3621,0.363543,10578.02
1554829200,0.362183,0.363422,0.363422,0.363368,5787.4
1554829500,0.361838,0.363389,0.362278,0.363262,2250.55
1554829800,0.362497,0.3632,0.363198,0.363199,3256.68
1554830100,0.362495,0.363253,0.362495,0.363253,19384.77
1554830400,0.362976,0.366796,0.363253,0.366796,39995.36
1554830700,0.364697,0.371,0.366999,0.36826,31847.87
1554831000,0.363712,0.368187,0.367892,0.365375,19632.51
1554831300,0.35991,0.365371,0.365371,0.362687,28066.58
1554831600,0.359902,0.366396,0.360251,0.365202,52594.24
1554831900,0.361332,0.365096,0.3618,0.361368,31422.12
1554832200,0.361402,0.363725,0.363725,0.362097,4551.65
1554832500,0.362369,0.364239,0.363894,0.364239,16748.11
1554832800,0.363136,0.364524,0.364512,0.364524,870.12
1554833100,0.364227,0.368945,0.364524,0.368666,17630.64
1554833400,0.366557,0.369838,0.369827,0.369791,10085.45
1554833700,0.367588,0.370622,0.369729,0.367588,42988.19
1554834000,0.36759,0.369345,0.368581,0.368843,12154.09
1554834300,0.366694,0.369089,0.368738,0.366796,27918.23
1554834600,0.366852,0.369394,0.366852,0.369079,10557.95
1554834900,0.367276,0.368965,0.367618,0.368482,25866.12
1554835200,0.366825,0.368524,0.368436,0.367059,9994.29
1554835500,0.367059,0.368404,0.368404,0.367386,23307.79
1554835800,0.367059,0.367366,0.367366,0.367059,18539.57
1554836100,0.367059,0.367152,0.367059,0.367059,7604.73
1554836400,0.3663,0.367066,0.36706,0.3663,39605.15
1554836700,0.3645,0.366301,0.3663,0.364575,16094.5
1554837000,0.364433,0.366459,0.3656,0.365848,10800.5
1554837300,0.363643,0.366025,0.364816,0.364324,21511.9
1554837600,0.363569,0.365669,0.364118,0.363569,12563.13
1554837900,0.362735,0.364515,0.363981,0.364137,3660.58
1554838200,0.363784,0.364546,0.363926,0.363784,3552.84
1554838500,0.36276,0.364515,0.364515,0.36276,17933.43
1554838800,0.362744,0.364393,0.362744,0.363641,7203.31
1554839100,0.362361,0.363897,0.363641,0.36339,4729.57
1554839400,0.362301,0.363949,0.363337,0.362738,3592.28
1554839700,0.362484,0.363925,0.363841,0.362677,3528.27
1554840000,0.362593,0.363755,0.363753,0.363754,7346.29
1554840300,0.362471,0.363755,0.363749,0.362524,8801.27
1554840600,0.362563,0.363953,0.362563,0.363064,11689.58
1554840900,0.362367,0.364384,0.363153,0.364337,27345.77
1554841200,0.362455,0.364314,0.362917,0.362757,1779.04
1554841500,0.363084,0.365084,0.364044,0.365084,1712.23
1554841800,0.363315,0.365664,0.365154,0.365199,8562.4
1554842100,0.363212,0.365699,0.365158,0.365056,10658.08
1554842400,0.363054,0.364972,0.363054,0.363488,10604.77
1554842700,0.363533,0.365308,0.363533,0.365235,12627.14
1554843000,0.363501,0.36521,0.36521,0.364937,10037.92
1554843300,0.3635,0.364895,0.364895,0.3635,1172.63
1554843600,0.362223,0.364215,0.3635,0.36393,13501.51
1554843900,0.362343,0.364073,0.363929,0.363718,3116.76
1554844200,0.362255,0.363905,0.363743,0.362604,3102.07
1554844500,0.362327,0.363941,0.363905,0.363851,3432.47
1554844800,0.362387,0.363886,0.363851,0.36365,6308.4
1554845100,0.361924,0.36368,0.363679,0.363388,13336.11
1554845400,0.362335,0.363741,0.363382,0.363741,3925.65
1554845700,0.362021,0.364036,0.362866,0.362021,25421.07
1554846000,0.361924,0.3634,0.3634,0.363234,6016.31
1554846300,0.361644,0.363596,0.363247,0.361663,19569.27
1554846600,0.361643,0.362998,0.3629,0.362894,7309.0
1554846900,0.361643,0.362988,0.361643,0.362988,15376.55
1554847200,0.360055,0.362889,0.361645,0.362726,30229.36
1554847500,0.360481,0.362546,0.3624,0.362336,3718.13
1554847800,0.360007,0.36235,0.362336,0.362012,3958.21
1554848100,0.360109,0.362278,0.361947,0.361644,5555.9
1554848400,0.360009,0.361976,0.361637,0.361353,5247.96
1554848700,0.360084,0.361395,0.361367,0.360094,2853.41
1554849000,0.359102,0.361429,0.3606,0.361137,14724.91
1554849300,0.35855,0.360942,0.360898,0.35855,2313.0
1554849600,0.358405,0.3585,0.358499,0.3585,24794.48
1554849900,0.358252,0.358499,0.358499,0.358498,1504.2
1554850200,0.356831,0.358499,0.35827,0.358,15408.31
1554850500,0.356852,0.358,0.357999,0.3579,1866.37
1554850800,0.357659,0.358499,0.357659,0.358499,6694.73
1554851100,0.357854,0.3585,0.358499,0.3585,15045.19
1554851400,0.358401,0.360071,0.3585,0.360071,6375.74
1554851700,0.358789,0.360818,0.358789,0.360732,1811.89
1554852000,0.359186,0.360464,0.359302,0.360346,983.08
1554852300,0.35918,0.360312,0.359317,0.360206,1020.89
1554852600,0.358856,0.360154,0.360154,0.358856,25938.08
1554852900,0.357324,0.359564,0.359564,0.357324,21155.76
1554853200,0.357229,0.359246,0.358944,0.357229,7243.87
1554853500,0.356835,0.358699,0.358596,0.356835,31520.61
1554853800,0.356583,0.358692,0.356583,0.357204,9066.07
1554854100,0.356535,0.358565,0.358559,0.358315,7968.34
1554854400,0.35657,0.358269,0.358267,0.35796,32995.94
1554854700,0.356004,0.357709,0.356561,0.35735,7587.54
1554855000,0.355993,0.357348,0.357347,0.355993,10823.14
1554855300,0.355993,0.356857,0.356857,0.355993,1384.17
1554855600,0.355966,0.356728,0.356483,0.356433,6145.38
1554855900,0.35643,0.357615,0.356471,0.35643,423.54
1554856200,0.356471,0.357798,0.357469,0.357798,13073.21
1554856500,0.354433,0.358435,0.357798,0.354433,272098.99
1554856800,0.353754,0.35583,0.355459,0.35553,1115.69
1554857100,0.350722,0.354893,0.353892,0.353908,339154.83
1554857400,0.352078,0.353576,0.352412,0.353326,22945.79
1554857700,0.35124,0.354157,0.352244,0.353888,25946.17
1554858000,0.351654,0.353428,0.353428,0.352685,6785.76
1554858300,0.35169,0.352688,0.35169,0.352037,1153.16
1554858600,0.350659,0.35261,0.352609,0.351515,24488.13
1554858900,0.351643,0.353711,0.351644,0.353711,18182.76
1554859200,0.352318,0.354214,0.352318,0.352666,22109.11
1554859500,0.351446,0.354092,0.354092,0.353058,41043.05
1554859800,0.352708,0.354227,0.35397,0.352708,41752.7
1554860100,0.35224,0.354058,0.354058,0.353477,38442.37
1554860400,0.352017,0.353675,0.352089,0.352333,4685.71
1554860700,0.352223,0.353522,0.352271,0.352383,1209.07
1554861000,0.351055,0.352418,0.352418,0.352377,27520.84
1554861300,0.351647,0.352385,0.352384,0.352385,8771.02
1554861600,0.351777,0.353208,0.352385,0.352499,7728.3
1554861900,0.351915,0.352498,0.352498,0.351915,1499.52
1554862200,0.352049,0.353,0.352049,0.352999,330.62
1554862500,0.352773,0.353262,0.352999,0.35279,7097.89
1554862800,0.352945,0.354911,0.352945,0.354911,4583.08
1554863100,0.353005,0.354786,0.353328,0.353005,3304.41
1554863400,0.3535,0.35383,0.353829,0.3535,1240.39
1554863700,0.353501,0.354574,0.354574,0.353501,6760.26
1554864000,0.353601,0.354775,0.353602,0.354351,7747.1
1554864300,0.3535,0.353602,0.353602,0.353501,11423.22
1554864600,0.353501,0.354001,0.353501,0.353858,7033.25
1554864900,0.3535,0.35422,0.353733,0.354152,1161.33
1554865200,0.3535,0.354529,0.354025,0.354413,7431.13
1554865500,0.3535,0.354328,0.354328,0.3535,3438.78
1554865800,0.3535,0.35388,0.3535,0.353879,3451.19
1554866100,0.3535,0.353881,0.353879,0.35388,4272.65
1554866400,0.353881,0.354799,0.353881,0.354747,3759.9
1554866700,0.353625,0.355247,0.353625,0.355173,1842.66
1554867000,0.352327,0.35502,0.353924,0.353194,17444.06
1554867300,0.353234,0.355037,0.354204,0.353634,1385.3
1554867600,0.3537,0.355673,0.354737,0.355545,5603.12
1554867900,0.353634,0.355499,0.355337,0.353634,20693.65
1554868200,0.352782,0.354718,0.354718,0.35411,2274.74
1554868500,0.352926,0.354167,0.352926,0.353341,2242.3
1554868800,0.35333,0.355139,0.353331,0.354011,5136.88
1554869100,0.353676,0.355113,0.355111,0.354574,1539.37
1554869400,0.353419,0.354943,0.354458,0.353419,3721.06
1554869700,0.353468,0.354844,0.354577,0.354836,7275.38
1554870000,0.353701,0.355164,0.355113,0.353701,1898.37
1554870300,0.354025,0.355689,0.355124,0.355557,2804.04
1554870600,0.35396,0.35564,0.354318,0.35396,6058.3
1554870900,0.354098,0.355972,0.355165,0.354689,19751.17
1554871200,0.354727,0.355886,0.355738,0.355886,7334.63
1554871500,0.356036,0.356682,0.356036,0.356508,2590.1
1554871800,0.355265,0.356627,0.355453,0.356615,3934.84
1554872100,0.355295,0.356587,0.355563,0.355295,4236.7
1554872400,0.35607,0.356209,0.356209,0.35607,1534.22
1554872700,0.355219,0.356573,0.35607,0.356573,1174.16
1554873000,0.356052,0.356564,0.356409,0.356378,3847.71
1554873300,0.356001,0.356375,0.356375,0.356356,5710.59
1554873600,0.356003,0.357094,0.356357,0.357051,7811.35
1554873900,0.356105,0.35697,0.35697,0.356893,1773.93
1554874200,0.356114,0.357254,0.35687,0.35637,1513.69
1554874500,0.356374,0.357893,0.356374,0.357892,3604.12
1554874800,0.356725,0.357896,0.357884,0.357894,10648.05
1554875100,0.356804,0.357896,0.357887,0.357793,4492.26
1554875400,0.356001,0.357783,0.357783,0.356891,22714.61
1554875700,0.356083,0.358035,0.356084,0.356511,13057.29
1554876000,0.356575,0.358498,0.35791,0.358498,5195.05
1554876300,0.357045,0.35864,0.358499,0.358637,1689.31
1554876600,0.357493,0.359192,0.358637,0.357661,6213.04
1554876900,0.35766,0.357772,0.357704,0.357772,1129.26
1554877200,0.357773,0.359019,0.358936,0.358753,1114.98
1554877500,0.357785,0.358753,0.358753,0.358,971.26
1554877800,0.356107,0.358,0.358,0.356107,2513.74
1554878100,0.355443,0.357251,0.357251,0.355478,9828.08
1554878400,0.356559,0.356873,0.356683,0.356559,1146.81
1554878700,0.355453,0.356771,0.356771,0.355912,544.78
1554879000,0.355999,0.357829,0.357239,0.357236,1115.15
1554879300,0.354374,0.357361,0.357165,0.355488,50938.97
1554879600,0.356175,0.357833,0.357833,0.356551,22144.72
1554879900,0.356077,0.357826,0.357826,0.356077,13816.71
1554880200,0.355894,0.356095,0.355894,0.356095,48.17
1554880500,0.357597,0.35781,0.357805,0.357597,1163.18
1554880800,0.356321,0.357828,0.356492,0.356468,1139.33
1554881100,0.356579,0.357784,0.357784,0.357355,1546.48
1554881400,0.356586,0.357996,0.357547,0.356705,622.28
1554881700,0.356042,0.357623,0.356497,0.35758,447.29
1554882000,0.356128,0.358275,0.356128,0.358275,4760.18
1554882300,0.355473,0.35763,0.356125,0.357274,1907.68
1554882600,0.35523,0.357177,0.357177,0.35523,262.18
1554882900,0.354657,0.356503,0.355254,0.355873,1009.22
1554883200,0.3545,0.356156,0.3545,0.355876,12094.86
1554883500,0.354706,0.355726,0.354706,0.354808,9713.95
1554883800,0.355625,0.356319,0.355625,0.356284,1982.19
1554884100,0.355276,0.357193,0.355276,0.355887,2030.36
1554884700,0.356187,0.356872,0.356196,0.356872,2805.36
1554885000,0.354792,0.356322,0.356322,0.354792,357.02
1554885300,0.354693,0.356674,0.356116,0.35667,721.38
1554885600,0.355683,0.356843,0.355683,0.356768,6876.53
1554885900,0.355542,0.356741,0.355542,0.356701,1129.59
1554886200,0.356624,0.356624,0.356624,0.356624,133.95
1554887100,0.355287,0.356876,0.356876,0.355287,1115.22
1554887400,0.356764,0.356764,0.356764,0.356764,8.39
1554887700,0.355511,0.357179,0.357179,0.355511,615.18
1554888000,0.354849,0.356714,0.355556,0.356714,4243.57
1554888300,0.35449,0.356377,0.355379,0.35449,90.24
1554888600,0.354779,0.356049,0.356049,0.35573,1394.44
1554888900,0.354368,0.355456,0.355456,0.354368,9588.57
1554889200,0.355401,0.355439,0.355439,0.355401,773.27
1554889800,0.355087,0.355581,0.355087,0.355581,521.45
1554890100,0.354356,0.35515,0.354356,0.35515,5240.82
1554890700,0.354356,0.355187,0.354834,0.355187,1447.37
1554891000,0.354356,0.354995,0.354995,0.354356,4488.6
