1539353100,0.77,0.78,0.78,0.77,8654.58443
1539353400,0.77,0.77,0.77,0.77,89.34155
1539353700,0.77,0.77,0.77,0.77,262.5
1539354000,0.77,0.77,0.77,0.77,280.0
1539354300,0.77,0.77,0.77,0.77,2455.48701
1539354600,0.77,0.78,0.77,0.77,18355.46533
1539354900,0.77,0.78,0.77,0.78,71268.98219
1539355200,0.78,0.81,0.78,0.8,36639.05255
1539355500,0.8,0.81,0.8,0.81,49604.73872
1539355800,0.81,0.82,0.82,0.81,30278.1853
1539356100,0.81,0.85,0.81,0.85,17935.85884
1539356400,0.85,0.92,0.85,0.86,78939.26251999999
1539356700,0.82,0.87,0.87,0.84,40679.12471
1539357000,0.83,0.84,0.84,0.83,11388.6869
1539357300,0.81,0.83,0.82,0.82,17484.269590000004
1539357600,0.82,0.82,0.82,0.82,1120.24898
1539357900,0.78,0.82,0.81,0.78,47636.130470000004
1539358200,0.77,0.79,0.78,0.78,12465.1212
1539358500,0.78,0.8,0.79,0.8,23241.508970000003
1539358800,0.79,0.8,0.79,0.8,4486.3825400000005
1539359100,0.8,0.8,0.8,0.8,4683.81103
1539359400,0.79,0.8,0.8,0.8,32759.88235
1539359700,0.79,0.8,0.79,0.8,6979.922910000001
1539360000,0.78,0.8,0.79,0.8,8120.196400000001
1539360300,0.79,0.79,0.79,0.79,6117.63556
1539360600,0.79,0.79,0.79,0.79,1485.80838
1539360900,0.79,0.79,0.79,0.79,661.39555
1539361200,0.78,0.79,0.79,0.79,1781.85504
1539361500,0.77,0.79,0.79,0.79,28968.03873999999
1539361800,0.79,0.79,0.79,0.79,2008.443
1539362100,0.77,0.78,0.78,0.77,22323.21731
1539362400,0.77,0.77,0.77,0.77,1291.91616
1539362700,0.77,0.78,0.78,0.78,828.4731499999999
1539363000,0.78,0.78,0.78,0.78,191.73248999999998
1539363300,0.77,0.78,0.78,0.77,1973.98616
1539363600,0.77,0.78,0.78,0.78,264.26847
1539364200,0.77,0.78,0.78,0.78,2545.0902699999997
1539364500,0.78,0.78,0.78,0.78,1723.2916500000001
1539364800,0.77,0.78,0.78,0.78,1931.2804899999999
1539365100,0.77,0.78,0.78,0.78,2280.22062
1539365400,0.78,0.79,0.78,0.79,10829.315100000002
1539365700,0.78,0.79,0.79,0.79,1996.42273
1539366000,0.79,0.79,0.79,0.79,10108.13765
1539366300,0.79,0.79,0.79,0.79,3184.2321
1539366600,0.78,0.79,0.79,0.78,38988.423180000005
1539366900,0.77,0.78,0.78,0.78,4231.01829
1539367200,0.78,0.78,0.78,0.78,208.1499
1539367500,0.78,0.78,0.78,0.78,319.55415
1539367800,0.76,0.78,0.78,0.76,15443.632370000001
1539368100,0.77,0.77,0.77,0.77,688.8814
1539368400,0.76,0.77,0.77,0.76,10597.853229999999
1539368700,0.76,0.77,0.77,0.76,573.55853
1539369000,0.76,0.77,0.76,0.77,525.89633
1539369300,0.76,0.77,0.76,0.77,1677.26763
1539369600,0.76,0.77,0.76,0.77,5025.94812
1539370200,0.76,0.77,0.76,0.77,5727.694530000001
1539370500,0.75,0.77,0.76,0.77,15172.137
1539370800,0.77,0.77,0.77,0.77,453.18589
1539371100,0.77,0.77,0.77,0.77,120.41796
1539371400,0.74,0.76,0.76,0.75,13105.56681
1539371700,0.75,0.76,0.75,0.76,252.24529
1539372000,0.75,0.75,0.75,0.75,730.9040299999999
1539372600,0.75,0.76,0.75,0.76,80.38484
1539372900,0.76,0.76,0.76,0.76,1314.07094
1539373200,0.76,0.76,0.76,0.76,61.688900000000004
1539373500,0.77,0.77,0.77,0.77,1476.4666900000002
1539373800,0.76,0.77,0.77,0.76,2392.45704
1539374100,0.77,0.77,0.77,0.77,1807.9268499999998
1539374400,0.76,0.77,0.76,0.77,215.73005
1539374700,0.77,0.77,0.77,0.77,903.7821300000002
1539375000,0.75,0.77,0.77,0.76,12742.23384
1539375300,0.76,0.76,0.76,0.76,1074.9330799999998
1539375600,0.76,0.76,0.76,0.76,2655.59899
1539375900,0.76,0.76,0.76,0.76,175.78842
1539376200,0.76,0.76,0.76,0.76,262.63315
1539376500,0.76,0.76,0.76,0.76,461.81192000000004
1539376800,0.75,0.76,0.76,0.76,1449.9537599999999
1539377100,0.76,0.76,0.76,0.76,1521.42256
1539377400,0.76,0.76,0.76,0.76,1628.40424
1539377700,0.76,0.76,0.76,0.76,1375.5706500000001
1539378000,0.76,0.77,0.76,0.77,1567.2544899999998
1539378300,0.77,0.78,0.77,0.78,6381.59117
1539378600,0.77,0.77,0.77,0.77,12529.28041
1539378900,0.76,0.77,0.76,0.77,219.83114
1539379200,0.77,0.77,0.77,0.77,1074.54259
1539379500,0.76,0.77,0.76,0.76,1052.90564
1539380400,0.77,0.77,0.77,0.77,788.56933
1539380700,0.77,0.77,0.77,0.77,2060.92112
1539381000,0.76,0.76,0.76,0.76,5646.9336
1539381300,0.75,0.76,0.75,0.76,1179.1583500000002
1539381600,0.75,0.76,0.76,0.75,3440.7566699999998
1539382200,0.76,0.76,0.76,0.76,1423.36149
1539382500,0.76,0.76,0.76,0.76,585.13513
1539382800,0.75,0.76,0.76,0.76,124.05020999999999
1539383100,0.75,0.76,0.76,0.75,698.1269500000001
1539383400,0.76,0.76,0.76,0.76,1011.9045100000001
1539383700,0.76,0.76,0.76,0.76,53.979
1539384000,0.76,0.76,0.76,0.76,131.26197000000002
1539384300,0.75,0.76,0.76,0.75,27066.985469999996
1539384600,0.75,0.76,0.75,0.75,2422.41424
1539384900,0.74,0.76,0.76,0.75,3287.30263
1539385500,0.75,0.75,0.75,0.75,13.29345
1539385800,0.74,0.75,0.75,0.75,1495.46726
1539386100,0.75,0.75,0.75,0.75,172.81486999999998
1539386400,0.73,0.74,0.74,0.73,10855.62358
1539386700,0.72,0.74,0.73,0.74,7712.8884499999995
1539387000,0.74,0.74,0.74,0.74,4.59615
1539387300,0.73,0.74,0.74,0.73,1683.78222
1539387600,0.73,0.74,0.74,0.73,280.02402
1539387900,0.74,0.74,0.74,0.74,13.89076
1539388200,0.74,0.74,0.74,0.74,227.54708
1539388500,0.73,0.74,0.73,0.74,11937.820290000001
1539388800,0.73,0.74,0.74,0.73,733.0618000000001
1539389100,0.74,0.74,0.74,0.74,2563.9433
1539389400,0.73,0.76,0.73,0.76,28379.598100000003
1539389700,0.75,0.76,0.76,0.76,213.92714
1539390000,0.74,0.75,0.75,0.74,4852.5
1539390300,0.76,0.76,0.76,0.76,2340.8458699999996
1539390600,0.76,0.76,0.76,0.76,1760.6653700000002
1539390900,0.76,0.76,0.76,0.76,28.86078
1539391200,0.75,0.76,0.75,0.76,11776.651810000001
1539391500,0.75,0.76,0.76,0.75,11216.66377
1539391800,0.75,0.76,0.76,0.75,2435.18178
1539392400,0.75,0.75,0.75,0.75,3.50037
1539392700,0.74,0.74,0.74,0.74,409.0
1539393000,0.75,0.75,0.75,0.75,70.38883
1539393300,0.74,0.75,0.74,0.75,298.82651
1539393600,0.74,0.75,0.74,0.75,2187.93023
1539393900,0.74,0.75,0.75,0.75,2257.074
1539394200,0.75,0.75,0.75,0.75,25.9887
1539394500,0.75,0.75,0.75,0.75,545.36388
1539394800,0.73,0.74,0.74,0.74,23546.523329999996
1539395400,0.73,0.74,0.73,0.74,9093.42243
1539395700,0.73,0.74,0.74,0.73,227.17373999999998
1539396300,0.74,0.74,0.74,0.74,1468.5672599999998
1539396600,0.74,0.76,0.74,0.76,2679.89463
1539396900,0.74,0.76,0.76,0.75,9014.07851
1539397200,0.73,0.75,0.74,0.75,8322.27623
1539397500,0.75,0.75,0.75,0.75,706.16151
1539397800,0.75,0.76,0.75,0.76,893.4338499999999
1539398100,0.76,0.76,0.76,0.76,1383.29747
1539398700,0.76,0.76,0.76,0.76,119.74600000000001
1539399000,0.75,0.75,0.75,0.75,12.94816
1539399300,0.74,0.75,0.75,0.74,7937.7734199999995
1539399600,0.75,0.76,0.75,0.75,4354.05975
1539400200,0.76,0.76,0.76,0.76,32.79634
1539400500,0.75,0.75,0.75,0.75,13.26595
1539400800,0.75,0.76,0.75,0.76,50.1982
1539401100,0.75,0.75,0.75,0.75,13.11436
1539401400,0.76,0.76,0.76,0.76,13.11853
1539401700,0.75,0.76,0.76,0.75,8764.38265
1539402000,0.76,0.76,0.76,0.76,15.11255
1539402300,0.76,0.76,0.76,0.76,97.06405000000001
1539402900,0.76,0.76,0.76,0.76,15.7816
1539403500,0.76,0.76,0.76,0.76,131.18539
1539403800,0.75,0.76,0.76,0.75,8427.941780000001
1539404700,0.75,0.76,0.76,0.75,198.75331999999997
1539405600,0.74,0.76,0.75,0.74,13849.43843
1539406800,0.76,0.76,0.76,0.76,162.81418000000002
1539407100,0.75,0.75,0.75,0.75,58.49119
1539407700,0.76,0.76,0.76,0.76,63.11853
1539408300,0.75,0.75,0.75,0.75,4071.914
1539408900,0.75,0.76,0.76,0.75,2307.9112
1539409500,0.76,0.76,0.76,0.76,13.0
1539409800,0.76,0.76,0.76,0.76,1001.0
1539410100,0.74,0.76,0.75,0.75,7359.434810000001
1539410400,0.75,0.75,0.75,0.75,1.0
1539411600,0.75,0.75,0.75,0.75,131.18539
1539412800,0.76,0.76,0.76,0.76,196.77808
1539413400,0.76,0.76,0.76,0.76,303.03825
1539414000,0.76,0.76,0.76,0.76,331.84656
1539414600,0.75,0.75,0.75,0.75,497.925
1539414900,0.75,0.75,0.75,0.75,2202.7898299999997
1539417600,0.75,0.75,0.75,0.75,16.4307
1539417900,0.75,0.75,0.75,0.75,478.09903
1539418200,0.75,0.75,0.75,0.75,398.80358
1539418500,0.75,0.75,0.75,0.75,66.46726
1539422400,0.74,0.75,0.75,0.74,1106.28114
1539422700,0.74,0.74,0.74,0.74,580.84685
1539423900,0.75,0.75,0.75,0.75,7976.071779999999
1539424500,0.75,0.75,0.75,0.75,1007.64373
1539425100,0.74,0.75,0.75,0.74,44346.00326
1539425400,0.74,0.74,0.74,0.74,2694.61884
1539425700,0.74,0.74,0.74,0.74,1726.0
1539426000,0.74,0.75,0.74,0.75,3994.62605
1539426300,0.75,0.75,0.75,0.75,998.33831
1539426600,0.75,0.75,0.75,0.75,347.80989
1539427200,0.73,0.74,0.74,0.73,1889.26785
1539427500,0.73,0.74,0.73,0.74,1412.2641500000002
1539427800,0.74,0.74,0.74,0.74,80.90592000000001
1539428100,0.73,0.73,0.73,0.73,10908.133080000001
1539428400,0.74,0.74,0.74,0.74,6765.54711
1539428700,0.74,0.74,0.74,0.74,5120.96292
1539431100,0.73,0.73,0.73,0.73,400.0
1539432000,0.74,0.74,0.74,0.74,415.44286
1539432300,0.74,0.74,0.74,0.74,538.92376
1539433500,0.74,0.74,0.74,0.74,34.02906
1539433800,0.74,0.74,0.74,0.74,134.73094
1539435000,0.74,0.74,0.74,0.74,13.95812
1539435300,0.73,0.74,0.73,0.74,310.20451
1539435600,0.74,0.74,0.74,0.74,120.92101
1539435900,0.74,0.74,0.74,0.74,134.73094
1539436800,0.74,0.74,0.74,0.74,336.82735
1539437400,0.73,0.73,0.73,0.73,3561.63383
1539438000,0.72,0.74,0.73,0.74,20158.694770000006
1539438600,0.73,0.73,0.73,0.73,300.0
1539439500,0.73,0.73,0.73,0.73,183.70913000000002
1539439800,0.72,0.72,0.72,0.72,27.9299
1539441300,0.72,0.73,0.73,0.72,706.85911
1539441600,0.72,0.72,0.72,0.72,16000.0
1539441900,0.73,0.73,0.73,0.73,203.13031
1539442200,0.72,0.73,0.73,0.72,1617.24524
1539442500,0.73,0.73,0.73,0.73,341.44142
1539443100,0.73,0.73,0.73,0.73,875.64703
1539443400,0.72,0.72,0.72,0.72,488.17574
1539443700,0.7,0.73,0.73,0.73,16308.031120000001
1539444300,0.72,0.72,0.72,0.72,124.52919
1539444600,0.71,0.72,0.72,0.71,108.94167
1539445200,0.72,0.73,0.72,0.73,6857.64558
1539445500,0.73,0.73,0.73,0.73,228.7
1539446100,0.73,0.73,0.73,0.73,250.94577999999998
1539446700,0.71,0.72,0.72,0.71,7000.0
1539447000,0.72,0.72,0.72,0.72,8659.198059999999
1539447300,0.72,0.73,0.72,0.73,12516.400020000001
1539447600,0.73,0.73,0.73,0.73,34.74507
1539447900,0.72,0.73,0.73,0.72,1045.59129
1539448200,0.73,0.73,0.73,0.73,13.65765
1539448800,0.73,0.73,0.73,0.73,68.28828
1539449100,0.73,0.73,0.73,0.73,204.86485
1539450000,0.73,0.73,0.73,0.73,209.37187
1539450300,0.72,0.73,0.73,0.72,3790.60267
1539450600,0.73,0.73,0.73,0.73,191.20719
1539451200,0.73,0.74,0.73,0.74,901.90368
1539451500,0.74,0.74,0.74,0.74,12.0
1539451800,0.74,0.74,0.74,0.74,2562.28611
1539452100,0.73,0.73,0.73,0.73,20000.0
1539452700,0.74,0.74,0.74,0.74,177.62926
1539453000,0.74,0.74,0.74,0.74,2745.38546
1539453300,0.72,0.73,0.73,0.73,11068.269780000002
1539453900,0.73,0.73,0.73,0.73,607.72477
1539454200,0.72,0.72,0.72,0.72,8.0
1539454500,0.73,0.73,0.73,0.73,500.00682
1539454800,0.73,0.73,0.73,0.73,106.81653
1539455100,0.72,0.72,0.72,0.72,57250.64987
1539455400,0.73,0.73,0.73,0.73,1748.1801099999998
1539455700,0.72,0.72,0.72,0.72,12.94833
1539456600,0.71,0.72,0.72,0.71,8154.346800000001
1539456900,0.71,0.71,0.71,0.71,25.10112
1539457200,0.72,0.72,0.72,0.72,75.71728
1539457500,0.72,0.72,0.72,0.72,6528.4714
1539457800,0.72,0.73,0.72,0.73,84.2951
1539458400,0.73,0.73,0.73,0.73,13.65765
1539459600,0.72,0.72,0.72,0.72,40.972970000000004
1539459900,0.73,0.73,0.73,0.73,361.90059
1539460800,0.72,0.72,0.72,0.72,49.449
1539461100,0.73,0.73,0.73,0.73,14.76392
1539461700,0.73,0.73,0.73,0.73,86.04324
1539462000,0.72,0.72,0.72,0.72,1197.4
1539462900,0.73,0.73,0.73,0.73,66.02111
1539463200,0.72,0.72,0.72,0.72,1.0
1539463800,0.72,0.72,0.72,0.72,3492.0373999999997
1539464100,0.72,0.72,0.72,0.72,3348.8665100000003
1539464700,0.72,0.72,0.72,0.72,579.83669
1539465000,0.72,0.73,0.73,0.73,513.13168
1539465300,0.72,0.72,0.72,0.72,2000.0
1539465600,0.73,0.73,0.73,0.73,13.65765
1539465900,0.73,0.73,0.73,0.73,19.88554
1539466200,0.72,0.73,0.72,0.73,35.69531
1539467400,0.73,0.73,0.73,0.73,68.28828
1539468000,0.73,0.73,0.73,0.73,40.97297
1539468600,0.73,0.73,0.73,0.73,614.59457
1539469800,0.73,0.73,0.73,0.73,64.13635
1539470100,0.73,0.73,0.73,0.73,25.67639
1539470400,0.72,0.72,0.72,0.72,200.0
1539470700,0.73,0.73,0.73,0.73,196.06932
1539471300,0.73,0.73,0.73,0.73,16.33455
1539471900,0.73,0.73,0.73,0.73,1299.53973
1539472500,0.73,0.73,0.73,0.73,87.98262
1539473100,0.72,0.72,0.72,0.72,153.74927
1539473400,0.72,0.73,0.72,0.73,2684.6297600000003
1539474300,0.73,0.73,0.73,0.73,42.48897
1539475800,0.72,0.72,0.72,0.72,365.24141999999995
1539476100,0.73,0.73,0.73,0.73,648.73871
1539476400,0.72,0.72,0.72,0.72,69.0
1539477000,0.73,0.73,0.73,0.73,136.57657
1539479700,0.72,0.72,0.72,0.72,8941.50388
1539480000,0.72,0.73,0.72,0.73,9450.36266
1539480900,0.73,0.73,0.73,0.73,114.66968
1539481500,0.73,0.73,0.73,0.73,13.91715
1539482400,0.73,0.73,0.73,0.73,385.20056
1539482700,0.73,0.73,0.73,0.73,104.11232
1539483900,0.73,0.73,0.73,0.73,23.9009
1539484500,0.73,0.73,0.73,0.73,177.54954
1539484800,0.72,0.72,0.72,0.72,252.0
1539485700,0.72,0.72,0.72,0.72,5594.89123
1539486000,0.73,0.73,0.73,0.73,13.65765
1539486300,0.72,0.72,0.72,0.72,23.9009
1539486600,0.72,0.72,0.72,0.72,567.45415
1539486900,0.73,0.73,0.73,0.73,1575.16491
1539487200,0.73,0.73,0.73,0.73,3272.34734
1539487500,0.72,0.73,0.72,0.73,3340.63562
1539487800,0.73,0.73,0.73,0.73,259.94618
1539488400,0.73,0.73,0.73,0.73,569.57893
1539488700,0.73,0.73,0.73,0.73,867.26123
1539489000,0.73,0.73,0.73,0.73,4998.702520000001
1539489600,0.73,0.73,0.73,0.73,5005.531349999999
1539489900,0.73,0.73,0.73,0.73,3414.41429
1539490200,0.73,0.73,0.73,0.73,66.00744999999999
1539490500,0.73,0.74,0.73,0.74,11332.99071
1539491100,0.74,0.75,0.74,0.75,6377.95469
1539491400,0.75,0.75,0.75,0.75,1056.6434
1539491700,0.75,0.75,0.75,0.75,997.00897
1539492000,0.75,0.75,0.75,0.75,33.4862
1539492300,0.75,0.75,0.75,0.75,34.56297
1539492900,0.75,0.75,0.75,0.75,603.0574899999999
1539493200,0.75,0.75,0.75,0.75,89.66432999999999
1539493500,0.75,0.75,0.75,0.75,5217.6537
1539493800,0.75,0.75,0.75,0.75,412.09703
1539494100,0.75,0.75,0.75,0.75,66.46726
1539494400,0.75,0.75,0.75,0.75,8.0
1539494700,0.75,0.75,0.75,0.75,1.0
1539495000,0.75,0.75,0.75,0.75,3988.03589
1539495300,0.74,0.75,0.75,0.74,3196.1748
1539495900,0.74,0.74,0.74,0.74,40.0
1539496800,0.75,0.75,0.75,0.75,1398.03256
1539498600,0.75,0.75,0.75,0.75,1329.34529
1539498900,0.75,0.75,0.75,0.75,13.29345
1539499500,0.74,0.75,0.75,0.74,283.29345
1539500100,0.75,0.75,0.75,0.75,308.68727
1539500400,0.75,0.75,0.75,0.75,774.92316
1539501300,0.74,0.74,0.74,0.74,2371.69087
1539502200,0.75,0.75,0.75,0.75,3190.662
1539502500,0.75,0.75,0.75,0.75,57.95944
1539502800,0.75,0.75,0.75,0.75,1678.674
1539503100,0.75,0.76,0.75,0.76,13.11854
1539504000,0.76,0.76,0.76,0.76,1639.81738
1539504300,0.76,0.76,0.76,0.76,15.26997
1539505200,0.75,0.75,0.75,0.75,157.9661
1539507000,0.75,0.75,0.75,0.75,782.68784
1539508500,0.76,0.76,0.76,0.76,1259.37975
1539510000,0.76,0.76,0.76,0.76,17.0541
1539510600,0.75,0.75,0.75,0.75,1794.36423
1539511500,0.74,0.74,0.74,0.74,525.59205
1539511800,0.75,0.75,0.75,0.75,429.80358
1539515100,0.75,0.75,0.75,0.75,250.48853
1539516300,0.75,0.75,0.75,0.75,62.48102
1539516600,0.75,0.75,0.75,0.75,99.70089
1539517200,0.75,0.75,0.75,0.75,26.29345
1539517800,0.75,0.75,0.75,0.75,23.42306
1539519600,0.75,0.75,0.75,0.75,9210.222660000001
1539519900,0.74,0.76,0.75,0.74,1347.36846
1539520500,0.75,0.75,0.75,0.75,1063.47623
1539521700,0.75,0.75,0.75,0.75,10.0
1539523800,0.75,0.75,0.75,0.75,1703.98137
1539524400,0.73,0.75,0.75,0.73,3090.0184099999997
1539525000,0.74,0.74,0.74,0.74,26.94618
1539525300,0.74,0.74,0.74,0.74,132.70997
1539526500,0.74,0.74,0.74,0.74,13.47309
1539526800,0.74,0.74,0.74,0.74,811.74044
1539528000,0.74,0.74,0.74,0.74,67.36547
1539528300,0.74,0.74,0.74,0.74,637.18304
1539528900,0.73,0.73,0.73,0.73,134.73093999999998
1539529800,0.73,0.73,0.73,0.73,2157.05537
1539530700,0.74,0.74,0.74,0.74,71.46129
1539531600,0.73,0.74,0.73,0.74,119.18594999999999
1539532800,0.74,0.74,0.74,0.74,404.19282
1539533100,0.73,0.73,0.73,0.73,22500.0
1539533400,0.74,0.74,0.74,0.74,134.73094
1539534000,0.73,0.74,0.73,0.74,1795.23968
1539534600,0.73,0.73,0.73,0.73,400.0
1539534900,0.73,0.73,0.73,0.73,8200.0
1539535200,0.74,0.74,0.74,0.74,22.90426
1539535500,0.74,0.74,0.74,0.74,101.87006
1539539100,0.73,0.73,0.73,0.73,998.3
1539539400,0.74,0.74,0.74,0.74,336.82735
1539540300,0.74,0.74,0.74,0.74,47.85643
1539541200,0.74,0.74,0.74,0.74,160.24898000000002
1539542100,0.73,0.74,0.74,0.73,14813.26749
1539542700,0.73,0.73,0.73,0.73,15000.0
1539543000,0.73,0.73,0.73,0.73,80.72976
1539543600,0.73,0.73,0.73,0.73,780.42584
1539544200,0.72,0.72,0.72,0.72,3129.5769499999997
1539544800,0.72,0.72,0.72,0.72,64630.00000000001
1539545100,0.72,0.73,0.72,0.73,6738.04375
1539545400,0.72,0.72,0.72,0.72,2121.84488
1539545700,0.71,0.73,0.72,0.73,1021.45878
1539546600,0.71,0.73,0.71,0.73,7788.11093
1539547800,0.7,0.71,0.71,0.7,48773.99982999999
1539548100,0.71,0.72,0.71,0.72,864.9787799999999
1539548400,0.71,0.71,0.71,0.71,10000.0
1539549300,0.7,0.72,0.71,0.72,20244.354260000004
1539549600,0.7,0.71,0.7,0.71,737.12538
1539549900,0.7,0.7,0.7,0.7,14555.838779999998
1539550200,0.7,0.71,0.7,0.71,8580.831530000001
1539550500,0.7,0.7,0.7,0.7,3365.0
1539550800,0.69,0.7,0.7,0.69,13471.74044
1539551400,0.68,0.69,0.69,0.68,2008.79459
1539551700,0.68,0.69,0.69,0.69,2601.14583
1539552000,0.68,0.69,0.68,0.69,1640.38992
1539552300,0.68,0.69,0.69,0.68,15203.12809
1539552600,0.68,0.68,0.68,0.68,1748.18011
1539553200,0.68,0.68,0.68,0.68,2065.68411
1539553500,0.69,0.69,0.69,0.69,997.0089700000001
1539553800,0.69,0.69,0.69,0.69,34.15839
1539554100,0.69,0.69,0.69,0.69,2295.54813
1539554400,0.69,0.7,0.69,0.7,17213.71627
1539555000,0.7,0.7,0.7,0.7,21.79176
1539555300,0.7,0.7,0.7,0.7,712.14926
1539555600,0.7,0.7,0.7,0.7,1132.08943
1539556500,0.7,0.7,0.7,0.7,265.81683
1539556800,0.69,0.69,0.69,0.69,29.51386
1539557100,0.69,0.69,0.69,0.69,997.00897
1539558300,0.7,0.71,0.7,0.71,11551.27981
1539558600,0.71,0.71,0.71,0.71,2165.91071
1539558900,0.7,0.7,0.7,0.7,154.60863
1539559200,0.69,0.7,0.7,0.69,21030.70327
1539559500,0.7,0.7,0.7,0.7,1120.75202
1539559800,0.68,0.69,0.69,0.69,9380.2975
1539560100,0.68,0.69,0.69,0.68,467.88872
1539560400,0.67,0.69,0.68,0.68,17692.08251
1539560700,0.68,0.69,0.68,0.69,1747.88994
1539561000,0.69,0.69,0.69,0.69,72.24702
1539561300,0.69,0.69,0.69,0.69,83.92213
1539562200,0.69,0.69,0.69,0.69,1389.94609
1539562500,0.69,0.69,0.69,0.69,68.67802
1539563100,0.68,0.68,0.68,0.68,26.36965
1539563400,0.69,0.69,0.69,0.69,21.28397
1539563700,0.68,0.69,0.68,0.68,193.75506
1539564000,0.69,0.7,0.69,0.7,4595.03587
1539564300,0.69,0.69,0.69,0.69,1737.088
1539565200,0.7,0.7,0.7,0.7,136.67568
1539566100,0.69,0.7,0.69,0.7,1064.37444
1539566700,0.69,0.69,0.69,0.69,59.03646
1539567000,0.69,0.7,0.7,0.7,738.43896
1539567300,0.7,0.7,0.7,0.7,199.40179
1539567900,0.7,0.7,0.7,0.7,4049.9359
1539568200,0.7,0.7,0.7,0.7,640.93433
1539569100,0.7,0.7,0.7,0.7,21.06537
1539569400,0.7,0.7,0.7,0.7,438.32787
1539569700,0.7,0.7,0.7,0.7,152.34297
1539570600,0.7,0.7,0.7,0.7,478.57855
1539570900,0.7,0.7,0.7,0.7,1746.08345
1539571200,0.7,0.7,0.7,0.7,134.06922
1539572400,0.7,0.7,0.7,0.7,217.83634
1539572700,0.7,0.7,0.7,0.7,38.92607
1539573000,0.7,0.7,0.7,0.7,114.24298
1539573300,0.69,0.69,0.69,0.69,3.0
1539573900,0.69,0.69,0.69,0.69,495.0
1539575100,0.69,0.69,0.69,0.69,1000.0
1539575400,0.69,0.69,0.69,0.69,369.85539
1539576000,0.7,0.7,0.7,0.7,35.60746
1539576300,0.7,0.7,0.7,0.7,1853.21179
1539577800,0.7,0.7,0.7,0.7,72.98105
1539578100,0.69,0.69,0.69,0.69,751.3363400000001
1539578700,0.7,0.7,0.7,0.7,14.24298
1539579300,0.69,0.69,0.69,0.69,999.9999999999999
1539580200,0.69,0.69,0.69,0.69,351.83950000000004
1539580500,0.7,0.7,0.7,0.7,1345.3354199999999
1539580800,0.69,0.7,0.7,0.7,2163.16833
1539581100,0.7,0.71,0.7,0.71,509.49083
1539581400,0.7,0.7,0.7,0.7,941.33644
1539581700,0.71,0.71,0.71,0.71,1931.1923199999999
1539582000,0.71,0.72,0.71,0.71,8290.23475
1539582300,0.71,0.72,0.72,0.72,10157.18155
1539582600,0.72,0.73,0.72,0.73,1535.9204600000003
1539582900,0.71,0.73,0.72,0.73,1563.65557
1539583200,0.73,0.74,0.73,0.74,19378.59473
1539583500,0.71,0.74,0.73,0.73,2199.67447
1539583800,0.71,0.73,0.72,0.72,2617.1729600000003
1539584100,0.72,0.73,0.72,0.72,1335.32871
1539584400,0.71,0.72,0.72,0.71,3255.11265
1539584700,0.71,0.72,0.72,0.72,809.0265999999999
1539585000,0.72,0.72,0.72,0.72,15.10745
1539585300,0.71,0.72,0.71,0.72,1138.47346
1539585900,0.71,0.72,0.71,0.72,2427.27071
1539586200,0.71,0.71,0.71,0.71,521.491
1539586500,0.72,0.72,0.72,0.72,276.94692
1539586800,0.71,0.72,0.71,0.72,242.90402
1539587100,0.71,0.72,0.71,0.71,3361.7476
1539587400,0.7,0.71,0.71,0.71,2652.96693
1539587700,0.71,0.72,0.71,0.72,2822.32332
1539588000,0.72,0.72,0.72,0.72,376.18366
1539588300,0.7,0.72,0.72,0.71,10696.00165
1539588600,0.7,0.71,0.71,0.7,2889.92178
1539588900,0.71,0.71,0.71,0.71,99.70089000000002
1539589200,0.7,0.71,0.7,0.71,5698.538329999999
1539589500,0.72,0.72,0.72,0.72,276.94693
1539589800,0.7,0.72,0.71,0.71,173.25047
1539590100,0.71,0.72,0.72,0.71,2157.3313200000002
1539590400,0.71,0.71,0.71,0.71,1029.839
1539590700,0.71,0.71,0.71,0.71,1.5576
1539591000,0.7,0.7,0.7,0.7,22.77812
1539591300,0.71,0.71,0.71,0.71,1500.0
1539591600,0.7,0.7,0.7,0.7,120.12156
1539591900,0.72,0.72,0.72,0.72,138.47346
1539592200,0.71,0.71,0.71,0.71,50.0
1539592800,0.7,0.7,0.7,0.7,1478.0674
1539593400,0.72,0.72,0.72,0.72,61.91148
1539594000,0.72,0.72,0.72,0.72,1384.7346799999996
1539594300,0.72,0.73,0.72,0.73,10703.574260000001
1539594900,0.72,0.72,0.72,0.72,15.0
1539595200,0.73,0.73,0.73,0.73,124.62612
1539595500,0.71,0.72,0.72,0.72,248.76758
1539596100,0.71,0.72,0.72,0.71,84.25002
1539596400,0.72,0.72,0.72,0.72,18.27849
1539596700,0.72,0.72,0.72,0.72,975.14401
1539597000,0.71,0.72,0.72,0.71,161.32989
1539597600,0.72,0.72,0.72,0.72,138.47346
1539597900,0.71,0.74,0.72,0.71,12387.937600000001
1539598800,0.72,0.73,0.72,0.73,255.18236000000002
1539599100,0.73,0.73,0.73,0.73,1963.83452
1539600300,0.72,0.72,0.72,0.72,1201.4900000000002
1539600900,0.71,0.72,0.72,0.71,1.689
1539601500,0.71,0.71,0.71,0.71,13.0
1539603000,0.72,0.73,0.72,0.73,1579.6267899999998
1539603300,0.71,0.71,0.71,0.71,336.363
1539604200,0.72,0.73,0.72,0.73,428.22136
1539604500,0.72,0.73,0.73,0.72,3236.57657
1539604800,0.7,0.71,0.71,0.7,10852.5661
1539605100,0.72,0.72,0.72,0.72,26.76692
1539605400,0.72,0.72,0.72,0.72,410.07532
1539606000,0.71,0.72,0.72,0.71,1030.46416
1539606300,0.71,0.72,0.71,0.72,10102.10846
1539607800,0.71,0.71,0.71,0.71,5554.25451
1539608400,0.71,0.71,0.71,0.71,2429.7389500000004
1539608700,0.7,0.7,0.7,0.7,2391.98068
1539609600,0.7,0.71,0.71,0.7,2473.94896
1539609900,0.71,0.71,0.71,0.71,33.70171
1539610500,0.71,0.71,0.71,0.71,70.68934
1539610800,0.7,0.71,0.7,0.71,2444.4834399999995
1539611100,0.71,0.71,0.71,0.71,1619.05831
1539611400,0.71,0.71,0.71,0.71,140.42379
1539612900,0.71,0.71,0.71,0.71,14042.3799
1539613200,0.71,0.71,0.71,0.71,18.7887
1539613500,0.71,0.71,0.71,0.71,671.2398
1539613800,0.71,0.71,0.71,0.71,14.04237
1539614400,0.71,0.71,0.71,0.71,14.04237
1539614700,0.7,0.71,0.7,0.71,1887.1994
1539615000,0.7,0.7,0.7,0.7,188.2
1539615300,0.71,0.71,0.71,0.71,73.65228
1539616500,0.7,0.7,0.7,0.7,938.3589999999999
1539616800,0.71,0.71,0.71,0.71,836.9258199999999
1539617100,0.71,0.71,0.71,0.71,183.95516
1539618000,0.71,0.71,0.71,0.71,50.31384
1539618300,0.71,0.71,0.71,0.71,4714.307769999999
1539618600,0.71,0.71,0.71,0.71,16.85085
1539618900,0.71,0.71,0.71,0.71,459.18579
1539619500,0.71,0.71,0.71,0.71,449.35614
1539619800,0.71,0.72,0.71,0.72,11107.458220000002
1539620100,0.72,0.73,0.72,0.73,84324.24981000002
1539620400,0.72,0.74,0.73,0.74,11839.98863
1539620700,0.73,0.74,0.74,0.73,11319.72239
1539621000,0.73,0.75,0.74,0.75,39999.30755
1539621300,0.74,0.8,0.75,0.78,79088.1781799999
1539621600,0.75,0.81,0.77,0.77,88700.45866000002
1539621900,0.75,0.78,0.77,0.76,38155.061499999996
1539622200,0.76,0.76,0.76,0.76,2623.77336
1539622500,0.76,0.77,0.76,0.76,29089.285069999998
1539622800,0.76,0.76,0.76,0.76,20832.948490000002
1539623100,0.76,0.76,0.76,0.76,2120.8873200000003
1539623400,0.74,0.76,0.76,0.74,58673.63770000001
1539623700,0.74,0.75,0.75,0.75,6421.672930000001
1539624300,0.74,0.75,0.74,0.75,4108.92229
1539624600,0.74,0.75,0.75,0.75,408.52975
1539624900,0.74,0.75,0.75,0.74,30157.61027
1539625200,0.74,0.74,0.74,0.74,1703.86136
1539625500,0.73,0.74,0.74,0.74,1221.8696499999999
1539625800,0.74,0.75,0.74,0.75,8841.602679999998
1539626100,0.74,0.75,0.75,0.74,19306.84113
1539626400,0.74,0.75,0.75,0.75,1189.89298
1539626700,0.75,0.75,0.75,0.75,2198.09902
1539627000,0.74,0.75,0.74,0.75,4442.4405799999995
1539627300,0.74,0.74,0.74,0.74,5189.20496
1539627600,0.74,0.74,0.74,0.74,11357.043759999999
1539627900,0.72,0.73,0.73,0.73,38244.024509999996
1539628200,0.73,0.73,0.73,0.73,2635.24492
1539628500,0.73,0.73,0.73,0.73,557.50555
1539628800,0.72,0.73,0.73,0.73,12272.37464
1539629100,0.72,0.73,0.72,0.73,50228.68164000002
1539629400,0.73,0.73,0.73,0.73,21.87956
1539629700,0.72,0.73,0.72,0.73,9379.980870000001
1539630000,0.73,0.73,0.73,0.73,643.90388
1539630300,0.73,0.73,0.73,0.73,635.2859
1539630600,0.73,0.73,0.73,0.73,21.70201
1539630900,0.73,0.73,0.73,0.73,190.60625
1539631500,0.73,0.73,0.73,0.73,665.04595
1539631800,0.73,0.73,0.73,0.73,1285.4859999999999
1539632100,0.73,0.73,0.73,0.73,1804.5179400000002
1539632400,0.72,0.74,0.73,0.72,17851.753360000002
1539632700,0.73,0.73,0.73,0.73,1862.6039499999997
1539633000,0.73,0.73,0.73,0.73,136.57657
1539633300,0.73,0.73,0.73,0.73,2520.48648
1539633600,0.71,0.72,0.72,0.72,26617.59967
1539633900,0.71,0.72,0.72,0.71,2041.34985
1539634200,0.71,0.72,0.71,0.72,2552.2460300000002
1539634500,0.72,0.72,0.72,0.72,417.7304
1539634800,0.7,0.72,0.71,0.72,152151.91066
1539635100,0.7,0.72,0.71,0.7,13625.31407
1539635400,0.7,0.72,0.71,0.72,108.82574
1539635700,0.72,0.72,0.72,0.72,365.22376
1539636000,0.72,0.72,0.72,0.72,589.10766
1539636300,0.72,0.72,0.72,0.72,1206.32477
1539636600,0.71,0.72,0.71,0.72,160.52043
1539637200,0.72,0.72,0.72,0.72,27.69469
1539637500,0.71,0.72,0.72,0.72,1305.50227
1539637800,0.72,0.72,0.72,0.72,276.94693
1539638100,0.72,0.72,0.72,0.72,351.29066
1539638400,0.71,0.72,0.72,0.72,352.08806
1539638700,0.71,0.72,0.71,0.72,1099.47662
1539639000,0.72,0.72,0.72,0.72,262.40720999999996
1539639300,0.72,0.72,0.72,0.72,1973.5654
1539639600,0.72,0.72,0.72,0.72,207.71020000000001
1539639900,0.72,0.72,0.72,0.72,108.64626999999999
1539640200,0.71,0.72,0.72,0.71,373.11033
1539640800,0.71,0.72,0.71,0.72,292.73663
1539641100,0.72,0.72,0.72,0.72,13.84734
1539641400,0.71,0.72,0.71,0.72,12080.374200000002
1539642300,0.71,0.72,0.72,0.71,5591.99999
1539642600,0.72,0.72,0.72,0.72,156.28114
1539642900,0.72,0.72,0.72,0.72,142.79384
1539643200,0.72,0.72,0.72,0.72,2663.31427
1539643500,0.72,0.72,0.72,0.72,562.88078
1539643800,0.71,0.72,0.72,0.71,12942.33327
1539644100,0.72,0.72,0.72,0.72,129.37574999999998
1539644400,0.72,0.72,0.72,0.72,429.94626
1539645000,0.72,0.72,0.72,0.72,1419.35304
1539645300,0.72,0.72,0.72,0.72,55.38938
1539645600,0.72,0.72,0.72,0.72,805.91557
1539645900,0.71,0.72,0.72,0.72,3978.71328
1539646200,0.72,0.72,0.72,0.72,773.90938
1539646500,0.72,0.72,0.72,0.72,1570.6353
1539646800,0.72,0.72,0.72,0.72,1401.6145900000001
1539647100,0.72,0.72,0.72,0.72,138.47346
1539647400,0.72,0.72,0.72,0.72,8895.84025
1539647700,0.71,0.72,0.72,0.72,815.6026199999999
1539648000,0.72,0.72,0.72,0.72,69.23673
1539648900,0.72,0.72,0.72,0.72,2399.4821
1539649200,0.72,0.72,0.72,0.72,471.65448
1539649500,0.71,0.71,0.71,0.71,3.84734
1539649800,0.72,0.72,0.72,0.72,189.21013
1539650100,0.72,0.72,0.72,0.72,173.32723000000001
1539650400,0.72,0.72,0.72,0.72,1593.6219
1539650700,0.72,0.72,0.72,0.72,3899.75904
1539651000,0.72,0.72,0.72,0.72,549.68427
1539651300,0.71,0.72,0.72,0.71,17165.05438
1539651600,0.71,0.72,0.71,0.72,79.46101
1539651900,0.72,0.72,0.72,0.72,670.57161
1539652200,0.72,0.72,0.72,0.72,28.05771
1539652500,0.72,0.72,0.72,0.72,171.54093
1539653100,0.72,0.72,0.72,0.72,48.06414
1539653700,0.72,0.72,0.72,0.72,576.74199
1539654000,0.72,0.72,0.72,0.72,259.81776
1539654600,0.72,0.72,0.72,0.72,131.60518
1539654900,0.71,0.72,0.71,0.72,939.82122
1539655200,0.72,0.72,0.72,0.72,6877.769450000001
1539655500,0.72,0.72,0.72,0.72,5420.0971500000005
1539655800,0.71,0.72,0.72,0.71,875.18306
1539656100,0.72,0.72,0.72,0.72,14955.134580000002
1539656400,0.72,0.72,0.72,0.72,41.542030000000004
1539657000,0.72,0.72,0.72,0.72,2317.02115
1539657300,0.72,0.72,0.72,0.72,249.25224
1539657600,0.72,0.72,0.72,0.72,179.7801
1539658500,0.71,0.72,0.71,0.71,1667.23197
1539658800,0.72,0.72,0.72,0.72,15950.35724
1539659100,0.72,0.72,0.72,0.72,127.39559
1539659400,0.72,0.72,0.72,0.72,2648.8312699999997
1539659700,0.72,0.72,0.72,0.72,12357.261540000001
1539660000,0.72,0.72,0.72,0.72,2341.43402
1539660300,0.72,0.72,0.72,0.72,435.02824
1539660600,0.72,0.72,0.72,0.72,57.21723
1539660900,0.72,0.72,0.72,0.72,50.0
1539661200,0.72,0.72,0.72,0.72,1085.50734
1539661500,0.72,0.72,0.72,0.72,1001.2877900000001
1539661800,0.72,0.72,0.72,0.72,1468.52497
1539662100,0.72,0.72,0.72,0.72,1128.0741
1539662400,0.72,0.72,0.72,0.72,1676.0967
1539662700,0.72,0.72,0.72,0.72,40.26808
1539663600,0.71,0.72,0.71,0.72,2401.2332100000003
1539663900,0.72,0.73,0.72,0.73,5486.60332
1539664200,0.73,0.73,0.73,0.73,569.01896
1539664500,0.73,0.73,0.73,0.73,75.67707
1539664800,0.72,0.73,0.72,0.73,1452.8083
1539665100,0.73,0.73,0.73,0.73,14.76392
1539665700,0.73,0.73,0.73,0.73,486.00772
1539666000,0.72,0.73,0.72,0.73,492.19639
1539667500,0.72,0.73,0.73,0.73,922.43816
1539667800,0.73,0.73,0.73,0.73,682.88285
1539668400,0.73,0.73,0.73,0.73,54.26187
1539668700,0.72,0.72,0.72,0.72,147.91625
1539669000,0.73,0.73,0.73,0.73,1529.65759
1539669300,0.72,0.73,0.72,0.73,3397.8379499999996
1539669600,0.73,0.74,0.73,0.74,30087.474169999994
1539669900,0.73,0.75,0.73,0.75,27213.09993
1539670500,0.73,0.74,0.74,0.73,1357.59559
1539670800,0.73,0.73,0.73,0.73,4.0
1539671100,0.74,0.74,0.74,0.74,143.8118
1539671400,0.74,0.74,0.74,0.74,72.32356
1539671700,0.74,0.74,0.74,0.74,122.55126
1539672000,0.74,0.74,0.74,0.74,13.47309
1539672300,0.73,0.74,0.73,0.74,64.32354000000001
1539672600,0.73,0.74,0.74,0.73,1815.9805199999998
1539672900,0.72,0.73,0.72,0.73,936.88962
1539673500,0.73,0.73,0.73,0.73,1000.0
1539674400,0.73,0.73,0.73,0.73,13.65765
1539674700,0.73,0.73,0.73,0.73,212.54045000000002
1539675000,0.73,0.73,0.73,0.73,73.24601
1539677400,0.73,0.73,0.73,0.73,24.39257
1539677700,0.73,0.73,0.73,0.73,101.64028
1539678000,0.73,0.73,0.73,0.73,342.44142
1539678600,0.73,0.73,0.73,0.73,20.0
1539678900,0.73,0.73,0.73,0.73,72.8636
1539679200,0.73,0.73,0.73,0.73,1356.05512
1539679800,0.74,0.74,0.74,0.74,4755.94837
1539680400,0.74,0.74,0.74,0.74,1187.85535
1539681300,0.74,0.74,0.74,0.74,1.0
1539681600,0.73,0.74,0.74,0.74,2028.6763499999997
1539681900,0.73,0.74,0.74,0.73,44.51884
1539682800,0.74,0.74,0.74,0.74,833.75548
1539683400,0.74,0.74,0.74,0.74,22.16324
1539683700,0.73,0.74,0.73,0.74,915.5775699999999
1539684600,0.73,0.74,0.73,0.74,1385.65914
1539684900,0.74,0.74,0.74,0.74,54.87591
1539687600,0.74,0.74,0.74,0.74,117.21591
1539687900,0.74,0.74,0.74,0.74,123.56174
1539688200,0.74,0.74,0.74,0.74,470.80245
1539688500,0.74,0.74,0.74,0.74,1097.37004
1539689400,0.74,0.74,0.74,0.74,150.0
1539689700,0.75,0.75,0.75,0.75,561.83448
1539690000,0.75,0.75,0.75,0.75,1342.6387399999999
1539690300,0.73,0.75,0.74,0.74,504.96473
1539690600,0.74,0.75,0.74,0.75,13.63912
1539690900,0.74,0.74,0.74,0.74,155.40877
1539691500,0.75,0.75,0.75,0.75,265.86905
1539692100,0.75,0.75,0.75,0.75,93.62577
1539693000,0.74,0.74,0.74,0.74,3223.6025599999994
1539693300,0.74,0.74,0.74,0.74,1639.6567
1539693600,0.75,0.75,0.75,0.75,454.76902
1539694200,0.74,0.75,0.74,0.75,417.09555
1539694500,0.74,0.75,0.74,0.75,160.85076
1539694800,0.74,0.74,0.74,0.74,262.41261
1539695100,0.75,0.75,0.75,0.75,132.93452
1539695400,0.75,0.75,0.75,0.75,148.70055
1539695700,0.74,0.75,0.74,0.75,610.88634
1539696000,0.75,0.75,0.75,0.75,4621.203039999999
1539696300,0.73,0.75,0.75,0.73,16149.56718
1539696600,0.73,0.74,0.74,0.74,244.71846
1539696900,0.74,0.75,0.74,0.75,33657.305259999994
1539697200,0.75,0.75,0.75,0.75,1726.71318
1539697500,0.75,0.75,0.75,0.75,133.49285
1539697800,0.75,0.75,0.75,0.75,1226.34661
1539698100,0.75,0.76,0.75,0.75,9918.15916
1539698400,0.75,0.75,0.75,0.75,66.46726
1539698700,0.75,0.75,0.75,0.75,332.33632
1539699000,0.75,0.75,0.75,0.75,425.47025
1539699300,0.75,0.75,0.75,0.75,332.33632
1539699600,0.75,0.75,0.75,0.75,265.86905
1539699900,0.74,0.75,0.75,0.74,2160.63828
1539700200,0.74,0.76,0.74,0.75,20720.44477
1539700500,0.74,0.75,0.74,0.75,617.1884200000001
1539701100,0.74,0.75,0.74,0.75,2676.95389
1539701400,0.74,0.75,0.74,0.75,14810.241670000001
1539701700,0.75,0.75,0.75,0.75,147.84978
1539702000,0.75,0.75,0.75,0.75,132.93452
1539702300,0.74,0.75,0.74,0.75,1688.90569
1539702600,0.75,0.75,0.75,0.75,26.5869
1539702900,0.74,0.74,0.74,0.74,500.0
1539703200,0.75,0.75,0.75,0.75,79.76071
1539703500,0.75,0.75,0.75,0.75,116.14489
1539703800,0.74,0.75,0.74,0.75,474.14579000000003
1539704100,0.74,0.75,0.75,0.74,856.67264
1539704400,0.74,0.75,0.75,0.74,1234.38243
1539704700,0.74,0.74,0.74,0.74,2757.24493
1539705000,0.74,0.75,0.75,0.74,1300.59706
1539705300,0.74,0.75,0.75,0.74,436.08963
1539705600,0.74,0.75,0.74,0.75,5626.9448
1539705900,0.74,0.74,0.74,0.74,1826.8898
1539706200,0.73,0.74,0.73,0.73,2271.33605
1539706500,0.74,0.74,0.74,0.74,134.73094
1539706800,0.74,0.74,0.74,0.74,4235.91385
1539707100,0.74,0.74,0.74,0.74,137.00789
1539707400,0.73,0.73,0.73,0.73,66.46726
1539708000,0.74,0.74,0.74,0.74,38.00759
1539708300,0.74,0.74,0.74,0.74,3166.17713
1539708900,0.73,0.74,0.73,0.74,10477.120509999999
1539709200,0.74,0.74,0.74,0.74,2987.4969599999995
1539709800,0.73,0.74,0.74,0.73,575.69926
1539710100,0.73,0.74,0.74,0.73,848.02869
1539710400,0.73,0.73,0.73,0.73,138.68117
1539711000,0.74,0.74,0.74,0.74,278.15203
1539711300,0.74,0.74,0.74,0.74,94.04218
1539711900,0.73,0.73,0.73,0.73,92.12592
1539712800,0.74,0.74,0.74,0.74,1731.2926
1539713100,0.74,0.74,0.74,0.74,187.276
1539713400,0.73,0.74,0.74,0.74,5374.821470000001
1539713700,0.74,0.74,0.74,0.74,997.0089700000001
1539714000,0.74,0.74,0.74,0.74,28663.024419999998
1539714300,0.74,0.74,0.74,0.74,404.19282
1539714600,0.74,0.74,0.74,0.74,20.50604
1539714900,0.74,0.74,0.74,0.74,269.46188
1539715200,0.73,0.73,0.73,0.73,115.52841
1539715500,0.74,0.74,0.74,0.74,1795.96346
1539716100,0.74,0.75,0.74,0.75,16257.04623
1539716400,0.75,0.75,0.75,0.75,87.84313
1539716700,0.73,0.75,0.74,0.74,27949.907270000003
1539717000,0.74,0.8,0.74,0.79,161445.81195000003
1539717300,0.78,0.82,0.79,0.8,162784.81736999998
1539717600,0.79,0.83,0.8,0.82,172295.67375999998
1539717900,0.8,0.88,0.82,0.88,215019.92691
1539718200,0.82,0.9,0.88,0.87,313335.39469999995
1539718500,0.84,0.89,0.87,0.89,156749.34787999993
1539718800,0.86,0.97,0.88,0.97,236136.66852999997
1539719100,0.94,1.0,0.97,0.98,261057.59354
1539719400,0.86,0.99,0.99,0.87,311986.18503
1539719700,0.86,0.89,0.87,0.87,113822.03482
1539720000,0.79,0.89,0.87,0.83,328470.8292200001
1539720300,0.8,0.88,0.82,0.84,236287.05081000004
1539720600,0.83,0.85,0.84,0.84,95707.89600000001
1539720900,0.83,0.86,0.83,0.86,134791.35145
1539721200,0.84,0.86,0.86,0.85,173376.5659
1539721500,0.83,0.85,0.85,0.85,143515.69521
1539721800,0.83,0.85,0.85,0.84,129199.54586999999
1539722100,0.82,0.84,0.84,0.83,77449.70559
1539722400,0.82,0.84,0.83,0.84,86981.95365000001
1539722700,0.82,0.84,0.84,0.84,73927.96005
1539723000,0.83,0.84,0.83,0.84,74628.9745
1539723300,0.83,0.84,0.84,0.84,80331.52845999997
1539723600,0.83,0.84,0.84,0.84,77838.43796000001
1539723900,0.83,0.84,0.83,0.84,81218.32095000001
1539724200,0.82,0.84,0.84,0.83,64974.80285
1539724500,0.82,0.84,0.82,0.84,67012.74354000001
1539724800,0.83,0.84,0.84,0.83,54667.319729999996
1539725100,0.82,0.84,0.84,0.82,77924.94984
1539725400,0.82,0.83,0.83,0.83,66388.11694
1539725700,0.81,0.83,0.83,0.82,59313.09945000001
1539726000,0.81,0.82,0.82,0.82,52146.13357
1539726300,0.81,0.82,0.81,0.82,50271.87455
1539726600,0.8,0.82,0.82,0.82,51443.39154999999
1539726900,0.8,0.82,0.82,0.81,66918.07014
1539727200,0.8,0.82,0.81,0.82,64503.94224
1539727500,0.81,0.82,0.82,0.82,42695.02431000001
1539727800,0.81,0.82,0.82,0.82,24250.03213
1539728100,0.81,0.84,0.82,0.83,57641.683430000005
1539728400,0.83,0.84,0.84,0.84,64287.029169999994
1539728700,0.83,0.84,0.84,0.84,130780.07813999998
1539729000,0.83,0.84,0.84,0.84,26470.135619999994
1539729300,0.83,0.84,0.84,0.83,36068.98576
1539729600,0.83,0.84,0.84,0.84,59440.47164
1539729900,0.83,0.84,0.84,0.84,46214.31454000001
1539730200,0.83,0.84,0.84,0.84,46693.162799999984
1539730500,0.83,0.85,0.84,0.85,71959.49501999997
1539730800,0.84,0.86,0.85,0.85,113644.01974000002
1539731100,0.84,0.85,0.85,0.85,39410.46015
1539731400,0.83,0.85,0.85,0.83,29920.6558
1539731700,0.83,0.84,0.84,0.84,56327.055010000004
1539732000,0.82,0.84,0.84,0.83,51303.273660000006
1539732300,0.82,0.84,0.83,0.84,88285.50366000002
1539732600,0.83,0.85,0.84,0.85,45392.514859999996
1539732900,0.84,0.85,0.85,0.84,44756.56311
1539733200,0.84,0.85,0.85,0.85,64234.97365999999
1539733500,0.84,0.85,0.85,0.85,130372.23134000001
1539733800,0.83,0.85,0.84,0.85,150799.62404999995
1539734100,0.83,0.85,0.85,0.85,145311.24368000004
1539734400,0.84,0.85,0.85,0.85,143383.6617
1539734700,0.84,0.85,0.85,0.85,119421.2709
1539735000,0.83,0.85,0.85,0.84,68907.62642
1539735300,0.83,0.85,0.84,0.85,51711.38651
1539735600,0.84,0.85,0.85,0.85,35729.45693
1539735900,0.84,0.85,0.85,0.85,51848.03209
1539736200,0.84,0.85,0.85,0.85,32351.38805
1539736500,0.84,0.85,0.85,0.85,74920.41006000001
1539736800,0.84,0.86,0.85,0.86,113171.53129
1539737100,0.85,0.86,0.86,0.85,116580.57628999997
1539737400,0.85,0.88,0.86,0.88,139444.19725000003
1539737700,0.87,0.89,0.88,0.89,168662.93428
1539738000,0.88,0.94,0.89,0.94,262968.66259
1539738300,0.88,0.95,0.94,0.95,323533.54918
1539738600,0.92,0.95,0.94,0.92,186811.07252000005
1539738900,0.9,0.95,0.92,0.94,178226.51262000002
1539739200,0.9,0.93,0.9,0.93,105006.69919999997
1539739500,0.91,0.94,0.93,0.93,151623.20596999995
