1542194340,48.29,48.31,48.29,48.31,38.89
1542194400,48.3,48.31,48.3,48.3,13.78
1542194460,48.31,48.34,48.31,48.34,24.5
1542194520,48.34,48.38,48.34,48.37,5.58
1542194580,48.37,48.38,48.38,48.37,37.53
1542194640,48.37,48.38,48.38,48.37,57.23
1542194700,48.38,48.38,48.38,48.38,0.381
1542194760,48.37,48.39,48.38,48.37,129.67
1542194820,48.32,48.37,48.37,48.32,120.43
1542194880,48.32,48.33,48.33,48.33,69.31
1542194940,48.31,48.31,48.31,48.31,1.48
1542195000,48.31,48.32,48.31,48.31,14.44
1542195060,48.3,48.31,48.31,48.31,16.51
1542195120,48.3,48.31,48.31,48.31,14.51
1542195180,48.3,48.31,48.3,48.31,7.84
1542195240,48.3,48.31,48.3,48.31,8.27
1542195300,48.3,48.31,48.3,48.31,41.34
1542195360,48.31,48.32,48.31,48.32,111.75
1542195420,48.32,48.36,48.32,48.36,48.59
1542195480,48.36,48.36,48.36,48.36,5.0
1542195540,48.36,48.41,48.36,48.4,102.82
1542195600,48.41,48.45,48.41,48.45,128.6
1542195660,48.44,48.44,48.44,48.44,0.5
1542195720,48.43,48.44,48.43,48.44,110.61
1542195780,48.29,48.44,48.44,48.39,1271.77
1542195840,48.38,48.4,48.4,48.39,2.18
1542195900,48.35,48.46,48.39,48.45,666.21
1542195960,48.43,48.47,48.43,48.47,13.09
1542196020,48.47,48.47,48.47,48.47,32.77
1542196080,48.46,48.47,48.46,48.47,70.95
1542196140,48.47,48.49,48.47,48.47,14.81
1542196200,48.47,48.47,48.47,48.47,4.28
1542196260,48.47,48.47,48.47,48.47,53.95
1542196320,48.46,48.47,48.46,48.47,30.22
1542196380,48.46,48.47,48.47,48.46,7.27
1542196440,48.46,48.46,48.46,48.46,2.08
1542196500,48.47,48.47,48.47,48.47,14.7
1542196620,48.47,48.48,48.47,48.48,51.66
1542196680,48.48,48.48,48.48,48.48,62.15
1542196740,48.48,48.49,48.48,48.49,34.33
1542196800,48.49,48.51,48.49,48.51,25.37
1542196860,48.51,48.52,48.51,48.52,3.98
1542196920,48.51,48.51,48.51,48.51,40.41
1542196980,48.52,48.57,48.52,48.56,18.46
1542197040,48.56,48.58,48.56,48.58,53.91
1542197100,48.58,48.61,48.58,48.61,61.48
1542197160,48.61,48.61,48.61,48.61,9.11
1542197220,48.59,48.61,48.61,48.59,14.41
1542197280,48.53,48.53,48.53,48.53,26.52
1542197340,48.46,48.53,48.53,48.5,315.57
1542197400,48.5,48.55,48.5,48.54,22.02
1542197460,48.54,48.58,48.54,48.58,46.3
1542197520,48.58,48.61,48.58,48.6,5.97
1542197580,48.6,48.68,48.6,48.68,21.93
1542197640,48.62,48.63,48.63,48.62,22.16
1542197700,48.61,48.63,48.63,48.62,23.99
1542197760,48.6,48.62,48.62,48.61,20.31
1542197820,48.57,48.59,48.59,48.58,10.36
1542197880,48.55,48.56,48.56,48.55,1.41
1542197940,48.56,48.56,48.56,48.56,2.74
1542198000,48.54,48.54,48.54,48.54,0.176
1542198060,48.54,48.54,48.54,48.54,27.74
1542198120,48.53,48.54,48.54,48.54,4.99
1542198180,48.54,48.54,48.54,48.54,93.89
1542198240,48.53,48.54,48.54,48.53,21.36
1542198300,48.53,48.54,48.54,48.54,9.53
1542198360,48.45,48.53,48.53,48.49,215.78
1542198420,48.44,48.45,48.44,48.45,52.99
1542198480,48.46,48.5,48.46,48.49,266.78
1542198540,48.49,48.5,48.5,48.49,4.91
1542198600,48.49,48.5,48.5,48.5,27.09
1542198660,48.5,48.5,48.5,48.5,0.61
1542198780,48.49,48.52,48.49,48.52,19.48
1542198900,48.52,48.52,48.52,48.52,3.1
1542198960,48.46,48.52,48.52,48.46,98.03
1542199020,48.49,48.49,48.49,48.49,4.15
1542199080,48.5,48.5,48.5,48.5,2.05
1542199140,48.49,48.49,48.49,48.49,6.95
1542199200,48.41,48.5,48.48,48.5,43.82
1542199260,48.45,48.47,48.47,48.45,13.5
1542199320,48.48,48.49,48.49,48.48,7.81
1542199380,48.37,48.48,48.48,48.37,128.39
1542199440,48.4,48.44,48.44,48.42,120.67
1542199500,48.41,48.43,48.42,48.42,9.58
1542199560,48.37,48.43,48.42,48.4,36.99
1542199620,48.39,48.4,48.39,48.4,12.6
1542199680,48.4,48.4,48.4,48.4,35.7
1542199740,48.36,48.4,48.4,48.37,21.99
1542199800,48.35,48.36,48.36,48.36,12.89
1542199860,48.35,48.36,48.36,48.36,14.28
1542199920,48.31,48.35,48.35,48.33,20.02
1542199980,48.31,48.32,48.31,48.32,18.97
1542200040,48.32,48.4,48.32,48.35,19.65
1542200100,48.37,48.39,48.39,48.39,15.8
1542200160,48.38,48.4,48.38,48.39,13.76
1542200220,48.4,48.4,48.4,48.4,1.48
1542200280,48.39,48.4,48.4,48.4,26.34
1542200340,48.4,48.4,48.4,48.4,63.33
1542200400,48.39,48.4,48.39,48.4,35.08
1542200460,48.4,48.44,48.4,48.43,9.07
1542200520,48.42,48.46,48.42,48.46,39.47
1542200580,48.44,48.46,48.44,48.46,77.03
1542200640,48.39,48.46,48.46,48.46,59.97
1542200700,48.43,48.45,48.45,48.45,17.51
1542200760,48.41,48.42,48.41,48.42,65.12
1542200820,48.42,48.42,48.42,48.42,0.154
1542200880,48.42,48.45,48.42,48.44,23.48
1542200940,48.36,48.43,48.43,48.37,15.51
1542201000,48.33,48.37,48.37,48.34,43.24
1542201060,48.34,48.37,48.34,48.35,13.64
1542201120,48.33,48.37,48.35,48.34,37.9
1542201180,48.29,48.35,48.35,48.31,57.61
1542201240,48.33,48.33,48.33,48.33,2.75
1542201300,48.3,48.3,48.3,48.3,4.03
1542201360,48.29,48.3,48.29,48.3,126.97
1542201420,48.29,48.3,48.29,48.3,4.82
1542201480,48.29,48.3,48.3,48.3,9.47
1542201540,48.29,48.3,48.3,48.29,2.87
1542201600,48.29,48.3,48.29,48.3,43.11
1542201660,48.29,48.3,48.3,48.3,12.6
1542201720,48.22,48.3,48.3,48.22,250.16
1542201780,48.23,48.23,48.23,48.23,0.992
1542201840,48.22,48.23,48.23,48.23,58.42
1542201900,48.22,48.23,48.23,48.23,24.34
1542201960,48.2,48.23,48.22,48.2,180.98
1542202020,48.13,48.21,48.21,48.13,117.25
1542202080,48.12,48.16,48.16,48.14,135.13
1542202140,48.11,48.13,48.13,48.12,26.76
1542202200,48.05,48.12,48.12,48.05,199.88
1542202260,48.05,48.06,48.05,48.05,42.98
1542202320,48.03,48.06,48.06,48.04,67.45
1542202380,48.03,48.04,48.04,48.04,12.0
1542202440,48.02,48.04,48.03,48.02,229.6
1542202500,48.03,48.04,48.04,48.04,8.68
1542202560,48.04,48.04,48.04,48.04,15.08
1542202620,48.04,48.07,48.04,48.06,209.02
1542202680,48.07,48.09,48.07,48.09,33.62
1542202740,48.09,48.12,48.09,48.12,13.4
1542202800,48.11,48.13,48.12,48.13,145.38
1542202860,48.12,48.17,48.12,48.17,93.09
1542202920,48.16,48.17,48.16,48.17,42.79
1542202980,48.16,48.17,48.17,48.17,44.24
1542203040,48.16,48.18,48.16,48.18,54.01
1542203100,48.18,48.19,48.18,48.19,12.58
1542203160,48.19,48.19,48.19,48.19,18.29
1542203220,48.19,48.2,48.19,48.2,48.58
1542203280,48.2,48.24,48.2,48.24,102.93
1542203340,48.23,48.24,48.23,48.24,34.77
1542203400,48.23,48.26,48.24,48.23,141.18
1542203460,48.23,48.27,48.24,48.26,430.53
1542203520,48.24,48.25,48.25,48.25,3.97
1542203580,48.24,48.25,48.25,48.24,18.87
1542203640,48.24,48.25,48.24,48.24,13.7
1542203700,48.24,48.25,48.24,48.25,2.94
1542203760,48.23,48.25,48.24,48.23,116.18
1542203820,48.16,48.23,48.23,48.17,25.1
1542203880,48.12,48.17,48.17,48.13,42.54
1542203940,48.13,48.13,48.13,48.13,2.99
1542204000,48.13,48.17,48.13,48.17,54.76
1542204060,48.15,48.17,48.15,48.15,61.9
1542204120,48.12,48.13,48.13,48.12,3.41
1542204180,48.05,48.13,48.13,48.05,201.57
1542204240,48.03,48.12,48.12,48.07,13.63
1542204300,48.06,48.07,48.07,48.06,51.24
1542204360,48.03,48.06,48.06,48.04,22.7
1542204420,48.05,48.06,48.06,48.05,16.47
1542204480,48.04,48.05,48.05,48.05,63.8
1542204540,48.05,48.11,48.05,48.11,131.19
1542204600,48.1,48.13,48.11,48.1,142.08
1542204660,48.05,48.13,48.11,48.05,241.08
1542204720,48.09,48.1,48.09,48.09,19.8
1542204780,48.1,48.1,48.1,48.1,12.58
1542204840,48.08,48.09,48.09,48.09,55.67
1542204900,48.08,48.09,48.09,48.09,48.58
1542204960,48.08,48.09,48.09,48.09,3.12
1542205020,48.08,48.09,48.08,48.08,9.77
1542205080,48.08,48.09,48.08,48.09,174.28
1542205140,48.08,48.09,48.08,48.08,52.38
1542205200,48.05,48.1,48.09,48.07,255.63
1542205260,48.08,48.08,48.08,48.08,32.6
1542205320,48.07,48.08,48.08,48.07,27.03
1542205380,48.08,48.08,48.08,48.08,2.69
1542205440,48.07,48.09,48.08,48.09,97.14
1542205500,48.08,48.1,48.08,48.1,19.84
1542205560,48.09,48.1,48.1,48.1,48.6
1542205620,48.06,48.09,48.09,48.07,136.26
1542205680,48.05,48.06,48.06,48.05,105.51
1542205740,48.03,48.06,48.06,48.04,99.32
1542205800,48.0,48.03,48.03,48.0,1730.55
1542205860,48.0,48.01,48.0,48.01,53.18
1542205920,48.0,48.01,48.01,48.01,45.65
1542205980,48.0,48.01,48.01,48.0,33.35
1542206040,47.88,48.0,48.0,47.89,2166.33
1542206100,47.8,47.9,47.88,47.87,1823.46
1542206160,47.8,47.87,47.87,47.86,159.33
1542206220,47.75,47.87,47.86,47.75,919.04
1542206280,47.75,47.78,47.76,47.76,150.48
1542206340,47.65,47.76,47.76,47.66,575.89
1542206400,47.59,47.65,47.65,47.6,797.98
1542206460,47.6,47.71,47.6,47.67,1525.05
1542206520,47.71,47.78,47.71,47.78,821.82
1542206580,47.77,47.82,47.77,47.82,363.1
1542206640,47.81,47.85,47.81,47.85,23.64
1542206700,47.84,47.88,47.85,47.87,145.5
1542206760,47.88,47.92,47.88,47.92,23.93
1542206820,47.92,47.93,47.92,47.93,13.7
1542206880,47.91,47.98,47.92,47.92,463.42
1542206940,47.91,47.95,47.93,47.94,35.26
1542207000,47.93,47.98,47.93,47.96,68.09
1542207060,47.86,47.96,47.96,47.86,119.05
1542207120,47.86,47.91,47.87,47.86,141.39
1542207180,47.75,47.89,47.89,47.75,312.61
1542207240,47.73,47.8,47.73,47.8,508.07
1542207300,47.65,47.77,47.77,47.68,21.07
1542207360,47.7,47.75,47.74,47.75,162.0
1542207420,47.51,47.75,47.75,47.65,1965.57
1542207480,47.65,47.67,47.67,47.66,27.86
1542207540,47.58,47.71,47.66,47.59,56.5
1542207600,47.58,47.66,47.66,47.63,42.67
1542207660,47.6,47.64,47.63,47.64,32.35
1542207720,47.61,47.63,47.63,47.63,9.42
1542207780,47.58,47.62,47.62,47.61,32.45
1542207840,47.58,47.62,47.6,47.61,164.53
1542207900,47.6,47.62,47.62,47.62,103.64
1542207960,47.61,47.62,47.62,47.61,23.28
1542208020,47.61,47.62,47.61,47.62,113.95
1542208080,47.61,47.62,47.61,47.62,183.11
1542208140,47.61,47.64,47.62,47.64,41.37
1542208200,47.64,47.73,47.64,47.69,728.18
1542208260,47.65,47.69,47.68,47.69,35.81
1542208320,47.65,47.69,47.69,47.66,39.45
1542208380,47.35,47.65,47.65,47.35,2123.55
1542208440,47.17,47.36,47.36,47.18,571.73
1542208500,47.01,47.2,47.18,47.06,1592.53
1542208560,47.06,47.16,47.06,47.09,109.34
1542208620,47.12,47.35,47.12,47.32,1397.41
1542208680,47.2,47.35,47.35,47.27,285.21
1542208740,47.26,47.4,47.26,47.39,674.59
1542208800,47.31,47.4,47.31,47.4,138.99
1542208860,47.4,47.52,47.4,47.52,259.49
1542208920,47.52,47.77,47.52,47.72,574.91
1542208980,47.64,47.74,47.73,47.68,151.68
1542209040,47.57,47.7,47.66,47.63,95.78
1542209100,47.49,47.64,47.64,47.5,357.18
1542209160,47.42,47.5,47.5,47.47,59.86
1542209220,47.41,47.46,47.46,47.42,214.07
1542209280,47.32,47.42,47.42,47.35,120.19
1542209340,47.33,47.42,47.38,47.33,43.17
1542209400,47.33,47.46,47.33,47.46,256.14
1542209460,47.4,47.46,47.46,47.4,77.55
1542209520,47.4,47.48,47.41,47.48,64.49
1542209580,47.48,47.6,47.48,47.6,92.5
1542209640,47.59,47.6,47.6,47.6,64.6
1542209700,47.54,47.6,47.6,47.54,52.78
1542212220,45.0,45.3,45.08,45.24,5329.71
1542212280,44.84,45.24,45.23,44.92,3768.14
1542212340,44.08,44.93,44.92,44.47,5027.31
1542212400,43.9,44.47,44.47,43.93,3483.66
1542212460,43.52,43.96,43.93,43.78,4800.81
1542212520,43.62,44.0,43.78,43.97,2185.12
1542212580,43.81,44.24,43.85,44.2,1611.47
1542212640,43.87,44.23,44.2,44.17,1646.87
1542212700,43.6,44.16,44.07,43.6,1657.7
1542212760,43.4,43.63,43.54,43.54,2404.97
1542212820,43.03,43.52,43.45,43.03,2161.24
1542212880,42.55,43.05,43.05,42.55,3210.68
1542212940,41.76,42.56,42.56,41.76,2898.94
1542213000,41.76,42.11,41.78,41.76,2456.31
1542213060,41.0,41.76,41.76,41.01,4412.62
1542213120,40.68,41.09,41.08,40.84,2376.85
1542213180,40.55,40.99,40.7,40.7,4549.52
1542213240,40.61,41.44,40.79,41.38,7208.62
1542213300,41.14,42.63,41.38,42.0,3250.97
1542213360,41.93,42.87,42.0,42.28,3322.34
1542213420,41.43,42.65,42.37,41.8,7618.07
1542213480,41.22,41.77,41.58,41.47,1213.44
1542213540,41.2,41.82,41.47,41.82,2390.75
1542213600,41.56,43.33,41.75,42.22,4892.13
1542213660,42.03,42.74,42.74,42.03,2276.26
1542213720,40.77,42.38,42.3,41.09,6257.57
1542213780,40.77,43.0,41.0,41.91,8184.67
1542213840,41.03,42.48,42.27,41.88,5626.09
1542213900,41.56,42.2,41.93,41.57,3606.16
1542213960,41.62,42.45,41.62,42.11,3197.23
1542214020,41.51,42.11,42.1,42.0,3600.6
1542214080,41.65,42.29,41.94,41.88,3601.99
1542214140,41.57,42.09,41.9,41.89,2931.42
1542214200,41.53,42.08,41.8,41.78,1487.4
1542214260,41.72,41.97,41.78,41.94,1095.86
1542214320,41.66,42.07,41.86,41.78,2637.49
1542214380,41.62,41.98,41.77,41.68,1863.63
1542214440,41.68,42.33,41.85,42.33,1753.76
1542214500,42.12,42.4,42.32,42.2,1365.48
1542214560,42.15,42.49,42.34,42.15,1894.46
1542214620,42.18,42.5,42.18,42.45,1358.46
1542214680,42.16,42.77,42.39,42.62,3272.75
1542214740,42.36,42.76,42.52,42.73,1795.92
1542214800,42.22,42.74,42.72,42.4,1883.03
1542214860,42.06,42.41,42.41,42.16,1571.6
1542214920,42.05,42.28,42.11,42.08,659.3
1542214980,42.0,42.24,42.08,42.0,2001.01
1542215040,42.0,42.13,42.05,42.0,4777.79
1542215100,41.92,42.7,42.0,42.46,2604.24
1542215160,42.04,42.5,42.22,42.09,959.78
1542215220,42.07,42.45,42.07,42.27,4081.17
1542215280,42.24,42.38,42.33,42.37,1011.96
1542215340,42.35,43.0,42.39,43.0,3848.11
1542215400,42.82,43.0,42.87,42.99,849.89
1542215460,42.71,43.33,42.94,43.14,1690.23
1542215520,42.92,43.15,43.1,43.14,613.93
1542215580,42.73,43.15,43.1,42.73,3016.77
1542215640,42.4,43.0,42.71,42.83,1294.29
1542215700,42.43,42.98,42.91,42.85,926.99
1542215760,42.57,42.89,42.87,42.89,817.4
1542215820,42.55,42.85,42.8,42.79,916.4
1542215880,42.6,42.98,42.62,42.92,460.85
1542215940,42.61,42.95,42.86,42.82,663.1
1542216000,42.66,43.05,42.95,42.96,1136.5
1542216060,42.8,43.0,42.94,42.84,440.02
1542216120,42.75,43.06,42.81,43.04,987.55
1542216180,42.99,43.23,43.04,43.23,593.55
1542216240,43.0,43.41,43.17,43.41,1070.57
1542216300,43.32,43.75,43.4,43.5,1159.03
1542216360,43.41,43.73,43.41,43.51,1087.62
1542216420,43.65,43.87,43.65,43.87,594.17
1542216480,43.5,43.99,43.87,43.8,1553.12
1542216540,43.7,44.15,43.79,43.95,1662.04
1542216600,43.9,43.98,43.95,43.95,412.24
1542216660,43.91,44.1,43.95,44.06,980.88
1542216720,44.03,44.38,44.03,44.38,527.73
1542216780,44.2,44.48,44.32,44.2,564.27
1542216840,44.2,44.34,44.2,44.32,645.93
1542216900,44.21,44.43,44.27,44.3,760.57
1542216960,43.5,44.3,44.22,44.07,3325.37
1542217020,43.93,44.32,44.04,44.13,636.57
1542217080,43.88,44.31,44.31,43.89,724.31
1542217140,43.66,43.94,43.89,43.93,774.48
1542217200,43.9,44.3,43.9,44.24,1338.73
1542217260,43.92,44.23,44.23,43.98,549.14
1542217320,43.79,44.38,43.95,44.11,1154.86
1542217380,44.0,44.38,44.1,44.28,1330.08
1542217440,44.11,44.38,44.28,44.22,266.12
1542217500,44.22,44.8,44.22,44.57,1903.33
1542217560,44.5,44.79,44.56,44.61,696.65
1542217620,44.6,44.8,44.79,44.61,761.52
1542217680,44.6,44.9,44.61,44.72,1302.55
1542217740,44.61,44.89,44.61,44.79,892.2
1542217800,44.75,44.83,44.79,44.76,641.11
1542217860,44.61,44.89,44.75,44.87,1613.35
1542217920,44.73,44.95,44.75,44.87,424.6
1542217980,44.71,45.0,44.87,44.85,396.9
1542218040,44.77,45.0,44.85,44.97,284.44
1542218100,44.4,44.97,44.96,44.49,1430.87
1542218160,44.2,44.48,44.45,44.4,637.0
1542218220,43.91,44.45,44.36,44.25,1429.43
1542218280,43.91,44.37,44.23,43.97,355.54
1542218340,43.95,44.25,43.97,44.15,153.41
1542218400,43.9,44.34,44.12,44.13,1042.18
1542218460,44.01,44.34,44.03,44.03,555.26
1542218520,44.03,44.3,44.04,44.12,195.86
1542218580,44.1,44.44,44.17,44.32,639.03
1542218640,44.16,44.37,44.32,44.16,76.69
1542218700,44.07,44.17,44.17,44.07,482.96
1542218760,43.82,44.08,44.08,43.83,383.63
1542218820,43.8,43.91,43.82,43.87,340.79
1542218880,43.72,43.84,43.83,43.73,1375.45
1542218940,43.73,43.83,43.73,43.78,649.92
1542219000,43.77,44.26,43.78,44.16,1973.41
1542219060,43.72,44.17,44.17,44.06,513.43
1542219120,43.95,44.16,44.03,44.05,479.15
1542219180,43.84,44.16,44.12,44.09,222.21
1542219240,44.03,44.13,44.1,44.1,305.88
1542219300,44.0,44.16,44.1,44.0,948.48
1542219360,43.93,44.26,44.0,44.23,594.96
1542219420,44.2,44.28,44.25,44.28,372.34
1542219480,44.2,44.38,44.28,44.36,447.35
1542219540,44.25,44.38,44.37,44.35,153.47
1542219600,44.3,44.39,44.33,44.39,122.08
1542219660,44.32,44.43,44.38,44.35,376.7
1542219720,44.35,44.5,44.35,44.48,306.67
1542219780,44.34,44.45,44.42,44.42,505.37
1542219840,44.32,44.6,44.42,44.4,2044.44
1542219900,44.37,44.59,44.42,44.37,182.87
1542219960,44.09,44.38,44.33,44.12,855.03
1542220020,44.02,44.24,44.16,44.03,191.02
1542220080,43.79,44.03,44.03,43.81,882.87
1542220140,43.78,43.97,43.81,43.97,641.48
1542220200,43.84,44.07,43.97,43.93,1420.88
1542220260,43.85,43.96,43.91,43.85,404.04
1542220320,43.8,43.89,43.86,43.8,788.41
1542220380,43.72,43.98,43.8,43.93,1482.49
1542220440,43.85,43.93,43.92,43.91,189.27
1542220500,43.91,44.08,43.91,43.96,368.31
1542220560,43.93,44.03,43.99,43.93,224.15
1542220620,43.86,43.99,43.88,43.93,295.16
1542220680,43.8,43.92,43.92,43.8,400.82
1542220740,43.19,43.78,43.77,43.46,1311.85
1542220800,43.25,43.57,43.41,43.42,1191.78
1542220860,43.32,43.43,43.32,43.37,402.61
1542220920,43.39,43.53,43.39,43.44,667.1
1542220980,43.18,43.58,43.45,43.26,1679.28
1542221040,43.2,43.43,43.2,43.27,1160.62
1542221100,43.0,43.44,43.27,43.0,1206.98
1542221160,42.9,43.01,43.01,43.01,1156.04
1542221220,42.46,43.05,43.01,42.55,796.61
1542221280,42.45,42.99,42.45,42.61,1148.87
1542221340,42.61,42.97,42.61,42.8,672.69
1542221400,42.62,43.0,42.8,42.88,1096.45
1542221460,42.72,42.92,42.87,42.73,363.46
1542221520,42.56,42.77,42.77,42.75,905.48
1542221580,42.63,42.82,42.75,42.76,739.36
1542221640,42.63,43.44,42.69,42.76,1511.75
1542221700,42.68,43.06,42.68,42.79,259.46
1542221760,42.71,42.98,42.79,42.71,1437.68
1542221820,42.65,42.82,42.71,42.66,439.46
1542221880,42.65,42.78,42.69,42.67,359.57
1542221940,42.65,42.78,42.67,42.73,885.25
1542222000,42.23,42.72,42.71,42.23,2887.83
1542222060,41.97,42.52,42.23,42.42,2294.22
1542222120,42.4,42.65,42.41,42.59,668.06
1542222180,42.41,42.59,42.59,42.59,441.89
1542222240,42.56,42.76,42.56,42.63,775.44
1542222300,42.7,43.04,42.7,42.93,822.1
1542222360,42.87,43.09,42.93,43.04,617.78
1542222420,42.78,43.06,43.03,42.97,664.83
1542222480,42.87,43.21,42.95,42.97,1191.78
1542222540,42.96,43.16,42.96,43.16,209.62
1542222600,43.03,43.3,43.07,43.11,469.42
1542222660,43.08,43.18,43.18,43.12,245.5
1542222720,43.0,43.14,43.12,43.06,312.92
1542222780,42.9,43.07,43.07,42.91,672.67
1542222840,42.75,42.9,42.9,42.79,227.33
1542222900,42.67,43.03,42.8,42.9,628.17
1542222960,42.8,42.9,42.88,42.87,359.66
1542223020,42.84,43.07,42.84,42.9,407.57
1542223080,42.86,43.0,42.88,42.94,527.94
1542223140,42.52,42.98,42.94,42.66,752.08
1542223200,42.64,42.85,42.66,42.7,540.74
1542223260,42.64,42.72,42.64,42.7,97.03
1542223320,42.51,42.72,42.69,42.52,650.56
1542223380,42.24,42.57,42.52,42.26,780.26
1542223440,42.26,42.6,42.26,42.35,948.84
1542223500,42.35,42.53,42.41,42.46,384.44
1542223560,41.79,42.46,42.39,41.79,2164.15
1542223620,41.71,42.02,41.89,41.86,987.6
1542223680,41.66,41.99,41.86,41.66,1232.33
1542223740,41.12,41.81,41.65,41.81,1426.48
1542223800,41.4,41.78,41.78,41.6,802.61
1542223860,41.16,41.69,41.58,41.21,479.75
1542223920,41.12,41.3,41.17,41.29,367.85
1542223980,40.89,41.39,41.28,41.28,1599.84
1542224040,40.42,41.26,41.07,40.65,1772.79
1542224100,40.43,41.18,40.65,40.97,1410.93
1542224160,40.8,41.05,40.97,40.8,832.91
1542224220,40.62,41.0,40.82,40.98,1432.85
1542224280,40.82,40.98,40.97,40.9,475.88
1542224340,40.85,41.1,40.9,41.08,548.72
1542224400,41.01,41.5,41.03,41.42,968.43
1542224460,41.35,41.71,41.39,41.7,818.7
1542224520,41.53,41.79,41.64,41.71,828.56
1542224580,41.46,41.8,41.7,41.72,1252.97
1542224640,41.2,42.03,41.72,41.68,2248.95
1542224700,41.57,41.77,41.69,41.76,517.71
1542224760,41.57,41.86,41.74,41.77,413.4
1542224820,41.52,41.77,41.77,41.62,314.29
1542224880,41.39,41.62,41.61,41.54,488.59
1542224940,41.49,41.73,41.57,41.65,798.96
1542225000,41.44,41.69,41.63,41.54,414.74
1542225060,41.53,41.75,41.54,41.73,156.43
1542225120,41.63,41.87,41.74,41.82,655.14
1542225180,41.74,42.0,41.8,41.81,981.84
1542225240,41.8,41.96,41.81,41.88,394.14
1542225300,41.83,42.04,41.84,42.04,462.49
1542225360,41.94,42.59,42.0,42.2,3890.23
1542225420,42.24,42.57,42.28,42.55,1548.06
1542225480,42.3,42.59,42.39,42.58,653.75
1542225540,42.32,42.6,42.52,42.48,647.75
1542225600,42.3,42.53,42.51,42.42,636.2
1542225660,42.38,42.6,42.42,42.48,258.02
1542225720,42.4,42.62,42.48,42.5,484.75
1542225780,42.35,42.65,42.5,42.4,730.06
1542225840,42.39,42.48,42.39,42.47,171.67
1542225900,42.21,42.47,42.47,42.21,268.46
1542225960,41.74,42.38,42.36,42.14,2255.23
1542226020,42.03,42.16,42.16,42.13,157.65
1542226080,42.06,42.14,42.08,42.14,279.99
1542226140,41.87,42.14,42.14,41.92,203.96
1542226200,41.8,41.97,41.96,41.89,261.14
1542226260,41.76,42.05,41.9,41.91,485.64
1542226320,41.82,42.01,41.99,41.86,186.32
1542226380,41.61,41.86,41.85,41.86,642.06
1542226440,41.62,41.94,41.74,41.91,448.7
1542226500,41.74,42.06,41.89,41.91,580.83
1542226560,41.66,41.91,41.85,41.89,488.24
1542226620,41.73,41.96,41.79,41.96,500.72
1542226680,41.84,42.25,41.96,42.2,767.59
1542226740,41.92,42.14,42.13,41.92,205.43
1542226800,41.9,42.07,41.92,42.02,360.28
1542226860,41.94,42.21,41.96,42.03,682.12
1542226920,41.9,42.11,42.02,42.0,136.02
1542226980,41.77,41.97,41.97,41.8,925.59
1542227040,41.74,41.89,41.82,41.84,157.08
1542227100,41.81,41.87,41.81,41.86,103.43
1542227160,41.5,41.83,41.8,41.54,1357.05
1542227220,41.46,41.71,41.51,41.55,341.9
1542227280,40.82,41.64,41.55,41.29,2761.63
1542227340,40.78,41.2,41.11,40.79,3243.12
1542227400,40.56,41.02,41.02,40.71,2972.58
1542227460,40.5,40.76,40.56,40.66,967.22
1542227520,40.0,40.71,40.66,40.37,3761.83
1542227580,40.06,40.53,40.52,40.39,2514.1
1542227640,40.24,40.5,40.39,40.34,600.1
1542227700,40.24,40.76,40.33,40.71,1450.54
1542227760,40.3,40.78,40.7,40.61,2327.3
1542227820,40.42,40.8,40.44,40.52,1592.9
1542227880,40.21,40.7,40.52,40.5,2851.69
1542227940,40.47,41.01,40.47,40.88,3322.93
1542228000,40.85,41.14,40.95,40.92,1283.61
1542228060,40.79,41.13,40.96,40.79,1927.02
1542228120,40.76,40.91,40.79,40.8,956.94
1542228180,40.75,40.95,40.76,40.75,2694.07
1542228240,40.76,40.94,40.77,40.82,973.09
1542228300,40.61,40.87,40.83,40.76,1924.57
1542228360,40.57,40.84,40.74,40.72,983.36
1542228420,40.55,40.77,40.7,40.71,1304.08
1542228480,40.57,40.75,40.71,40.59,216.79
1542228540,40.59,40.68,40.6,40.6,461.34
1542228600,40.64,40.85,40.64,40.67,1070.96
1542228660,40.61,40.72,40.67,40.64,616.0
1542228720,40.6,40.66,40.65,40.63,607.43
1542228780,40.62,40.71,40.63,40.64,501.05
1542228840,40.63,40.7,40.63,40.64,231.94
1542228900,40.63,40.7,40.64,40.7,193.31
1542228960,40.69,40.7,40.7,40.69,383.19
1542229020,40.6,40.7,40.68,40.7,668.22
1542229080,40.7,40.8,40.7,40.79,877.69
1542229140,40.78,40.88,40.79,40.88,1979.22
1542229200,40.87,41.13,40.87,41.01,722.68
1542229260,40.81,41.01,41.01,40.97,1108.3
1542229320,40.89,41.0,40.89,40.98,283.34
1542229380,40.98,41.03,40.99,41.0,634.88
1542229440,40.99,41.13,41.0,41.13,246.75
1542229500,41.02,41.16,41.09,41.02,596.4
1542229560,40.88,41.09,41.02,40.91,477.05
1542229620,40.86,41.05,40.91,40.93,409.94
1542229680,40.87,40.99,40.93,40.95,235.42
1542229740,40.95,41.14,40.95,41.13,383.64
1542229800,41.04,41.24,41.07,41.2,394.32
1542229860,41.12,41.4,41.23,41.24,479.1
1542229920,41.24,41.4,41.24,41.27,301.66
1542229980,41.25,41.44,41.38,41.38,433.49
1542230040,41.38,41.59,41.38,41.56,445.36
1542230100,41.41,41.6,41.56,41.57,492.45
1542230160,41.41,41.58,41.58,41.54,59.58
1542230220,41.47,41.57,41.48,41.52,138.79
1542230280,41.35,41.52,41.52,41.37,685.58
1542230340,41.3,41.56,41.42,41.52,355.57
1542230400,41.45,41.69,41.55,41.64,269.53
1542230460,41.68,41.96,41.68,41.91,895.15
1542230520,41.86,42.3,41.91,42.17,2789.94
1542230580,42.05,42.17,42.07,42.1,358.5
1542230640,41.86,42.14,42.14,41.94,922.74
1542230700,41.87,42.03,41.94,41.89,187.94
1542230760,41.8,41.98,41.96,41.93,200.41
1542230820,41.81,41.94,41.91,41.86,205.19
1542230880,41.86,42.1,41.91,41.96,576.02
1542230940,41.93,42.08,42.0,42.0,81.89
1542231000,41.89,42.06,42.0,41.99,783.91
1542231060,41.87,41.99,41.99,41.99,63.2
1542231120,41.9,41.99,41.98,41.99,220.77
1542231180,41.94,41.99,41.94,41.96,23.95
1542231240,41.8,41.99,41.96,41.86,384.14
1542231300,41.8,41.94,41.8,41.89,401.61
1542231360,41.8,41.87,41.86,41.8,421.9
1542231420,41.8,41.86,41.86,41.83,163.56
1542231480,41.81,41.95,41.81,41.91,594.54
1542231540,41.86,41.95,41.91,41.95,102.52
1542231600,41.94,41.99,41.94,41.99,997.9
1542231660,41.99,42.18,41.99,42.18,699.79
1542231720,42.1,42.3,42.18,42.3,237.01
1542231780,42.2,42.39,42.2,42.32,425.8
1542231840,42.21,42.4,42.32,42.37,1570.22
1542231900,42.26,42.36,42.36,42.36,284.8
1542231960,42.3,42.36,42.36,42.31,182.47
1542232020,42.22,42.34,42.34,42.24,488.68
1542232080,42.02,42.29,42.24,42.22,685.66
1542232140,42.04,42.23,42.18,42.14,763.57
1542232200,42.07,42.2,42.14,42.2,1373.68
1542232260,42.2,42.2,42.2,42.2,143.38
1542232320,42.17,42.46,42.2,42.46,1611.23
1542232380,42.25,42.39,42.25,42.35,165.32
1542232440,42.07,42.35,42.35,42.18,851.11
1542232500,42.13,42.19,42.19,42.17,134.23
1542232560,42.14,42.18,42.15,42.18,86.99
1542232620,42.15,42.2,42.18,42.18,31.34
1542232680,42.15,42.25,42.16,42.15,209.61
1542232740,42.13,42.19,42.15,42.18,201.78
1542232800,42.1,42.2,42.18,42.17,109.7
1542232860,42.07,42.16,42.16,42.11,154.41
1542232920,41.94,42.12,42.07,41.98,665.62
1542232980,41.98,42.0,41.99,41.99,69.37
1542233040,41.98,42.0,41.99,41.99,242.66
1542233100,41.86,41.98,41.98,41.96,252.95
