1543603080,31.66,31.69,31.69,31.66,6.25
1543603140,31.63,31.67,31.66,31.63,79.58
1543603200,31.67,31.7,31.67,31.69,132.51
1543603260,31.65,31.69,31.65,31.69,7.57
1543603320,31.68,31.69,31.68,31.69,21.07
1543603380,31.65,31.68,31.68,31.66,26.98
1543603440,31.63,31.72,31.65,31.72,51.55
1543603500,31.72,31.76,31.72,31.76,20.07
1543603560,31.75,31.78,31.78,31.75,35.0
1543603620,31.75,31.78,31.75,31.78,6.45
1543603680,31.77,31.78,31.77,31.78,10.09
1543603740,31.77,31.78,31.78,31.78,18.37
1543603800,31.78,31.78,31.78,31.78,27.24
1543603860,31.78,31.78,31.78,31.78,98.53
1543603920,31.8,31.84,31.8,31.84,23.95
1543603980,31.83,31.87,31.83,31.87,31.64
1543604040,31.81,31.86,31.86,31.83,40.69
1543604100,31.77,31.84,31.83,31.82,166.09
1543604160,31.8,31.82,31.81,31.82,8.66
1543604220,31.81,31.82,31.82,31.82,6.25
1543604280,31.81,31.82,31.81,31.82,10.87
1543604340,31.82,31.85,31.82,31.85,78.68
1543604400,31.84,31.87,31.84,31.87,185.11
1543604460,31.84,31.87,31.85,31.85,27.04
1543604520,31.84,31.89,31.84,31.88,75.05
1543604580,31.86,31.9,31.87,31.89,43.97
1543604640,31.86,31.9,31.88,31.86,133.1
1543604700,31.86,31.9,31.9,31.89,26.12
1543604760,31.85,31.9,31.9,31.85,17.26
1543604880,31.86,31.9,31.86,31.9,53.41
1543604940,31.88,31.93,31.9,31.9,45.81
1543605000,31.89,31.9,31.9,31.9,49.37
1543605060,31.9,31.9,31.9,31.9,31.71
1543605120,31.85,31.9,31.89,31.89,119.2
1543605180,31.86,31.9,31.9,31.88,1.51
1543605240,31.86,31.9,31.88,31.86,49.2
1543605300,31.86,31.9,31.9,31.88,34.01
1543605360,31.87,31.88,31.87,31.88,8.12
1543605420,31.87,31.88,31.88,31.87,29.16
1543605480,31.88,31.9,31.88,31.89,73.11
1543605540,31.88,31.9,31.89,31.9,80.78
1543605600,31.88,31.9,31.9,31.88,81.85
1543605660,31.88,31.9,31.9,31.88,32.37
1543605720,31.87,31.9,31.87,31.9,109.35
1543605780,31.88,31.9,31.9,31.89,37.75
1543605840,31.88,31.9,31.9,31.9,6.12
1543605900,31.89,31.9,31.89,31.9,45.52
1543605960,31.87,31.9,31.9,31.88,33.27
1543606020,31.87,31.88,31.88,31.87,2.63
1543606080,31.87,31.88,31.88,31.88,19.97
1543606140,31.87,31.88,31.87,31.87,4.58
1543606200,31.86,31.87,31.87,31.87,16.39
1543606260,31.86,31.87,31.87,31.86,8.9
1543606320,31.86,31.87,31.86,31.87,33.3
1543606380,31.86,31.87,31.86,31.87,18.9
1543606500,31.86,31.87,31.86,31.87,85.21
1543606560,31.87,31.88,31.87,31.88,144.21
1543606620,31.87,31.89,31.89,31.87,17.29
1543606680,31.88,31.88,31.88,31.88,0.862
1543606740,31.87,31.88,31.88,31.88,18.24
1543606800,31.87,31.87,31.87,31.87,2.6
1543606860,31.87,31.87,31.87,31.87,7.43
1543606920,31.87,31.88,31.88,31.88,5.15
1543606980,31.87,31.88,31.87,31.88,50.65
1543607040,31.87,31.88,31.87,31.88,4.0
1543607100,31.87,31.88,31.87,31.87,148.83
1543607160,31.87,31.88,31.88,31.88,105.07
1543607220,31.87,31.88,31.88,31.87,7.89
1543607280,31.88,31.89,31.88,31.88,214.58
1543607340,31.89,31.9,31.89,31.9,566.36
1543607400,31.89,31.92,31.9,31.92,80.69
1543607460,31.88,31.92,31.91,31.88,33.6
1543607520,31.82,31.88,31.88,31.82,302.51
1543607580,31.76,31.81,31.81,31.77,46.91
1543607640,31.76,31.77,31.77,31.76,49.76
1543607700,31.76,31.76,31.76,31.76,6.65
1543607760,31.76,31.77,31.76,31.77,15.71
1543607820,31.76,31.77,31.77,31.77,30.74
1543607880,31.76,31.77,31.77,31.77,8.79
1543607940,31.76,31.77,31.77,31.76,31.82
1543608000,31.76,31.77,31.76,31.77,23.77
1543608060,31.76,31.78,31.77,31.76,17.49
1543608120,31.65,31.77,31.77,31.66,204.22
1543608180,31.65,31.71,31.65,31.71,59.9
1543608240,31.67,31.71,31.71,31.67,100.94
1543608300,31.66,31.72,31.66,31.69,49.99
1543608360,31.6,31.7,31.7,31.66,262.7
1543608420,31.65,31.72,31.66,31.68,213.85
1543608480,31.71,31.72,31.72,31.72,11.31
1543608540,31.7,31.73,31.73,31.72,43.83
1543608600,31.69,31.74,31.72,31.74,181.82
1543608660,31.74,31.81,31.74,31.81,83.73
1543608720,31.8,31.82,31.81,31.8,125.01
1543608780,31.72,31.83,31.8,31.79,192.15
1543608840,31.69,31.78,31.78,31.75,137.35
1543608900,31.68,31.75,31.75,31.74,301.36
1543608960,31.72,31.73,31.73,31.72,67.14
1543609020,31.7,31.73,31.73,31.73,24.92
1543609080,31.73,31.73,31.73,31.73,10.0
1543609140,31.7,31.74,31.74,31.71,13.51
1543609200,31.7,31.71,31.71,31.7,12.2
1543609260,31.6,31.7,31.7,31.67,39.62
1543609320,31.6,31.65,31.65,31.61,6.8
1543609380,31.65,31.66,31.66,31.66,43.47
1543609440,31.66,31.66,31.66,31.66,26.61
1543609500,31.65,31.66,31.66,31.66,32.59
1543609560,31.66,31.7,31.66,31.67,11.59
1543609620,31.65,31.69,31.69,31.67,27.53
1543609680,31.68,31.69,31.68,31.69,18.89
1543609740,31.68,31.7,31.68,31.7,2.84
1543609800,31.68,31.69,31.69,31.69,10.78
1543609860,31.69,31.7,31.69,31.7,18.42
1543609920,31.69,31.81,31.7,31.8,1007.67
1543609980,31.77,31.78,31.77,31.78,30.34
1543610040,31.77,31.78,31.78,31.78,10.69
1543610100,31.77,31.78,31.78,31.78,25.65
1543610160,31.73,31.78,31.78,31.73,28.74
1543610220,31.71,31.74,31.74,31.72,33.31
1543610280,31.71,31.72,31.71,31.71,32.36
1543610340,31.71,31.72,31.71,31.71,42.26
1543610400,31.69,31.72,31.72,31.7,11.73
1543610460,31.68,31.7,31.7,31.68,32.29
1543610520,31.66,31.68,31.66,31.68,15.95
1543610580,31.68,31.7,31.68,31.69,16.05
1543610640,31.68,31.7,31.68,31.7,47.75
1543610700,31.69,31.72,31.7,31.72,44.04
1543610760,31.67,31.72,31.72,31.71,15.06
1543610820,31.71,31.71,31.71,31.71,0.581
1543610880,31.68,31.69,31.68,31.69,11.01
1543610940,31.69,31.72,31.69,31.72,61.74
1543611000,31.7,31.7,31.7,31.7,10.89
1543611060,31.7,31.72,31.7,31.72,4.16
1543611120,31.72,31.72,31.72,31.72,2.0
1543611180,31.71,31.72,31.72,31.71,38.17
1543611240,31.65,31.71,31.71,31.65,59.26
1543611300,31.61,31.66,31.66,31.63,150.46
1543611360,31.64,31.67,31.64,31.66,48.28
1543611420,31.66,31.7,31.66,31.69,106.84
1543611480,31.69,31.69,31.69,31.69,7.28
1543611540,31.68,31.69,31.69,31.69,10.09
1543611600,31.66,31.69,31.69,31.69,29.25
1543611660,31.63,31.69,31.69,31.67,16.17
1543611720,31.64,31.66,31.66,31.65,17.76
1543611780,31.64,31.73,31.65,31.67,263.6
1543611840,31.68,31.73,31.7,31.7,32.68
1543611900,31.69,31.7,31.69,31.69,16.78
1543611960,31.69,31.7,31.69,31.7,42.69
1543612020,31.65,31.69,31.68,31.69,105.28
1543612080,31.69,31.73,31.69,31.73,49.82
1543612140,31.73,31.75,31.74,31.75,10.13
1543612200,31.75,31.76,31.75,31.75,10.36
1543612260,31.72,31.74,31.72,31.74,17.57
1543612320,31.74,31.75,31.74,31.75,19.21
1543612380,31.73,31.75,31.75,31.73,31.62
1543612440,31.7,31.73,31.73,31.72,28.89
1543612500,31.69,31.69,31.69,31.69,4.0
1543612560,31.69,31.73,31.69,31.73,332.64
1543612620,31.7,31.77,31.73,31.72,24.22
1543612680,31.71,31.75,31.71,31.71,5.4
1543612740,31.71,31.73,31.71,31.72,4.58
1543612800,31.72,31.73,31.73,31.73,25.09
1543612860,31.7,31.75,31.73,31.71,11.96
1543612920,31.67,31.71,31.71,31.71,40.66
1543612980,31.67,31.71,31.71,31.71,14.85
1543613040,31.67,31.71,31.71,31.7,38.42
1543613100,31.68,31.69,31.68,31.68,33.12
1543613160,31.63,31.68,31.68,31.63,466.77
1543613220,31.6,31.64,31.64,31.61,81.6
1543613280,31.6,31.64,31.61,31.61,404.21
1543613340,31.54,31.61,31.61,31.6,151.04
1543613400,31.44,31.57,31.57,31.44,991.21
1543613460,31.35,31.47,31.46,31.35,381.76
1543613520,31.32,31.4,31.4,31.32,66.39
1543613580,31.31,31.33,31.32,31.31,202.39
1543613640,31.25,31.36,31.31,31.35,112.44
1543613700,31.36,31.43,31.36,31.42,36.58
1543613760,31.37,31.42,31.42,31.37,35.93
1543613820,31.33,31.39,31.39,31.33,26.22
1543613880,31.3,31.34,31.34,31.3,20.36
1543613940,31.31,31.48,31.31,31.48,559.27
1543614000,31.47,31.52,31.48,31.49,80.05
1543614060,31.39,31.49,31.49,31.42,35.25
1543614120,31.38,31.45,31.43,31.45,31.85
1543614180,31.31,31.45,31.45,31.33,264.28
1543614240,31.18,31.39,31.37,31.21,317.22
1543614300,31.2,31.24,31.24,31.22,47.37
1543614360,31.15,31.24,31.22,31.24,325.29
1543614420,31.22,31.24,31.22,31.24,13.0
1543614480,31.17,31.24,31.24,31.17,32.07
1543614540,31.16,31.2,31.16,31.19,32.39
1543614600,31.15,31.17,31.15,31.17,51.99
1543614660,30.77,31.14,31.14,30.91,2233.55
1543614720,30.86,31.01,30.86,31.01,318.01
1543614780,31.01,31.24,31.01,31.23,614.92
1543614840,31.11,31.23,31.23,31.2,81.11
1543614900,31.12,31.12,31.12,31.12,7.0
1543614960,31.13,31.34,31.17,31.34,353.33
1543615020,31.24,31.35,31.26,31.33,89.32
1543615080,31.23,31.32,31.28,31.32,143.45
1543615140,31.32,31.39,31.32,31.38,18.98
1543615200,31.38,31.42,31.39,31.41,12.96
1543615260,31.25,31.41,31.41,31.25,136.78
1543615320,31.25,31.32,31.32,31.25,20.84
1543615380,31.26,31.26,31.26,31.26,16.07
1543615440,31.25,31.29,31.26,31.29,55.77
1543615500,31.29,31.3,31.29,31.3,29.34
1543615560,31.3,31.3,31.3,31.3,1.92
1543615620,31.29,31.3,31.29,31.3,22.04
1543615680,31.2,31.3,31.29,31.2,95.96
1543615740,31.1,31.21,31.21,31.11,111.81
1543615800,31.02,31.11,31.11,31.02,19.58
1543615860,31.06,31.08,31.08,31.06,350.25
1543615920,31.06,31.16,31.06,31.16,255.02
1543615980,31.14,31.22,31.14,31.21,186.79
1543616040,31.21,31.25,31.21,31.25,48.47
1543616100,31.24,31.28,31.25,31.27,137.23
1543616160,31.26,31.3,31.26,31.3,1.87
1543616280,31.27,31.3,31.27,31.3,55.03
1543616340,31.29,31.3,31.29,31.3,9.13
1543616400,31.2,31.3,31.3,31.21,136.19
1543616460,31.2,31.21,31.21,31.21,28.03
1543616520,31.21,31.25,31.21,31.25,27.72
1543616580,31.2,31.24,31.23,31.24,28.45
1543616640,31.23,31.23,31.23,31.23,11.88
1543616700,31.22,31.23,31.23,31.23,24.84
1543616760,31.23,31.24,31.23,31.24,46.84
1543616820,31.23,31.24,31.24,31.24,34.1
1543616880,31.24,31.25,31.24,31.25,165.81
1543616940,31.21,31.26,31.25,31.25,214.87
1543617000,31.16,31.2,31.2,31.18,162.84
1543617060,31.17,31.17,31.17,31.17,20.89
1543617120,31.13,31.14,31.13,31.14,0.9
1543617180,31.11,31.11,31.11,31.11,1.45
1543617240,31.1,31.11,31.11,31.11,49.49
1543617300,31.09,31.1,31.1,31.09,197.04
1543617360,30.92,31.09,31.09,30.98,674.25
1543617420,30.99,31.0,30.99,31.0,203.75
1543617480,30.99,31.0,31.0,31.0,33.7
1543617540,30.99,31.0,30.99,31.0,282.22
1543617600,31.0,31.06,31.0,31.06,67.86
1543617660,31.05,31.05,31.05,31.05,4.58
1543617720,31.04,31.07,31.04,31.06,79.02
1543617780,31.05,31.06,31.06,31.05,18.97
1543617840,31.05,31.06,31.05,31.06,32.27
1543617900,31.05,31.09,31.06,31.09,53.07
1543617960,31.05,31.09,31.08,31.05,63.39
1543618020,31.04,31.1,31.07,31.08,77.66
1543618080,31.04,31.09,31.08,31.04,115.97
1543618140,31.04,31.08,31.08,31.07,33.73
1543618200,31.06,31.1,31.07,31.1,217.5
1543618260,31.06,31.1,31.1,31.06,1091.03
1543618320,31.1,31.14,31.1,31.13,86.8
1543618380,31.14,31.19,31.14,31.19,59.41
1543618440,31.19,31.29,31.19,31.29,143.96
1543618500,31.29,31.33,31.29,31.29,103.01
1543618560,31.31,31.38,31.31,31.37,55.76
1543618620,31.38,31.45,31.38,31.43,145.3
1543618680,31.43,31.45,31.43,31.43,25.05
1543618740,31.4,31.43,31.43,31.41,252.95
1543618800,31.42,31.48,31.42,31.47,217.15
1543618860,31.47,31.48,31.48,31.48,13.27
1543618920,31.48,31.48,31.48,31.48,12.47
1543618980,31.45,31.48,31.46,31.48,3.53
1543619040,31.44,31.46,31.46,31.45,34.63
1543619100,31.45,31.48,31.45,31.46,162.47
1543619160,31.48,31.5,31.5,31.5,9.38
1543619220,31.4,31.52,31.49,31.48,482.92
1543619280,31.41,31.49,31.49,31.43,95.81
1543619340,31.42,31.44,31.44,31.42,8.74
1543619400,31.42,31.44,31.44,31.43,23.59
1543619460,31.43,31.5,31.43,31.5,10.86
1543619520,31.49,31.5,31.5,31.49,31.2
1543619580,31.44,31.49,31.48,31.45,72.82
1543619640,31.47,31.48,31.47,31.48,45.42
1543619700,31.48,31.48,31.48,31.48,9.92
1543619760,31.48,31.48,31.48,31.48,32.62
1543619820,31.41,31.48,31.48,31.41,105.86
1543619880,31.43,31.45,31.43,31.43,12.01
1543619940,31.42,31.5,31.42,31.5,159.6
1543620000,31.46,31.57,31.46,31.55,597.3
1543620060,31.53,31.56,31.53,31.56,1.98
1543620120,31.55,31.69,31.56,31.63,594.2
1543620180,31.63,31.63,31.63,31.63,42.85
1543620240,31.62,31.63,31.63,31.63,2.65
1543620300,31.63,31.65,31.63,31.65,12.72
1543620360,31.63,31.64,31.63,31.63,20.32
1543620420,31.63,31.67,31.63,31.67,90.03
1543620480,31.67,31.67,31.67,31.67,45.7
1543620540,31.63,31.67,31.67,31.63,16.0
1543620600,31.64,31.66,31.64,31.66,28.99
1543620660,31.65,31.66,31.66,31.65,95.81
1543620720,31.65,31.69,31.66,31.69,758.73
1543620780,31.65,31.7,31.7,31.65,32.38
1543620840,31.63,31.65,31.65,31.63,17.56
1543620900,31.64,31.64,31.64,31.64,1.79
1543620960,31.64,31.64,31.64,31.64,10.38
1543621020,31.63,31.64,31.64,31.64,82.41
1543621080,31.64,31.64,31.64,31.64,85.85
1543621140,31.65,31.65,31.65,31.65,109.39
1543621200,31.62,31.63,31.63,31.63,44.61
1543621260,31.57,31.63,31.63,31.58,597.5
1543621320,31.58,31.64,31.58,31.64,10.99
1543621380,31.59,31.62,31.62,31.6,109.82
1543621440,31.58,31.61,31.58,31.61,8.38
1543621500,31.58,31.61,31.61,31.6,36.3
1543621560,31.58,31.6,31.59,31.6,7.22
1543621620,31.58,31.59,31.58,31.59,48.46
1543621680,31.58,31.59,31.59,31.59,32.92
1543621740,31.58,31.6,31.58,31.6,35.81
