1556344620,71.19,71.2,71.19,71.2,1.42
1556344680,71.2,71.36,71.2,71.36,1034.03
1556344740,71.29,71.38,71.37,71.29,225.7
1556344800,71.37,71.37,71.37,71.37,0.328
1556344860,71.33,71.38,71.33,71.37,14.32
1556344920,71.37,71.37,71.37,71.37,1.03
1556344980,71.31,71.31,71.31,71.31,0.607
1556345040,71.32,71.32,71.32,71.32,13.13
1556345100,71.17,71.17,71.17,71.17,2.28
1556345160,71.17,71.19,71.17,71.17,22.57
1556345220,71.18,71.2,71.18,71.2,0.99
1556345280,71.25,71.35,71.35,71.27,23.69
1556345340,71.27,71.27,71.27,71.27,5.98
1556345400,71.22,71.22,71.22,71.22,0.287
1556345460,71.21,71.22,71.22,71.22,1.79
1556345580,71.19,71.21,71.19,71.21,8.21
1556345640,71.22,71.22,71.22,71.22,5.78
1556345700,71.25,71.25,71.25,71.25,6.0
1556345760,71.23,71.24,71.24,71.23,9.04
1556345820,71.22,71.24,71.22,71.24,2.59
1556345880,71.24,71.24,71.24,71.24,1.42
1556346120,70.98,71.27,71.27,70.98,697.35
1556346300,71.25,71.29,71.25,71.29,1.0
1556346360,71.24,71.24,71.24,71.24,0.319
1556346420,71.19,71.21,71.19,71.21,7.3
1556346480,71.21,71.21,71.21,71.21,6.95
1556346540,71.2,71.29,71.25,71.29,62.58
1556346600,71.29,71.29,71.29,71.29,0.873
1556346660,71.3,71.36,71.32,71.36,126.06
1556346720,71.38,71.38,71.38,71.38,0.492
1556346780,71.33,71.37,71.37,71.33,194.58
1556346900,71.24,71.24,71.24,71.24,2.68
1556346960,71.23,71.24,71.24,71.23,3.25
1556347080,71.24,71.24,71.24,71.24,0.126
1556347140,71.24,71.24,71.24,71.24,5.41
1556347200,71.25,71.25,71.25,71.25,4.49
1556347260,71.26,71.27,71.27,71.27,22.29
1556347320,71.25,71.29,71.25,71.29,10.14
1556347380,71.24,71.32,71.28,71.32,5.21
1556347440,71.32,71.33,71.32,71.33,3.22
1556347500,71.32,71.32,71.32,71.32,2.47
1556425080,70.38,70.39,70.39,70.38,5.77
1556425140,70.35,70.36,70.36,70.35,0.393
1556425200,70.31,70.31,70.31,70.31,5.56
1556425260,70.34,70.35,70.34,70.35,2.64
1556425320,70.32,70.32,70.32,70.32,0.643
1556425380,70.35,70.36,70.35,70.36,7.17
1556425440,70.36,70.36,70.36,70.36,0.398
1556425500,70.35,70.37,70.37,70.35,0.388
1556425560,70.35,70.35,70.35,70.35,1.0
1556425680,70.36,70.4,70.36,70.37,14.15
1556425800,70.37,70.38,70.38,70.37,7.77
1556425860,70.39,70.41,70.41,70.39,5.11
1556425920,70.38,70.38,70.38,70.38,1.11
1556425980,70.39,70.41,70.39,70.39,27.49
1556426040,70.39,70.44,70.41,70.4,75.48
1556426160,70.35,70.41,70.38,70.38,8.72
1556426220,70.39,70.42,70.39,70.42,0.728
1556426340,70.41,70.41,70.41,70.41,34.29
1556426400,70.42,70.42,70.42,70.42,0.661
1556426460,70.38,70.4,70.39,70.4,7.83
1556426520,70.33,70.39,70.38,70.39,3.9
1556426580,70.32,70.38,70.34,70.32,205.91
1556426640,70.37,70.37,70.37,70.37,0.127
1556426700,70.35,70.39,70.35,70.39,4.22
1556426820,70.4,70.4,70.4,70.4,0.806
1556426880,70.41,70.41,70.41,70.41,1.25
1556427000,70.32,70.39,70.39,70.32,7.1
1556427060,70.32,70.36,70.36,70.32,5.28
1556427120,70.4,70.4,70.4,70.4,0.678
1556427180,70.4,70.4,70.4,70.4,0.396
1556427240,70.39,70.41,70.39,70.41,8.64
1556427300,70.43,70.45,70.44,70.43,11.8
1556427360,70.38,70.38,70.38,70.38,0.71
1556427420,70.35,70.35,70.35,70.35,5.44
1556427480,70.32,70.35,70.35,70.33,19.37
1556427540,70.32,70.32,70.32,70.32,16.79
1556427600,70.33,70.33,70.33,70.33,0.749
1556427660,70.22,70.33,70.32,70.23,527.25
1556427720,70.18,70.21,70.21,70.19,3.59
1556427780,70.15,70.2,70.2,70.15,2.38
1556427840,70.19,70.19,70.19,70.19,0.912
1556427900,70.14,70.15,70.15,70.14,38.71
1556427960,70.14,70.15,70.15,70.14,49.74
1556428020,70.15,70.15,70.15,70.15,0.681
1556428080,70.02,70.14,70.14,70.02,179.98
1556428140,70.02,70.04,70.04,70.02,24.41
1556428260,70.01,70.02,70.02,70.02,12.07
1556428320,70.01,70.01,70.01,70.01,14.01
1556428380,69.92,70.01,70.01,69.98,102.25
1556428440,69.95,69.98,69.98,69.95,3.68
1556428500,69.88,69.97,69.97,69.88,12.04
1556428560,69.87,69.88,69.88,69.87,47.32
1556428680,69.8,69.87,69.87,69.86,146.75
1556428740,69.87,69.87,69.87,69.87,2.52
1556428800,69.84,69.85,69.84,69.84,6.22
1556428860,69.58,69.84,69.84,69.8,475.16
1556428920,69.62,69.8,69.8,69.73,550.56
1556428980,69.81,69.83,69.82,69.82,1.61
1556429100,69.81,69.82,69.82,69.81,7.52
1556429160,69.81,69.82,69.81,69.82,24.6
1556429220,69.82,69.82,69.82,69.82,68.46
1556429280,69.82,69.97,69.82,69.97,22.26
1556429340,69.94,69.97,69.94,69.97,1.95
1556429400,69.87,69.97,69.95,69.88,53.06
1556429460,69.83,69.83,69.83,69.83,0.933
1556429520,69.83,69.87,69.83,69.87,3.49
1556429580,69.84,69.84,69.84,69.84,2.18
1556429640,69.84,69.84,69.84,69.84,1.83
1556429700,69.82,69.82,69.82,69.82,2.01
1556429760,69.82,69.82,69.82,69.82,5.2
1556429820,69.81,69.82,69.82,69.82,9.94
1556429880,69.81,69.82,69.81,69.82,7.57
1556429940,69.82,69.82,69.82,69.82,9.52
1556430000,69.82,69.82,69.82,69.82,2.32
1556430120,69.81,69.82,69.82,69.81,6.43
1556430300,69.83,69.83,69.83,69.83,2.69
1556430360,69.81,69.81,69.81,69.81,21.2
1556430420,69.82,69.82,69.82,69.82,0.855
1556430480,69.82,69.84,69.82,69.83,29.04
1556430540,69.88,69.88,69.88,69.88,1.38
1556430600,69.88,69.89,69.88,69.89,3.17
1556430720,69.88,69.92,69.88,69.92,5.94
1556430780,69.87,69.92,69.92,69.87,7.17
1556430840,69.89,69.89,69.89,69.89,2.81
1556430900,69.9,69.9,69.9,69.9,3.17
1556430960,69.92,69.92,69.92,69.92,1.0
1556431020,69.91,69.92,69.92,69.92,36.46
1556431080,69.94,69.99,69.94,69.99,8.13
1556431140,70.01,70.08,70.01,70.08,76.29
1556431200,70.03,70.03,70.03,70.03,2.02
1556431260,70.03,70.04,70.03,70.04,1.06
1556431320,69.99,70.05,70.05,69.99,45.18
1556431380,70.01,70.02,70.01,70.02,3.26
1556431440,70.02,70.02,70.02,70.02,1.91
1556431500,70.01,70.01,70.01,70.01,1.43
1556431560,69.94,70.02,70.01,70.0,139.94
1556431620,69.94,69.97,69.97,69.94,78.26
1556431680,69.97,69.98,69.97,69.98,0.906
1556431740,69.98,69.98,69.98,69.98,2.77
1556431800,69.99,69.99,69.99,69.99,0.14
1556431860,69.98,69.98,69.98,69.98,0.763
1556431920,69.03,69.97,69.97,69.76,8266.41
1556431980,68.35,69.67,69.67,69.57,7191.89
1556432040,69.49,69.54,69.54,69.49,439.55
1556432100,69.39,69.51,69.47,69.39,276.77
1556432160,69.39,69.5,69.39,69.5,299.08
1556432220,69.47,69.58,69.49,69.58,299.88
1556432280,69.56,69.57,69.56,69.57,4.53
1556432340,69.47,69.56,69.56,69.5,84.54
1556432460,69.51,69.52,69.51,69.52,1.97
1556432520,69.5,69.51,69.51,69.51,92.11
1556432580,69.5,69.5,69.5,69.5,0.155
1556432640,69.48,69.51,69.51,69.48,27.69
1556432700,69.46,69.49,69.47,69.46,69.67
1556432760,69.48,69.59,69.48,69.58,558.52
1556432820,69.57,69.59,69.57,69.58,21.25
1556432880,69.58,69.58,69.58,69.58,59.51
1556432940,69.56,69.58,69.56,69.58,22.07
1556433000,69.59,69.6,69.59,69.6,9.26
1556433060,69.6,69.63,69.6,69.63,61.23
1556433120,69.63,69.63,69.63,69.63,9.93
1556433180,69.57,69.62,69.62,69.57,192.8
1556433240,69.51,69.55,69.55,69.53,16.3
1556433360,69.5,69.57,69.5,69.57,202.36
1556433420,69.55,69.55,69.55,69.55,6.16
1556433540,69.57,69.58,69.57,69.58,81.63
1556433600,69.64,69.68,69.64,69.68,12.77
1556433660,69.69,69.7,69.7,69.7,41.29
1556433720,69.7,69.7,69.7,69.7,39.48
1556433780,69.75,69.79,69.75,69.79,42.33
1556433840,69.79,69.79,69.79,69.79,3.37
1556433900,69.75,69.81,69.81,69.75,69.95
1556433960,69.66,69.73,69.73,69.72,28.95
1556434020,69.68,69.71,69.71,69.68,7.92
1556434080,69.68,69.68,69.68,69.68,2.03
1556434200,69.65,69.68,69.67,69.68,10.0
1556434260,69.59,69.68,69.68,69.59,47.34
1556434320,69.54,69.58,69.58,69.54,14.61
1556434440,69.45,69.54,69.54,69.51,102.41
1556434500,69.51,69.57,69.51,69.57,9.82
1556434560,69.57,69.57,69.57,69.57,0.705
1556434620,69.57,69.63,69.57,69.63,67.22
1556434680,69.58,69.62,69.62,69.58,16.24
1556434740,69.51,69.57,69.57,69.51,63.47
1556434800,69.55,69.55,69.55,69.55,5.35
1556434860,69.55,69.55,69.55,69.55,0.512
1556434920,69.51,69.55,69.55,69.51,13.06
1556434980,69.49,69.55,69.54,69.53,35.41
1556435040,69.52,69.53,69.52,69.53,1.28
1556435100,69.53,69.54,69.53,69.54,64.42
1556435160,69.54,69.54,69.54,69.54,0.372
1556435220,69.55,69.55,69.55,69.55,6.99
1556435280,69.54,69.55,69.55,69.54,34.1
1556435340,69.54,69.54,69.54,69.54,8.0
1556435400,69.54,69.55,69.54,69.55,1.98
1556435460,69.54,69.62,69.54,69.62,41.51
1556435520,69.62,69.62,69.62,69.62,1.63
1556435640,69.58,69.65,69.64,69.65,134.88
1556435700,69.64,69.65,69.64,69.65,28.23
1556435760,69.65,69.8,69.65,69.8,374.3
1556435880,69.67,69.8,69.8,69.67,373.07
1556435940,69.65,69.66,69.66,69.65,2.26
1556436000,69.66,69.67,69.66,69.67,1.45
1556436060,69.65,69.7,69.7,69.68,112.05
1556436120,69.76,69.8,69.76,69.79,118.81
1556436180,69.72,69.78,69.72,69.78,15.36
1556436240,69.7,69.78,69.78,69.73,8.58
1556436360,69.69,69.74,69.72,69.73,27.13
1556436420,69.74,69.74,69.74,69.74,133.47
1556436540,69.77,69.77,69.77,69.77,22.5
1556436600,69.76,69.77,69.77,69.76,12.08
1556436660,69.76,69.77,69.76,69.77,43.0
1556436720,69.77,69.77,69.77,69.77,1.04
1556436780,69.77,69.77,69.77,69.77,0.827
1556436840,69.79,69.79,69.79,69.79,21.22
1556436900,69.79,69.8,69.79,69.8,50.13
1556436960,69.79,69.8,69.79,69.8,6.09
1556437020,69.8,69.86,69.8,69.83,157.57
1556437080,69.84,69.84,69.84,69.84,0.15
1556437200,69.88,69.88,69.88,69.88,1.09
1556437260,69.89,69.89,69.89,69.89,9.81
1556437320,69.93,69.96,69.93,69.96,17.09
1556437440,69.96,69.96,69.96,69.96,5.06
1556437500,69.97,69.97,69.97,69.97,6.72
1556437560,69.96,69.97,69.96,69.97,36.78
1556437620,70.0,70.0,70.0,70.0,2.12
1556437680,70.0,70.0,70.0,70.0,1.28
1556437740,70.0,70.02,70.0,70.02,50.43
1556437800,70.02,70.05,70.02,70.05,35.56
1556437860,70.05,70.07,70.05,70.07,26.39
1556437920,70.07,70.08,70.07,70.08,8.54
1556437980,70.09,70.09,70.09,70.09,31.76
1556438160,70.09,70.15,70.09,70.15,63.93
1556438220,70.12,70.15,70.12,70.15,12.82
1556438280,70.14,70.14,70.14,70.14,2.38
1556438340,70.15,70.15,70.15,70.15,0.295
1556438400,70.15,70.15,70.15,70.15,10.93
1556438460,70.15,70.15,70.15,70.15,73.73
1556438520,70.17,70.2,70.17,70.19,357.79
1556438580,70.17,70.19,70.19,70.17,81.31
1556438820,70.14,70.15,70.14,70.15,24.07
1556438940,70.15,70.15,70.15,70.15,1.0
1556439000,70.15,70.15,70.15,70.15,1.38
1556439180,70.09,70.14,70.14,70.09,9.85
1556439240,70.04,70.09,70.09,70.04,50.29
1556439300,70.02,70.04,70.02,70.04,10.0
1556439360,70.05,70.05,70.05,70.05,0.61
1556439420,69.99,70.0,70.0,69.99,0.644
1556439540,70.0,70.0,70.0,70.0,2.84
1556439720,69.98,69.98,69.98,69.98,9.25
1556439780,69.99,69.99,69.99,69.99,0.263
1556439840,69.98,69.98,69.98,69.98,2.38
1556439900,69.99,69.99,69.99,69.99,1.02
1556439960,69.98,69.98,69.98,69.98,7.0
1556440020,69.98,69.99,69.99,69.98,11.8
1556440080,69.96,69.98,69.98,69.96,10.62
1556440140,69.96,69.96,69.96,69.96,1.52
1556440320,69.95,69.95,69.95,69.95,1.05
1556440380,69.96,69.98,69.96,69.98,10.53
1556440440,69.97,69.97,69.97,69.97,2.0
1556440560,69.98,69.98,69.98,69.98,0.447
1556440620,69.97,70.0,69.99,70.0,350.34
1556440680,70.0,70.0,70.0,70.0,2.2
1556440860,70.0,70.0,70.0,70.0,5.18
1556440920,70.05,70.05,70.05,70.05,0.2
1556441100,70.1,70.11,70.11,70.1,7.23
1556441160,70.08,70.08,70.08,70.08,8.08
1556441220,70.03,70.1,70.1,70.03,210.7
1556441280,70.02,70.1,70.05,70.1,162.06
1556441340,70.09,70.1,70.09,70.1,0.675
1556441400,70.08,70.08,70.08,70.08,5.64
1556441520,70.06,70.06,70.06,70.06,20.5
1556441640,70.05,70.06,70.05,70.06,2.87
1556441700,70.06,70.06,70.06,70.06,21.16
1556441760,70.05,70.07,70.05,70.07,13.86
1556441880,70.12,70.12,70.12,70.12,0.77
1556441940,70.12,70.12,70.12,70.12,1.38
1556442240,70.05,70.06,70.05,70.06,32.33
1556442300,70.07,70.07,70.07,70.07,0.336
1556442360,70.08,70.08,70.08,70.08,3.07
1556442540,70.12,70.12,70.12,70.12,5.77
1556442660,70.11,70.11,70.11,70.11,22.6
1556442720,70.12,70.12,70.12,70.12,131.86
1556442840,70.11,70.11,70.11,70.11,7.21
1556443020,70.11,70.11,70.11,70.11,0.587
1556443080,70.12,70.12,70.12,70.12,1.38
1556443260,70.1,70.1,70.1,70.1,0.128
1556443320,70.09,70.1,70.1,70.09,3.71
1556443380,70.09,70.09,70.09,70.09,19.94
1556443560,69.97,70.07,70.07,69.97,60.94
1556443620,69.97,69.97,69.97,69.97,1.43
1556443680,69.99,69.99,69.99,69.99,4.78
1556443980,69.97,69.98,69.98,69.97,2.73
1556444100,69.98,69.98,69.98,69.98,0.263
1556444160,69.98,70.13,69.98,70.13,370.56
1556444220,70.01,70.01,70.01,70.01,0.43
1556444280,70.0,70.0,70.0,70.0,1.09
1556444340,69.93,69.98,69.97,69.98,10.39
1556444400,70.0,70.01,70.0,70.01,8.39
1556444580,69.99,70.0,69.99,70.0,4.96
1556444640,69.94,69.97,69.95,69.97,1.35
1556444700,69.95,69.98,69.97,69.97,60.04
1556444760,69.95,69.97,69.97,69.96,140.49
1556444820,69.88,69.95,69.95,69.88,132.35
1556444880,69.81,69.94,69.94,69.81,76.17
1556444940,69.89,69.99,69.89,69.94,73.43
1556445000,69.93,69.96,69.95,69.93,1.92
1556445120,69.92,69.94,69.93,69.94,10.15
1556445180,69.94,69.94,69.94,69.94,3.34
1556445360,69.74,69.93,69.93,69.79,433.82
1556445420,69.79,69.79,69.79,69.79,22.0
1556445480,69.86,69.86,69.86,69.86,1.43
1556445540,69.81,69.81,69.81,69.81,0.719
1556445660,69.75,69.79,69.79,69.78,5.66
1556445720,69.79,69.85,69.79,69.85,29.81
1556445840,69.84,69.89,69.88,69.89,59.0
1556445900,69.86,69.92,69.87,69.9,47.89
1556518740,68.14,68.15,68.15,68.14,3.37
1556518800,68.15,68.21,68.15,68.21,29.9
1556518860,68.2,68.22,68.2,68.22,2.18
1556518920,68.22,68.22,68.22,68.22,1.34
1556518980,68.15,68.21,68.21,68.15,19.91
1556519040,68.19,68.19,68.19,68.19,1.69
1556519100,68.14,68.17,68.14,68.17,3.63
1556519160,68.17,68.18,68.17,68.18,0.836
1556519340,68.14,68.15,68.15,68.14,2.81
1556519460,68.15,68.15,68.15,68.15,33.74
1556519580,68.15,68.15,68.15,68.15,0.832
1556519640,68.04,68.14,68.14,68.08,363.41
1556519700,68.01,68.09,68.08,68.01,244.53
1556519760,68.06,68.06,68.06,68.06,30.0
1556519820,68.07,68.07,68.07,68.07,0.978
1556519880,68.06,68.06,68.06,68.06,1.0
1556520000,68.07,68.07,68.07,68.07,1.72
1556520060,68.05,68.07,68.05,68.07,6.41
1556520180,67.89,68.04,68.04,67.98,337.26
1556520240,67.99,67.99,67.99,67.99,2.28
1556520300,67.99,67.99,67.99,67.99,0.5
1556520360,67.98,67.99,67.99,67.98,14.17
1556520420,67.99,67.99,67.99,67.99,1.39
1556520480,67.99,67.99,67.99,67.99,8.85
1556520540,67.93,67.99,67.99,67.93,105.92
1556520600,67.99,67.99,67.99,67.99,0.132
1556520660,67.99,67.99,67.99,67.99,8.45
1556520780,67.98,67.99,67.99,67.98,1.98
1556520840,67.97,67.97,67.97,67.97,1.48
1556520900,67.99,67.99,67.99,67.99,30.55
1556520960,67.98,67.98,67.98,67.98,0.112
1556521020,67.99,67.99,67.99,67.99,0.179
1556521080,67.99,67.99,67.99,67.99,4.4
1556521200,67.98,67.99,67.99,67.98,4.23
1556521260,67.99,67.99,67.99,67.99,5.14
1556521320,67.99,67.99,67.99,67.99,3.71
1556521440,67.99,67.99,67.99,67.99,0.132
1556521500,67.99,67.99,67.99,67.99,5.37
1556521560,67.99,67.99,67.99,67.99,146.79
1556521620,67.99,67.99,67.99,67.99,5.63
1556521740,67.98,67.98,67.98,67.98,0.458
1556521860,67.98,67.98,67.98,67.98,0.24
1556521920,67.99,67.99,67.99,67.99,1.98
1556522040,68.06,68.08,68.06,68.08,5.44
1556522100,67.94,68.09,68.09,67.94,108.39
1556522220,68.06,68.08,68.07,68.06,60.08
1556522340,68.06,68.08,68.08,68.06,1.7
1556522400,68.06,68.07,68.07,68.06,1.73
1556522460,68.06,68.08,68.08,68.06,12.98
1556522640,68.09,68.11,68.11,68.1,1.27
1556522700,68.1,68.16,68.1,68.16,72.91
1556522760,68.1,68.13,68.11,68.1,10.64
1556522820,68.11,68.14,68.14,68.11,17.51
1556522880,68.09,68.11,68.11,68.09,76.05
1556522940,68.13,68.13,68.13,68.13,0.1
1556523000,68.13,68.13,68.13,68.13,0.197
1556523060,68.13,68.13,68.13,68.13,1.01
1556523120,68.13,68.15,68.13,68.15,3.1
1556523180,68.15,68.16,68.15,68.16,11.08
1556523240,68.15,68.16,68.15,68.16,11.65
1556523300,68.14,68.14,68.14,68.14,6.24
1556523360,68.13,68.14,68.14,68.14,1.37
1556523480,68.01,68.14,68.14,68.08,274.2
1556523540,67.99,68.08,68.06,68.05,176.96
1556523660,68.03,68.03,68.03,68.03,1.74
1556523720,68.04,68.07,68.04,68.07,6.66
1556523780,68.06,68.06,68.06,68.06,1.42
1556523840,68.0,68.05,68.0,68.03,31.3
1556523900,68.01,68.01,68.01,68.01,0.521
1556524020,67.99,68.03,68.03,67.99,4.21
1556524140,67.96,68.0,68.0,68.0,5.21
1556524200,67.97,67.97,67.97,67.97,0.314
1556524260,67.95,67.96,67.95,67.96,2.69
1556524320,67.97,67.97,67.97,67.97,1.0
1556524380,67.95,67.96,67.96,67.96,6.21
1556524500,67.93,67.94,67.94,67.93,1.01
1556524560,67.93,67.93,67.93,67.93,5.5
1556524620,67.95,67.99,67.95,67.99,51.19
1556524680,67.99,67.99,67.99,67.99,9.53
1556524740,67.98,67.98,67.98,67.98,0.36
1556524800,67.98,67.99,67.99,67.98,0.469
1556524920,67.99,67.99,67.99,67.99,2.86
1556524980,67.98,67.99,67.99,67.99,0.693
1556525100,67.95,67.99,67.95,67.99,7.21
1556525160,67.94,67.94,67.94,67.94,0.197
1556525220,67.95,67.95,67.95,67.95,7.04
1556525280,67.95,67.95,67.95,67.95,0.344
1556525460,67.95,67.95,67.95,67.95,11.56
1556525520,67.95,67.95,67.95,67.95,3.59
1556525580,67.94,67.94,67.94,67.94,20.65
1556525640,67.94,67.95,67.95,67.94,0.716
1556525700,67.9,67.94,67.94,67.91,37.12
1556525760,67.9,67.91,67.9,67.91,3.66
1556525880,67.8,67.9,67.9,67.84,386.48
1556525940,67.84,67.84,67.84,67.84,11.14
1556526000,67.83,67.84,67.84,67.83,11.03
1556526060,67.83,67.83,67.83,67.83,0.399
1556526180,67.84,67.84,67.84,67.84,1.42
1556526240,67.83,67.84,67.83,67.84,5.15
1556526300,67.84,67.84,67.84,67.84,0.496
1556526360,67.84,67.9,67.84,67.9,8.97
1556526420,67.91,67.92,67.91,67.92,6.07
1556526540,67.95,67.95,67.95,67.95,1.18
1556526600,67.93,67.93,67.93,67.93,0.999
1556526660,67.92,67.93,67.92,67.93,1.55
1556526720,67.94,67.94,67.94,67.94,0.38
1556526840,67.93,67.93,67.93,67.93,1.13
1556526960,67.9,67.9,67.9,67.9,4.5
1556527020,67.92,67.92,67.92,67.92,0.132
1556527080,67.9,67.9,67.9,67.9,3.55
1556527140,67.9,67.91,67.91,67.91,1.99
1556527200,67.9,67.91,67.91,67.91,2.05
1556527440,67.9,67.9,67.9,67.9,2.13
1556527560,67.89,67.89,67.89,67.89,1.93
1556527620,67.9,67.9,67.9,67.9,0.982
1556527860,67.87,67.9,67.9,67.87,22.84
1556527980,67.85,67.85,67.85,67.85,2.0
1556528040,67.85,67.85,67.85,67.85,5.19
1556528100,67.85,67.88,67.88,67.88,15.39
1556528160,67.85,67.85,67.85,67.85,2.29
1556528340,67.85,67.85,67.85,67.85,1.78
1556528400,67.85,67.85,67.85,67.85,0.95
1556528520,67.86,67.89,67.89,67.86,0.956
1556528640,67.86,67.86,67.86,67.86,0.345
1556528760,67.85,67.85,67.85,67.85,0.711
1556528820,67.86,67.88,67.86,67.88,0.961
1556528880,67.87,67.88,67.88,67.87,2.65
1556528940,67.87,67.87,67.87,67.87,1.31
1556529000,67.88,67.89,67.88,67.89,3.61
1556529060,67.88,67.88,67.88,67.88,1.16
1556529120,67.86,67.86,67.86,67.86,1.04
1556529180,67.86,67.88,67.86,67.88,12.48
1556529360,67.87,67.92,67.88,67.87,2.53
1556529420,67.87,67.87,67.87,67.87,1.52
1556529600,67.9,67.91,67.91,67.91,0.685
1556529660,67.91,67.91,67.91,67.91,0.889
1556529720,67.87,67.88,67.88,67.87,3.69
1556529780,67.88,67.88,67.88,67.88,1.89
1556529840,67.88,67.88,67.88,67.88,2.89
1556529900,67.75,67.92,67.87,67.8,239.17
1556529960,67.76,67.81,67.76,67.81,5.8
1556530020,67.8,67.8,67.8,67.8,0.704
1556530080,67.78,67.78,67.78,67.78,0.142
1556530140,67.79,67.79,67.79,67.79,0.116
1556530200,67.7,67.73,67.73,67.7,1.98
1556530260,67.7,67.7,67.7,67.7,10.0
1556530320,67.7,67.76,67.7,67.74,1.11
1556530380,67.66,67.69,67.69,67.66,1.15
1556530440,67.7,67.7,67.7,67.7,0.1
1556530620,67.61,67.7,67.7,67.61,256.84
1556530680,67.61,67.62,67.62,67.61,8.16
1556530740,67.6,67.62,67.62,67.6,52.92
1556530800,67.53,67.55,67.55,67.54,38.14
1556530860,67.61,67.61,67.61,67.61,0.706
1556530920,67.51,67.51,67.51,67.51,5.0
1556530980,67.5,67.55,67.55,67.5,12.34
1556531100,67.31,67.51,67.51,67.45,326.18
1556531160,67.46,67.46,67.46,67.46,0.191
1556531220,67.54,67.54,67.54,67.54,2.25
1556531280,67.53,67.54,67.53,67.53,2.5
1556531340,67.52,67.53,67.53,67.53,42.2
1556531400,67.54,67.59,67.54,67.57,12.76
1556531460,67.57,67.57,67.57,67.57,2.0
1556531580,67.58,67.59,67.58,67.59,27.89
1556531640,67.57,67.58,67.57,67.58,2.2
1556531700,67.59,67.59,67.59,67.59,0.346
1556531760,67.57,67.57,67.57,67.57,2.45
1556531820,67.58,67.62,67.59,67.62,27.64
1556531940,67.6,67.63,67.6,67.63,43.35
1556532000,67.63,67.63,67.63,67.63,8.33
1556532060,67.63,67.63,67.63,67.63,0.847
1556532120,67.63,67.63,67.63,67.63,0.706
1556532180,67.61,67.61,67.61,67.61,40.33
1556532420,67.61,67.62,67.61,67.62,21.0
1556532480,67.61,67.61,67.61,67.61,2.0
1556532540,67.6,67.61,67.61,67.6,3.76
1556532600,67.6,67.61,67.6,67.61,12.09
1556532660,67.61,67.61,67.61,67.61,2.58
1556532720,67.6,67.61,67.61,67.6,7.3
1556532780,67.45,67.6,67.6,67.45,63.9
1556532900,67.45,67.48,67.45,67.48,9.33
1556533020,67.47,67.47,67.47,67.47,1.7
1556533080,67.46,67.46,67.46,67.46,1.0
1556533140,67.47,67.47,67.47,67.47,3.33
1556533200,67.47,67.47,67.47,67.47,11.82
1556533320,67.45,67.46,67.46,67.45,1.43
1556533440,67.26,67.36,67.36,67.26,32.41
1556533500,67.24,67.3,67.29,67.25,22.58
1556533560,67.25,67.25,67.25,67.25,2.45
1556533620,67.26,67.32,67.26,67.32,51.92
1556533680,67.3,67.31,67.3,67.31,25.37
1556533740,67.27,67.28,67.28,67.27,4.2
1556533800,67.17,67.26,67.26,67.17,159.59
1556533860,67.12,67.19,67.18,67.12,149.77
1556533920,66.98,67.12,67.1,67.1,1080.35
1556533980,66.84,67.1,67.1,66.96,663.85
1556534040,66.99,67.07,67.01,67.01,29.7
1556534100,66.94,66.96,66.94,66.96,49.24
1556534160,66.99,66.99,66.99,66.99,1.43
1556534220,67.01,67.01,67.01,67.01,0.133
1556534280,66.97,67.01,66.98,67.01,35.0
1556534340,66.92,66.95,66.95,66.92,7.53
1556534400,66.92,66.99,66.94,66.92,23.84
1556534460,66.92,67.06,66.93,67.06,10.22
1556534520,67.06,67.07,67.07,67.06,6.59
1556534580,67.07,67.12,67.12,67.09,3.91
1556534640,67.07,67.07,67.07,67.07,0.501
1556534760,67.07,67.07,67.07,67.07,3.24
1556534820,67.06,67.06,67.06,67.06,38.25
1556534880,66.9,67.0,67.0,66.9,79.34
1556534940,66.6,66.9,66.9,66.6,370.85
1556535000,66.51,66.76,66.63,66.76,863.31
1556535060,66.62,66.69,66.69,66.62,21.26
1556535120,66.77,66.78,66.77,66.78,61.59
1556535180,66.72,66.84,66.84,66.78,38.24
1556535240,66.77,66.9,66.78,66.9,14.34
1556535300,66.72,66.81,66.81,66.78,42.55
1556535360,66.77,66.87,66.77,66.87,15.94
1556535420,66.8,66.8,66.8,66.8,7.23
1556535480,66.71,66.81,66.77,66.72,60.17
1556535600,66.75,66.78,66.78,66.75,16.0
1556535660,66.66,66.73,66.73,66.73,250.4
1556535720,66.72,66.73,66.73,66.72,18.58
1556535780,66.73,66.73,66.73,66.73,7.48
1556535840,66.73,66.74,66.74,66.73,6.15
1556535900,66.74,66.74,66.74,66.74,0.634
1556535960,66.73,66.74,66.74,66.74,90.15
1556536020,66.74,66.81,66.74,66.77,4.4
1556536080,66.77,66.82,66.77,66.81,123.58
1556536140,66.82,67.01,66.82,66.92,812.17
1556536200,66.93,66.99,66.94,66.93,128.43
1556536260,66.96,67.0,67.0,66.96,4.9
1556536320,67.0,67.06,67.03,67.06,11.25
1556536440,67.08,67.11,67.1,67.09,24.95
1556536500,67.07,67.12,67.12,67.07,26.94
1556536560,67.02,67.11,67.11,67.02,8.53
1556536620,67.01,67.01,67.01,67.01,0.274
1556536680,66.95,67.01,67.01,66.95,142.13
1556536740,66.86,66.91,66.91,66.86,9.17
1556536920,66.91,66.95,66.91,66.95,216.29
1556536980,66.92,66.95,66.95,66.92,7.84
1556537040,66.78,66.95,66.92,66.87,243.12
1556537100,66.84,66.89,66.86,66.84,50.78
1556537160,66.85,66.88,66.85,66.85,12.87
1556537220,66.74,66.85,66.84,66.85,79.46
1556537280,66.79,66.88,66.85,66.87,17.16
1556537340,66.78,66.78,66.78,66.78,1.17
1556537400,66.87,66.88,66.87,66.88,0.714
1556537460,66.8,66.9,66.81,66.89,54.54
1556537520,66.89,66.94,66.9,66.94,18.23
1556537580,66.89,66.93,66.89,66.93,4.35
1556537640,66.91,66.98,66.91,66.95,45.25
1556537700,66.95,66.95,66.95,66.95,7.84
1556537760,66.95,66.95,66.95,66.95,3.28
1556537820,66.91,66.93,66.93,66.91,6.44
1556537880,66.91,66.94,66.91,66.94,81.79
1556537940,66.89,66.95,66.95,66.89,149.25
1556538000,66.9,66.91,66.9,66.9,10.41
1556538060,66.91,66.91,66.91,66.91,85.47
1556538120,66.89,66.92,66.91,66.89,108.5
1556538180,66.93,67.0,66.93,67.0,268.38
1556538240,66.97,67.0,67.0,66.98,13.67
1556538300,66.95,66.97,66.95,66.97,27.67
1556538360,66.97,67.0,66.97,67.0,100.15
1556538420,67.05,67.08,67.05,67.08,10.71
1556538480,67.07,67.15,67.11,67.15,40.17
1556538540,67.1,67.13,67.13,67.1,1.69
1556538600,66.99,67.09,67.09,66.99,223.16
1556538660,67.02,67.05,67.03,67.05,3.98
1556538720,67.03,67.04,67.04,67.03,16.52
1556538780,67.03,67.05,67.05,67.03,2.7
1556538840,67.01,67.03,67.03,67.03,2.11
1556538900,67.0,67.03,67.03,67.0,14.14
1556538960,66.95,66.99,66.99,66.95,5.38
1556539020,66.88,66.97,66.97,66.88,50.26
1556539140,66.86,66.96,66.96,66.87,84.96
1556539200,66.85,66.88,66.88,66.85,36.15
1556539260,66.86,66.88,66.87,66.86,23.87
1556539320,66.75,66.86,66.86,66.82,194.38
1556539380,66.81,66.86,66.83,66.83,91.93
1556539440,66.77,66.89,66.88,66.81,185.76
1556539500,66.77,66.86,66.8,66.77,164.01
1556539560,66.76,66.88,66.86,66.88,259.18
1556539620,66.87,66.87,66.87,66.87,38.22
1556618580,68.72,68.98,68.84,68.72,319.21
1556618640,68.84,68.84,68.84,68.84,1.04
1556618700,68.86,68.96,68.86,68.96,62.02
1556618760,68.99,69.25,68.99,69.19,1125.81
1556618820,69.1,69.24,69.1,69.13,6.59
1556618880,69.09,69.24,69.09,69.24,106.47
1556618940,69.18,69.32,69.18,69.32,14.59
1556619000,69.27,69.64,69.27,69.64,207.29
1556619060,69.46,69.67,69.64,69.53,88.51
1556619120,69.53,69.67,69.6,69.62,130.09
1556619180,69.52,69.73,69.52,69.73,138.74
1556619240,69.73,69.91,69.73,69.91,248.61
1556619300,69.91,70.53,69.91,70.43,1549.75
1556619360,70.18,70.57,70.44,70.2,479.02
1556619420,70.05,70.26,70.25,70.19,3039.48
1556619480,70.03,70.15,70.03,70.04,33.59
1556619540,69.77,70.04,70.04,69.85,134.53
1556619600,69.7,69.84,69.76,69.84,2.09
1556619660,69.86,70.1,69.88,69.87,521.21
1556619720,69.69,69.82,69.82,69.75,80.28
1556619780,69.76,69.82,69.76,69.82,133.06
1556619840,69.9,69.9,69.9,69.9,0.814
1556619900,69.78,69.87,69.87,69.78,2.62
1556619960,69.67,69.78,69.78,69.69,31.78
1556620020,69.65,69.69,69.65,69.69,10.93
1556620080,69.6,69.67,69.67,69.65,79.11
1556620140,69.54,69.65,69.6,69.54,22.24
1556620200,69.51,69.67,69.59,69.51,425.27
1556620260,69.64,69.67,69.64,69.67,36.43
1556620320,69.6,69.89,69.6,69.85,290.54
1556620380,69.86,69.88,69.86,69.87,57.45
1556620440,69.8,69.87,69.8,69.87,71.6
1556620500,69.86,69.95,69.87,69.95,64.95
1556620560,69.94,70.09,69.94,70.04,12.07
1556620620,70.03,70.17,70.04,70.17,27.1
1556620680,70.04,70.15,70.14,70.05,183.42
1556620740,70.2,70.23,70.2,70.23,2.01
1556620800,70.14,70.16,70.14,70.16,2.58
1556620860,70.1,70.23,70.14,70.21,96.0
1556620920,70.04,70.15,70.05,70.05,75.07
1556620980,70.06,70.06,70.06,70.06,3.2
1556621040,69.95,70.04,70.04,69.95,161.97
1556621100,70.05,70.17,70.05,70.17,50.56
1556621160,70.16,70.16,70.16,70.16,27.91
1556621220,70.12,70.18,70.16,70.14,44.1
1556621280,70.13,70.13,70.13,70.13,4.29
1556621340,70.11,70.16,70.11,70.16,38.42
1556621400,70.12,70.2,70.12,70.2,28.23
1556621460,70.1,70.24,70.24,70.17,175.32
1556621520,70.16,70.2,70.2,70.2,7.88
1556621580,70.18,70.23,70.18,70.23,95.6
1556621640,70.08,70.17,70.17,70.17,226.3
1556621700,70.12,70.21,70.16,70.12,8.05
1556621760,70.15,70.23,70.18,70.21,52.77
1556621820,70.23,70.31,70.25,70.24,106.33
1556621880,70.23,70.26,70.26,70.23,1.14
1556621940,70.01,70.17,70.17,70.01,70.67
1556622000,70.02,70.13,70.02,70.13,13.93
1556622060,70.11,70.11,70.11,70.11,0.1
1556622120,70.06,70.17,70.11,70.09,31.38
1556622180,70.25,70.27,70.25,70.27,0.2
1556622240,70.2,70.25,70.2,70.25,4.53
1556622300,70.22,70.26,70.26,70.22,33.61
1556622420,70.26,70.32,70.3,70.26,41.6
1556622480,70.23,70.36,70.26,70.23,104.61
1556622540,70.24,70.34,70.24,70.26,13.05
1556622600,70.24,70.25,70.24,70.24,2.3
1556622660,70.16,70.24,70.24,70.16,61.12
1556622720,70.15,70.16,70.15,70.16,15.57
1556622780,70.1,70.24,70.15,70.24,57.88
1556622840,70.15,70.15,70.15,70.15,13.74
1556622900,70.26,70.35,70.26,70.29,34.02
1556622960,70.32,70.38,70.37,70.36,45.85
1556623020,70.3,70.36,70.36,70.3,7.81
1556623080,70.25,70.3,70.3,70.28,6.2
1556623140,70.23,70.32,70.28,70.23,88.62
1556623200,70.19,70.26,70.26,70.22,79.3
1556623260,70.14,70.19,70.18,70.19,27.12
1556623320,70.15,70.21,70.2,70.19,28.69
1556623380,70.18,70.23,70.23,70.18,4.26
1556623440,70.18,70.22,70.22,70.18,31.23
1556623500,70.18,70.21,70.21,70.21,22.22
1556623560,70.11,70.18,70.18,70.11,97.59
1556623620,70.16,70.18,70.18,70.17,3.74
1556623680,70.14,70.18,70.16,70.18,117.23
1556623740,70.21,70.23,70.22,70.23,23.36
1556623800,70.23,70.61,70.23,70.61,599.27
1556623860,70.62,70.77,70.62,70.77,268.3
1556623920,70.6,70.8,70.74,70.61,778.59
1556623980,70.54,70.6,70.6,70.59,40.27
1556624040,70.58,70.81,70.59,70.81,188.99
1556624100,70.8,71.34,70.8,71.34,1631.9
1556624160,71.01,71.43,71.34,71.19,1332.89
1556624220,71.05,71.25,71.1,71.25,37.0
1556624280,71.14,71.25,71.14,71.21,64.32
1556624340,71.08,71.19,71.16,71.08,238.04
1556624400,70.98,71.14,71.07,71.0,228.7
1556624460,70.88,71.08,70.91,71.0,62.23
1556624520,71.08,71.25,71.08,71.14,287.63
1556624580,71.12,71.15,71.14,71.15,3.23
1556624640,71.03,71.18,71.11,71.15,185.63
1556624700,71.08,71.17,71.15,71.11,101.18
1556624760,71.1,71.11,71.1,71.11,45.61
1556624820,71.11,71.24,71.11,71.24,99.59
1556624880,71.06,71.24,71.24,71.19,566.81
1556624940,70.95,71.15,71.1,71.03,109.51
1556625000,70.96,71.09,70.98,71.08,69.24
1556625060,71.0,71.1,71.06,71.0,101.39
1556625120,71.06,71.1,71.08,71.06,7.14
1556625180,70.96,71.14,70.99,71.14,313.94
1556625240,71.04,71.09,71.09,71.05,27.74
1556625300,71.06,71.12,71.06,71.11,184.87
1556625360,71.18,71.18,71.18,71.18,5.38
1556625420,71.15,71.23,71.17,71.22,36.5
1556625480,71.23,71.51,71.23,71.42,1534.62
1556625540,71.39,71.64,71.41,71.57,1163.4
1556625600,71.38,71.64,71.62,71.38,139.54
1556625660,71.15,71.39,71.27,71.29,562.32
1556625720,71.15,71.29,71.27,71.17,268.05
1556625780,71.09,71.24,71.17,71.09,102.78
1556625840,71.09,71.18,71.1,71.11,58.12
1556625900,71.1,71.22,71.11,71.1,37.97
1556625960,71.1,71.17,71.1,71.15,218.51
1556626020,71.12,71.17,71.14,71.16,24.5
1556626080,71.15,71.21,71.17,71.15,142.79
1556626140,70.98,71.16,71.16,71.08,30.71
1556626200,70.95,71.06,71.06,70.95,34.24
1556626260,70.79,71.0,71.0,70.84,214.24
1556626320,70.8,70.9,70.82,70.89,56.24
1556626380,70.83,70.91,70.87,70.83,60.72
1556626440,70.83,70.9,70.9,70.83,30.23
1556626500,70.88,71.01,70.88,71.01,382.94
1556626560,70.95,71.1,71.01,71.1,322.57
1556626620,71.09,71.1,71.1,71.1,44.11
1556626680,71.04,71.15,71.08,71.15,174.31
1556626740,71.05,71.15,71.12,71.15,55.07
1556626800,71.15,71.28,71.15,71.28,318.64
1556626860,71.28,71.38,71.28,71.34,157.25
1556626920,71.27,71.3,71.28,71.3,90.82
1556626980,71.24,71.27,71.26,71.24,52.05
1556627040,71.16,71.28,71.2,71.28,194.78
1556627100,71.15,71.38,71.21,71.36,343.87
1556627160,71.27,71.34,71.34,71.27,30.07
1556627220,71.21,71.31,71.31,71.21,48.37
1556627280,71.22,71.25,71.22,71.23,102.22
1556627340,71.23,71.31,71.25,71.27,416.81
1556627400,71.27,71.36,71.27,71.28,59.67
1556627460,71.27,71.33,71.33,71.28,71.32
1556627520,71.23,71.29,71.27,71.25,86.86
1556627580,71.21,71.27,71.27,71.21,9.62
1556627640,71.13,71.23,71.2,71.23,68.52
1556627700,71.21,71.25,71.24,71.25,27.4
1556627760,71.18,71.29,71.29,71.18,24.8
1556627820,71.11,71.2,71.2,71.18,54.89
1556627880,71.17,71.25,71.17,71.25,405.74
1556627940,71.07,71.32,71.28,71.07,304.21
1556628000,71.0,71.1,71.09,71.1,112.09
1556628060,71.04,71.08,71.07,71.04,91.89
1556628120,70.98,71.06,71.05,71.06,82.13
1556628180,70.99,71.12,70.99,71.12,137.78
1556628240,71.01,71.12,71.01,71.12,3.51
1556628300,70.97,71.07,71.07,70.97,92.78
1556628360,70.88,70.99,70.93,70.96,309.32
1556628420,71.02,71.1,71.02,71.04,54.45
1556628480,71.04,71.11,71.04,71.08,54.66
1556628540,71.08,71.11,71.08,71.11,38.85
1556628600,71.07,71.1,71.08,71.08,196.92
1556628660,71.03,71.04,71.04,71.04,65.24
1556628720,71.01,71.06,71.05,71.05,91.93
1556628780,71.0,71.06,71.05,71.03,31.73
1556628840,70.75,71.1,71.04,70.75,1041.62
1556628900,70.86,70.89,70.89,70.87,5.7
1556628960,70.78,71.0,70.84,71.0,95.3
1556629020,70.93,70.98,70.94,70.93,8.5
1556629080,70.88,70.97,70.97,70.96,31.65
1556629140,70.85,70.98,70.94,70.98,161.23
1556629200,70.89,70.94,70.91,70.93,7.69
1556629260,70.65,70.92,70.9,70.86,711.81
1556629320,70.56,70.83,70.83,70.7,268.73
1556629380,70.54,70.65,70.65,70.56,72.7
1556629440,70.55,70.67,70.63,70.56,26.87
1556629500,70.51,70.57,70.57,70.57,5.44
1556629560,70.53,70.63,70.57,70.53,9.09
1556629620,70.59,70.68,70.65,70.6,27.67
1556629680,70.51,70.6,70.58,70.59,218.59
1556629740,70.38,70.56,70.52,70.39,416.12
1556629800,70.39,70.5,70.41,70.5,165.63
1556629860,70.5,70.66,70.5,70.59,474.17
1556629920,70.53,70.6,70.6,70.57,287.56
1556629980,70.56,70.61,70.6,70.57,12.74
1556630040,70.6,70.72,70.6,70.65,351.04
1556630100,70.57,70.66,70.57,70.66,2.98
1556630160,70.72,70.74,70.74,70.72,4.2
1556630220,70.72,70.79,70.73,70.72,4.8
1556630280,70.63,70.77,70.7,70.77,289.78
1556630340,70.75,70.89,70.75,70.88,286.03
1556630400,70.87,70.98,70.87,70.88,10.92
1556630460,70.94,71.41,70.98,71.41,1646.84
1556630520,71.4,72.78,71.4,71.7,6250.29
1556630580,71.46,71.88,71.67,71.69,776.68
1556630640,71.59,72.01,71.69,71.7,1564.14
1556630700,71.35,71.65,71.59,71.35,290.54
1556630760,71.22,71.54,71.34,71.54,534.07
1556630820,71.38,71.59,71.54,71.48,436.99
1556630880,71.41,71.41,71.41,71.41,101.21
1556630940,71.41,71.6,71.41,71.49,156.4
1556631000,71.51,71.61,71.55,71.58,46.4
1556631060,71.52,71.6,71.53,71.54,78.57
1556631120,71.56,71.78,71.64,71.74,408.54
1556631180,71.64,71.9,71.64,71.83,351.67
1556631240,71.77,71.97,71.83,71.97,588.72
1556631300,71.76,71.97,71.87,71.81,132.5
1556631360,71.71,71.83,71.77,71.72,107.49
1556631420,71.61,71.76,71.7,71.61,58.41
1556631480,71.64,71.84,71.66,71.79,125.62
1556631540,71.76,71.76,71.76,71.76,4.87
1556631600,71.61,71.82,71.74,71.61,62.33
1556631660,71.66,71.76,71.68,71.71,18.91
1556631720,71.66,71.77,71.67,71.69,136.26
1556631780,71.67,71.74,71.69,71.74,47.01
1556631840,71.69,71.77,71.69,71.75,14.86
1556631900,71.73,71.74,71.74,71.74,102.13
1556631960,71.62,71.74,71.74,71.67,231.58
1556632020,71.65,71.71,71.69,71.71,25.34
1556632080,71.64,71.71,71.71,71.69,16.57
1556632140,71.53,71.64,71.64,71.63,100.82
1556632200,71.56,71.66,71.56,71.66,23.07
1556632260,71.57,71.69,71.66,71.6,268.5
1556632320,71.6,71.61,71.6,71.61,4.98
1556632380,71.56,71.62,71.56,71.6,46.4
1556632440,71.6,71.65,71.62,71.65,56.75
1556632500,71.51,71.65,71.63,71.51,65.52
1556632560,71.52,71.65,71.55,71.54,58.85
1556632620,71.57,71.65,71.59,71.57,30.58
1556632680,71.52,71.6,71.55,71.6,124.45
1556632740,71.51,71.57,71.55,71.52,53.15
1556632800,71.54,71.59,71.54,71.54,45.62
1556632860,71.51,71.58,71.54,71.58,283.91
1556632920,71.52,71.64,71.55,71.62,151.43
1556632980,71.61,71.72,71.62,71.69,381.86
1556633040,71.64,71.72,71.66,71.64,19.84
1556633100,71.67,71.74,71.67,71.72,91.46
1556633160,71.75,71.89,71.75,71.89,146.91
1556633220,71.66,71.85,71.85,71.72,13.66
1556633280,71.74,71.82,71.74,71.82,49.98
1556633340,71.81,71.82,71.82,71.82,2.8
1556633400,71.81,71.94,71.82,71.9,205.81
1556633460,71.83,71.89,71.89,71.89,31.17
1556633520,71.84,71.95,71.87,71.89,238.32
1556633580,71.89,71.95,71.94,71.93,55.78
1556633640,71.91,72.08,71.93,72.01,1262.49
1556633700,71.97,72.08,72.0,72.03,115.87
1556633760,72.06,72.1,72.07,72.09,418.49
1556633820,71.92,72.14,72.07,71.92,552.22
1556633880,71.99,72.1,72.0,72.07,209.58
1556633940,72.03,72.09,72.03,72.07,126.74
1556634000,71.96,72.04,72.0,72.02,23.66
1556634060,71.89,72.02,72.02,71.9,66.87
1556634120,71.89,71.96,71.92,71.93,48.94
1556634180,71.51,71.89,71.89,71.75,2547.16
1556634240,71.76,71.84,71.76,71.84,20.22
1556634300,71.62,71.85,71.84,71.68,358.95
1556634360,71.68,71.81,71.77,71.81,123.37
1556634420,71.66,71.82,71.76,71.66,136.27
1556634480,71.67,71.89,71.67,71.89,130.06
1556634540,71.88,71.88,71.88,71.88,8.92
1556634600,71.85,72.68,71.85,72.4,2461.51
1556634660,72.23,72.4,72.36,72.28,115.49
1556634720,72.21,72.32,72.21,72.26,319.05
1556634780,71.98,72.27,72.25,72.12,188.46
1556634840,72.03,72.55,72.07,72.1,671.27
1556634900,72.11,72.14,72.11,72.14,8.93
1556634960,71.95,72.1,72.1,72.0,170.46
1556635020,72.0,72.03,72.01,72.01,133.44
1556635080,71.87,72.0,72.0,71.87,118.82
1556635140,71.83,71.89,71.87,71.84,19.3
1556635200,71.8,71.88,71.84,71.8,115.14
1556635260,71.72,71.86,71.82,71.77,172.66
1556635320,71.73,71.81,71.77,71.79,74.22
1556635380,71.76,71.89,71.86,71.84,158.59
1556635440,71.79,71.85,71.83,71.79,54.48
1556635500,71.74,71.83,71.81,71.83,90.1
1556635560,71.7,71.79,71.77,71.76,154.83
1556635620,71.61,71.77,71.77,71.69,230.66
1556635680,71.66,71.74,71.74,71.68,34.93
1556635740,71.63,71.68,71.66,71.63,20.77
1556635800,71.63,71.67,71.67,71.64,16.89
1556635860,71.57,71.68,71.63,71.63,118.55
1556635920,71.5,71.63,71.63,71.5,430.81
1556635980,71.5,71.66,71.54,71.53,121.57
1556636040,71.52,71.56,71.54,71.52,4.96
1556636100,71.5,71.54,71.54,71.5,33.08
1556636160,71.5,71.56,71.5,71.5,29.89
1556636220,71.53,71.62,71.53,71.62,46.75
1556636280,71.61,71.77,71.61,71.65,83.36
1556636340,71.69,71.97,71.69,71.82,360.92
1556636400,71.71,71.8,71.8,71.71,11.91
1556636460,71.65,71.74,71.73,71.68,39.3
1556636520,71.65,71.8,71.74,71.69,64.22
1556636580,71.52,71.7,71.7,71.52,21.16
1556636640,71.47,71.56,71.5,71.56,80.59
1556636700,71.5,71.6,71.55,71.54,117.44
1556636760,71.5,71.56,71.5,71.51,15.83
1556636820,71.51,71.68,71.51,71.58,352.9
1556636880,71.51,71.57,71.57,71.51,357.82
1556636940,71.51,71.54,71.52,71.53,18.38
1556637000,71.49,71.54,71.5,71.51,40.3
1556637060,71.45,71.54,71.49,71.45,113.89
1556637120,71.39,71.45,71.45,71.39,1183.42
1556637180,71.32,71.42,71.39,71.33,30.7
1556637240,71.34,71.48,71.38,71.48,83.63
1556637300,71.4,71.43,71.4,71.4,20.01
1556637360,71.4,71.47,71.4,71.45,62.16
1556637420,71.4,71.45,71.45,71.43,58.25
1556637480,71.37,71.45,71.4,71.42,374.34
1556637540,71.41,71.42,71.42,71.42,21.04
1556637600,71.38,71.42,71.41,71.41,23.17
1556637660,71.38,71.41,71.41,71.38,20.32
1556637720,71.37,71.41,71.37,71.41,157.55
1556637780,71.38,71.41,71.41,71.38,77.48
1556637840,71.4,71.52,71.4,71.44,290.28
1556637900,71.48,71.5,71.5,71.48,4.78
1556637960,71.5,71.63,71.5,71.6,45.78
1556638020,71.57,71.63,71.57,71.62,35.62
1556638080,71.62,71.66,71.62,71.63,27.81
1556638140,71.51,71.59,71.56,71.51,146.2
1556638200,71.5,71.56,71.53,71.56,103.82
1556638260,71.62,71.78,71.62,71.78,43.58
1556638320,71.72,71.79,71.79,71.77,10.86
1556638380,71.66,71.74,71.67,71.74,7.84
1556638440,71.66,71.78,71.72,71.66,207.54
1556638500,71.6,71.69,71.64,71.61,46.84
1556638560,71.61,71.7,71.69,71.68,63.7
1556638620,71.63,71.69,71.68,71.68,14.92
1556638680,71.66,71.74,71.66,71.74,3.84
1556638740,71.67,71.74,71.67,71.74,7.02
1556638800,71.65,71.73,71.65,71.73,17.53
1556638860,71.66,71.79,71.74,71.79,99.7
1556638920,71.68,71.78,71.78,71.73,134.2
1556638980,71.6,71.74,71.63,71.72,218.22
1556639040,71.58,71.73,71.72,71.58,74.98
1556639100,71.58,71.65,71.63,71.6,14.31
1556639160,71.63,71.65,71.63,71.63,9.15
1556639220,71.64,71.71,71.64,71.71,253.79
1556639280,71.73,71.75,71.73,71.74,219.16
1556639340,71.75,71.95,71.75,71.89,30.22
1556639400,71.8,71.85,71.81,71.84,14.43
1556639460,71.7,71.87,71.85,71.7,117.79
1556639520,71.69,71.78,71.73,71.74,36.57
