1542869940,34.05,34.1,34.08,34.1,42.9
1542870000,34.1,34.1,34.1,34.1,0.392
1542870060,34.07,34.1,34.09,34.1,10.27
1542870120,34.07,34.13,34.07,34.13,53.04
1542870180,34.07,34.1,34.09,34.09,2.0
1542870240,34.06,34.1,34.1,34.08,13.15
1542870300,34.06,34.07,34.06,34.07,12.19
1542870360,34.07,34.07,34.07,34.07,8.78
1542870420,34.05,34.07,34.07,34.05,22.59
1542870480,34.04,34.07,34.07,34.04,45.48
1542870540,34.03,34.05,34.04,34.03,82.86
1542870600,33.79,34.05,34.05,33.94,4193.71
1542870660,33.93,33.96,33.93,33.96,1.52
1542870720,33.89,33.96,33.95,33.89,62.13
1542870840,33.9,33.91,33.91,33.9,78.4
1542870900,33.9,33.91,33.9,33.91,11.01
1542870960,33.91,34.0,33.91,34.0,600.4
1542871020,33.98,33.99,33.98,33.98,16.55
1542871080,33.98,33.99,33.99,33.98,16.67
1542871140,33.99,33.99,33.99,33.99,3.81
1542871200,33.99,34.04,33.99,34.04,99.14
1542871260,34.01,34.05,34.05,34.03,38.07
1542871380,34.02,34.04,34.04,34.02,17.3
1542871440,34.02,34.02,34.02,34.02,44.52
1542871500,34.02,34.03,34.03,34.03,19.75
1542871560,34.05,34.06,34.05,34.06,8.9
1542871680,34.05,34.05,34.05,34.05,8.04
1542871740,34.03,34.04,34.04,34.03,3.02
1542871800,34.02,34.02,34.02,34.02,3.2
1542871860,34.03,34.03,34.03,34.03,1.0
1542871920,34.02,34.03,34.03,34.03,17.98
1542871980,34.03,34.04,34.03,34.04,26.91
1542872040,34.05,34.06,34.06,34.05,18.92
1542872100,34.06,34.09,34.06,34.09,2.0
1542872160,34.07,34.07,34.07,34.07,2.98
1542872220,34.06,34.1,34.06,34.1,9.32
1542872280,34.1,34.1,34.1,34.1,7.58
1542872340,34.09,34.1,34.09,34.09,29.17
1542872400,34.09,34.1,34.1,34.09,39.88
1542872460,34.09,34.09,34.09,34.09,10.0
1542872520,34.1,34.1,34.1,34.1,19.25
1542872580,34.09,34.1,34.09,34.1,9.23
1542872640,34.09,34.1,34.09,34.09,6.26
1542872700,34.05,34.1,34.1,34.05,335.51
1542872760,34.05,34.08,34.05,34.08,5.06
1542872820,34.02,34.08,34.04,34.08,12.75
1542872880,34.08,34.08,34.08,34.08,18.4
1542872940,34.02,34.07,34.07,34.07,32.03
1542873000,34.08,34.1,34.1,34.08,8.39
1542873060,34.09,34.09,34.09,34.09,3.77
1542873120,34.09,34.09,34.09,34.09,2.55
1542873180,34.08,34.09,34.09,34.08,3.93
1542873240,34.09,34.1,34.09,34.1,17.26
1542873300,34.09,34.1,34.1,34.1,12.37
1542873360,34.1,34.1,34.1,34.1,5.02
1542873420,34.09,34.1,34.1,34.1,36.58
1542873480,34.1,34.1,34.1,34.1,56.82
1542873540,34.09,34.1,34.1,34.09,318.4
1542873600,34.07,34.08,34.07,34.08,1.56
1542873660,34.04,34.08,34.04,34.04,25.43
1542873720,34.05,34.05,34.05,34.05,0.263
1542873780,34.05,34.05,34.05,34.05,1.11
1542873840,34.04,34.08,34.04,34.08,73.7
1542873900,34.1,34.1,34.1,34.1,4.43
1542873960,34.09,34.1,34.1,34.1,10.28
1542874020,34.09,34.1,34.09,34.1,5.28
1542874080,34.09,34.1,34.1,34.1,16.76
1542874140,34.06,34.1,34.1,34.1,36.54
1542874320,34.08,34.08,34.08,34.08,1.96
1542874380,34.03,34.05,34.05,34.05,26.47
1542874440,34.05,34.05,34.05,34.05,4.56
1542874500,34.02,34.06,34.05,34.02,7.68
1542874560,34.06,34.08,34.08,34.06,10.88
1542874620,34.05,34.05,34.05,34.05,3.0
1542874680,34.01,34.05,34.04,34.05,119.55
1542874740,34.06,34.06,34.06,34.06,1.25
1542874800,34.03,34.04,34.04,34.03,3.31
1542874860,34.05,34.05,34.05,34.05,2.81
1542874920,34.02,34.05,34.05,34.02,141.4
1542874980,34.02,34.06,34.03,34.06,11.94
1542875040,34.06,34.06,34.06,34.06,34.4
1542875100,34.05,34.05,34.05,34.05,0.593
1542875160,34.05,34.07,34.05,34.07,24.57
1542875220,34.07,34.09,34.07,34.09,13.68
1542875280,34.08,34.08,34.08,34.08,10.19
1542875340,34.07,34.07,34.07,34.07,3.5
1542875400,34.08,34.08,34.08,34.08,9.26
1542875580,34.07,34.08,34.08,34.07,3.41
1542875640,34.07,34.09,34.09,34.07,12.15
1542875760,34.09,34.14,34.09,34.12,205.29
1542875820,34.14,34.14,34.14,34.14,35.56
1542875880,34.11,34.14,34.14,34.14,28.77
1542876000,34.13,34.14,34.14,34.14,64.71
1542876060,34.19,34.2,34.19,34.2,13.5
1542876120,34.19,34.2,34.19,34.2,3.54
1542876180,34.19,34.19,34.19,34.19,2.94
1542876240,34.2,34.2,34.2,34.2,7.67
1542876300,34.19,34.2,34.19,34.2,24.39
1542876360,34.2,34.2,34.2,34.2,0.1
1542876420,34.15,34.19,34.19,34.16,18.28
1542876480,34.16,34.16,34.16,34.16,0.291
1542876540,34.15,34.15,34.15,34.15,4.21
1542876660,34.15,34.16,34.15,34.16,18.7
1542876720,34.16,34.16,34.16,34.16,4.2
1542876780,34.16,34.16,34.16,34.16,2.94
1542876840,34.15,34.16,34.16,34.15,6.91
1542876900,34.16,34.16,34.16,34.16,1.51
1542876960,34.15,34.16,34.15,34.16,1.18
1542877020,34.15,34.16,34.16,34.16,4.22
1542877080,34.15,34.2,34.16,34.15,31.28
1542877140,34.18,34.18,34.18,34.18,71.19
1542877200,34.21,34.21,34.21,34.21,2.5
1542877260,34.2,34.2,34.2,34.2,5.79
1542877320,34.2,34.2,34.2,34.2,2.0
1542877380,34.19,34.19,34.19,34.19,11.07
1542877440,34.17,34.19,34.19,34.17,11.27
1542877500,34.13,34.15,34.15,34.13,41.15
1542877560,34.07,34.12,34.12,34.07,20.14
1542877620,34.07,34.08,34.07,34.08,207.23
1542877680,34.07,34.07,34.07,34.07,5.15
1542877740,34.0,34.05,34.05,34.0,7.62
1542877800,34.0,34.01,34.0,34.0,21.17
1542877860,33.95,34.0,34.0,33.95,163.56
1542877920,33.92,33.96,33.95,33.92,249.36
1542877980,33.93,34.0,33.93,34.0,359.75
1542878040,34.0,34.0,34.0,34.0,113.57
1542878100,33.99,33.99,33.99,33.99,9.73
1542878160,34.0,34.04,34.0,34.03,5.3
1542878220,34.04,34.04,34.04,34.04,35.96
1542878280,34.04,34.04,34.04,34.04,4.3
1542878340,34.03,34.04,34.03,34.04,2.57
1542878460,33.98,33.98,33.98,33.98,15.18
1542878580,33.81,33.96,33.96,33.81,76.5
1542878640,33.74,33.81,33.8,33.81,269.65
1542878700,33.74,33.81,33.81,33.74,76.79
1542878760,33.75,33.82,33.75,33.82,51.0
1542878820,33.75,33.77,33.75,33.77,51.12
1542878880,33.77,33.8,33.77,33.8,147.28
1542878940,33.8,33.8,33.8,33.8,24.37
1542879000,33.64,33.79,33.79,33.65,1346.0
1542879060,33.62,33.64,33.64,33.64,45.26
1542879120,33.62,33.64,33.64,33.62,81.84
1542879180,33.62,33.7,33.62,33.62,593.0
1542879240,33.63,33.72,33.63,33.72,99.94
1542879300,33.66,33.67,33.67,33.67,16.96
1542879360,33.67,33.67,33.67,33.67,25.0
1542879420,33.65,33.67,33.65,33.67,46.61
1542879480,33.67,33.67,33.67,33.67,1.01
1542879600,33.64,33.65,33.65,33.64,3.33
1542879660,33.71,33.71,33.71,33.71,88.72
1542879720,33.68,33.75,33.72,33.74,209.91
1542879780,33.75,33.75,33.75,33.75,25.0
1542879840,33.8,33.8,33.8,33.8,2.86
1542879900,33.79,33.8,33.8,33.79,101.68
1542879960,33.77,33.79,33.77,33.77,42.94
1542880020,33.75,33.75,33.75,33.75,3.7
1542880080,33.75,33.76,33.76,33.75,30.81
1542880140,33.75,33.75,33.75,33.75,1.04
1542880260,33.7,33.75,33.75,33.7,100.0
1542880320,33.68,33.7,33.7,33.68,5.16
1542880380,33.64,33.67,33.67,33.64,6.88
1542880440,33.61,33.65,33.64,33.61,19.36
1542880500,33.64,33.64,33.64,33.64,5.41
1542880560,33.49,33.6,33.6,33.52,325.0
1542880620,33.48,33.56,33.5,33.52,704.51
1542880680,33.56,33.56,33.56,33.56,7.31
1542880740,33.5,33.55,33.55,33.5,345.92
1542880800,33.52,33.52,33.52,33.52,0.5
1542880860,33.55,33.55,33.55,33.55,50.0
1542880920,33.57,33.57,33.57,33.57,1.04
1542880980,33.58,33.58,33.58,33.58,5.0
1542881040,33.56,33.59,33.56,33.59,7.35
1542881100,33.6,33.62,33.6,33.62,66.38
1542881220,33.62,33.65,33.63,33.64,36.34
1542881340,33.65,33.68,33.65,33.68,59.69
1542881400,33.68,33.69,33.68,33.69,6.37
1542881520,33.69,33.69,33.69,33.69,23.57
1542881580,33.69,33.69,33.69,33.69,0.4
1542881640,33.69,33.69,33.69,33.69,0.679
1542881700,33.69,33.7,33.69,33.7,3.47
1542881760,33.61,33.7,33.7,33.61,297.3
1542881820,33.65,33.68,33.68,33.67,39.53
1542881880,33.66,33.67,33.67,33.67,33.65
1542881940,33.55,33.67,33.67,33.56,712.34
1542882000,33.57,33.59,33.57,33.59,53.11
1542882060,33.61,33.61,33.61,33.61,2.49
1542882120,33.6,33.6,33.6,33.6,21.61
1542882180,33.6,33.63,33.6,33.63,8.0
1542882240,33.61,33.63,33.63,33.61,1.39
1542882300,33.61,33.61,33.61,33.61,2.87
1542882360,33.6,33.61,33.6,33.6,6.38
1542882420,33.61,33.64,33.62,33.64,7.51
1542882480,33.65,33.65,33.65,33.65,4.0
1542882540,33.65,33.78,33.65,33.75,640.47
1542882600,33.76,33.76,33.76,33.76,0.266
1542882660,33.76,33.76,33.76,33.76,4.73
1542882720,33.76,33.76,33.76,33.76,25.0
1542882780,33.73,33.75,33.73,33.75,3.66
1542882840,33.73,33.74,33.73,33.74,0.886
1542882900,33.74,33.75,33.75,33.74,27.62
1542882960,33.74,33.8,33.74,33.8,393.23
1542883080,33.76,33.78,33.76,33.78,1.0
1542883140,33.7,33.76,33.76,33.7,322.64
1542883260,33.68,33.71,33.71,33.68,47.25
1542883320,33.68,33.74,33.68,33.74,503.25
1542883440,33.77,33.77,33.77,33.77,278.16
1542883500,33.78,33.79,33.78,33.79,64.1
1542883560,33.77,33.77,33.77,33.77,35.28
1542883620,33.78,33.8,33.78,33.8,2.27
1542883680,33.8,33.8,33.8,33.8,0.923
1542883740,33.8,33.8,33.8,33.8,4.11
1542883800,33.79,33.79,33.79,33.79,5.68
1542883920,33.79,33.8,33.8,33.8,6.41
1542883980,33.79,33.79,33.79,33.79,1.61
1542884040,33.79,33.8,33.8,33.8,256.95
1542884100,33.8,33.8,33.8,33.8,21.84
1542884160,33.8,33.8,33.8,33.8,15.8
1542884280,33.77,33.79,33.79,33.77,90.04
1542884340,33.77,33.77,33.77,33.77,0.141
1542884400,33.78,33.78,33.78,33.78,3.39
1542884460,33.67,33.77,33.77,33.72,1034.18
1542884520,33.72,33.72,33.72,33.72,1.0
1542884580,33.7,33.7,33.7,33.7,7.66
1542884640,33.69,33.7,33.69,33.7,3.03
1542884700,33.7,33.7,33.7,33.7,3.42
1542884820,33.7,33.7,33.7,33.7,55.13
1542884940,33.7,33.75,33.7,33.75,4.15
1542885000,33.75,33.75,33.75,33.75,4.19
1542885060,33.75,33.75,33.75,33.75,1.0
1542885120,33.74,33.74,33.74,33.74,6.68
1542885180,33.74,33.74,33.74,33.74,5.16
1542885240,33.75,33.75,33.75,33.75,8.0
1542885300,33.75,33.75,33.75,33.75,5.0
1542885420,33.73,33.75,33.75,33.73,15.93
1542885480,33.68,33.72,33.72,33.68,2.41
1542885600,33.68,33.68,33.68,33.68,0.547
1542885660,33.65,33.67,33.67,33.66,6.03
1542885720,33.66,33.66,33.66,33.66,0.585
1542885780,33.65,33.66,33.65,33.66,8.85
1542885840,33.65,33.66,33.66,33.65,12.29
1542885900,33.57,33.66,33.66,33.58,219.07
1542885960,33.42,33.58,33.58,33.42,1729.97
1542886020,33.42,33.49,33.42,33.49,259.78
1542886080,33.5,33.54,33.54,33.51,145.91
1542886140,33.51,33.52,33.52,33.51,12.25
1542886200,33.52,33.54,33.52,33.54,0.312
1542886260,33.5,33.53,33.53,33.52,14.27
1542886320,33.31,33.51,33.51,33.4,1689.05
1542886380,33.32,33.42,33.4,33.4,279.83
1542886440,33.4,33.4,33.4,33.4,4.39
1542886500,33.44,33.51,33.44,33.51,60.9
1542886560,33.52,33.58,33.53,33.52,56.45
1542886620,33.49,33.51,33.49,33.51,1.03
1542886680,33.53,33.53,33.53,33.53,1.47
1542886740,33.52,33.53,33.52,33.53,1.21
1542886800,33.5,33.52,33.5,33.52,103.85
1542886860,33.52,33.52,33.52,33.52,0.401
1542886920,33.53,33.53,33.53,33.53,5.41
1542886980,33.53,33.61,33.53,33.6,51.34
1542887040,33.6,33.62,33.62,33.6,1.7
1542887160,33.62,33.65,33.62,33.65,21.77
1542887220,33.63,33.67,33.65,33.65,33.72
1542887280,33.65,33.65,33.65,33.65,0.258
1542887340,33.63,33.63,33.63,33.63,86.4
1542887460,33.61,33.64,33.61,33.64,3.13
1542887520,33.63,33.64,33.64,33.63,21.84
1542887580,33.64,33.64,33.64,33.64,0.548
1542887640,33.63,33.64,33.64,33.64,10.96
1542887700,33.63,33.64,33.63,33.64,59.24
1542887760,33.64,33.64,33.64,33.64,13.27
1542887820,33.64,33.64,33.64,33.64,4.35
1542887880,33.62,33.64,33.64,33.62,25.53
1542887940,33.62,33.62,33.62,33.62,1.57
1542888000,33.58,33.61,33.61,33.58,55.96
1542888060,33.58,33.63,33.58,33.6,26.0
1542888120,33.37,33.6,33.6,33.5,2424.87
1542888180,33.48,33.52,33.49,33.5,161.36
1542888240,33.51,33.51,33.51,33.51,6.0
1542888300,33.44,33.5,33.48,33.49,29.96
1542888360,33.45,33.51,33.49,33.45,54.26
1542888420,33.45,33.45,33.45,33.45,27.34
1542888480,33.45,33.45,33.45,33.45,0.405
1542888600,33.46,33.51,33.46,33.51,162.6
1542888660,33.51,33.51,33.51,33.51,12.0
1542888720,33.5,33.51,33.51,33.51,2.83
1542888780,33.51,33.51,33.51,33.51,11.22
1542888840,33.5,33.51,33.5,33.51,96.85
1542888900,33.51,33.51,33.51,33.51,14.85
1542888960,33.51,33.51,33.51,33.51,25.13
1542889080,33.5,33.56,33.51,33.56,22.65
1542889200,33.55,33.55,33.55,33.55,14.64
1542889260,33.53,33.56,33.55,33.56,66.62
1542889320,33.54,33.55,33.55,33.54,29.62
1542889380,33.55,33.57,33.55,33.57,40.3
1542892080,32.74,32.77,32.75,32.74,19.91
1542892140,32.74,32.78,32.75,32.78,206.19
1542892200,32.78,32.78,32.78,32.78,1.31
1542892260,32.77,32.79,32.77,32.79,16.56
1542892320,32.78,32.79,32.78,32.78,103.04
1542892440,32.76,32.77,32.76,32.76,148.56
1542892500,32.6,32.75,32.75,32.6,165.35
1542892560,32.64,32.66,32.64,32.66,71.71
1542892620,32.6,32.67,32.65,32.6,138.1
1542892680,32.66,32.68,32.67,32.68,102.76
1542892740,32.67,32.75,32.68,32.75,162.36
1542892800,32.75,32.78,32.75,32.78,95.44
1542892860,32.74,32.78,32.78,32.74,224.93
1542892920,32.74,32.76,32.76,32.76,3.39
1542892980,32.75,32.76,32.75,32.76,51.97
1542893040,32.67,32.78,32.75,32.77,990.39
1542893100,32.72,32.78,32.78,32.76,15.0
1542893160,32.75,32.76,32.76,32.76,2.72
1542893220,32.75,32.76,32.75,32.75,15.25
1542893280,32.77,32.8,32.77,32.8,21.21
1542893340,32.79,32.82,32.79,32.82,31.61
1542893400,32.77,32.82,32.82,32.77,89.28
1542893460,32.76,32.78,32.78,32.76,5.94
1542893520,32.76,32.77,32.77,32.76,26.81
1542893580,32.76,32.77,32.77,32.77,1.78
1542893640,32.76,32.77,32.77,32.76,26.07
1542893700,32.76,32.8,32.76,32.8,405.85
1542893760,32.76,32.8,32.8,32.76,604.31
1542893820,32.79,32.85,32.79,32.85,78.23
1542893880,32.85,32.87,32.85,32.87,10.74
1542893940,32.85,32.87,32.86,32.87,9.32
1542894000,32.81,32.86,32.86,32.83,43.48
1542894060,32.79,32.85,32.8,32.85,97.98
1542894120,32.8,32.87,32.84,32.87,25.75
1542894180,32.83,32.87,32.85,32.83,13.27
1542894240,32.85,32.89,32.85,32.89,74.72
1542894300,32.86,32.87,32.87,32.86,15.86
1542894360,32.86,32.87,32.86,32.87,12.46
1542894420,32.87,32.87,32.87,32.87,7.55
1542894480,32.86,32.89,32.87,32.87,11.37
1542894540,32.85,32.88,32.87,32.85,172.41
1542894600,32.85,32.87,32.86,32.85,92.16
1542894660,32.84,32.85,32.84,32.85,18.3
1542894720,32.85,32.85,32.85,32.85,0.121
1542894780,32.84,32.85,32.84,32.85,12.18
1542894840,32.85,32.85,32.85,32.85,1.61
1542894900,32.75,32.84,32.84,32.76,734.78
1542894960,32.75,32.76,32.76,32.76,25.65
1542895020,32.75,32.76,32.76,32.75,11.55
1542895080,32.76,32.76,32.76,32.76,2.46
1542895140,32.73,32.76,32.76,32.73,8.63
1542895200,32.71,32.71,32.71,32.71,22.34
1542895260,32.71,32.72,32.71,32.72,117.59
1542895320,32.73,32.74,32.74,32.74,6.43
1542895380,32.62,32.73,32.73,32.72,715.76
1542895440,32.71,32.72,32.71,32.72,14.0
1542895500,32.75,32.85,32.75,32.8,996.13
1542895560,32.79,32.8,32.8,32.79,5.11
1542895620,32.79,32.83,32.8,32.83,31.27
1542895680,32.82,32.82,32.82,32.82,15.5
1542895740,32.82,32.87,32.84,32.83,159.59
1542895800,32.83,32.92,32.83,32.87,754.98
1542895860,32.86,32.88,32.86,32.88,7.39
1542895980,32.89,32.92,32.89,32.92,22.98
1542896040,32.92,32.92,32.92,32.92,35.22
1542896100,32.92,33.04,32.92,33.04,120.34
1542896160,33.04,33.04,33.04,33.04,4.62
1542896220,33.04,33.29,33.04,33.29,868.78
1542896280,33.17,33.3,33.29,33.23,538.52
1542896340,33.15,33.24,33.15,33.24,40.61
1542896400,33.2,33.24,33.24,33.21,23.13
1542896460,33.2,33.27,33.21,33.27,242.3
1542896520,33.22,33.3,33.29,33.22,7.82
1542896580,33.23,33.29,33.29,33.28,7.5
1542896640,33.2,33.28,33.26,33.28,182.41
1542896700,33.24,33.24,33.24,33.24,37.51
1542896760,33.23,33.26,33.24,33.26,119.52
1542896820,33.22,33.26,33.24,33.22,19.93
1542896880,33.23,33.26,33.23,33.25,8.7
1542896940,33.25,33.26,33.25,33.26,70.47
1542897000,33.26,33.26,33.26,33.26,1.41
1542897060,33.23,33.33,33.25,33.31,829.64
1542897120,33.3,33.31,33.31,33.31,45.25
1542897180,33.3,33.31,33.3,33.31,66.85
1542897240,33.31,33.31,33.31,33.31,24.72
1542897300,33.3,33.31,33.31,33.3,101.88
1542897360,33.23,33.31,33.31,33.26,133.42
1542897420,33.23,33.27,33.25,33.27,10.11
1542897480,33.27,33.27,33.27,33.27,12.01
1542897540,33.26,33.31,33.27,33.31,18.21
1542897600,33.29,33.29,33.29,33.29,5.7
1542897660,33.31,33.31,33.31,33.31,3.0
1542897720,33.28,33.32,33.31,33.32,13.18
1542897780,33.32,33.32,33.32,33.32,5.08
1542897840,33.27,33.32,33.32,33.28,440.42
1542897900,33.3,33.3,33.3,33.3,10.0
1542897960,33.26,33.3,33.3,33.26,7.08
1542898020,33.2,33.32,33.28,33.22,223.34
1542898080,33.27,33.27,33.27,33.27,7.46
1542898140,33.16,33.22,33.2,33.16,49.87
1542898200,33.12,33.17,33.17,33.12,32.5
1542898260,33.15,33.2,33.15,33.2,41.23
1542898320,33.18,33.2,33.2,33.2,20.4
1542898380,33.14,33.18,33.18,33.16,15.74
1542898440,33.12,33.18,33.13,33.12,15.61
1542898500,33.12,33.18,33.18,33.18,10.01
1542898560,33.12,33.18,33.18,33.16,24.41
1542898620,33.18,33.18,33.18,33.18,5.0
1542898680,33.17,33.17,33.17,33.17,9.58
1542898740,33.16,33.2,33.17,33.2,22.75
1542898800,33.16,33.18,33.16,33.18,13.48
1542898860,33.17,33.2,33.18,33.2,420.19
1542898920,33.17,33.2,33.2,33.2,10.63
1542898980,33.2,33.2,33.2,33.2,10.29
1542899040,33.2,33.26,33.2,33.24,145.4
1542899100,33.2,33.28,33.24,33.25,192.07
1542899160,33.23,33.28,33.23,33.27,46.11
1542899220,33.23,33.27,33.25,33.23,23.13
1542899280,33.2,33.24,33.23,33.22,141.71
1542899340,33.13,33.14,33.14,33.13,4.6
1542899400,33.14,33.24,33.14,33.24,22.5
1542899460,33.16,33.24,33.22,33.17,45.42
1542899520,33.17,33.21,33.19,33.18,27.25
1542899580,33.18,33.18,33.18,33.18,4.67
1542899640,33.09,33.17,33.17,33.09,141.09
1542899700,33.12,33.15,33.15,33.15,17.41
1542899820,33.1,33.15,33.13,33.1,13.74
1542899880,33.13,33.15,33.13,33.15,8.95
1542899940,33.16,33.18,33.16,33.18,12.3
1542900000,33.13,33.17,33.17,33.14,47.08
1542900060,33.15,33.15,33.15,33.15,6.91
1542900120,33.14,33.15,33.15,33.14,10.42
1542900180,33.15,33.15,33.15,33.15,2.0
1542900240,33.14,33.15,33.15,33.14,24.77
1542900300,33.12,33.15,33.14,33.15,17.77
1542900360,33.12,33.13,33.13,33.12,12.41
1542900420,33.11,33.13,33.13,33.12,54.1
1542900480,33.09,33.1,33.1,33.1,13.46
1542900540,33.09,33.1,33.1,33.09,9.57
1542900600,33.1,33.1,33.1,33.1,7.25
1542900660,33.1,33.13,33.1,33.13,248.18
1542900720,33.12,33.17,33.12,33.17,203.65
1542900780,33.14,33.18,33.17,33.18,46.36
1542900840,33.14,33.22,33.2,33.14,192.87
1542900900,33.14,33.18,33.15,33.18,13.71
1542900960,33.15,33.17,33.15,33.17,6.44
1542901020,33.14,33.19,33.14,33.17,48.87
1542901080,33.11,33.16,33.12,33.16,32.47
1542901140,33.13,33.16,33.16,33.16,6.11
1542901200,33.16,33.2,33.16,33.2,64.25
1542901260,33.19,33.23,33.19,33.22,32.55
1542901320,33.2,33.23,33.21,33.23,15.42
1542901380,33.21,33.25,33.21,33.25,58.67
1542901440,33.24,33.25,33.25,33.25,163.33
1542901500,33.24,33.25,33.24,33.24,42.53
1542901560,33.24,33.25,33.24,33.25,13.02
1542901620,33.25,33.25,33.25,33.25,9.74
1542901680,33.24,33.25,33.24,33.25,14.33
1542901740,33.25,33.25,33.25,33.25,14.46
1542901800,33.24,33.25,33.25,33.25,6.17
1542901860,33.25,33.25,33.25,33.25,1.71
1542901920,33.24,33.25,33.25,33.25,27.47
1542901980,33.24,33.25,33.25,33.25,117.9
1542902040,33.21,33.25,33.25,33.21,32.69
1542902100,33.2,33.23,33.21,33.2,134.97
1542902160,33.23,33.23,33.23,33.23,3.49
1542902220,33.2,33.24,33.23,33.23,102.8
1542902280,33.22,33.23,33.22,33.23,5.73
1542902340,33.22,33.23,33.23,33.23,55.3
1542902400,33.18,33.23,33.22,33.18,302.26
1542902460,33.16,33.18,33.18,33.16,56.46
1542902520,33.14,33.16,33.16,33.15,69.34
1542902580,33.11,33.15,33.15,33.11,20.97
1542902640,33.09,33.11,33.1,33.11,24.22
1542902700,33.08,33.11,33.11,33.08,286.25
1542902760,33.08,33.09,33.08,33.09,16.69
1542902820,33.09,33.09,33.09,33.09,37.77
1542902880,33.09,33.14,33.09,33.14,102.26
1542902940,33.13,33.14,33.13,33.14,6.96
1542903000,33.15,33.18,33.15,33.18,96.05
1542903060,33.14,33.18,33.18,33.15,7.75
1542903120,33.12,33.19,33.17,33.15,38.16
1542903180,33.14,33.15,33.15,33.14,2.29
1542903240,33.11,33.14,33.14,33.11,35.75
1542903300,33.13,33.14,33.14,33.13,51.68
1542903360,33.14,33.14,33.14,33.14,20.44
1542903420,33.14,33.14,33.14,33.14,21.85
1542903480,33.09,33.14,33.14,33.1,100.1
1542903540,33.08,33.1,33.1,33.08,80.8
1542903600,33.04,33.09,33.09,33.04,125.84
1542903660,33.04,33.08,33.04,33.05,333.52
1542903720,33.02,33.05,33.05,33.02,17.93
1542903780,33.0,33.07,33.0,33.07,255.15
1542903840,33.02,33.07,33.05,33.05,63.64
1542903900,33.02,33.05,33.05,33.05,66.15
1542903960,33.04,33.07,33.05,33.07,326.97
1542904020,33.04,33.09,33.09,33.04,5.5
1542904080,33.05,33.11,33.05,33.1,314.58
1542904140,33.07,33.08,33.08,33.07,12.82
1542904200,33.07,33.07,33.07,33.07,4.33
1542904260,33.07,33.07,33.07,33.07,3.29
1542904320,33.06,33.09,33.09,33.07,37.87
1542904380,33.06,33.07,33.06,33.07,38.47
1542904440,33.06,33.07,33.07,33.06,241.35
1542904500,33.07,33.17,33.07,33.16,546.29
1542904560,33.08,33.16,33.12,33.11,150.38
1542904620,33.09,33.1,33.09,33.1,22.3
1542904680,33.11,33.12,33.11,33.12,16.98
1542904740,33.11,33.14,33.12,33.14,14.48
1542904800,33.12,33.14,33.12,33.12,19.82
1542904860,33.11,33.14,33.13,33.14,28.2
1542904920,33.13,33.14,33.14,33.14,13.82
1542904980,33.15,33.18,33.16,33.15,18.33
1542905040,33.16,33.2,33.16,33.2,232.96
1542905100,33.14,33.18,33.17,33.18,160.82
1542905160,33.14,33.14,33.14,33.14,1.3
1542905220,33.14,33.16,33.16,33.14,15.4
1542905280,33.14,33.16,33.16,33.14,35.27
1542905340,33.13,33.14,33.14,33.13,22.29
1542905400,33.12,33.16,33.13,33.13,40.78
1542905460,33.12,33.13,33.13,33.13,80.45
1542905520,33.1,33.13,33.13,33.11,24.93
1542905580,33.1,33.12,33.11,33.12,80.13
1542905640,33.09,33.12,33.12,33.12,11.66
1542905700,33.11,33.12,33.12,33.12,14.96
1542905760,33.11,33.12,33.12,33.12,94.7
1542905820,33.12,33.12,33.12,33.12,9.81
1542905880,33.11,33.12,33.12,33.11,8.57
1542905940,33.11,33.12,33.12,33.11,13.67
1542906000,33.07,33.13,33.11,33.13,214.45
1542906060,33.1,33.13,33.11,33.13,67.45
1542906120,33.13,33.41,33.13,33.34,3041.71
1542906180,33.32,33.43,33.41,33.32,13.93
1542906240,33.26,33.31,33.3,33.26,277.94
1542906300,33.26,33.32,33.26,33.27,26.93
1542906360,33.28,33.33,33.28,33.33,18.92
1542906420,33.32,33.33,33.33,33.32,21.68
1542906480,33.33,33.33,33.33,33.33,38.53
1542906540,33.32,33.4,33.32,33.39,981.28
1542906600,33.37,33.4,33.39,33.4,39.32
1542906660,33.33,33.4,33.37,33.4,1017.86
1542906720,33.37,33.4,33.4,33.4,37.52
1542906780,33.39,33.4,33.39,33.4,189.98
1542906840,33.4,33.4,33.4,33.4,48.97
1542906900,33.4,33.4,33.4,33.4,10.46
1542906960,33.39,33.4,33.4,33.4,115.47
1542907080,33.39,33.4,33.4,33.4,9.07
1542907140,33.35,33.39,33.39,33.37,359.81
1542907200,33.32,33.37,33.37,33.32,39.51
1542907260,33.33,33.34,33.34,33.34,20.78
1542907320,33.34,33.49,33.34,33.42,410.86
1542907380,33.43,33.48,33.43,33.46,24.46
1542907440,33.4,33.41,33.41,33.4,11.03
1542907500,33.4,33.46,33.41,33.46,58.36
1542907560,33.45,33.45,33.45,33.45,14.73
1542907620,33.41,33.46,33.41,33.46,16.79
1542907680,33.41,33.45,33.45,33.41,17.86
1542907740,33.34,33.44,33.4,33.44,152.37
1542907800,33.4,33.41,33.41,33.4,63.19
1542907860,33.39,33.43,33.39,33.41,30.88
1542907920,33.4,33.41,33.4,33.41,31.02
1542907980,33.41,33.41,33.41,33.41,47.83
1542908040,33.4,33.43,33.4,33.43,6.07
1542908100,33.43,33.43,33.43,33.43,8.8
1542908160,33.42,33.45,33.43,33.45,36.46
1542908220,33.41,33.45,33.45,33.45,89.44
1542908280,33.39,33.45,33.45,33.43,74.93
1542908340,33.42,33.47,33.42,33.45,87.34
1542908400,33.44,33.48,33.45,33.44,207.13
1542908460,33.42,33.48,33.43,33.44,29.25
1542908520,33.41,33.45,33.44,33.41,15.61
1542908580,33.41,33.44,33.41,33.43,114.36
1542908640,33.41,33.46,33.41,33.46,80.19
1542908700,33.42,33.49,33.46,33.46,135.82
1542908760,33.42,33.47,33.45,33.42,32.99
1542908820,33.44,33.5,33.44,33.49,80.59
1542908880,33.47,33.5,33.48,33.47,209.46
1542908940,33.47,33.5,33.5,33.48,10.51
1542909000,33.42,33.48,33.47,33.46,210.92
1542909060,33.46,33.46,33.46,33.46,55.96
1542909120,33.42,33.46,33.46,33.42,40.87
1542909180,33.44,33.45,33.44,33.44,36.42
1542909240,33.45,33.46,33.45,33.46,21.44
1542909300,33.45,33.46,33.45,33.46,4.48
1542909360,33.46,33.46,33.46,33.46,9.0
1542909420,33.46,33.5,33.49,33.49,37.43
1542909480,33.49,33.49,33.49,33.49,24.71
1542909540,33.49,33.5,33.49,33.5,29.04
1542909600,33.5,33.6,33.5,33.6,301.54
1542909660,33.59,33.65,33.59,33.64,326.56
1542909720,33.63,33.64,33.64,33.63,20.2
1542909780,33.62,33.64,33.64,33.63,62.81
1542909840,33.59,33.63,33.63,33.59,147.07
1542909900,33.59,33.6,33.59,33.6,26.09
1542909960,33.55,33.6,33.6,33.56,30.24
1542910020,33.53,33.58,33.56,33.58,62.42
1542910080,33.53,33.57,33.56,33.57,34.46
1542910140,33.54,33.55,33.54,33.55,40.05
1542910200,33.55,33.55,33.55,33.55,1.14
1542910260,33.51,33.54,33.54,33.54,67.29
1542910320,33.46,33.52,33.52,33.5,71.79
1542910380,33.48,33.48,33.48,33.48,38.68
1542910440,33.49,33.49,33.49,33.49,83.32
1542910500,33.48,33.51,33.49,33.5,178.27
1542910560,33.49,33.51,33.49,33.51,11.01
1542910620,33.47,33.5,33.49,33.5,57.02
1542910680,33.5,33.5,33.5,33.5,16.65
1542910740,33.47,33.52,33.49,33.52,33.11
1542910800,33.49,33.52,33.5,33.49,23.76
1542910860,33.49,33.5,33.5,33.49,4.56
1542910920,33.49,33.53,33.49,33.52,20.64
1542910980,33.5,33.54,33.51,33.51,78.17
1542911040,33.51,33.57,33.53,33.57,28.41
1542911100,33.54,33.57,33.57,33.55,31.3
1542911160,33.51,33.54,33.54,33.54,4.31
1542911220,33.52,33.52,33.52,33.52,10.13
1542911280,33.5,33.52,33.5,33.52,12.38
1542911340,33.51,33.52,33.52,33.51,24.95
1542911400,33.5,33.51,33.51,33.5,59.97
1542911460,33.5,33.52,33.52,33.51,74.66
1542911520,33.51,33.52,33.51,33.52,13.84
1542911580,33.5,33.54,33.51,33.54,32.65
1542911640,33.5,33.54,33.54,33.51,94.39
1542911700,33.47,33.51,33.51,33.48,10.22
1542911760,33.48,33.48,33.48,33.48,10.03
1542911820,33.47,33.48,33.48,33.47,38.63
1542911880,33.47,33.48,33.48,33.48,58.15
1542911940,33.39,33.47,33.47,33.4,29.39
1542912000,33.37,33.4,33.4,33.39,19.87
1542912060,33.36,33.39,33.36,33.36,15.73
1542912120,33.36,33.39,33.39,33.38,41.56
1542912180,33.36,33.37,33.36,33.36,37.1
1542912240,33.37,33.37,33.37,33.37,5.57
1542912300,33.36,33.37,33.37,33.37,16.97
1542912360,33.27,33.36,33.36,33.31,579.43
1542912420,33.25,33.31,33.31,33.26,406.27
1542912480,33.25,33.25,33.25,33.25,9.52
1542912540,33.24,33.25,33.24,33.25,10.5
1542912600,33.21,33.26,33.25,33.26,24.34
1542912660,33.24,33.28,33.25,33.28,96.19
1542912720,33.22,33.28,33.28,33.22,74.78
1542912780,33.22,33.27,33.24,33.26,134.04
1542912840,33.26,33.28,33.26,33.28,10.89
1542912900,33.21,33.27,33.27,33.27,88.96
1542912960,33.21,33.27,33.27,33.21,15.37
1542913020,33.22,33.24,33.22,33.24,4.84
