1535050560,56.39,56.46,56.45,56.4,127.31286910000003
1535050620,56.41,56.45,56.41,56.45,58.450982780000004
1535050680,56.4,56.45,56.4,56.4,30.344693
1535050740,56.4,56.46,56.45,56.41,28.875906360000002
1535050800,56.42,56.47,56.42,56.45,76.51688031999998
1535050860,56.45,56.46,56.46,56.46,42.204561829999996
1535050920,56.45,56.46,56.46,56.46,26.965652160000005
1535050980,56.46,56.46,56.46,56.46,11.851336619999998
1535051040,56.45,56.46,56.46,56.45,15.881353650000001
1535051100,56.45,56.46,56.46,56.46,17.34455018
1535051160,56.36,56.47,56.46,56.47,230.57589241999997
1535051220,56.41,56.47,56.46,56.45,78.34235440999998
1535051280,56.44,56.46,56.45,56.44,52.97091004
1535051340,56.44,56.45,56.45,56.45,26.597049620000007
1535051400,56.39,56.45,56.45,56.45,75.95942616999999
1535051460,56.39,56.45,56.44,56.41,60.89942377
1535051520,56.42,56.45,56.43,56.42,24.953864690000003
1535051580,56.35,56.43,56.42,56.39,379.6236092799999
1535051640,56.38,56.39,56.38,56.39,9.38897324
1535051700,56.37,56.39,56.38,56.39,13.69631055
1535051760,56.38,56.39,56.39,56.38,10.083237200000001
1535051820,56.39,56.45,56.39,56.45,89.83830069000001
1535051880,56.42,56.45,56.45,56.45,6.8097221900000005
1535051940,56.42,56.45,56.45,56.42,19.44907275
1535052000,56.42,56.45,56.42,56.45,21.928047990000003
1535052060,56.44,56.45,56.45,56.44,26.66894063
1535052120,56.44,56.45,56.44,56.44,22.70180407
1535052180,56.44,56.45,56.45,56.45,8.98922281
1535052240,56.44,56.45,56.45,56.45,21.791865800000004
1535052300,56.28,56.45,56.45,56.28,287.93241324
1535052360,56.27,56.37,56.28,56.35,444.8434902299999
1535052420,56.27,56.33,56.33,56.27,154.32084132
1535052480,56.1,56.28,56.28,56.1,364.59476023000013
1535052540,55.95,56.11,56.11,55.95,537.47863779
1535052600,55.91,56.05,55.94,56.02,446.32508514
1535052660,55.91,56.01,56.01,55.92,83.49334856999998
1535052720,55.45,55.92,55.91,55.65,2563.2524421999997
1535052780,55.65,56.0,55.65,55.91,448.1672588299999
1535052840,55.7,55.89,55.88,55.76,92.22754545999993
1535052900,55.7,55.79,55.76,55.7,45.7501
1535052960,55.7,55.9,55.71,55.78,122.57934468999993
1535053020,55.72,55.88,55.79,55.81,58.241684379999995
1535053080,55.66,55.79,55.79,55.7,57.14414138
1535053140,55.7,55.88,55.73,55.88,346.19459167
1535053200,55.8,55.86,55.86,55.81,115.63710141000001
1535053260,55.8,55.9,55.8,55.9,23.517909020000005
1535053320,55.8,55.9,55.9,55.9,128.14091910000002
1535053380,55.88,55.92,55.9,55.92,29.494068270000007
1535053440,55.81,55.92,55.91,55.81,101.34202972
1535053500,55.82,55.85,55.82,55.85,36.18181382
1535053560,55.84,55.92,55.84,55.91,32.82806281
1535053620,55.81,55.92,55.91,55.81,44.537417669999996
1535053680,55.84,55.85,55.85,55.84,8.58681113
1535053740,55.84,55.9,55.84,55.9,148.20434050000006
1535053800,55.84,55.95,55.9,55.84,61.55272428
1535053860,55.84,55.85,55.85,55.84,4.852
1535053920,55.84,55.85,55.85,55.85,23.970122560000004
1535053980,55.84,55.85,55.85,55.84,15.523842479999999
1535054040,55.84,55.85,55.85,55.84,33.69299977
1535054100,55.84,55.85,55.84,55.84,44.09679602
1535054160,55.84,55.85,55.85,55.85,2.06584028
1535054220,55.84,55.85,55.84,55.85,62.61248026
1535054280,55.84,55.89,55.85,55.88,57.69632403
1535054340,55.84,55.88,55.84,55.86,6.40600547
1535054400,55.76,55.84,55.84,55.76,287.38619688999995
1535054460,55.72,55.77,55.76,55.72,268.45822895
1535054520,55.67,55.72,55.72,55.67,37.55496761
1535054580,55.6,55.66,55.66,55.61,56.04755783
1535054640,55.55,55.61,55.6,55.61,108.75687435999998
1535054700,55.63,55.69,55.64,55.63,151.78015666
1535054760,55.6,55.63,55.63,55.6,48.70496360999999
1535054820,55.61,55.79,55.64,55.78,750.0720670100001
1535054880,55.67,55.72,55.7,55.67,33.11402168
1535054940,55.67,55.72,55.67,55.72,33.92150675
1535055000,55.7,55.75,55.72,55.75,109.15744849000001
1535055060,55.78,55.79,55.78,55.79,16.84891032
1535055120,55.8,55.99,55.8,55.98,656.9398583400006
1535055180,55.98,55.99,55.99,55.98,15.440672640000003
1535055240,55.98,56.0,55.99,56.0,15.335280840000003
1535055300,55.99,56.0,55.99,56.0,5.93796118
1535055360,56.0,56.0,56.0,56.0,25.84726753
1535055420,55.99,56.0,55.99,56.0,12.37690948
1535055480,55.99,56.09,56.0,56.08,306.88854154000035
1535055540,56.09,56.23,56.09,56.22,63.455203600000004
1535055600,56.22,56.23,56.23,56.22,3.29447377
1535055660,56.22,56.31,56.23,56.3,97.58728425000001
1535055720,56.3,56.32,56.3,56.32,15.80257594
1535055780,56.32,56.32,56.32,56.32,21.951008809999998
1535055840,56.31,56.32,56.32,56.31,99.86762555000001
1535055900,55.99,56.31,56.31,56.0,190.05871052999996
1535055960,55.99,56.01,55.99,56.01,11.04851883
1535056020,55.99,56.0,56.0,55.99,32.27986269
1535056080,55.99,56.0,56.0,55.99,31.33856189
1535056140,55.99,56.01,56.0,56.01,526.83469572
1535056200,55.99,56.0,55.99,56.0,44.6373368
1535056260,56.0,56.0,56.0,56.0,1.1
1535056320,56.0,56.02,56.0,56.02,62.68514569999999
1535056380,55.98,56.05,56.03,55.99,179.52902169
1535056440,55.98,55.99,55.99,55.99,3.94209635
1535056500,55.98,56.05,55.99,56.0,71.21922216999998
1535056560,55.99,56.05,56.05,55.99,22.755635609999995
1535056620,56.0,56.0,56.0,56.0,6.78606966
1535056680,55.99,56.05,55.99,56.05,22.66569489
1535056740,56.04,56.04,56.04,56.04,7.28212798
1535056800,56.04,56.19,56.05,56.18,227.58899638999998
1535056860,56.07,56.12,56.1,56.12,5.44951108
1535056920,56.09,56.14,56.09,56.11,33.30732735
1535056980,56.12,56.18,56.12,56.18,19.41767885
1535057040,56.15,56.18,56.18,56.16,16.66048812
1535057100,56.1,56.15,56.15,56.11,12.27491602
1535057160,56.1,56.11,56.11,56.11,30.80343607
1535057220,56.1,56.17,56.14,56.1,206.20861323
1535057280,56.11,56.15,56.11,56.15,29.73585996
1535057340,56.08,56.15,56.15,56.09,53.239745729999996
1535057400,56.07,56.09,56.09,56.08,21.87789874
1535057460,56.08,56.09,56.08,56.09,30.834699999999998
1535057520,56.08,56.09,56.09,56.09,11.87281172
1535057580,56.09,56.09,56.09,56.09,50.5318522
1535057640,56.08,56.09,56.09,56.08,6.85358911
1535057700,55.8,56.08,56.08,55.81,1037.6077959000004
1535057760,55.69,55.8,55.8,55.7,80.12194154999996
1535057820,55.69,55.7,55.7,55.7,14.3688836
1535057880,55.69,55.78,55.69,55.77,109.43119014000001
1535057940,55.78,55.89,55.78,55.89,74.34618147999998
1535058000,55.86,55.89,55.86,55.89,21.789483240000003
1535058060,55.9,55.98,55.9,55.97,141.32661249
1535058120,55.98,56.14,55.98,56.14,257.00101663
1535058180,56.14,56.2,56.14,56.15,61.71541903
1535058240,56.16,56.2,56.2,56.2,42.57323605
1535058300,56.2,56.4,56.2,56.39,1529.0892461299982
1535058360,56.3,56.39,56.32,56.3,41.77674654
1535058420,56.3,56.36,56.35,56.36,32.10532264
1535058480,56.31,56.36,56.36,56.32,45.72200914000001
1535058540,56.23,56.32,56.31,56.25,213.54595559
1535058600,56.2,56.23,56.22,56.21,48.64069297000001
1535058660,56.13,56.2,56.2,56.14,377.10426249
1535058720,56.04,56.14,56.13,56.04,549.6633943400001
1535058780,55.98,56.06,56.06,55.99,137.92183260000004
1535058840,55.99,56.03,55.99,56.01,97.43903106
1535058900,56.01,56.02,56.02,56.01,12.95509929
1535058960,56.02,56.43,56.02,56.29,1013.2485016300002
1535059020,56.22,56.29,56.29,56.22,136.01566574999998
1535059080,56.24,56.29,56.28,56.24,90.11125696000002
1535059140,56.25,56.3,56.27,56.25,393.63215842
1535059200,56.25,56.3,56.3,56.29,4.752274000000001
1535059260,56.2,56.3,56.2,56.21,79.18482222
1535059320,56.2,56.29,56.29,56.25,21.266341719999996
1535059380,56.2,56.25,56.25,56.2,12.511002699999999
1535059440,56.25,56.3,56.25,56.3,14.982655219999998
1535059500,56.28,56.3,56.28,56.3,15.62009486
1535059560,56.28,56.3,56.3,56.28,32.54728317
1535059620,56.28,56.3,56.28,56.3,15.57725186
1535059680,56.28,56.3,56.3,56.28,34.67942297999999
1535059740,56.29,56.3,56.29,56.3,56.6659858
1535059800,56.3,56.59,56.3,56.59,879.2408726000007
1535059860,56.6,56.9,56.6,56.86,674.1028103399999
1535059920,56.75,56.9,56.86,56.87,231.34066005999995
1535059980,56.84,56.88,56.84,56.88,34.68503759000001
1535060040,56.86,56.88,56.88,56.88,36.69018841
1535060100,56.8,56.88,56.88,56.8,93.34015407000001
1535060160,56.77,56.86,56.82,56.85,185.98078257999993
1535060220,56.72,56.8,56.8,56.75,40.10561055000001
1535060280,56.74,56.75,56.75,56.75,21.97045011
1535060340,56.74,56.75,56.75,56.75,11.15974111
1535060400,56.74,56.75,56.75,56.75,28.40516071
1535060460,56.74,56.75,56.75,56.75,3.30865554
1535060520,56.74,56.75,56.74,56.75,29.453597669999994
1535060580,56.72,56.81,56.74,56.81,225.41089256000004
1535060640,56.76,56.85,56.85,56.78,15.599925659999998
1535060700,56.76,56.88,56.85,56.88,248.00055921999999
1535060760,56.87,56.99,56.87,56.9,256.31961929
1535060820,56.95,57.0,56.95,57.0,145.23546407
1535060880,56.98,57.06,57.0,57.05,648.7579477700002
1535060940,57.06,57.06,57.06,57.06,17.44432355
1535061000,57.05,57.06,57.06,57.06,35.236444309999996
1535061060,57.0,57.06,57.05,57.04,473.88073384999996
1535061120,57.03,57.06,57.04,57.05,542.98466949
1535061180,57.05,57.06,57.06,57.05,66.50396934999999
1535061240,57.05,57.06,57.06,57.06,90.35796275
1535061300,57.05,57.06,57.06,57.06,64.93386858
1535061360,57.05,57.06,57.05,57.05,134.98960782999998
1535061420,57.05,57.06,57.06,57.06,10.90949892
1535061480,57.06,57.06,57.06,57.06,24.201867240000002
1535061540,57.05,57.06,57.06,57.05,7.370375849999999
1535061600,57.05,57.12,57.05,57.12,457.1740375699998
1535061660,57.12,57.2,57.12,57.2,280.1592468
1535061720,57.2,57.44,57.2,57.35,439.6755646500001
1535061780,57.27,57.59,57.31,57.48,1311.6826227899999
1535061840,57.45,57.6,57.47,57.53,390.67347753
1535061900,57.35,57.56,57.47,57.47,192.72598611999996
1535061960,57.5,57.56,57.54,57.51,124.59041813
1535062020,57.51,57.91,57.51,57.89,691.2695300900003
1535062080,57.76,57.9,57.9,57.77,113.13109303000002
1535062140,57.8,57.89,57.85,57.81,101.21714888
1535062200,57.6,57.8,57.8,57.75,784.7778826199997
1535062260,57.7,57.82,57.71,57.8,232.04807518999996
1535062320,57.7,57.84,57.79,57.84,154.76986759
1535062380,57.8,57.85,57.8,57.82,207.10405515999997
1535062440,57.8,57.82,57.8,57.8,10.955391010000001
1535062500,57.7,57.81,57.8,57.7,231.50595281000003
1535062560,57.6,57.7,57.7,57.6,143.38265514999998
1535062620,57.58,57.61,57.61,57.58,302.8347979
1535062680,57.37,57.59,57.58,57.59,985.45933119
1535062740,57.57,57.59,57.59,57.57,161.68633065
1535062800,57.45,57.57,57.57,57.55,95.75813095999999
1535062860,57.5,57.54,57.54,57.5,1.5
1535062920,57.51,57.57,57.51,57.57,28.45624415
1535062980,57.56,57.57,57.56,57.56,26.25859622
1535063040,57.51,57.57,57.57,57.51,2.8452829299999998
1535063100,57.29,57.55,57.55,57.32,1774.3865499799995
1535063160,57.3,57.34,57.3,57.34,177.81067742000002
1535063220,57.3,57.33,57.33,57.31,260.44164657999994
1535063280,57.3,57.31,57.31,57.31,6.34068768
1535063340,57.3,57.31,57.31,57.31,63.244405619999995
1535063400,57.3,57.31,57.3,57.3,327.60417694000006
1535063460,57.3,57.31,57.3,57.3,116.22529306999999
1535063520,57.3,57.31,57.3,57.31,121.97963554000002
1535063580,57.3,57.31,57.31,57.31,108.03248184999998
1535063640,57.3,57.31,57.31,57.3,22.59779997
1535063700,57.3,57.31,57.31,57.3,47.712932620000004
1535063760,57.3,57.31,57.3,57.31,57.717829470000005
1535063820,57.3,57.31,57.31,57.3,2.7
1535063880,57.3,57.32,57.31,57.32,152.59449916000003
1535063940,57.31,57.32,57.32,57.32,32.55651993
1535064000,57.3,57.32,57.31,57.3,433.38071801
1535064060,57.3,57.31,57.3,57.31,50.3887635
1535064120,57.3,57.31,57.31,57.3,66.24901048
1535064180,57.3,57.31,57.3,57.31,39.435163949999996
1535064240,57.05,57.31,57.31,57.05,695.4610518800005
1535064300,56.99,57.05,57.05,57.0,165.50967045999994
1535064360,56.97,57.0,56.99,57.0,273.36266428999994
1535064420,56.99,57.07,57.0,57.07,591.74707112
1535064480,56.89,57.1,57.07,56.99,819.3514583400002
1535064540,56.96,57.0,56.98,57.0,47.79050137
1535064600,56.96,57.0,57.0,56.99,56.26311683
1535064660,57.0,57.0,57.0,57.0,11.545430759999999
1535064720,56.98,57.0,57.0,56.98,308.93706316
1535064780,56.96,57.0,56.99,56.99,22.491912810000002
1535064840,56.98,57.0,56.99,56.99,57.130916400000004
1535064900,56.95,56.99,56.98,56.99,15.106656520000003
1535064960,56.95,56.99,56.99,56.96,11.784216599999999
1535065020,56.96,56.96,56.96,56.96,2.0
1535065080,56.95,57.01,56.96,57.01,113.13146569
1535065140,57.01,57.1,57.01,57.1,22.70101762
1535065200,57.07,57.08,57.08,57.08,11.06620553
1535065260,57.0,57.08,57.08,57.0,19.400983520000004
1535065320,56.96,57.01,57.01,57.0,12.20981358
1535065380,57.0,57.01,57.01,57.01,77.75798416
1535065440,57.0,57.01,57.0,57.0,44.828291899999996
1535065500,56.97,57.01,57.01,56.97,16.93725941
1535065560,56.95,57.01,56.96,57.0,13.27867566
1535065620,56.96,57.0,56.96,56.99,11.83579499
1535065680,56.95,57.0,57.0,56.96,72.93269685000001
1535065740,56.95,56.96,56.95,56.96,33.16346039
1535065800,56.95,56.96,56.95,56.95,6.81133719
1535065860,56.95,56.96,56.95,56.95,14.359519380000002
1535065920,56.95,56.97,56.95,56.97,47.46821539
1535065980,56.96,56.97,56.96,56.97,9.260730729999999
1535066040,56.96,57.0,56.97,57.0,219.1776937
1535066100,57.0,57.0,57.0,57.0,55.99487915
1535066160,57.0,57.05,57.0,57.04,93.77489722999998
1535066220,57.05,57.05,57.05,57.05,12.029772260000001
1535066280,56.95,57.08,57.05,56.96,485.25799538
1535066340,56.95,56.96,56.96,56.96,16.08196091
1535066400,56.95,56.96,56.95,56.96,18.44044576
1535066460,56.95,56.96,56.95,56.96,8.5234878
1535066520,56.95,56.96,56.96,56.96,31.12431291
1535066580,56.95,56.96,56.95,56.96,0.94438733
1535066640,56.95,57.0,56.95,56.95,79.83080191000002
1535066700,56.96,57.0,57.0,56.99,8.43511309
1535066760,56.97,56.97,56.97,56.97,12.56530837
1535066820,56.96,57.02,56.97,57.01,21.897182270000002
1535066880,56.95,57.01,57.01,56.98,3.48332437
1535066940,56.95,56.98,56.98,56.96,12.682968420000002
1535067000,56.96,56.96,56.96,56.96,3.4406466
1535067060,56.95,56.96,56.96,56.95,107.07300036
1535067120,56.95,56.96,56.96,56.96,35.47919564
1535067180,56.95,56.96,56.96,56.95,16.021368159999998
1535067240,56.96,56.96,56.96,56.96,13.322677350000001
1535067300,56.96,56.99,56.96,56.99,5.76317897
1535067360,56.99,57.29,56.99,57.29,611.9765183299999
1535067420,57.28,57.31,57.29,57.31,411.31135248
1535067480,57.3,57.31,57.31,57.31,63.56322763
1535067540,57.32,57.32,57.32,57.32,180.16889057000003
1535067600,57.23,57.32,57.3,57.23,17.53610349
1535067660,57.16,57.25,57.2,57.22,20.63545451
1535067720,57.25,57.25,57.25,57.25,6.8236981000000005
1535067780,57.24,57.25,57.24,57.25,10.700130370000002
1535067840,57.21,57.25,57.21,57.24,285.11151356
1535067900,57.25,57.25,57.25,57.25,8.44834429
1535067960,57.24,57.25,57.25,57.24,23.75911752
1535068020,57.24,57.25,57.24,57.25,69.41202691000001
1535068080,57.25,57.25,57.25,57.25,17.54789371
1535068140,57.25,57.25,57.25,57.25,0.35647092
1535068200,57.23,57.25,57.25,57.24,60.223
1535068260,57.23,57.25,57.23,57.25,82.94004100999999
1535068320,57.24,57.25,57.24,57.25,22.48336422
1535068380,57.25,57.3,57.25,57.29,9.83374787
1535068440,57.29,57.29,57.29,57.29,10.63004696
1535068500,57.28,57.28,57.28,57.28,1.505
1535068560,57.28,57.32,57.29,57.32,511.44839172
1535068620,57.31,57.32,57.32,57.31,5.76171234
1535068680,57.31,57.32,57.32,57.31,13.91285945
1535068740,57.31,57.32,57.32,57.31,20.75878255
1535068800,57.32,57.39,57.32,57.37,237.45108100999994
1535068860,57.36,57.47,57.36,57.47,295.28524802999993
1535068920,57.38,57.5,57.47,57.45,501.63440304000005
1535068980,57.42,57.45,57.43,57.43,29.25805729
1535069040,57.38,57.42,57.42,57.41,124.50785369
1535069100,57.35,57.45,57.41,57.35,204.47719699999993
1535069160,57.35,57.36,57.35,57.36,14.36774116
1535069220,57.33,57.36,57.35,57.34,25.45238963
1535069280,57.34,57.39,57.34,57.37,14.501040210000001
1535069340,57.25,57.36,57.36,57.26,572.2299442100001
1535069400,57.25,57.26,57.25,57.26,144.61524649999996
1535069460,57.25,57.26,57.26,57.26,13.389273999999999
1535069520,57.26,57.26,57.26,57.26,10.93959164
