1533218220,75.85,75.89,75.85,75.88,47.54659009
1533218280,75.8,75.88,75.88,75.81,36.29684749
1533218340,75.8,75.81,75.8,75.81,22.606302900000006
1533218400,75.8,75.81,75.81,75.8,43.42052311
1533218460,75.73,75.81,75.81,75.76,162.91425415
1533218520,75.65,75.77,75.76,75.75,29.71388496
1533218580,75.72,75.75,75.75,75.73,32.91290903
1533218640,75.57,75.73,75.73,75.62,164.42500743000002
1533218700,75.55,75.64,75.62,75.61,199.22384406999998
1533218760,75.57,75.65,75.61,75.63,98.56053986999997
1533218820,75.65,75.67,75.65,75.67,312.83044466
1533218880,75.51,75.72,75.67,75.72,875.8847801500001
1533218940,75.6,75.72,75.72,75.71,52.6271492
1533219000,75.7,75.71,75.71,75.71,88.43762691999999
1533219060,75.7,75.77,75.7,75.76,168.48920772
1533219120,75.69,75.77,75.76,75.7,150.30610194
1533219180,75.69,75.75,75.7,75.75,42.88765427999999
1533219240,75.74,75.75,75.75,75.75,63.74272731999999
1533219300,75.74,75.75,75.74,75.75,110.33018968
1533219360,75.74,75.78,75.74,75.78,166.27016974000003
1533219420,75.77,75.78,75.78,75.78,60.67498435
1533219480,75.78,75.8,75.78,75.79,20.702344
1533219540,75.79,75.8,75.8,75.8,33.278322270000004
1533219600,75.79,76.08,75.8,76.08,965.3792024300003
1533219660,76.0,76.07,76.07,76.06,45.41973987000001
1533219720,76.05,76.08,76.06,76.05,32.77492494
1533219780,76.05,76.08,76.06,76.05,78.16821010000002
1533219840,76.06,76.1,76.06,76.1,14.895340379999999
1533219900,76.0,76.1,76.1,76.01,271.39180154999997
1533219960,76.0,76.05,76.01,76.05,44.1288413
1533220020,76.04,76.05,76.04,76.05,21.85281175
1533220080,76.05,76.14,76.05,76.14,208.09752026999996
1533220140,76.13,76.14,76.13,76.13,19.1535648
1533220200,76.05,76.13,76.13,76.06,192.93377822999997
1533220260,76.0,76.06,76.05,76.01,38.97211304000001
1533220320,76.01,76.07,76.01,76.05,127.41787070999999
1533220380,76.05,76.06,76.05,76.06,4.80580562
1533220440,75.98,76.06,76.06,75.98,62.40617305000001
1533220500,75.98,76.03,75.99,76.03,53.259833680000014
1533220560,76.01,76.1,76.01,76.1,24.725002469999996
1533220620,76.09,76.1,76.1,76.1,70.34454851
1533220680,76.01,76.1,76.1,76.02,120.36560698
1533220740,76.01,76.1,76.01,76.09,36.285898159999995
1533220800,76.09,76.1,76.1,76.1,7.78755443
1533220860,76.09,76.1,76.1,76.09,16.188999609999996
1533220920,76.02,76.1,76.1,76.03,141.61165961
1533220980,76.03,76.1,76.03,76.08,79.35275897
1533221040,76.08,76.09,76.08,76.09,22.81069659
1533221100,76.08,76.09,76.08,76.08,34.870800960000004
1533221160,76.08,76.09,76.09,76.09,44.36881768000001
1533221220,76.08,76.09,76.08,76.09,74.09909589
1533221280,76.08,76.09,76.09,76.08,20.80860683
1533221340,76.08,76.09,76.09,76.09,333.69522092999995
1533221400,76.08,76.26,76.09,76.23,118.48106360000001
1533221460,76.11,76.23,76.22,76.16,136.45406812999997
1533221520,76.16,76.23,76.17,76.23,112.67574987
1533221580,76.16,76.23,76.22,76.16,135.58932625
1533221640,76.17,76.22,76.17,76.22,13.697982159999999
1533221700,76.14,76.22,76.22,76.15,125.23477222
1533221760,76.14,76.15,76.14,76.15,36.63356764
1533221820,76.14,76.15,76.15,76.15,55.045849569999994
1533221880,76.01,76.15,76.15,76.01,145.31665868000005
1533221940,76.06,76.15,76.06,76.15,79.6181275
1533222000,76.13,76.16,76.14,76.16,208.22948743999993
1533222060,76.15,76.18,76.15,76.17,31.357923109999998
1533222120,76.12,76.18,76.15,76.16,41.31681253000001
1533222180,76.15,76.18,76.16,76.17,147.29258998
1533222240,76.16,76.21,76.17,76.21,121.75222659000006
1533222300,76.18,76.24,76.18,76.22,27.317068700000007
1533222360,76.16,76.22,76.16,76.2,38.6489042
1533222420,76.18,76.22,76.21,76.19,22.202464279999997
1533222480,76.18,76.3,76.19,76.3,219.60981892999993
1533222540,76.3,76.35,76.3,76.31,50.3307785
1533222600,76.32,76.35,76.32,76.34,36.056749679999996
1533222660,76.35,76.35,76.35,76.35,2.52034455
1533222720,76.34,76.38,76.35,76.38,47.449656880000006
1533222780,76.35,76.38,76.38,76.36,37.15621725
1533222840,76.35,76.36,76.36,76.36,38.37472433000001
1533222900,76.35,76.38,76.36,76.38,50.61720493999999
1533222960,76.35,76.38,76.37,76.35,30.964930170000002
1533223020,76.35,76.36,76.36,76.36,5.59845982
1533223080,76.35,76.38,76.36,76.35,81.52947716999999
1533223140,76.31,76.36,76.35,76.35,133.35688425
1533223200,76.31,76.34,76.34,76.34,16.35855308
1533223260,76.31,76.34,76.33,76.31,68.38737721999999
1533223320,76.31,76.32,76.32,76.31,28.93998338
1533223380,76.31,76.32,76.32,76.31,64.89368993
1533223440,76.3,76.32,76.32,76.31,40.209282019999996
1533223500,76.3,76.31,76.31,76.31,62.0639538
1533223560,76.3,76.31,76.31,76.31,11.59905457
1533223620,76.3,76.31,76.31,76.3,53.101884209999994
1533223680,76.15,76.31,76.31,76.16,256.57814232000004
1533223740,76.15,76.19,76.15,76.19,19.571630550000005
1533223800,76.18,76.19,76.19,76.18,83.84290626999999
1533223860,76.18,76.19,76.18,76.18,69.86476434000001
1533223920,76.18,76.19,76.19,76.19,38.51796075
1533223980,76.17,76.19,76.19,76.17,24.27624096
1533224040,76.1,76.18,76.18,76.16,158.98647099000002
1533224100,76.1,76.16,76.1,76.12,13.959383990000001
1533224160,76.06,76.16,76.16,76.1,285.35929387999994
1533224220,76.15,76.17,76.15,76.17,12.773345950000001
1533224280,76.13,76.17,76.16,76.17,49.00282071
1533224340,76.13,76.17,76.17,76.16,33.64203714
1533224400,76.1,76.16,76.16,76.14,48.48629218
1533224460,76.06,76.14,76.1,76.14,157.15166406
1533224520,76.13,76.14,76.14,76.14,13.83304213
1533224580,76.13,76.16,76.14,76.16,66.46166445999998
1533224640,76.13,76.15,76.15,76.14,30.128710820000002
1533224700,76.12,76.16,76.14,76.16,50.20021983
1533224760,76.15,76.16,76.16,76.16,45.9185269
1533224820,76.15,76.16,76.16,76.15,53.773181789999995
1533224880,76.07,76.16,76.15,76.16,48.79795833000001
1533224940,76.12,76.25,76.16,76.17,227.43663409000004
1533225000,76.17,76.21,76.18,76.17,46.337892579999995
1533225060,76.17,76.21,76.18,76.19,54.465893019999996
1533225120,76.17,76.23,76.18,76.23,115.41943485999998
1533225180,76.17,76.22,76.18,76.21,79.94006805000002
1533225240,76.17,76.21,76.18,76.2,61.94476941
1533225300,76.1,76.18,76.17,76.18,47.30785199
1533225360,76.1,76.18,76.17,76.17,66.59722823999999
1533225420,76.17,76.18,76.17,76.18,10.43143768
1533225480,76.17,76.23,76.17,76.23,33.46859222
1533225540,76.22,76.24,76.23,76.23,54.36200885
1533225600,76.23,76.24,76.23,76.24,31.53426173
1533225660,76.24,76.24,76.24,76.24,11.21184012
1533225720,76.16,76.24,76.24,76.16,34.150410789999995
1533225780,76.16,76.24,76.17,76.24,40.958457609999996
1533225840,76.2,76.24,76.24,76.24,79.54075449000001
1533225900,76.23,76.24,76.23,76.24,18.65417877
1533225960,76.24,76.25,76.24,76.25,25.420932609999998
1533226020,76.24,76.25,76.25,76.24,56.38557235
1533226080,76.24,76.25,76.25,76.24,7.866536109999999
1533226140,76.24,76.25,76.25,76.25,28.165090480000003
1533226200,76.24,76.25,76.25,76.25,46.43893743
1533226260,76.2,76.25,76.25,76.2,135.88831619000004
1533226320,76.12,76.21,76.21,76.12,42.014642769999995
1533226380,76.1,76.12,76.12,76.1,41.380433690000004
1533226440,76.06,76.11,76.1,76.07,63.633156529999994
1533226500,76.07,76.1,76.07,76.07,27.957679180000003
1533226560,76.02,76.09,76.09,76.05,32.05581362
1533226620,75.87,76.05,76.05,75.88,516.9573134300001
1533226680,75.9,75.95,75.9,75.95,250.59348342
1533226740,75.94,75.96,75.95,75.96,53.94254775000002
1533226800,75.83,75.96,75.96,75.83,1238.6191736500002
1533226860,75.83,76.0,75.84,76.0,564.6998739799997
1533226920,76.0,76.2,76.0,76.2,154.59201941999999
1533226980,76.21,76.32,76.21,76.32,170.32407074000002
1533227040,76.31,76.5,76.32,76.5,481.4974064700001
1533227100,76.48,76.6,76.5,76.56,1037.94199292
1533227160,76.49,76.56,76.56,76.49,29.860415740000004
1533227220,76.35,76.49,76.48,76.49,400.03572610000003
1533227280,76.44,76.62,76.45,76.62,388.266063
1533227340,76.62,77.16,76.62,77.16,598.0564136000002
1533227400,77.16,77.21,77.16,77.17,972.6812023399999
1533227460,77.18,77.31,77.18,77.3,76.34797332000001
1533227520,77.13,77.31,77.3,77.14,340.32074575999997
1533227580,76.89,77.15,77.15,76.89,52.71757681000001
1533227640,76.9,77.0,76.9,77.0,99.06308779999999
1533227700,76.87,77.0,76.99,76.88,141.34918564
1533227760,76.7,76.88,76.88,76.71,124.66240377999999
1533227820,76.71,76.93,76.71,76.93,74.8257955
1533227880,76.92,77.01,76.93,77.01,101.16386444000003
1533227940,76.95,77.01,77.01,76.95,176.62557476000003
1533228000,76.84,76.96,76.95,76.84,2.85145437
1533228060,76.8,76.84,76.84,76.81,36.87646832000001
1533228120,76.8,76.81,76.81,76.8,53.969913700000006
1533228180,76.8,76.8,76.8,76.8,3.28885535
1533228240,76.8,76.81,76.81,76.8,33.147442559999995
1533228300,76.8,76.81,76.81,76.8,14.88045284
1533228360,76.8,76.91,76.81,76.91,37.711488799999984
1533228420,76.84,76.92,76.9,76.91,110.48294118999999
1533228480,76.82,76.92,76.92,76.82,43.492348650000004
1533228540,76.82,76.86,76.82,76.85,32.88357576
1533228600,76.85,76.86,76.86,76.85,17.477463059999998
1533228660,76.85,76.86,76.86,76.86,43.32208828
1533228720,76.85,76.86,76.86,76.86,7.373065059999999
1533228780,76.85,76.86,76.86,76.86,32.79126296
1533228840,76.82,76.86,76.86,76.85,35.86574281
1533228900,76.84,76.85,76.85,76.85,14.672073780000002
1533228960,76.84,76.85,76.85,76.85,18.69110125
1533229020,76.82,76.85,76.84,76.82,63.887750940000004
1533229080,76.83,76.85,76.83,76.85,81.70220079
1533229140,76.81,76.85,76.85,76.85,88.53990171999999
1533229200,76.8,76.84,76.84,76.81,5.92167929
1533229260,76.8,76.85,76.81,76.85,64.37167535
1533229320,76.84,76.94,76.84,76.86,100.74682149
1533229380,76.88,76.94,76.9,76.88,28.673665330000002
1533229440,76.88,76.89,76.89,76.89,7.65300597
1533229500,76.88,76.89,76.89,76.88,59.19541381
1533229560,76.88,76.94,76.88,76.92,36.10230959000001
1533229620,76.91,76.93,76.93,76.92,19.61777479
1533229680,76.91,76.92,76.91,76.92,102.85210722
1533229740,76.91,76.93,76.92,76.93,45.494040399999996
1533229800,76.92,76.98,76.92,76.98,53.17075094
1533229860,76.98,77.07,76.98,77.07,113.41992156
1533229920,77.06,77.13,77.06,77.12,36.77862112
1533229980,77.08,77.12,77.12,77.08,103.54594193
1533230040,77.08,77.09,77.08,77.09,10.75501956
1533230100,77.01,77.09,77.08,77.04,39.17141861
1533230160,77.03,77.04,77.04,77.04,10.89467959
1533230220,77.03,77.04,77.04,77.03,74.53522697
1533230280,77.03,77.04,77.04,77.04,35.477033150000004
1533230340,77.01,77.07,77.04,77.01,57.627308939999985
1533230400,76.95,77.01,77.01,76.96,19.343676950000003
1533230460,76.95,77.0,76.96,77.0,28.372179680000013
1533230520,77.0,77.01,77.0,77.01,5.166686770000001
1533230580,76.97,77.02,77.01,76.98,40.23706976
1533230640,76.94,76.97,76.97,76.95,55.66034362999999
1533230700,76.94,77.02,76.96,76.94,122.13771050999995
1533230760,76.91,77.0,76.95,76.93,53.83465717000001
1533230820,76.92,76.93,76.92,76.93,13.5073604
1533230880,76.92,76.93,76.93,76.93,14.69570913
1533230940,76.9,76.93,76.93,76.93,73.459221
1533231000,76.88,76.93,76.92,76.88,100.35984943999999
1533231060,76.88,76.89,76.88,76.89,13.50479122
1533231120,76.88,76.89,76.88,76.88,48.25399332
1533231180,76.88,76.89,76.89,76.89,22.71710417
1533231240,76.84,76.89,76.89,76.84,8.358465670000001
1533231300,76.84,76.85,76.84,76.85,6.15250492
1533231360,76.82,76.84,76.84,76.83,10.763606800000002
1533231420,76.82,76.83,76.83,76.83,18.15749333
1533231480,76.69,76.83,76.82,76.69,29.565119390000007
1533231540,76.62,76.69,76.69,76.62,88.85113310000001
1533231600,76.6,76.62,76.61,76.6,19.16348672
1533231660,76.44,76.61,76.6,76.46,207.54430645999992
1533231720,76.45,76.46,76.46,76.46,23.31057175
1533231780,76.45,76.46,76.46,76.46,4.26954694
1533231840,76.45,76.46,76.45,76.46,4.90656126
1533231900,76.45,76.46,76.46,76.45,10.38723472
1533231960,76.45,76.46,76.46,76.46,24.58406702
1533232020,76.45,76.46,76.46,76.45,2.56143514
1533232080,76.45,76.46,76.46,76.45,11.92570721
1533232140,76.45,76.46,76.46,76.45,14.852950439999999
1533232200,76.45,76.46,76.45,76.46,10.07086057
1533232260,76.45,76.5,76.46,76.5,72.27081269
1533232320,76.49,76.5,76.5,76.49,8.258032159999999
1533232380,76.49,76.5,76.5,76.49,16.69287071
1533232440,76.49,76.5,76.49,76.5,63.97177061000001
1533232500,76.45,76.5,76.5,76.45,204.68238706999998
1533232560,76.25,76.41,76.41,76.25,89.38949942
1533232620,76.25,76.26,76.26,76.26,65.83752675000001
1533232680,76.25,76.26,76.26,76.26,45.10882852
1533232740,76.25,76.26,76.25,76.25,98.87034800999999
1533232800,76.25,76.35,76.26,76.34,191.49626516999996
1533232860,76.26,76.34,76.34,76.33,55.823066149999995
1533232920,76.23,76.35,76.35,76.33,304.49097032000003
1533232980,76.28,76.37,76.32,76.36,109.28479639999996
1533233040,76.37,76.45,76.37,76.45,12.260713669999998
1533233100,76.42,76.46,76.45,76.42,69.79734202
1533233160,76.32,76.43,76.43,76.33,28.84305124
1533233220,76.3,76.34,76.32,76.3,166.83463709999998
1533233280,76.16,76.3,76.3,76.24,347.62824273
1533233340,76.1,76.24,76.23,76.12,179.8285025
1533233400,76.0,76.18,76.11,76.18,439.9101533500001
1533233460,76.11,76.18,76.18,76.12,44.6688864
1533233520,76.01,76.12,76.12,76.12,45.444209050000005
1533233580,75.88,76.12,76.11,75.89,1154.83403139
1533233640,75.88,75.9,75.88,75.9,425.84517168
1533233700,75.89,75.95,75.9,75.95,130.12504150999996
1533233760,75.95,76.0,75.95,76.0,27.13990889
1533233820,75.99,76.12,76.0,76.0,479.06225799
1533233880,75.89,75.99,75.99,75.89,358.32793926
1533233940,75.89,76.11,75.89,76.1,262.6394413100001
1533234000,76.09,76.12,76.09,76.12,58.68969731999999
1533234060,76.11,76.12,76.12,76.12,21.39202376
1533234120,76.11,76.12,76.12,76.12,140.86926905
1533234180,76.11,76.12,76.11,76.11,22.10430967
1533234240,76.11,76.12,76.12,76.12,13.995383409999999
1533234300,76.09,76.12,76.12,76.09,104.45713033000003
1533234360,76.03,76.08,76.08,76.05,14.852130250000002
1533234420,75.97,76.1,76.05,76.06,171.73837623999998
1533234480,76.05,76.06,76.06,76.06,70.78436874999998
1533234540,76.06,76.2,76.06,76.2,55.55476904999997
1533234600,76.19,76.2,76.2,76.2,72.39418824
1533234660,76.19,76.2,76.19,76.2,8.39670725
1533234720,76.19,76.2,76.2,76.2,46.70254014
1533234780,76.08,76.19,76.19,76.08,104.37592442
1533234840,76.08,76.09,76.09,76.09,27.44394665
1533234900,76.08,76.09,76.09,76.09,10.57067839
1533234960,76.0,76.08,76.08,76.01,140.24771918
1533235020,76.01,76.09,76.02,76.09,26.873975420000004
1533235080,76.01,76.09,76.08,76.02,61.277599110000004
1533235140,76.02,76.09,76.02,76.07,52.74471655000001
1533235200,76.06,76.07,76.07,76.07,30.89683472
1533235260,76.07,76.09,76.07,76.09,31.48651332
1533235320,76.08,76.09,76.08,76.09,8.06433317
1533235380,76.09,76.11,76.09,76.11,91.57205053
1533235440,76.05,76.11,76.11,76.1,92.53194569
1533235500,76.05,76.1,76.05,76.06,42.427633240000006
1533235560,76.05,76.11,76.06,76.11,33.03244501
1533235620,76.1,76.15,76.1,76.14,22.628937620000002
1533235680,76.15,76.19,76.15,76.19,9.09589512
1533235740,76.18,76.19,76.19,76.19,18.91311698
1533235800,76.18,76.19,76.18,76.18,66.58924309
1533235860,76.18,76.19,76.19,76.18,37.257730429999995
1533235920,76.18,76.19,76.18,76.18,42.125279410000005
1533235980,76.18,76.19,76.19,76.19,17.67999643
1533236040,76.18,76.19,76.18,76.19,7.04514632
1533236100,76.18,76.25,76.19,76.24,68.13037086
1533236160,76.24,76.25,76.25,76.25,28.912736010000003
1533236220,76.18,76.24,76.24,76.19,61.13071551
1533236280,76.11,76.18,76.18,76.17,72.69952037999998
1533236340,76.16,76.17,76.16,76.16,16.92259586
1533236400,76.16,76.17,76.17,76.16,49.70819043
1533236460,76.11,76.17,76.17,76.14,47.38975725999999
1533236520,76.11,76.15,76.15,76.14,89.35650294
1533236580,76.13,76.14,76.14,76.14,62.91116268999998
1533236640,76.13,76.22,76.13,76.21,65.64747364999998
1533236700,76.18,76.22,76.21,76.21,20.508175180000006
1533236760,76.21,76.23,76.21,76.23,31.053154130000003
1533236820,76.23,76.28,76.23,76.27,21.42483138
1533236880,76.27,76.31,76.28,76.27,82.56356189
1533236940,76.27,76.35,76.28,76.35,90.50264984
1533237000,76.29,76.35,76.34,76.34,37.00388013000001
1533237060,76.31,76.35,76.35,76.32,63.9318932
1533237120,76.31,76.32,76.32,76.32,4.064928340000001
1533237180,76.31,76.41,76.31,76.31,121.35496676999999
1533237240,76.31,76.34,76.32,76.32,52.27039912000001
1533237300,76.2,76.35,76.31,76.2,345.69970013000005
1533237360,76.15,76.2,76.2,76.16,119.88771109
1533237420,76.15,76.17,76.16,76.16,52.40565916
1533237480,76.16,76.17,76.17,76.17,24.46203187
1533237540,76.16,76.17,76.17,76.17,22.92593709
1533237600,76.16,76.17,76.17,76.16,68.79379583000001
1533237660,76.17,76.21,76.17,76.21,15.478934070000001
1533237720,76.2,76.35,76.21,76.34,203.05678537
1533237780,76.34,76.35,76.34,76.35,104.63536403
1533237840,76.2,76.34,76.34,76.3,91.50163822000003
1533237900,76.29,76.5,76.29,76.47,44.5934675
1533237960,76.44,76.48,76.48,76.44,10.140680029999999
1533238020,76.44,76.45,76.45,76.45,27.844540230000003
1533238080,76.44,76.45,76.44,76.45,59.42874325
1533238140,76.45,76.45,76.45,76.45,28.15366184999999
1533238200,76.31,76.45,76.44,76.39,199.43334318
1533238260,76.38,76.5,76.38,76.47,455.3960136800001
1533238320,76.43,76.44,76.44,76.43,16.64646287
1533238380,76.38,76.44,76.43,76.38,58.71673475000001
1533238440,76.38,76.46,76.38,76.45,124.01164249000001
1533238500,76.4,76.45,76.41,76.41,35.38740503
1533238560,76.37,76.41,76.41,76.37,105.01151011999998
1533238620,76.38,76.41,76.38,76.41,25.85062713
1533238680,76.37,76.41,76.41,76.37,100.38931434999999
1533238740,76.38,76.43,76.38,76.43,10.603572310000002
1533238800,76.42,76.43,76.43,76.43,20.92014935
1533238860,76.42,76.45,76.43,76.42,99.91192333000001
1533238920,76.37,76.45,76.42,76.44,91.81464758000003
1533238980,76.39,76.46,76.45,76.4,99.14301671
1533239040,76.4,76.42,76.41,76.42,24.03536607
1533239100,76.42,76.42,76.42,76.42,35.18798642000001
1533239160,76.42,76.43,76.43,76.43,12.853688770000002
1533239220,76.42,76.43,76.42,76.43,65.59347140000001
1533239280,76.32,76.43,76.42,76.4,67.75461927
1533239340,76.39,76.41,76.4,76.41,39.280366369999996
1533239400,76.32,76.41,76.4,76.35,73.06937247999998
1533239460,76.32,76.36,76.34,76.32,61.566248800000004
1533239520,76.32,76.33,76.33,76.32,11.36732822
1533239580,76.32,76.33,76.32,76.33,27.464063669999998
1533239640,76.21,76.33,76.32,76.21,44.84327925999999
1533239700,76.2,76.29,76.21,76.29,50.62319354000001
1533239760,76.27,76.29,76.27,76.27,13.96210489
1533239820,76.28,76.31,76.29,76.31,27.119164509999997
1533239880,76.3,76.33,76.31,76.33,35.58545863000001
1533239940,76.33,76.34,76.34,76.34,26.63168814
1533240000,76.33,76.34,76.34,76.34,11.257744960000002
1533240060,76.33,76.34,76.34,76.33,4.64607687
1533240120,76.33,76.34,76.34,76.34,11.3329197
1533240180,76.33,76.34,76.33,76.33,23.543229209999996
1533240240,76.33,76.34,76.34,76.34,38.325995830000004
1533240300,76.33,76.34,76.33,76.34,6.4792000000000005
1533240360,76.21,76.33,76.33,76.22,164.02802175
1533240420,76.22,76.29,76.22,76.28,26.1442151
1533240480,76.29,76.29,76.29,76.29,35.17559610000001
1533240540,76.21,76.29,76.29,76.26,52.93052580000001
1533240600,76.22,76.26,76.26,76.22,31.35797398
1533240660,76.22,76.25,76.22,76.24,48.7413215
1533240720,76.24,76.25,76.25,76.24,11.350715170000003
1533240780,76.25,76.28,76.25,76.28,73.61191540000002
1533240840,76.27,76.38,76.27,76.38,180.8307474
1533240900,76.37,76.41,76.38,76.4,36.55250109
1533240960,76.4,76.4,76.4,76.4,40.211265940000004
1533241020,76.36,76.4,76.4,76.37,25.864946119999995
1533241080,76.36,76.37,76.36,76.37,42.736254450000004
1533241140,76.36,76.4,76.37,76.4,17.9409037
1533241200,76.36,76.4,76.4,76.37,29.088247310000003
1533241260,76.37,76.42,76.37,76.42,28.45026182
1533241320,76.36,76.42,76.42,76.37,102.41811523999999
1533241380,76.37,76.38,76.37,76.38,86.94150755000003
1533241440,76.38,76.38,76.38,76.38,10.56513007
1533241500,76.37,76.38,76.38,76.37,115.697032
1533241560,76.37,76.38,76.37,76.38,32.847230079999996
1533241620,76.37,76.42,76.37,76.42,55.448216400000014
1533241680,76.42,76.43,76.42,76.42,43.046482430000005
1533241740,76.42,76.43,76.43,76.42,19.54429766
1533241800,76.42,76.43,76.43,76.43,47.13900242999999
1533241860,76.42,76.44,76.42,76.43,37.85723841000001
1533241920,76.42,76.43,76.43,76.43,13.65996838
1533241980,76.42,76.43,76.43,76.42,27.229669530000002
1533242040,76.42,76.51,76.42,76.51,213.19256749000004
1533242100,76.51,76.51,76.51,76.51,61.54919769999999
1533242160,76.5,76.51,76.51,76.5,119.34458451
1533242220,76.42,76.54,76.51,76.5,499.18916347000004
1533242280,76.46,76.51,76.47,76.49,96.47657579999999
1533242340,76.45,76.46,76.46,76.45,12.910946129999997
1533242400,76.46,76.46,76.46,76.46,13.651706209999997
1533242460,76.42,76.5,76.45,76.43,51.6570198
1533242520,76.42,76.45,76.42,76.45,11.761450960000001
1533242580,76.44,76.45,76.44,76.45,39.09899487999999
1533242640,76.42,76.45,76.45,76.42,46.22812607
1533242700,76.4,76.43,76.43,76.4,128.69852053
1533242760,76.4,76.43,76.4,76.42,25.96360613
1533242820,76.42,76.45,76.42,76.42,60.539017849999986
1533242880,76.42,76.45,76.43,76.42,13.321605309999999
1533242940,76.4,76.43,76.42,76.41,16.351594329999998
1533243000,76.33,76.41,76.41,76.34,31.80970423
1533243060,76.3,76.34,76.34,76.3,37.20010657
1533243120,76.15,76.31,76.3,76.22,207.42754096000002
1533243180,76.21,76.22,76.21,76.22,34.17808281
1533243240,76.21,76.22,76.21,76.21,25.78263804
1533243300,76.21,76.22,76.22,76.22,2.71480298
1533243360,76.21,76.22,76.22,76.22,10.27631562
1533243420,76.21,76.22,76.21,76.22,36.09879652
1533243480,76.19,76.22,76.22,76.19,87.98172983
1533243540,76.11,76.2,76.2,76.11,45.33529398
1533243600,76.11,76.12,76.11,76.12,66.78788182
1533243660,76.11,76.12,76.12,76.12,15.17683475
1533243720,76.11,76.12,76.11,76.12,34.725248629999996
1533243780,76.11,76.12,76.11,76.12,15.234327400000002
1533243840,76.12,76.14,76.12,76.14,52.23681575
1533243900,76.13,76.15,76.13,76.15,57.689328769999996
1533243960,76.15,76.18,76.15,76.18,4.70275951
1533244020,76.1,76.17,76.17,76.11,10.789047209999998
1533244080,76.11,76.12,76.11,76.11,27.113420599999994
1533244140,76.1,76.12,76.12,76.1,31.03228511
1533244200,76.1,76.11,76.1,76.11,140.50741569
1533244260,76.1,76.11,76.11,76.1,7.59388404
1533244320,76.11,76.14,76.11,76.14,232.21510871999993
1533244380,76.1,76.14,76.14,76.11,93.70700800000003
1533244440,76.1,76.11,76.11,76.11,46.99250424
1533244500,76.1,76.11,76.11,76.1,5.99890225
1533244560,76.1,76.11,76.11,76.1,12.849883140000001
1533244620,76.1,76.11,76.11,76.11,26.019529400000003
1533244680,76.11,76.14,76.11,76.13,26.75413199
1533244740,76.1,76.14,76.13,76.14,64.22389579
1533244800,76.11,76.13,76.13,76.12,56.578557059999994
1533244860,76.11,76.12,76.12,76.12,12.270480130000001
1533244920,76.11,76.12,76.12,76.12,4.36680662
1533244980,76.11,76.12,76.12,76.12,32.04463252
1533245040,76.11,76.12,76.12,76.12,25.15958429
1533245100,76.11,76.12,76.12,76.12,51.41843024
1533245160,76.11,76.12,76.12,76.12,30.94411959
1533245220,76.11,76.12,76.12,76.11,24.618902889999998
1533245280,76.11,76.12,76.12,76.11,7.18393253
1533245340,76.12,76.12,76.12,76.12,8.71265846
1533245400,76.11,76.12,76.12,76.12,16.62334172
1533245460,76.11,76.12,76.12,76.11,10.42977495
1533245520,76.11,76.12,76.12,76.11,44.59766653999999
1533245580,76.11,76.12,76.12,76.12,29.341435620000002
1533245640,76.11,76.12,76.11,76.12,12.986235699999998
1533245700,76.11,76.12,76.12,76.12,18.300620109999997
1533245760,76.12,76.12,76.12,76.12,153.81295158999993
1533245820,76.12,76.13,76.13,76.13,5.42310362
1533245880,76.12,76.13,76.13,76.13,11.70102491
1533245940,76.12,76.14,76.12,76.13,261.24043329000006
1533246000,76.12,76.13,76.13,76.12,44.42733774
1533246060,76.12,76.13,76.12,76.12,15.37714923
1533246120,76.12,76.13,76.13,76.12,32.83719203
1533246180,76.11,76.13,76.13,76.11,121.61406243
1533246240,76.1,76.11,76.11,76.11,119.41901150999999
1533246300,76.1,76.11,76.1,76.11,355.51933797
1533246360,76.1,76.14,76.11,76.11,124.11418941
1533246420,76.1,76.11,76.11,76.1,59.33525968
1533246480,76.1,76.11,76.1,76.11,4.63766638
1533246540,76.1,76.11,76.11,76.11,80.44510670999999
1533246600,76.1,76.11,76.11,76.11,8.58042138
1533246660,76.1,76.11,76.11,76.11,9.02959511
1533246720,76.1,76.11,76.1,76.11,12.90491765
1533246780,76.1,76.11,76.11,76.11,58.49152174
1533246840,76.1,76.11,76.11,76.1,2.1456633800000002
1533246900,76.03,76.11,76.11,76.07,193.1908683699999
1533246960,76.06,76.07,76.06,76.07,56.94565466
1533247020,76.06,76.07,76.07,76.07,26.007109600000003
1533247080,76.06,76.07,76.06,76.07,38.81997596
1533247140,76.06,76.1,76.06,76.1,141.82416720999998
1533247200,76.06,76.09,76.09,76.06,66.18194648
1533247260,76.06,76.06,76.06,76.06,14.40765685
1533247320,76.07,76.08,76.07,76.08,45.319316570000005
1533247380,76.07,76.08,76.08,76.07,53.297019930000005
1533247440,76.07,76.08,76.07,76.08,96.73356604
1533247500,76.07,76.08,76.08,76.08,38.61055387
1533247560,76.07,76.08,76.07,76.08,32.80974288
1533247620,76.07,76.08,76.08,76.07,32.5824932
1533247680,76.07,76.08,76.08,76.08,15.798817000000003
1533247740,76.07,76.08,76.07,76.08,5.3032260099999995
1533247800,76.07,76.08,76.07,76.08,26.499003320000003
1533247860,76.07,76.08,76.08,76.08,38.1847198
1533247920,76.07,76.08,76.07,76.08,147.22978646999996
1533247980,76.07,76.1,76.07,76.09,136.04093828999999
1533248040,76.09,76.1,76.1,76.09,11.993859239999999
1533248100,76.1,76.2,76.1,76.2,64.01101638
1533248160,76.19,76.22,76.2,76.22,18.89841383
1533248220,76.21,76.22,76.21,76.22,7.4775151699999975
1533248280,76.22,76.22,76.22,76.22,4.03991329
1533248340,76.22,76.36,76.22,76.35,42.50510766
1533248400,76.35,76.38,76.36,76.36,171.74556675000002
1533248460,76.35,76.39,76.36,76.39,19.288739500000002
1533248520,76.35,76.39,76.38,76.35,84.9799941
1533248580,76.35,76.39,76.35,76.39,99.70003315000001
1533248640,76.39,76.39,76.39,76.39,69.90789467999998
1533248700,76.38,76.39,76.38,76.39,30.901763430000003
1533248760,76.38,76.39,76.39,76.39,6.008823619999999
1533248820,76.38,76.39,76.39,76.39,48.43136346
1533248880,76.38,76.39,76.38,76.39,23.4133376
1533248940,76.39,76.46,76.39,76.46,251.02490429000002
1533249000,76.45,76.49,76.46,76.48,10.44319663
1533249060,76.48,76.49,76.48,76.49,28.58347388
1533249120,76.48,76.5,76.48,76.49,254.38028073000004
1533249180,76.48,76.49,76.49,76.48,8.08757605
1533249240,76.48,76.49,76.49,76.48,16.39474103
1533249300,76.45,76.49,76.49,76.46,37.84360336
1533249360,76.45,76.46,76.46,76.45,18.822079799999997
1533249420,76.46,76.46,76.46,76.46,31.24411945
1533249480,76.45,76.46,76.45,76.46,7.47545626
1533249540,76.45,76.46,76.45,76.46,11.812525650000001
1533249600,76.45,76.49,76.45,76.49,79.72344167999998
1533249660,76.48,76.49,76.49,76.48,12.924138359999999
1533249720,76.48,76.49,76.49,76.49,55.41247878000001
1533249780,76.41,76.49,76.49,76.41,128.64017930000003
1533249840,76.38,76.4,76.4,76.39,4.49035548
1533249900,76.38,76.39,76.39,76.39,18.47746462
1533249960,76.38,76.39,76.38,76.38,30.71810657
1533250020,76.38,76.39,76.39,76.38,26.24582913
1533250080,76.36,76.39,76.39,76.36,74.79172877000002
1533250140,76.3,76.39,76.35,76.39,135.90731868
1533250200,76.38,76.45,76.39,76.45,125.64104991999999
1533250260,76.44,76.45,76.45,76.45,42.10749538
1533250320,76.44,76.45,76.45,76.45,40.04312277
1533250380,76.45,76.47,76.45,76.46,14.697415870000002
1533250440,76.46,76.47,76.47,76.47,41.26790406
1533250500,76.46,76.47,76.47,76.46,33.13414872
1533250560,76.46,76.47,76.47,76.47,32.98579248
1533250620,76.46,76.47,76.47,76.46,7.58475368
1533250680,76.47,76.47,76.47,76.47,16.603854469999998
1533250740,76.38,76.46,76.46,76.39,96.14906259
1533250800,76.38,76.39,76.38,76.39,7.852964890000001
1533250860,76.38,76.39,76.39,76.38,32.25095518
1533250920,76.39,76.39,76.39,76.39,9.5283
1533250980,76.38,76.39,76.39,76.39,12.839800539999999
1533251040,76.38,76.39,76.39,76.39,35.52963989
1533251100,76.38,76.39,76.39,76.39,19.5882942
1533251160,76.38,76.39,76.39,76.39,18.02705274
1533251220,76.38,76.39,76.39,76.38,45.86469671
1533251280,76.39,76.39,76.39,76.39,8.638746650000002
1533251340,76.38,76.39,76.39,76.39,82.76104744
1533251400,76.38,76.39,76.39,76.39,26.883847550000002
1533251460,76.38,76.39,76.39,76.39,6.09066378
1533251520,76.38,76.39,76.39,76.38,29.753410090000003
1533251580,76.38,76.39,76.39,76.39,19.26908024
1533251640,76.38,76.39,76.38,76.39,28.046198060000002
1533251700,76.38,76.39,76.39,76.39,6.557363540000001
1533251760,76.38,76.39,76.39,76.38,16.31705569
1533251820,76.39,76.39,76.39,76.39,58.629225909999995
1533251880,76.38,76.39,76.39,76.38,28.44678309
1533251940,76.2,76.39,76.39,76.24,157.19889701999995
1533252000,76.24,76.25,76.25,76.25,10.978694760000002
1533252060,76.24,76.25,76.24,76.25,6.863791259999999
1533252120,76.24,76.25,76.24,76.24,132.54376648000002
1533252180,76.25,76.25,76.25,76.25,12.67842143
1533252240,76.24,76.25,76.25,76.25,8.4985712
1533252300,76.24,76.32,76.25,76.32,326.57092480000006
1533252360,76.2,76.31,76.31,76.26,140.15134539999994
1533252420,76.22,76.26,76.26,76.26,90.68228628
1533252480,76.26,76.26,76.26,76.26,12.80958301
1533252540,76.25,76.26,76.25,76.26,12.52413441
1533252600,76.25,76.26,76.25,76.26,11.55062884
1533252660,76.25,76.26,76.26,76.26,16.98895931
1533252720,76.25,76.26,76.25,76.26,40.775842080000004
1533252780,76.26,76.26,76.26,76.26,19.49949706
1533252840,76.2,76.26,76.25,76.21,90.75190443999999
1533252900,76.2,76.26,76.2,76.26,5.019461360000001
1533252960,76.22,76.25,76.25,76.23,9.84989915
1533253020,76.22,76.26,76.22,76.22,23.80490026
1533253080,76.22,76.23,76.23,76.22,10.94677166
1533253140,76.23,76.26,76.23,76.26,9.999999999999998
1533253200,76.22,76.25,76.24,76.23,22.338138419999996
1533253260,76.22,76.24,76.22,76.24,7.01275116
1533253320,76.23,76.24,76.23,76.23,8.19320593
1533253380,76.23,76.24,76.23,76.24,14.119172379999998
1533253440,76.23,76.24,76.23,76.24,37.065918159999995
1533253500,76.23,76.24,76.23,76.24,15.427137119999998
1533253560,76.23,76.24,76.23,76.24,14.39747086
1533253620,76.23,76.24,76.24,76.24,9.165951080000001
1533253680,76.23,76.23,76.23,76.23,6.188743970000001
1533253740,76.23,76.24,76.24,76.24,113.76862363999999
1533253800,76.24,76.24,76.24,76.24,20.3496485
1533253860,76.23,76.24,76.23,76.24,18.87271826
1533253920,76.23,76.24,76.24,76.24,156.14278216
1533253980,76.23,76.24,76.23,76.24,26.028499470000007
1533254040,76.23,76.24,76.23,76.24,101.73892989000001
1533254100,76.23,76.24,76.24,76.24,15.518096560000002
1533254160,76.23,76.24,76.24,76.24,23.167810079999995
1533254220,76.23,76.24,76.24,76.23,13.396308410000001
1533254280,76.23,76.24,76.23,76.24,7.11513862
1533254340,76.23,76.24,76.24,76.23,43.892436440000004
1533254400,76.23,76.24,76.23,76.23,69.64073440000001
1533254460,76.23,76.24,76.24,76.23,37.04346435
1533254520,76.2,76.24,76.23,76.2,96.66472552
1533254580,76.14,76.23,76.2,76.22,374.22995996000003
1533254640,76.16,76.21,76.21,76.16,37.281095959999995
1533254700,76.16,76.17,76.16,76.17,22.417198939999995
1533254760,76.16,76.17,76.17,76.17,7.8268292399999995
1533254820,76.16,76.17,76.17,76.17,427.23299356
1533254880,76.16,76.22,76.17,76.22,419.4415694399999
1533254940,76.21,76.22,76.21,76.21,24.950671650000004
1533255000,76.16,76.22,76.22,76.16,322.24036522
1533255060,76.14,76.17,76.17,76.14,57.34829138
1533255120,76.14,76.15,76.15,76.14,26.20530965
1533255180,76.14,76.18,76.14,76.17,175.07084713999998
1533255240,76.18,76.21,76.18,76.21,11.55883793
1533255300,76.17,76.21,76.21,76.17,36.270130810000005
1533255360,76.14,76.18,76.18,76.17,123.52382882999997
1533255420,76.16,76.17,76.16,76.17,27.011835039999998
1533255480,76.16,76.17,76.17,76.17,8.888834650000002
1533255540,76.16,76.18,76.17,76.17,45.220498369999994
1533255600,76.13,76.17,76.17,76.13,94.68806703
1533255660,76.14,76.17,76.14,76.15,22.147109390000008
1533255720,76.15,76.17,76.15,76.16,9.88278519
1533255780,76.13,76.16,76.16,76.14,33.96553605
1533255840,76.13,76.14,76.14,76.13,13.35127786
1533255900,76.12,76.13,76.13,76.12,188.80178755000003
1533255960,76.12,76.13,76.13,76.12,69.96148362000002
1533256020,76.12,76.13,76.12,76.13,25.676824899999996
1533256080,76.1,76.13,76.13,76.1,488.24552564
1533256140,76.0,76.1,76.1,76.01,507.43523908
1533256200,76.0,76.01,76.0,76.0,126.59534421
1533256260,76.0,76.01,76.01,76.01,32.012471659999996
1533256320,75.94,76.01,76.01,75.94,157.94755723
1533256380,75.87,75.95,75.95,75.87,165.80070236999998
1533256440,75.75,75.87,75.86,75.75,525.6986645500001
1533256500,75.7,75.75,75.75,75.7,346.97961589
1533256560,75.61,75.7,75.7,75.61,995.2096829099999
1533256620,75.51,75.69,75.6,75.69,552.66499748
1533256680,75.64,75.79,75.65,75.79,259.61447683999995
1533256740,75.79,75.83,75.79,75.82,198.77065087
1533256800,75.61,75.81,75.81,75.61,151.42901053999998
1533256860,75.6,75.71,75.61,75.71,28.875332889999996
1533256920,75.7,75.71,75.7,75.71,298.76287884000004
1533256980,75.65,75.7,75.7,75.66,52.88639788000001
1533257040,75.55,75.66,75.65,75.55,349.52301371
1533257100,75.51,75.56,75.55,75.52,160.56381706999997
1533257160,75.5,75.52,75.52,75.51,627.5166267200001
1533257220,75.5,75.54,75.5,75.53,79.74500354000001
1533257280,75.54,75.55,75.54,75.55,193.75268147
1533257340,75.54,75.55,75.55,75.55,98.36751239000002
1533257400,75.54,75.55,75.54,75.54,32.10166018
1533257460,75.5,75.55,75.55,75.51,539.9766574
1533257520,75.44,75.51,75.51,75.51,434.14378985999997
1533257580,75.5,75.52,75.51,75.52,50.80605245999999
1533257640,75.5,75.52,75.52,75.51,99.16649700000002
1533257700,75.48,75.51,75.51,75.48,99.81511223
1533257760,75.44,75.48,75.48,75.48,116.60958502
1533257820,75.47,75.5,75.48,75.5,203.61379745
1533257880,75.49,75.5,75.49,75.49,51.979387089999996
1533257940,75.49,75.5,75.5,75.5,50.08100174
1533258000,75.5,75.5,75.5,75.5,90.29676850999999
1533258060,75.49,75.5,75.49,75.49,104.39160152999999
1533258120,75.49,75.5,75.49,75.49,114.50179766999999
1533258180,75.49,75.5,75.5,75.49,150.55567753
1533258240,75.42,75.49,75.49,75.43,272.4140678600001
1533258300,75.4,75.42,75.42,75.41,47.36481561000001
1533258360,75.41,75.42,75.41,75.42,84.03108431
1533258420,75.4,75.42,75.42,75.4,159.25848617000003
1533258480,75.25,75.4,75.4,75.25,399.56124759999994
1533258540,75.25,75.36,75.25,75.26,285.6878476899999
1533258600,75.26,75.3,75.26,75.3,51.602333529999996
1533258660,75.29,75.3,75.29,75.3,50.115563120000004
1533258720,75.14,75.3,75.3,75.15,471.49761889
1533258780,75.13,75.21,75.15,75.14,47.78303138000001
1533258840,75.13,75.14,75.13,75.14,266.24593044999995
1533258900,75.13,75.14,75.13,75.13,77.0981018
1533258960,75.11,75.14,75.14,75.11,104.47061277000003
1533259020,75.11,75.24,75.11,75.24,270.95043072
1533259080,75.21,75.24,75.24,75.24,110.17635910999999
1533259140,75.23,75.24,75.23,75.23,33.1463058
1533259200,75.23,75.45,75.24,75.38,120.17006336000003
1533259260,75.39,75.44,75.42,75.39,170.99735182999999
1533259320,75.39,75.4,75.4,75.39,47.621049819999996
1533259380,75.39,75.45,75.4,75.45,325.0072978200002
1533259440,75.44,75.69,75.44,75.53,334.9877785600001
1533259500,75.52,75.53,75.53,75.53,77.42715859999997
1533259560,75.52,75.53,75.52,75.52,47.968729710000005
1533259620,75.52,75.53,75.52,75.53,74.49497358000002
1533259680,75.43,75.53,75.52,75.43,136.10888652
1533259740,75.4,75.44,75.44,75.4,88.19792119000002
1533259800,75.4,75.44,75.41,75.43,82.55506614999999
1533259860,75.4,75.44,75.41,75.44,23.23130159
1533259920,75.4,75.49,75.43,75.47,86.84806775
1533259980,75.38,75.46,75.46,75.46,195.72138415999999
1533260040,75.45,75.46,75.46,75.45,24.46088777
1533260100,75.38,75.46,75.46,75.38,73.77537269999999
1533260160,75.38,75.39,75.39,75.39,72.12072092999999
1533260220,75.26,75.39,75.39,75.32,194.43507651999994
1533260280,75.25,75.32,75.32,75.26,34.32686519999999
1533260340,75.26,75.38,75.26,75.37,112.33107192999998
1533260400,75.28,75.4,75.38,75.29,140.69370758
1533260460,75.28,75.29,75.29,75.29,35.98454713
1533260520,75.25,75.29,75.29,75.26,28.06144654
1533260580,75.26,75.26,75.26,75.26,27.43065697
1533260640,75.26,75.29,75.26,75.29,108.44458998
1533260700,75.28,75.35,75.28,75.35,55.493200079999994
1533260760,75.28,75.37,75.35,75.33,54.655552879999995
1533260820,75.32,75.33,75.32,75.33,34.655621780000004
1533260880,75.33,75.37,75.33,75.36,71.36166599
1533260940,75.36,75.46,75.37,75.46,116.73244181000004
1533261000,75.36,75.4,75.4,75.37,309.9432041999998
1533261060,75.36,75.37,75.37,75.36,157.31773822
1533261120,75.36,75.4,75.37,75.37,108.11606500999997
1533261180,75.32,75.37,75.37,75.33,120.03971958
1533261240,75.32,75.34,75.33,75.33,40.98812026999999
1533261300,75.32,75.33,75.32,75.32,94.89620289
1533261360,75.25,75.32,75.32,75.26,77.76205024
1533261420,75.18,75.26,75.26,75.19,192.01266372999996
1533261480,75.19,75.19,75.19,75.19,15.485882870000001
1533261540,75.15,75.19,75.19,75.16,114.77768071
1533261600,75.15,75.23,75.15,75.17,221.01829503
1533261660,75.16,75.25,75.16,75.25,42.404715749999994
1533261720,75.24,75.25,75.24,75.25,20.90369557
1533261780,75.19,75.25,75.25,75.19,64.53726091
1533261840,75.18,75.2,75.2,75.19,95.11025677999999
1533261900,75.18,75.22,75.19,75.19,93.75270361999998
1533261960,75.18,75.19,75.18,75.19,18.39257174
1533262020,75.14,75.19,75.19,75.14,73.49486279999999
1533262080,75.14,75.15,75.15,75.15,121.5707325
1533262140,75.14,75.15,75.15,75.15,35.08936753999999
1533262200,75.14,75.18,75.14,75.18,133.81875327
1533262260,75.17,75.18,75.18,75.17,44.743752199999996
1533262320,75.14,75.31,75.17,75.31,657.592289
1533262380,75.22,75.23,75.23,75.23,22.434504250000003
1533262440,75.14,75.23,75.22,75.2,136.72262113
1533262500,75.15,75.2,75.15,75.2,78.2870224
1533262560,75.16,75.23,75.2,75.2,144.16049478999997
1533262620,75.18,75.2,75.18,75.2,10.100473639999999
1533262680,75.14,75.2,75.2,75.19,72.06534341999999
1533262740,75.19,75.2,75.19,75.2,25.386838850000004
1533262800,75.14,75.19,75.19,75.14,46.92077184
1533262860,75.14,75.2,75.14,75.2,277.66304102000004
1533262920,75.16,75.2,75.2,75.19,60.6759127
1533262980,75.18,75.2,75.18,75.2,23.292393889999996
