1536895800,55.78,55.83,55.8,55.83,416.28167012000006
1536895860,55.78,55.81,55.81,55.78,8.919924589999999
1536895920,55.77,55.79,55.79,55.77,280.45397211000005
1536895980,55.7,55.78,55.78,55.71,48.190237749999994
1536896040,55.65,55.7,55.7,55.66,224.41099201
1536896100,55.35,55.65,55.65,55.36,1396.9843387099995
1536896160,55.35,55.4,55.37,55.37,124.00100248999999
1536896220,55.35,55.39,55.39,55.38,120.88719215999998
1536896280,55.12,55.38,55.38,55.22,436.93716434000015
1536896340,55.19,55.29,55.2,55.29,275.09780184000005
1536896400,55.21,55.29,55.29,55.26,218.46385524
1536896460,55.25,55.29,55.26,55.28,31.377863139999995
1536896520,55.27,55.36,55.27,55.36,7.6740832999999995
1536896580,55.32,55.33,55.33,55.32,53.05448403
1536896640,55.32,55.32,55.32,55.32,24.763172750000003
1536896700,55.31,55.32,55.32,55.32,17.798484600000002
1536896760,55.31,55.32,55.32,55.32,4.87089194
1536896820,55.32,55.32,55.32,55.32,1.46195991
1536896880,55.31,55.32,55.32,55.31,34.37833068
1536896940,55.31,55.32,55.31,55.32,136.85485352999999
1536897000,55.06,55.31,55.31,55.16,732.4992188099999
1536897060,55.01,55.11,55.11,55.04,827.5712717699998
1536897120,55.06,55.1,55.07,55.1,140.34024433999997
1536897180,55.09,55.1,55.09,55.09,102.74096138
1536897240,55.09,55.1,55.09,55.1,19.45936639
1536897300,55.1,55.1,55.1,55.1,21.44
1536897360,55.09,55.1,55.1,55.09,4.2102537
1536897420,55.09,55.1,55.1,55.1,57.980470960000005
1536897480,55.09,55.1,55.1,55.1,39.226277239999995
1536897540,55.09,55.1,55.1,55.1,35.07356943
1536897600,55.09,55.1,55.09,55.1,112.20437860999999
1536897660,55.05,55.09,55.09,55.06,174.96825260999998
1536897720,55.06,55.17,55.06,55.17,164.56876230999998
1536897780,55.17,55.19,55.17,55.18,30.73423931
1536897840,55.18,55.25,55.19,55.25,51.091351110000005
1536897900,55.24,55.25,55.25,55.24,93.66767641
1536897960,55.24,55.25,55.25,55.24,30.19278475
1536898020,55.24,55.25,55.25,55.24,9.74
1536898080,55.24,55.25,55.24,55.25,138.71300638
1536898140,55.24,55.25,55.24,55.24,46.292809569999996
1536898200,55.18,55.21,55.18,55.18,79.39289473
1536898260,55.17,55.25,55.18,55.25,259.74654503000005
1536898320,55.19,55.32,55.24,55.32,307.03712625000003
1536898380,55.24,55.33,55.24,55.32,39.9489274
1536898440,55.29,55.29,55.29,55.29,1.29592587
1536898500,55.28,55.28,55.28,55.28,6.95410646
1536898560,55.27,55.28,55.27,55.28,11.763047089999999
1536898620,55.27,55.28,55.27,55.27,3.869999999999999
1536898680,55.26,55.27,55.27,55.26,17.293409229999998
1536898740,55.26,55.27,55.27,55.27,284.84850643
1536898800,55.21,55.27,55.26,55.23,87.58428213000002
1536898860,55.2,55.21,55.21,55.21,2.00323164
1536898920,55.07,55.2,55.2,55.16,167.13730200999998
1536898980,55.13,55.16,55.16,55.13,12.271294610000002
1536899040,55.05,55.13,55.13,55.06,75.60068053999998
1536899100,55.05,55.09,55.06,55.06,37.769645530000005
1536899160,55.06,55.06,55.06,55.06,5.244030479999999
1536899220,55.05,55.06,55.05,55.05,6.73840239
1536899280,55.01,55.05,55.05,55.01,94.87934703
1536899340,55.01,55.02,55.01,55.01,59.57588276
1536899400,55.01,55.27,55.01,55.26,1712.572543499999
1536899460,55.15,55.21,55.21,55.2,25.101727930000003
1536899520,55.21,55.21,55.21,55.21,2.99761157
1536899580,55.2,55.21,55.21,55.2,13.657249479999999
1536899640,55.17,55.21,55.21,55.17,4.24437797
1536899700,55.08,55.17,55.17,55.17,119.85706858999998
1536899760,55.14,55.16,55.15,55.16,18.59875472
1536899820,55.15,55.16,55.15,55.16,7.49068413
1536899880,55.15,55.17,55.16,55.17,26.49917025
1536899940,55.15,55.15,55.15,55.15,7.058800000000001
1536900000,55.14,55.16,55.16,55.15,16.732828980000004
1536900060,55.14,55.14,55.14,55.14,1.05368183
1536900120,55.02,55.15,55.15,55.03,98.79271999999999
1536900180,55.01,55.02,55.02,55.02,20.47666744
1536900240,55.01,55.02,55.02,55.01,81.5466622
1536900300,54.9,55.01,55.01,54.93,322.1231056
1536900360,54.92,54.94,54.93,54.94,251.37047929000005
1536900420,54.93,55.05,54.94,55.05,39.283034580000006
1536900480,54.98,55.05,55.05,54.98,52.77964116999999
1536900540,54.96,54.98,54.98,54.97,20.84747441
1536900600,54.9,54.97,54.96,54.9,67.92704716999998
1536900660,54.9,54.99,54.9,54.99,10.30610911
1536900720,54.92,54.95,54.93,54.92,42.777727969999994
1536900780,54.91,54.92,54.92,54.91,74.19837312
1536900840,54.91,54.94,54.91,54.94,15.13624995
1536900900,54.92,54.93,54.93,54.92,21.05607691
1536900960,54.93,54.93,54.93,54.93,2.45848855
1536901020,54.93,54.93,54.93,54.93,7.384160570000001
1536901080,54.93,54.93,54.93,54.93,4.62
1536901140,54.92,55.11,54.93,55.11,502.51222656999994
1536901200,55.11,55.25,55.11,55.15,88.82692524
1536901260,55.15,55.17,55.15,55.17,14.293863960000003
1536901320,55.15,55.17,55.17,55.15,11.72905037
1536901380,55.16,55.21,55.16,55.21,59.42382215999999
1536901440,55.2,55.21,55.21,55.2,16.30624839
1536901500,55.2,55.21,55.21,55.21,100.37629075
1536901560,55.2,55.21,55.21,55.21,19.176067160000002
1536901620,55.2,55.21,55.2,55.21,31.35032016
1536901680,55.21,55.22,55.22,55.21,47.09731514
1536901740,55.22,55.25,55.22,55.25,24.383934399999998
1536901800,55.21,55.22,55.22,55.22,5.61494781
1536901860,55.22,55.22,55.22,55.22,16.29783175
1536901920,55.21,55.22,55.21,55.22,11.53260156
1536901980,55.21,55.22,55.22,55.21,12.525028249999998
1536902040,55.21,55.22,55.21,55.22,43.19476437
1536902100,55.21,55.22,55.21,55.21,10.962430759999998
1536902160,55.21,55.23,55.21,55.22,70.86160476
1536902220,55.23,55.23,55.23,55.23,1.20725361
1536902280,55.23,55.34,55.23,55.33,181.87518839999998
1536902340,55.33,55.34,55.34,55.34,14.2531
1536902400,55.33,55.34,55.33,55.33,9.141744769999999
1536902460,55.34,55.35,55.34,55.35,11.07107758
1536902520,55.35,55.4,55.35,55.4,59.00910786
1536902580,55.38,55.41,55.39,55.39,15.311644470000001
1536902640,55.39,55.42,55.4,55.42,42.91269227
1536902700,55.3,55.42,55.42,55.3,263.83126902
1536902760,55.32,55.38,55.33,55.34,55.47995376
1536902820,55.34,55.37,55.35,55.37,27.299689230000002
1536902880,55.34,55.41,55.38,55.35,6.964988920000001
1536902940,55.34,55.35,55.35,55.35,11.73328339
1536903000,55.34,55.35,55.35,55.34,8.94382995
1536903120,55.34,55.35,55.34,55.35,51.981472430000004
1536903180,55.32,55.35,55.35,55.33,82.06383514999999
1536903240,55.32,55.33,55.33,55.33,6.71404326
1536903300,55.32,55.33,55.33,55.32,23.91176548
1536903360,55.27,55.33,55.33,55.32,29.904422070000003
1536903480,55.29,55.29,55.29,55.29,3.84127923
1536903540,55.32,55.32,55.32,55.32,13.79885101
1536903600,55.32,55.32,55.32,55.32,6.883334029999999
1536903660,55.32,55.35,55.32,55.35,72.7996997
1536903720,55.34,55.35,55.35,55.34,3.8013426399999997
1536903780,55.35,55.35,55.35,55.35,1.0
1536903840,55.34,55.35,55.35,55.34,92.15987051
1536903900,55.35,55.41,55.35,55.41,172.47293864999997
1536903960,55.4,55.48,55.41,55.46,155.77828992
1536904020,55.45,55.49,55.49,55.45,1.94121696
1536904080,55.46,55.49,55.46,55.49,18.2829706
1536904140,55.46,55.47,55.47,55.47,0.5867
1536904200,55.17,55.46,55.46,55.17,340.30795156
1536904260,55.1,55.14,55.14,55.1,50.0142
1536904320,55.03,55.09,55.09,55.04,200.43778668
1536904380,54.99,55.04,55.04,54.99,97.79722748
1536904440,55.01,55.08,55.01,55.02,24.40413666
1536904500,55.04,55.05,55.04,55.05,22.33162803
1536904560,55.04,55.05,55.04,55.05,17.05481049
1536904620,55.04,55.05,55.04,55.05,36.58422766
1536904680,54.99,55.05,55.05,55.02,13.51015249
1536904740,55.0,55.04,55.02,55.01,16.719384319999996
1536904800,55.03,55.05,55.04,55.05,144.44004501
1536904860,55.05,55.08,55.05,55.08,20.28069369
1536904920,55.08,55.08,55.08,55.08,2.06791026
1536904980,55.07,55.11,55.08,55.11,11.586598600000002
1536905040,55.1,55.14,55.14,55.1,68.82031641
1536905100,55.11,55.13,55.13,55.13,13.33330685
1536905160,55.11,55.15,55.14,55.11,3.6242
1536905220,55.1,55.12,55.12,55.1,100.40896091
1536905280,55.11,55.12,55.11,55.12,11.10635541
1536905340,55.1,55.13,55.11,55.13,33.21083361000001
1536905460,55.13,55.14,55.13,55.14,21.0459279
1536905520,55.15,55.15,55.15,55.15,49.9999
1536905580,55.14,55.14,55.14,55.14,1.0
1536905640,55.1,55.14,55.14,55.1,129.99858023000002
1536905700,55.03,55.1,55.09,55.05,50.4159133
1536905760,55.0,55.06,55.06,55.0,12.419247509999998
1536905820,55.0,55.01,55.01,55.0,4.637586369999999
1536905880,55.0,55.02,55.02,55.02,28.302428050000003
1536905940,55.01,55.02,55.01,55.02,110.14512261
1536906000,55.01,55.02,55.01,55.01,21.971100269999997
1536906060,55.01,55.02,55.02,55.01,1.8247493700000001
1536906120,55.02,55.02,55.02,55.02,1.931
1536906180,54.93,55.02,55.02,54.93,221.27482115000004
1536906240,54.92,54.95,54.94,54.95,18.16954385
1536906300,54.91,54.93,54.93,54.91,11.371402029999999
1536906360,54.91,54.95,54.95,54.95,5.96080458
1536906420,54.94,54.95,54.94,54.94,57.057495190000004
1536906480,54.94,55.01,54.95,54.99,62.33614416999998
1536906540,55.0,55.06,55.0,55.03,10.11497132
1536906600,55.02,55.07,55.06,55.07,148.23344261
1536906660,55.05,55.08,55.05,55.08,22.3968481
1536906720,55.06,55.11,55.06,55.1,122.88388108999999
1536906780,55.06,55.1,55.07,55.1,10.77765955
1536906840,55.06,55.1,55.08,55.1,16.99497758
1536906900,55.06,55.1,55.08,55.06,24.2008
1536906960,55.06,55.08,55.06,55.06,14.85742747
1536907020,55.06,55.11,55.06,55.09,19.20322568
1536907080,55.07,55.09,55.08,55.09,5.63213496
1536907140,55.06,55.08,55.07,55.06,41.99890793
1536907200,54.96,55.07,55.07,54.96,237.54124609
1536907260,54.92,54.97,54.97,54.93,26.23643988
1536907320,54.93,55.05,54.93,55.05,118.19959002
1536907380,55.03,55.05,55.03,55.05,4.79857072
1536907440,55.04,55.07,55.04,55.07,5.421296
1536907500,55.04,55.05,55.05,55.04,55.87204892
1536907560,55.04,55.05,55.05,55.05,9.6903596
1536907680,55.05,55.12,55.05,55.08,29.017356069999998
1536907740,55.08,55.09,55.08,55.09,4.63115709
1536907800,55.09,55.12,55.09,55.12,44.882068200000006
1536907860,55.12,55.21,55.12,55.2,51.223400000000005
1536907920,55.05,55.26,55.21,55.05,1171.06360273
1536907980,55.06,55.25,55.06,55.2,1158.9829899600002
1536908040,55.11,55.17,55.11,55.12,32.65175783
1536908100,55.11,55.13,55.11,55.13,17.06639059
1536908160,55.11,55.15,55.13,55.11,28.086686970000002
1536908220,55.11,55.15,55.15,55.15,22.898887870000003
1536908280,55.14,55.15,55.15,55.15,37.407510880000004
1536908340,55.14,55.14,55.14,55.14,2.0756
1536908400,55.15,55.18,55.15,55.18,92.51602447
1536908460,55.17,55.18,55.18,55.18,33.049857020000005
1536908580,55.2,55.23,55.23,55.2,8.20106519
1536908640,55.2,55.23,55.23,55.2,23.891733719999998
1536908700,55.21,55.21,55.21,55.21,12.61362991
1536908760,55.21,55.21,55.21,55.21,1.80584852
1536908820,55.2,55.21,55.21,55.21,16.77321075
1536908880,55.21,55.21,55.21,55.21,111.19107495
1536908940,55.2,55.21,55.2,55.2,3.7487145700000006
1536909000,55.21,55.21,55.21,55.21,9.20665747
1536909060,55.2,55.2,55.2,55.2,0.16386279
1536909120,55.21,55.21,55.21,55.21,7.751623499999999
1536909240,55.2,55.21,55.21,55.21,136.58846081
1536909300,55.21,55.21,55.21,55.21,3.1654934200000007
1536909360,55.21,55.21,55.21,55.21,1.90642513
1536909420,55.2,55.21,55.21,55.21,19.0351683
1536909480,55.21,55.4,55.21,55.4,85.92233359
1536909540,55.4,55.48,55.4,55.41,120.92870903999999
1536909600,55.39,55.44,55.43,55.39,10.643044949999998
1536909660,55.3,55.4,55.4,55.33,749.5923663600001
1536909720,55.2,55.29,55.29,55.21,73.71275332000002
1536909780,55.2,55.22,55.2,55.21,20.467511669999997
1536909840,55.22,55.3,55.22,55.3,6.363189760000001
1536909900,55.3,55.37,55.3,55.37,11.81944594
1536909960,55.35,55.39,55.35,55.38,6.34579593
1536910020,55.2,55.39,55.39,55.2,306.3254846400001
1536910080,55.2,55.21,55.21,55.2,7.36025474
1536910140,55.23,55.34,55.23,55.29,23.48231888
1536910200,55.23,55.34,55.26,55.23,26.72043747
1536910320,55.23,55.23,55.23,55.23,2.90573477
1536910380,54.91,55.22,55.22,54.96,326.89087444
1536910440,54.98,55.02,54.98,55.02,4.0229
1536910500,55.0,55.08,55.01,55.05,50.99879348
1536910560,54.96,55.05,55.05,55.0,35.14145559999999
1536910620,55.0,55.0,55.0,55.0,2.59719584
1536910680,54.83,54.99,54.99,54.84,113.55257969999997
1536910740,54.83,54.87,54.87,54.84,7.7504332400000004
1536910800,54.37,54.84,54.84,54.49,2064.33629096
1536910860,54.48,54.72,54.49,54.61,1137.0841615599998
1536910920,54.58,54.75,54.58,54.72,89.47994425000002
1536910980,54.75,54.77,54.75,54.77,48.13105684000001
1536911040,54.65,54.75,54.75,54.65,73.25655419
1536911100,54.54,54.62,54.61,54.62,209.41105972999998
1536911160,54.4,54.57,54.57,54.41,53.35319019
1536911220,54.45,54.53,54.53,54.45,18.444167
1536911280,54.33,54.4,54.4,54.33,10.378740059999998
1536911340,54.33,54.33,54.33,54.33,0.8681650000000001
1536911400,54.34,54.34,54.34,54.34,0.322046
1536911460,54.3,54.33,54.33,54.3,52.90206748
1536911520,54.24,54.3,54.3,54.25,15.786896880000002
1536911580,54.24,54.29,54.24,54.28,19.240447619999998
1536911640,54.29,54.29,54.29,54.29,0.1077
1536911700,54.29,54.48,54.29,54.41,79.16344430000001
1536911760,54.42,54.46,54.43,54.43,11.35832123
1536911820,54.36,54.43,54.43,54.36,3.0380539800000004
1536911880,54.36,54.37,54.37,54.36,5.47837926
1536911940,54.31,54.34,54.31,54.34,5.146499999999999
1536912000,54.29,54.34,54.34,54.32,12.959472810000001
1536912060,54.31,54.38,54.31,54.31,118.20163593
1536912120,54.23,54.28,54.28,54.23,22.437900000000003
1536912180,53.91,54.24,54.23,54.01,1959.0637813500005
1536912240,53.89,54.0,53.94,53.89,150.88755849
1536912300,53.85,54.0,54.0,53.85,37.02204472
1536912360,53.51,53.95,53.87,53.88,4460.468037750002
1536912420,53.87,54.11,53.87,54.11,723.96312741
1536912480,54.07,54.12,54.07,54.12,269.84777568000004
1536912540,54.12,54.25,54.12,54.2,53.67279647000001
1536912600,54.29,54.31,54.31,54.31,76.6468978
1536912660,54.31,54.55,54.31,54.49,80.40553236
1536912720,54.48,54.51,54.48,54.51,136.99738585999998
1536912780,54.52,54.57,54.52,54.57,9.06025
1536912840,54.57,54.65,54.57,54.57,314.47733608000004
1536912900,54.38,54.6,54.57,54.39,953.3503211200001
1536912960,54.43,54.6,54.43,54.6,953.2915437
1536913020,54.53,54.61,54.58,54.6,28.190098680000006
1536913080,54.54,54.63,54.6,54.63,142.72464436
1536913140,54.56,54.63,54.63,54.56,24.5991
1536913200,54.53,54.6,54.57,54.53,209.32293265999996
1536913260,54.54,54.54,54.54,54.54,0.7419984199999999
1536913320,54.53,54.54,54.53,54.54,18.43762985
1536913440,54.49,54.49,54.49,54.49,1.0215
1536913500,54.51,54.55,54.51,54.55,6.89009719
1536913560,54.53,54.64,54.55,54.64,133.00532780000003
1536913620,54.65,54.65,54.65,54.65,1.6787505699999998
1536913680,54.65,54.93,54.65,54.71,1186.2704513699998
1536913740,54.64,54.72,54.71,54.66,90.26034772
1536913800,54.63,54.69,54.65,54.63,47.33206817999999
1536913860,54.61,54.67,54.66,54.61,69.76619295
1536913920,54.62,54.65,54.65,54.64,41.6993049
1536913980,54.62,54.65,54.64,54.63,113.48920857000003
1536914040,54.63,54.64,54.64,54.63,24.41388094
1536914100,54.63,54.64,54.63,54.63,363.34892755000004
1536914160,54.5,54.56,54.56,54.5,11.34093976
1536914220,54.46,54.49,54.49,54.46,28.219634420000002
1536914280,54.48,54.57,54.48,54.52,9.043269610000001
1536914340,54.46,54.48,54.48,54.46,1.1992486900000001
1536914400,54.46,54.47,54.47,54.46,12.70803147
1536914460,54.32,54.45,54.45,54.32,88.86651457
1536914520,54.31,54.32,54.32,54.31,1.3904317300000002
1536914580,54.24,54.31,54.31,54.3,2.3784359
1536914640,54.26,54.32,54.28,54.29,49.728429999999996
1536914700,54.3,54.39,54.3,54.39,7.1324146299999995
1536914760,54.38,54.38,54.38,54.38,0.89669472
1536914820,54.35,54.37,54.35,54.36,12.36006069
1536914880,54.33,54.36,54.36,54.34,7.172032980000001
1536914940,54.15,54.33,54.33,54.15,730.6675222
1536915000,54.16,54.16,54.16,54.16,47.905597570000005
1536915060,54.15,54.2,54.15,54.16,61.66104541
1536915120,54.11,54.16,54.16,54.11,57.408999
1536915180,53.9,54.1,54.1,53.91,686.2879612800001
1536915240,53.7,53.91,53.9,53.7,1320.5588179399997
1536915300,53.39,53.68,53.68,53.39,3857.62971954
1536915360,53.27,53.9,53.41,53.86,2445.9983080700003
1536915420,53.79,53.99,53.81,53.87,134.18615684
1536915480,53.8,53.86,53.85,53.81,52.381850609999994
1536915540,53.63,53.76,53.75,53.63,185.489144
1536915600,53.7,53.85,53.72,53.85,282.47559103
1536915660,53.84,54.0,53.84,54.0,333.73585834
1536915720,54.03,54.13,54.03,54.13,114.27822208
