1537564980,60.15,60.27,60.15,60.22,94.59531449
1537565040,60.14,60.26,60.26,60.25,259.29800996
1537565100,60.25,60.28,60.25,60.26,11.766
1537565160,60.2,60.28,60.26,60.2,307.86500204000004
1537565220,60.22,60.36,60.28,60.31,615.9147950000001
1537565280,60.31,60.37,60.32,60.31,300.83581253000006
1537565340,60.22,60.33,60.31,60.29,319.50698889
1537565400,60.21,60.4,60.26,60.4,1032.80441381
1537565460,60.26,60.32,60.29,60.32,155.15549055000005
1537565520,60.31,60.32,60.32,60.32,18.52081585
1537565580,60.31,60.33,60.31,60.31,48.14488551
1537565640,60.32,60.35,60.33,60.32,78.16799106999999
1537565700,60.31,60.34,60.32,60.33,48.38143748
1537565760,60.16,60.33,60.33,60.2,861.4049895800001
1537565820,60.16,60.24,60.2,60.18,231.7672345
1537565880,60.15,60.18,60.17,60.16,19.516190909999995
1537565940,60.15,60.18,60.15,60.16,41.254186180000005
1537566000,60.16,60.18,60.17,60.18,138.49368635
1537566060,60.18,60.24,60.18,60.24,35.57370266
1537566120,60.24,60.28,60.24,60.27,215.71187586000008
1537566180,60.28,60.47,60.28,60.47,107.32285283999998
1537566240,60.46,60.47,60.46,60.47,30.847866290000002
1537566300,60.46,60.47,60.46,60.47,25.864989560000005
1537566360,60.46,60.47,60.47,60.46,26.01891543
1537566420,60.46,60.48,60.47,60.47,302.79617587
1537566480,60.46,60.51,60.47,60.46,204.49502633
1537566540,60.46,60.54,60.47,60.53,253.31214732999996
1537566600,60.53,60.54,60.54,60.54,54.28173672
1537566660,60.53,60.54,60.54,60.54,36.39184487
1537566720,60.53,60.54,60.53,60.54,12.158303949999999
1537566780,60.52,60.54,60.53,60.52,50.90940357
1537566840,60.48,60.53,60.52,60.49,30.861586609999996
1537566900,60.28,60.49,60.49,60.29,211.42999546000001
1537566960,60.28,60.29,60.28,60.29,118.87100617
1537567020,60.28,60.29,60.29,60.29,44.14186876
1537567080,60.28,60.29,60.28,60.29,10.21670915
1537567140,60.28,60.29,60.28,60.29,97.08187214
1537567200,60.28,60.29,60.29,60.29,86.11115263
1537567260,60.28,60.29,60.29,60.28,24.09539214
1537567320,60.19,60.29,60.29,60.25,93.24562302999999
1537567380,60.25,60.32,60.26,60.25,383.66945361
1537567440,60.25,60.27,60.26,60.26,24.46683278
1537567500,60.26,60.28,60.26,60.28,144.19724538
1537567560,60.16,60.26,60.26,60.18,198.22826551999998
1537567620,60.1,60.16,60.16,60.1,192.54089537999997
1537567680,60.09,60.14,60.12,60.11,46.235763850000005
1537567740,60.13,60.14,60.13,60.14,9.356292009999999
1537567800,60.13,60.14,60.14,60.14,32.54052573
1537567860,60.1,60.14,60.13,60.1,75.58046904999998
1537567920,60.12,60.15,60.13,60.15,38.80363049
1537567980,60.12,60.15,60.12,60.13,43.17228071
1537568040,60.12,60.15,60.14,60.12,57.97370284
1537568100,60.12,60.15,60.12,60.13,217.70788325999996
1537568160,60.12,60.14,60.13,60.14,157.00129800000002
1537568220,60.12,60.14,60.12,60.14,209.57250403
1537568280,60.12,60.15,60.12,60.15,13.50946778
1537568340,60.14,60.15,60.15,60.14,43.914520620000005
1537568400,60.14,60.16,60.14,60.16,48.93204989000001
1537568460,60.16,60.19,60.17,60.18,61.29818691
1537568520,60.18,60.19,60.19,60.19,28.000348859999995
1537568580,60.18,60.19,60.19,60.18,10.5648364
1537568640,60.18,60.19,60.18,60.18,183.22491211
1537568700,60.18,60.47,60.19,60.47,529.0972701299996
1537568760,60.45,60.5,60.46,60.48,37.742796779999985
1537568820,60.49,60.66,60.49,60.61,345.3478709099999
1537568880,60.6,60.68,60.6,60.68,54.56964650999999
1537568940,60.54,60.68,60.68,60.54,247.71138682000003
1537569000,60.54,60.57,60.57,60.54,37.09123853
1537569060,60.54,60.55,60.55,60.55,34.236355339999996
1537569120,60.55,60.65,60.55,60.64,14.60183613
1537569180,60.59,60.62,60.62,60.59,34.096313710000004
1537569240,60.59,60.62,60.59,60.62,119.76164259999997
1537569300,60.59,60.62,60.59,60.61,5.2975129800000005
1537569360,60.62,60.68,60.62,60.66,107.07340026000001
1537569420,60.62,60.65,60.63,60.62,13.42013676
1537569480,60.63,60.7,60.64,60.69,196.39488062
1537569540,60.63,60.66,60.65,60.63,62.96752239999999
1537569600,60.61,60.65,60.61,60.65,22.45038063
1537569660,60.62,60.7,60.62,60.68,28.445308940000004
1537569720,60.68,60.69,60.68,60.68,19.01400665
1537569780,60.68,60.69,60.68,60.69,26.06052311
1537569840,60.68,60.69,60.68,60.69,19.248964820000005
1537569900,60.68,60.69,60.69,60.68,74.90900528
1537569960,60.68,60.78,60.68,60.78,438.54431197000014
1537570020,60.77,60.86,60.78,60.81,64.37855092999999
1537570080,60.78,60.81,60.81,60.8,51.06646998999999
1537570140,60.8,60.81,60.81,60.81,25.15733519
1537570200,60.8,61.06,60.8,61.01,1396.6096170800004
1537570260,61.01,61.05,61.01,61.05,53.36232819
1537570320,61.04,61.05,61.05,61.05,152.60940816
1537570380,60.99,61.05,61.05,61.0,293.11743707
1537570440,60.88,60.99,60.99,60.88,18.975701479999998
1537570500,60.88,60.95,60.88,60.91,25.80704176
1537570560,60.91,60.95,60.91,60.93,74.47270052
1537570620,60.91,60.94,60.92,60.92,47.06880805
1537570680,60.92,60.92,60.92,60.92,0.14716307
1537570740,60.9,60.92,60.92,60.9,368.56331306
1537570800,60.9,60.91,60.91,60.9,49.79212586999999
1537570860,60.9,60.97,60.91,60.96,258.48325376
1537570920,60.97,61.0,60.97,61.0,120.09948245000001
1537570980,60.98,61.04,60.99,60.98,179.66274242
1537571040,60.9,61.07,60.99,60.98,660.4214162200001
1537571100,60.89,61.0,60.97,60.89,246.28157742
1537571160,60.85,60.89,60.89,60.85,0.9079999999999999
1537571220,60.8,60.81,60.81,60.8,79.24660087
1537571280,60.77,60.8,60.8,60.77,201.35604608999992
1537571340,60.75,60.78,60.75,60.78,41.21180845
1537571400,60.77,60.78,60.78,60.78,20.739021479999998
1537571460,60.78,60.8,60.78,60.79,45.02675801
1537571520,60.79,60.8,60.8,60.79,60.03948283
1537571580,60.79,60.8,60.8,60.79,43.96994134
1537571640,60.8,60.85,60.8,60.85,40.886150730000004
1537571700,60.81,60.85,60.82,60.85,49.46114414000001
1537571760,60.84,60.85,60.85,60.85,55.99001598
1537571820,60.77,60.85,60.84,60.77,329.17628146000004
1537571880,60.7,60.78,60.78,60.73,229.13712801000003
1537571940,60.7,60.72,60.71,60.72,26.824152879999996
1537572000,60.68,60.72,60.71,60.68,29.650120700000006
1537572060,60.7,60.71,60.71,60.7,6.13806192
1537572120,60.68,60.7,60.68,60.68,28.01870895
1537572180,60.65,60.69,60.69,60.65,231.02888144
1537572240,60.65,60.66,60.66,60.66,8.049429739999999
1537572300,60.63,60.65,60.65,60.65,92.08830929999996
1537572360,60.64,60.66,60.64,60.65,94.44039168
1537572420,60.65,60.66,60.66,60.66,59.89326702999999
1537572480,60.58,60.66,60.66,60.59,67.82016855
1537572540,60.52,60.59,60.59,60.53,176.80449645999994
1537572600,60.52,60.59,60.53,60.58,70.46583609000001
1537572660,60.58,60.59,60.59,60.58,47.54906436
1537572720,60.58,60.59,60.59,60.58,16.76725472
1537572780,60.58,60.59,60.58,60.58,69.43959255000001
1537572840,60.59,60.73,60.59,60.69,135.74806225999998
1537572900,60.69,60.73,60.73,60.69,25.53448324
1537572960,60.69,60.73,60.73,60.7,11.721529570000001
1537573020,60.7,60.73,60.7,60.73,112.68730571
1537573080,60.7,60.73,60.73,60.73,15.73664555
1537573140,60.74,60.75,60.74,60.75,105.44988549000003
1537573200,60.74,60.9,60.75,60.9,276.9487967600002
1537573260,60.8,60.89,60.89,60.8,181.64431118000002
1537573320,60.86,60.86,60.86,60.86,61.91781765
1537573380,60.85,60.86,60.85,60.86,58.86698387
1537573440,60.85,60.89,60.86,60.89,132.06616781000002
1537573500,60.88,60.9,60.89,60.9,93.76203472
1537573560,60.89,60.92,60.9,60.91,307.05982319
1537573620,60.91,60.95,60.91,60.95,409.26538150000005
1537573680,60.91,60.94,60.94,60.91,180.02594971999997
1537573740,60.82,60.92,60.92,60.82,140.14271329
1537573800,60.75,60.78,60.78,60.77,12.106781719999999
1537573860,60.75,60.76,60.75,60.76,32.15449611
1537573920,60.76,60.9,60.76,60.9,123.41707647
1537573980,60.9,60.94,60.9,60.94,22.925379379999995
1537574040,60.94,60.95,60.95,60.95,34.34722843
1537574100,60.89,60.95,60.95,60.89,172.897568
1537574160,60.84,60.89,60.89,60.88,34.83510973
1537574220,60.83,60.9,60.88,60.87,137.15422267000002
1537574280,60.83,60.88,60.88,60.83,60.395092899999995
1537574340,60.83,60.86,60.86,60.83,11.40554021
1537574400,60.83,60.91,60.83,60.91,233.99887428999997
1537574460,60.89,60.93,60.91,60.93,121.87786943999998
1537574520,60.89,60.98,60.93,60.96,51.103881380000004
1537574580,60.91,61.06,60.96,60.97,245.24317566
1537574640,61.04,61.1,61.05,61.09,149.40009977
1537574700,61.09,61.11,61.09,61.11,191.76266612
