1538176980,61.73,61.75,61.73,61.75,30.72433672
1538177040,61.74,61.75,61.75,61.75,56.58955783
1538177100,61.75,61.75,61.75,61.75,3.26990279
1538177160,61.74,61.75,61.75,61.74,10.80697657
1538177220,61.74,61.75,61.74,61.75,1.6992587799999999
1538177280,61.75,61.75,61.75,61.75,4.88343706
1538177340,61.74,61.75,61.75,61.75,17.409492699999998
1538177400,61.74,61.75,61.75,61.74,36.783203709999995
1538177460,61.74,61.75,61.75,61.75,112.40734158000001
1538177520,61.74,61.78,61.75,61.78,24.38980045
1538177580,61.77,61.78,61.78,61.77,21.00949362
1538177640,61.77,61.78,61.78,61.78,25.046022119999996
1538177700,61.77,61.78,61.77,61.78,11.566192390000001
1538177760,61.77,61.79,61.78,61.78,50.049836299999996
1538177820,61.79,61.79,61.79,61.79,1.14365863
1538177880,61.78,61.8,61.79,61.8,137.65156809
1538177940,61.79,61.8,61.8,61.79,48.97414609
1538178000,61.79,61.8,61.79,61.8,106.42393831000003
1538178060,61.77,61.8,61.8,61.77,136.35256022000002
1538178120,61.77,61.78,61.78,61.77,18.70159416
1538178180,61.78,61.78,61.78,61.78,19.675748809999998
1538178240,61.77,61.78,61.78,61.78,17.949889040000002
1538178300,61.77,61.78,61.77,61.78,7.045221120000001
1538178360,61.78,61.8,61.78,61.8,23.60617435
1538178420,61.77,61.8,61.8,61.78,48.674924940000004
1538178480,61.77,61.78,61.77,61.77,19.93989886
1538178540,61.76,61.78,61.78,61.78,158.13939132000002
1538178600,61.77,61.78,61.78,61.77,10.667993380000002
1538178660,61.78,61.78,61.78,61.78,7.1723824700000005
1538178720,61.77,61.78,61.78,61.77,8.8155015
1538178840,61.75,61.77,61.77,61.76,107.19603513999989
1538178900,61.75,61.76,61.76,61.76,31.459703070000003
1538178960,61.74,61.76,61.75,61.74,97.27471839
1538179020,61.74,61.75,61.75,61.74,4.6968336100000005
1538179080,61.74,61.75,61.75,61.75,72.49041459
1538179140,61.74,61.75,61.75,61.75,47.655244769999996
1538179200,61.6,61.75,61.74,61.6,556.6174626900003
1538179260,61.56,61.61,61.6,61.57,13.272881850000001
1538179320,61.49,61.57,61.57,61.5,226.7410094
1538179380,61.19,61.49,61.49,61.25,947.4627053600002
1538179440,61.18,61.2,61.2,61.2,27.405940799999996
1538179500,61.19,61.33,61.2,61.21,381.1136013700001
1538179560,61.13,61.21,61.21,61.14,17.813899929999998
1538179620,61.12,61.18,61.14,61.18,120.38979586999999
1538179680,61.04,61.17,61.13,61.04,665.1556084299998
1538179740,60.92,61.09,61.04,61.09,762.0467714099999
1538179800,61.01,61.09,61.02,61.09,52.62382566
1538179860,61.1,61.17,61.16,61.1,59.70453625000002
1538179920,61.05,61.06,61.06,61.06,29.31881032
1538179980,60.88,61.14,61.06,61.14,582.5329016700001
1538180040,60.93,61.13,61.1,61.03,77.78657097
1538180100,60.99,61.08,61.02,61.05,69.46376872
1538180160,60.85,61.03,61.0,60.91,242.96085589999998
1538180220,60.85,60.92,60.91,60.91,214.48508886
1538180280,60.85,60.9,60.87,60.89,7.1728456000000005
1538180340,60.86,60.89,60.86,60.89,9.580530170000001
1538180400,60.85,60.89,60.89,60.86,17.940378420000002
