1544380680,26.02,26.06,26.06,26.02,44.08
1544380740,26.02,26.04,26.02,26.03,26.85
1544380800,26.0,26.04,26.04,26.0,100.76
1544380860,26.0,26.03,26.0,26.03,159.97
1544380920,26.01,26.07,26.04,26.03,516.8
1544380980,26.01,26.04,26.02,26.03,139.93
1544381040,26.03,26.03,26.03,26.03,9.94
1544381100,26.0,26.02,26.02,26.0,130.76
1544381160,25.89,26.01,26.01,25.94,607.17
1544381220,25.94,25.96,25.94,25.94,56.71
1544381280,25.91,25.93,25.92,25.91,20.95
1544381340,25.85,25.91,25.91,25.85,357.38
1544381400,25.87,25.89,25.88,25.89,32.22
1544381460,25.88,25.89,25.88,25.89,282.37
1544381520,25.88,25.89,25.89,25.89,27.65
1544381580,25.85,25.89,25.89,25.87,90.32
1544381640,25.85,25.88,25.87,25.88,84.87
1544381700,25.86,25.88,25.88,25.87,23.58
1544381760,25.81,25.87,25.87,25.87,405.07
1544381820,25.86,25.87,25.87,25.87,24.37
1544381880,25.8,25.87,25.86,25.84,135.9
1544381940,25.84,25.84,25.84,25.84,3.16
1544382000,25.8,25.87,25.84,25.87,689.72
1544382060,25.87,25.88,25.88,25.88,29.27
1544382120,25.88,25.9,25.88,25.9,98.2
1544382180,25.89,25.91,25.89,25.91,170.75
1544382240,25.91,25.92,25.91,25.92,7.42
1544382300,25.84,25.91,25.91,25.84,702.31
1544382360,25.84,25.84,25.84,25.84,48.49
1544382420,25.79,25.85,25.84,25.82,184.71
1544382480,25.81,25.83,25.83,25.83,54.55
1544382540,25.83,25.85,25.83,25.85,16.7
1544382600,25.81,25.85,25.84,25.83,51.27
1544382660,25.78,25.82,25.81,25.82,266.22
1544382720,25.82,25.83,25.82,25.83,166.25
1544382780,25.81,25.83,25.83,25.83,21.73
1544382840,25.81,25.82,25.82,25.82,83.05
1544382900,25.75,25.82,25.82,25.8,376.9
1544382960,25.72,25.8,25.8,25.72,125.48
1544383020,25.68,25.78,25.74,25.76,183.46
1544383080,25.69,25.78,25.78,25.77,229.14
1544383140,25.74,25.76,25.76,25.74,46.42
1544383200,25.68,25.73,25.73,25.71,78.12
1544383260,25.7,25.72,25.71,25.71,44.74
1544383320,25.58,25.7,25.7,25.62,549.17
1544383380,25.6,25.64,25.62,25.6,33.44
1544383440,25.6,25.61,25.61,25.61,1.74
1544383500,25.6,25.68,25.6,25.68,410.0
1544383560,25.62,25.69,25.69,25.65,301.79
1544383620,25.62,25.67,25.65,25.62,185.49
1544383680,25.63,25.66,25.63,25.66,38.73
1544383740,25.6,25.66,25.66,25.6,414.19
1544383800,25.6,25.61,25.6,25.6,141.88
1544383860,25.56,25.6,25.6,25.57,59.96
1544383920,25.51,25.57,25.56,25.54,461.41
1544383980,25.54,25.6,25.54,25.6,334.49
1544384040,25.58,25.59,25.59,25.58,38.8
1544384100,25.58,25.6,25.59,25.59,281.5
1544384160,25.59,25.69,25.59,25.63,1393.45
1544384220,25.62,25.65,25.63,25.62,15.63
1544384280,25.62,25.63,25.62,25.62,56.6
1544384340,25.63,25.67,25.63,25.67,192.75
1544384400,25.65,25.67,25.67,25.67,154.2
1544384460,25.65,25.7,25.65,25.7,190.54
1544384520,25.69,25.7,25.7,25.69,27.95
1544384580,25.69,25.7,25.69,25.7,50.26
1544384640,25.61,25.7,25.69,25.61,123.9
1544384700,25.6,25.63,25.61,25.6,26.28
1544384760,25.61,25.64,25.61,25.63,38.37
1544384820,25.62,25.63,25.63,25.62,14.72
1544384880,25.63,25.63,25.63,25.63,23.96
1544384940,25.62,25.77,25.62,25.77,593.86
1544385000,25.73,25.79,25.77,25.77,172.51
1544385060,25.77,25.81,25.77,25.81,148.83
1544385120,25.81,25.81,25.81,25.81,16.84
1544385180,25.78,25.84,25.82,25.78,290.5
1544385240,25.78,25.84,25.78,25.81,74.16
1544385300,25.82,25.84,25.82,25.82,28.3
1544385360,25.8,25.87,25.84,25.8,108.85
1544385420,25.82,25.85,25.83,25.85,14.07
1544385480,25.84,25.88,25.84,25.88,186.86
1544385540,25.88,25.9,25.88,25.9,28.19
1544385600,25.9,25.93,25.9,25.93,227.76
1544385660,25.9,25.97,25.9,25.95,222.83
1544385720,25.93,25.96,25.94,25.95,14.68
1544385780,25.95,25.97,25.96,25.97,378.84
1544385840,25.96,25.98,25.96,25.97,19.17
1544385900,25.95,25.97,25.97,25.95,79.47
1544385960,25.95,25.96,25.95,25.96,61.89
1544386020,25.95,25.96,25.96,25.96,28.78
1544386080,25.9,25.96,25.96,25.9,432.17
1544386140,25.9,25.91,25.9,25.91,19.23
1544386200,25.9,25.93,25.91,25.93,6.78
1544386260,25.9,25.92,25.92,25.91,47.47
1544386320,25.84,25.91,25.91,25.85,328.19
1544386380,25.86,25.87,25.86,25.86,168.28
1544386440,25.86,25.91,25.87,25.91,248.28
1544386500,25.86,25.89,25.89,25.88,49.33
1544386560,25.89,25.89,25.89,25.89,98.92
1544386620,25.86,25.89,25.88,25.87,95.59
1544386680,25.88,25.91,25.89,25.9,454.27
1544386740,25.9,25.95,25.9,25.95,535.82
1544386800,25.92,25.95,25.94,25.95,139.04
1544386860,25.94,25.95,25.95,25.95,244.26
1544386920,25.96,26.06,25.97,26.0,471.79
1544386980,26.01,26.05,26.01,26.05,111.81
1544387040,26.0,26.01,26.01,26.01,11.46
1544387100,25.96,26.01,26.01,25.97,284.58
1544387160,25.98,25.99,25.99,25.98,15.97
1544387220,25.97,26.0,26.0,26.0,188.09
1544387280,25.99,26.0,26.0,25.99,6.81
1544387340,25.9,26.0,26.0,25.94,87.75
1544387400,25.91,25.94,25.92,25.94,201.73
1544387460,25.93,25.94,25.93,25.94,44.91
1544387520,25.93,25.94,25.94,25.94,13.15
1544387580,25.93,25.96,25.93,25.96,58.11
1544387640,25.86,25.96,25.96,25.86,264.73
1544387700,25.86,25.87,25.86,25.87,111.38
1544387760,25.87,25.9,25.87,25.9,14.42
1544387820,25.77,25.87,25.86,25.81,232.01
1544387880,25.81,25.83,25.83,25.82,15.95
1544387940,25.81,25.85,25.81,25.85,178.91
1544388000,25.85,25.89,25.86,25.89,59.14
1544388060,25.85,25.86,25.85,25.86,15.73
1544388120,25.84,25.86,25.85,25.86,14.52
1544388180,25.85,25.86,25.86,25.85,30.56
1544388240,25.85,25.85,25.85,25.85,55.99
1544388300,25.84,25.86,25.86,25.84,37.98
1544388360,25.82,25.83,25.82,25.83,25.45
1544388420,25.82,25.83,25.82,25.82,23.29
1544388480,25.82,25.83,25.83,25.82,8.55
1544388540,25.82,25.83,25.82,25.83,51.78
1544388600,25.82,25.88,25.82,25.88,135.0
1544388660,25.87,25.91,25.87,25.89,55.5
1544388720,25.88,25.89,25.89,25.89,29.56
1544388780,25.89,25.91,25.89,25.91,23.23
1544388840,25.87,25.91,25.91,25.87,26.05
1544388900,25.87,25.9,25.87,25.89,13.83
1544388960,25.89,25.91,25.9,25.91,23.28
1544389020,25.9,25.91,25.9,25.91,23.44
1544389080,25.89,25.9,25.9,25.89,15.18
1544389140,25.82,25.89,25.89,25.88,1156.87
1544389200,25.86,25.86,25.86,25.86,2.9
1544389260,25.82,25.85,25.85,25.82,294.0
1544389320,25.75,25.84,25.84,25.75,358.92
1544389380,25.73,25.79,25.78,25.74,224.13
1544389440,25.72,25.74,25.73,25.72,62.17
1544389500,25.71,25.72,25.71,25.72,23.78
1544389560,25.69,25.73,25.7,25.72,139.45
1544389620,25.69,25.72,25.71,25.7,27.38
1544389680,25.71,25.8,25.71,25.77,230.65
1544389740,25.71,25.73,25.73,25.72,105.18
1544389800,25.71,25.72,25.71,25.71,9.91
1544389860,25.7,25.71,25.71,25.7,19.31
1544389920,25.7,25.71,25.71,25.71,48.11
1544389980,25.69,25.71,25.7,25.71,33.57
1544390040,25.62,25.71,25.69,25.67,360.02
1544390100,25.62,25.67,25.67,25.67,160.74
1544390160,25.57,25.67,25.67,25.57,762.99
1544390220,25.62,25.66,25.62,25.66,254.61
1544390280,25.63,25.66,25.66,25.65,16.79
1544390340,25.61,25.63,25.63,25.61,305.78
1544390400,25.6,25.63,25.63,25.6,135.38
1544390460,25.6,25.61,25.6,25.61,14.74
1544390520,25.56,25.61,25.61,25.57,514.64
1544390580,25.57,25.59,25.57,25.59,43.44
1544390640,25.56,25.59,25.59,25.56,2.36
1544390700,25.54,25.56,25.56,25.56,22.61
1544390760,25.56,25.56,25.56,25.56,0.915
1544390820,25.55,25.56,25.56,25.55,7.75
1544390880,25.45,25.53,25.53,25.5,1206.11
1544390940,25.49,25.52,25.5,25.52,457.9
1544391000,25.51,25.55,25.51,25.55,431.36
1544391060,25.54,25.56,25.54,25.56,18.19
1544391120,25.55,25.56,25.56,25.55,48.58
1544391180,25.55,25.56,25.55,25.55,12.53
1544391240,25.48,25.55,25.55,25.5,112.15
1544391300,25.48,25.56,25.48,25.55,153.28
1544391360,25.53,25.55,25.53,25.55,6.74
1544391420,25.53,25.55,25.53,25.55,43.41
1544391480,25.45,25.54,25.54,25.45,667.05
1544391540,25.37,25.46,25.46,25.4,206.24
1544391600,25.43,25.43,25.43,25.43,30.29
1544391660,25.39,25.43,25.42,25.4,62.26
1544391720,25.41,25.42,25.41,25.42,20.99
1544391780,25.41,25.42,25.41,25.42,70.82
1544391840,25.4,25.41,25.41,25.41,5.0
1544391900,25.4,25.41,25.41,25.4,685.26
1544391960,25.4,25.41,25.41,25.4,277.99
1544392020,25.4,25.41,25.4,25.41,111.64
1544392080,25.4,25.41,25.4,25.41,296.12
1544392140,25.4,25.41,25.4,25.41,50.0
1544392200,25.35,25.4,25.4,25.38,170.82
1544392260,25.37,25.39,25.38,25.37,46.78
1544392320,25.34,25.38,25.37,25.35,49.41
1544392380,25.25,25.37,25.36,25.25,210.29
1544392440,25.14,25.25,25.25,25.2,509.63
1544392500,25.17,25.2,25.19,25.2,347.93
1544392560,25.18,25.21,25.21,25.21,13.61
1544392620,25.2,25.22,25.22,25.22,59.8
1544392680,25.21,25.22,25.21,25.22,21.2
1544392740,25.2,25.24,25.24,25.22,221.85
1544392800,25.2,25.26,25.23,25.2,430.68
1544392860,25.19,25.21,25.2,25.19,246.49
1544392920,25.12,25.18,25.18,25.13,357.01
1544392980,25.13,25.25,25.13,25.21,234.3
1544393040,25.21,25.23,25.21,25.23,3.0
1544393100,25.23,25.32,25.23,25.32,30.21
1544393160,25.32,25.34,25.32,25.34,297.79
1544393220,25.34,25.4,25.34,25.37,77.08
1544393280,25.36,25.4,25.36,25.39,106.73
1544393340,25.33,25.39,25.39,25.33,859.57
1544393400,25.23,25.33,25.33,25.24,462.46
1544393460,25.13,25.24,25.24,25.14,628.26
1544393520,25.1,25.14,25.14,25.11,175.89
1544393580,25.09,25.11,25.1,25.09,572.71
1544393640,25.09,25.16,25.09,25.09,111.21
1544393700,25.11,25.13,25.13,25.13,10.72
1544393760,25.11,25.14,25.12,25.11,36.66
1544393820,25.11,25.15,25.11,25.14,29.16
1544393880,25.14,25.18,25.15,25.18,45.19
1544393940,25.19,25.3,25.19,25.3,249.14
1544394000,25.26,25.29,25.29,25.28,55.56
1544394060,25.3,25.3,25.3,25.3,66.24
1544394120,25.29,25.31,25.29,25.29,17.28
1544394180,25.29,25.31,25.29,25.31,30.15
1544394240,25.3,25.31,25.31,25.31,68.69
1544394300,25.31,25.33,25.31,25.33,31.99
1544394360,25.31,25.33,25.31,25.32,44.07
1544394420,25.31,25.32,25.32,25.32,36.08
1544394480,25.31,25.35,25.32,25.32,43.31
1544394540,25.33,25.36,25.35,25.34,33.35
1544394600,25.35,25.38,25.35,25.38,76.05
1544394660,25.38,25.43,25.39,25.43,138.71
1544394720,25.41,25.43,25.41,25.43,31.28
1544394780,25.42,25.43,25.43,25.42,20.08
1544394840,25.43,25.43,25.43,25.43,0.65
1544394900,25.42,25.43,25.43,25.43,12.18
1544394960,25.42,25.43,25.42,25.43,71.77
1544395020,25.39,25.42,25.42,25.41,128.67
1544395080,25.26,25.4,25.4,25.27,260.49
1544395140,25.27,25.3,25.27,25.27,26.3
1544395200,25.25,25.28,25.27,25.25,96.56
1544395260,25.3,25.3,25.3,25.3,23.76
1544395320,25.3,25.33,25.31,25.32,130.37
1544395380,25.3,25.33,25.33,25.3,5.08
1544395440,25.29,25.29,25.29,25.29,4.93
1544395500,25.28,25.29,25.28,25.29,19.8
1544395560,25.26,25.29,25.29,25.27,10.42
1544395620,25.25,25.27,25.27,25.26,27.28
1544395680,25.25,25.28,25.25,25.28,59.46
1544395740,25.25,25.29,25.26,25.25,25.26
1544395800,25.25,25.25,25.25,25.25,8.59
1544395860,25.24,25.25,25.25,25.25,36.2
1544395920,25.24,25.25,25.24,25.25,21.27
1544395980,25.21,25.25,25.25,25.21,51.52
1544396040,25.2,25.22,25.22,25.21,13.1
1544396100,25.16,25.21,25.21,25.17,51.53
1544396160,25.15,25.17,25.16,25.17,151.62
1544396220,25.11,25.15,25.14,25.15,30.67
1544396280,25.08,25.15,25.15,25.13,138.99
1544396340,25.11,25.13,25.13,25.11,6.44
1544396400,25.11,25.11,25.11,25.11,39.4
1544396460,25.1,25.16,25.1,25.16,51.68
1544396520,25.17,25.19,25.17,25.19,254.75
1544396580,25.19,25.25,25.19,25.24,318.36
1544396640,25.25,25.28,25.25,25.28,19.83
1544396700,25.23,25.28,25.28,25.23,35.15
1544396760,25.23,25.24,25.24,25.24,14.68
1544396820,25.22,25.24,25.23,25.23,124.63
1544396880,25.13,25.22,25.22,25.18,667.27
1544396940,25.15,25.21,25.18,25.21,28.9
1544397000,25.2,25.21,25.2,25.2,22.01
1544397060,25.17,25.19,25.19,25.19,21.34
1544397120,25.18,25.22,25.19,25.22,15.44
1544397180,25.23,25.24,25.23,25.24,41.5
1544397240,25.23,25.24,25.24,25.23,13.27
1544397300,25.24,25.28,25.24,25.28,172.64
1544397360,25.26,25.29,25.28,25.26,255.33
1544397420,25.21,25.25,25.24,25.21,48.89
1544397480,25.21,25.23,25.21,25.23,57.72
1544397540,25.21,25.25,25.24,25.21,142.91
1544397600,25.2,25.22,25.21,25.21,70.76
1544397660,25.21,25.22,25.22,25.22,8.41
1544397720,25.22,25.22,25.22,25.22,6.46
1544397780,25.22,25.22,25.22,25.22,304.67
1544397840,25.25,25.36,25.25,25.33,621.32
1544397900,25.29,25.33,25.3,25.29,75.77
1544397960,25.23,25.3,25.3,25.3,188.61
1544398020,25.28,25.3,25.28,25.3,19.37
1544398080,25.3,25.42,25.3,25.41,508.4
1544398140,25.4,25.41,25.4,25.41,64.01
1544398200,25.41,25.54,25.42,25.45,2274.73
1544398260,25.44,25.46,25.44,25.45,24.27
1544398320,25.45,25.48,25.46,25.48,187.48
1544398380,25.43,25.47,25.47,25.45,41.1
1544398440,25.38,25.45,25.44,25.38,23.95
1544398500,25.31,25.39,25.39,25.34,525.32
1544398560,25.35,25.35,25.35,25.35,57.4
1544398620,25.35,25.37,25.35,25.37,4.66
1544398680,25.34,25.37,25.34,25.34,17.78
1544398740,25.35,25.36,25.36,25.35,4.96
1544398800,25.33,25.34,25.33,25.34,120.98
1544398860,25.32,25.33,25.33,25.33,47.45
1544398980,25.37,25.4,25.38,25.4,23.45
1544399040,25.4,25.4,25.4,25.4,68.83
1544399100,25.39,25.4,25.4,25.39,42.01
1544399160,25.39,25.4,25.39,25.4,23.92
1544399220,25.39,25.4,25.39,25.4,9.94
1544399280,25.39,25.4,25.39,25.4,20.11
1544399340,25.39,25.4,25.4,25.39,26.48
1544399400,25.37,25.39,25.39,25.37,61.6
1544399460,25.32,25.34,25.34,25.32,65.71
1544399520,25.32,25.36,25.33,25.36,201.26
1544399580,25.34,25.35,25.35,25.35,20.84
1544399640,25.34,25.37,25.35,25.37,11.75
1544399700,25.37,25.37,25.37,25.37,11.31
1544399760,25.37,25.37,25.37,25.37,26.41
1544399820,25.35,25.38,25.38,25.35,21.5
1544399880,25.35,25.36,25.35,25.36,11.29
1544399940,25.27,25.35,25.35,25.3,478.83
1544400000,25.29,25.3,25.29,25.3,103.02
1544400060,25.28,25.3,25.3,25.29,23.85
1544400120,25.29,25.34,25.29,25.31,415.08
1544400180,25.31,25.35,25.31,25.35,14.3
1544400240,25.34,25.38,25.34,25.38,50.83
1544400300,25.37,25.38,25.38,25.38,23.65
1544400420,25.36,25.38,25.37,25.38,36.53
1544400480,25.35,25.38,25.35,25.38,38.8
1544400540,25.37,25.38,25.37,25.38,70.56
1544400600,25.37,25.38,25.38,25.37,12.33
1544400660,25.37,25.38,25.38,25.38,8.52
1544400720,25.38,25.38,25.38,25.38,32.1
1544400780,25.37,25.52,25.38,25.51,1632.82
1544400840,25.5,25.51,25.5,25.51,146.91
1544400900,25.48,25.51,25.5,25.51,124.34
1544400960,25.5,25.54,25.51,25.5,42.6
1544401020,25.48,25.51,25.51,25.51,34.46
1544401080,25.51,25.51,25.51,25.51,4.34
1544401140,25.5,25.51,25.5,25.51,1.46
1544401200,25.5,25.65,25.51,25.62,695.91
1544401260,25.61,25.63,25.61,25.63,27.79
1544401320,25.62,25.64,25.62,25.64,94.49
1544401380,25.61,25.62,25.61,25.62,48.2
1544401440,25.62,25.65,25.62,25.63,157.58
1544401500,25.5,25.65,25.63,25.51,798.45
1544401560,25.5,25.51,25.51,25.5,32.61
1544401620,25.5,25.51,25.51,25.5,105.42
1544401680,25.5,25.51,25.5,25.5,36.75
1544401740,25.51,25.51,25.51,25.51,392.0
1544401800,25.51,25.51,25.51,25.51,16.07
1544401860,25.5,25.51,25.5,25.51,17.93
1544401920,25.5,25.51,25.51,25.51,110.21
1544401980,25.47,25.52,25.51,25.47,264.81
1544402040,25.39,25.46,25.46,25.4,407.22
1544402100,25.39,25.42,25.39,25.42,105.79
1544402160,25.41,25.42,25.42,25.41,13.9
1544402220,25.41,25.45,25.41,25.45,41.39
1544402280,25.45,25.45,25.45,25.45,24.74
1544402340,25.44,25.45,25.45,25.44,5.98
1544402400,25.43,25.45,25.45,25.45,48.27
1544402460,25.42,25.45,25.45,25.42,43.39
1544402520,25.43,25.44,25.43,25.43,7.02
1544402580,25.38,25.43,25.43,25.39,339.48
1544402640,25.37,25.38,25.38,25.38,20.53
1544402700,25.35,25.38,25.38,25.38,27.07
1544402760,25.35,25.39,25.37,25.36,105.42
1544402820,25.36,25.38,25.38,25.37,67.05
1544402880,25.34,25.37,25.35,25.37,71.65
1544402940,25.34,25.37,25.37,25.36,52.57
1544403000,25.34,25.36,25.36,25.36,116.9
1544403060,25.34,25.36,25.34,25.36,2.39
1544403120,25.34,25.36,25.34,25.36,45.34
1544403180,25.34,25.36,25.36,25.36,76.0
1544403240,25.34,25.36,25.36,25.34,2.93
1544403300,25.36,25.36,25.36,25.36,42.77
1544403360,25.34,25.36,25.36,25.35,9.64
1544403420,25.31,25.36,25.36,25.31,98.89
1544403480,25.3,25.32,25.32,25.31,26.49
1544403540,25.31,25.31,25.31,25.31,1.28
1544403600,25.3,25.31,25.31,25.31,106.15
1544403660,25.31,25.32,25.31,25.32,227.85
1544403720,25.31,25.36,25.32,25.36,215.88
1544403780,25.35,25.37,25.35,25.36,58.6
1544403840,25.38,25.39,25.38,25.39,45.8
1544403900,25.39,25.46,25.39,25.44,688.24
1544403960,25.41,25.44,25.44,25.41,152.9
1544404020,25.41,25.44,25.42,25.44,85.31
1544404080,25.42,25.49,25.42,25.49,506.55
1544404140,25.49,25.5,25.49,25.49,161.85
1544404200,25.49,25.5,25.5,25.49,9.05
1544404260,25.49,25.5,25.5,25.49,67.28
1544404320,25.5,25.5,25.5,25.5,1.58
1544404380,25.45,25.49,25.49,25.45,106.34
1544404440,25.44,25.46,25.46,25.45,50.58
1544404500,25.44,25.45,25.44,25.45,4.91
1544404560,25.44,25.45,25.45,25.45,24.17
1544404620,25.44,25.45,25.45,25.45,31.7
1544404680,25.45,25.47,25.45,25.46,38.68
1544404740,25.4,25.47,25.45,25.43,328.62
1544404800,25.41,25.42,25.41,25.42,39.55
1544404860,25.42,25.42,25.42,25.42,4.68
1544404920,25.42,25.44,25.42,25.44,10.51
1544404980,25.41,25.44,25.44,25.42,23.79
1544405040,25.4,25.41,25.4,25.41,30.72
1544405100,25.4,25.41,25.4,25.4,5.0
1544405160,25.4,25.41,25.41,25.4,54.29
1544405220,25.41,25.44,25.41,25.42,82.53
1544405280,25.4,25.43,25.42,25.4,82.07
1544405340,25.39,25.4,25.4,25.39,20.66
1544405400,25.39,25.4,25.4,25.4,5.33
1544405460,25.38,25.4,25.4,25.38,89.12
1544405520,25.38,25.39,25.38,25.39,40.39
1544405580,25.38,25.39,25.39,25.38,5.45
1544405640,25.37,25.4,25.37,25.4,58.42
1544405700,25.39,25.4,25.39,25.4,10.5
1544405760,25.4,25.4,25.4,25.4,0.921
1544405820,25.39,25.4,25.4,25.4,36.28
1544405880,25.37,25.41,25.4,25.37,39.81
1544405940,25.35,25.38,25.38,25.36,28.01
1544406000,25.36,25.36,25.36,25.36,1.18
1544406060,25.35,25.36,25.36,25.35,43.55
1544406120,25.33,25.34,25.34,25.33,34.31
1544406180,25.3,25.34,25.34,25.3,187.35
1544406240,25.3,25.31,25.3,25.31,65.43
1544406300,25.3,25.31,25.31,25.3,4.53
1544406360,25.31,25.31,25.31,25.31,1.0
1544406420,25.3,25.31,25.3,25.31,17.31
1544406480,25.27,25.31,25.31,25.27,863.0
1544406540,25.27,25.27,25.27,25.27,5.56
1544406600,25.26,25.27,25.27,25.27,20.22
1544406660,25.26,25.27,25.27,25.26,45.65
1544406720,25.18,25.25,25.24,25.2,364.68
1544406780,25.2,25.28,25.21,25.27,392.33
1544406840,25.24,25.26,25.26,25.26,160.66
1544406900,25.23,25.25,25.25,25.23,101.22
1544406960,25.2,25.22,25.21,25.22,26.7
1544407020,25.21,25.22,25.22,25.21,4.58
1544407080,25.18,25.21,25.2,25.19,368.66
1544407140,25.18,25.21,25.18,25.18,5.71
1544407200,25.18,25.2,25.2,25.18,10.21
1544407260,25.19,25.2,25.19,25.19,155.32
1544407320,25.19,25.2,25.2,25.2,195.25
1544407380,25.19,25.2,25.19,25.2,36.83
1544407440,25.2,25.25,25.2,25.25,101.28
1544407500,25.24,25.25,25.24,25.25,13.9
1544407560,25.23,25.25,25.24,25.25,26.4
1544407620,25.23,25.23,25.23,25.23,57.97
1544407680,25.22,25.25,25.22,25.23,289.78
1544407740,25.22,25.23,25.23,25.23,16.29
1544407800,25.21,25.23,25.23,25.21,78.71
1544407860,25.21,25.23,25.23,25.22,54.13
1544407920,25.03,25.21,25.21,25.03,1842.31
1544407980,25.01,25.07,25.02,25.04,364.1
1544408040,24.85,25.03,25.03,24.94,2721.6
1544408100,24.94,24.95,24.95,24.95,160.91
