1534440300,56.16,56.17,56.17,56.17,54.21063375
1534440360,56.16,56.28,56.16,56.28,60.416930359999995
1534440420,56.27,56.45,56.28,56.45,717.2429045400004
1534440480,56.4,56.55,56.46,56.41,310.24717845
1534440540,56.4,56.55,56.4,56.55,48.351042910000004
1534440600,56.54,56.55,56.54,56.55,105.72129135000002
1534440660,56.54,56.58,56.54,56.57,434.45747432000013
1534440720,56.55,56.7,56.58,56.55,618.1336005200001
1534440780,56.45,56.55,56.54,56.55,506.3343865
1534440840,56.55,56.64,56.55,56.61,99.03082223
1534440900,56.61,56.7,56.62,56.68,65.64781736000002
1534440960,56.65,56.93,56.68,56.93,1273.2563910699998
1534441020,56.83,56.99,56.93,56.9,353.0814899800003
1534441080,56.66,56.95,56.9,56.82,286.85617364
1534441140,56.75,56.82,56.82,56.75,27.516510619999995
1534441200,56.67,56.75,56.75,56.71,56.01546087000001
1534441260,56.4,56.67,56.67,56.41,468.6968454600001
1534441320,56.35,56.41,56.4,56.35,118.64325202999999
1534441380,56.28,56.55,56.34,56.53,944.3591180000001
1534441440,56.44,56.45,56.44,56.45,93.26545791
1534441500,56.28,56.45,56.45,56.34,99.30408585999999
1534441560,56.3,56.38,56.33,56.3,38.44500921999999
1534441620,56.29,56.35,56.3,56.29,5.58389087
1534441680,56.29,56.43,56.3,56.4,148.1646787
1534441740,56.4,56.5,56.41,56.45,46.500753530000004
1534441800,56.4,56.45,56.45,56.45,39.85843613
1534441860,56.45,56.5,56.45,56.48,17.81025679
1534441920,56.48,56.5,56.49,56.5,18.80326596
1534441980,56.49,56.5,56.5,56.5,7.948514039999999
1534442040,56.49,56.7,56.5,56.7,399.8031836600003
1534442100,56.62,56.75,56.71,56.68,48.793134419999994
1534442160,56.68,56.72,56.68,56.68,40.77421199
1534442220,56.68,56.75,56.68,56.75,156.30290988000002
1534442280,56.73,56.8,56.73,56.74,146.52301763000006
1534442340,56.74,56.77,56.74,56.76,27.912182950000002
1534442400,56.68,56.76,56.76,56.69,24.129617590000002
1534442460,56.51,56.69,56.69,56.62,660.5915058100001
1534442520,56.47,56.61,56.61,56.58,337.2034394599999
1534442580,56.57,56.6,56.58,56.6,77.65628521000001
1534442640,56.59,56.6,56.6,56.59,22.00786646
1534442700,56.55,56.6,56.6,56.55,38.63226244
1534442760,56.55,56.6,56.55,56.59,49.63914089000001
1534442820,56.56,56.59,56.59,56.56,14.120848239999997
1534442880,56.56,56.57,56.56,56.57,23.284882500000002
1534442940,56.45,56.57,56.57,56.45,152.31334711000002
1534443000,56.4,56.45,56.45,56.41,13.173751029999998
1534443060,56.41,56.5,56.41,56.45,90.30649591999997
1534443120,56.41,56.53,56.46,56.52,52.49578836999999
1534443180,56.45,56.51,56.5,56.45,7.380730100000001
1534443240,56.45,56.46,56.46,56.46,162.44588161000001
1534443300,56.44,56.5,56.44,56.45,108.81287396999998
1534443360,56.41,56.48,56.46,56.41,64.05194955
1534443420,56.41,56.46,56.43,56.41,37.104139
1534443480,56.42,56.47,56.42,56.45,16.79271403
1534443540,56.43,56.44,56.44,56.44,19.632216059999998
1534443600,56.43,56.44,56.44,56.44,13.356288469999999
1534443660,56.4,56.44,56.43,56.44,31.445180379999996
1534443720,56.42,56.49,56.42,56.49,15.732900049999998
1534443780,56.35,56.49,56.47,56.35,97.46037220999995
1534443840,56.36,56.39,56.36,56.38,12.145984270000001
1534443900,56.38,56.39,56.39,56.38,75.17021437
1534443960,56.38,56.39,56.39,56.39,21.242219990000002
1534444020,56.38,56.39,56.39,56.38,20.42237435
1534444080,56.38,56.49,56.39,56.45,30.828508510000002
1534444140,56.28,56.46,56.46,56.3,339.2103345199999
1534444200,56.26,56.31,56.31,56.29,32.82057325
1534444260,56.29,56.4,56.29,56.4,70.20190842000001
1534444320,56.3,56.37,56.35,56.3,36.91733931
1534444380,56.25,56.31,56.31,56.26,19.86790065
1534444440,56.22,56.25,56.25,56.22,97.36066785
1534444500,56.22,56.24,56.23,56.24,171.21956231000001
1534444560,56.23,56.37,56.23,56.37,97.93214229
1534444620,56.36,56.42,56.36,56.38,36.50878879
1534444680,56.3,56.38,56.38,56.34,35.879949530000005
1534444740,56.34,56.38,56.38,56.38,6.471492669999999
1534444800,56.36,56.45,56.36,56.45,16.656770129999998
1534444860,56.44,56.45,56.44,56.45,9.333039190000001
1534444920,56.34,56.44,56.44,56.34,200.02669082000003
1534444980,56.39,56.48,56.39,56.45,47.466635489999994
1534445040,56.37,56.5,56.45,56.48,653.5569403499999
1534445100,56.46,56.52,56.46,56.51,44.55587697000001
1534445160,56.51,56.55,56.52,56.52,179.57731905
1534445220,56.43,56.52,56.52,56.49,56.429220339999986
1534445280,56.45,56.51,56.47,56.51,36.14366526
1534445340,56.44,56.51,56.51,56.45,5.73623908
1534445400,56.46,56.51,56.49,56.5,73.69698235000001
1534445460,56.5,56.55,56.51,56.54,78.84952319
1534445520,56.54,56.55,56.55,56.55,7.215510589999999
1534445580,56.55,56.65,56.55,56.56,180.09284294999995
1534445640,56.55,56.61,56.55,56.61,62.99557978000001
1534445700,56.57,56.68,56.57,56.68,248.41703601
1534445760,56.64,56.68,56.67,56.68,24.33946864
1534445820,56.67,56.68,56.67,56.68,15.30427578
1534445880,56.61,56.7,56.67,56.69,142.77941946
1534445940,56.7,56.8,56.7,56.8,538.1039785099999
1534446000,56.8,56.8,56.8,56.8,0.35041419
1534446060,56.8,56.88,56.8,56.88,134.85490800999995
1534446120,56.87,56.92,56.87,56.92,253.68377976000002
1534446180,56.77,56.92,56.91,56.84,272.43311424000007
1534446240,56.77,56.85,56.83,56.77,15.00478929
1534446300,56.7,56.77,56.77,56.7,54.647047859999994
1534446360,56.64,56.75,56.75,56.68,76.13393404
1534446420,56.64,56.68,56.67,56.65,24.215522560000004
1534446480,56.53,56.64,56.64,56.59,28.14472726
1534446540,56.55,56.58,56.56,56.58,56.424094970000006
1534446600,56.52,56.63,56.57,56.57,23.319298419999996
1534446660,56.56,56.63,56.58,56.63,15.16572721
1534446720,56.55,56.63,56.63,56.6,45.46328889999999
1534446780,56.55,56.6,56.6,56.6,76.70208319999999
1534446840,56.58,56.65,56.58,56.61,76.0522294
1534446900,56.58,56.65,56.61,56.62,47.272120609999995
1534446960,56.63,56.74,56.65,56.73,32.859743279999996
1534447020,56.65,56.74,56.72,56.74,55.45209172999999
1534447080,56.65,56.74,56.71,56.74,61.54603379000001
1534447140,56.73,56.74,56.74,56.73,98.42098131
1534447200,56.64,56.74,56.74,56.65,20.81174402
1534447260,56.65,56.73,56.65,56.65,42.583017549999994
1534447320,56.65,56.72,56.65,56.66,15.895112500000002
1534447380,56.65,56.7,56.66,56.7,18.20545299
1534447440,56.66,56.74,56.67,56.74,26.66622659
1534447500,56.7,56.74,56.74,56.71,116.69568179999999
1534447560,56.7,56.73,56.71,56.72,54.79127775999999
1534447620,56.65,56.73,56.7,56.68,105.07537604
1534447680,56.65,56.68,56.68,56.65,32.65806177
1534447740,56.65,56.68,56.66,56.65,67.14425014000001
1534447800,56.6,56.73,56.65,56.73,79.46294176
1534447860,56.69,56.73,56.71,56.72,20.54265082
1534447920,56.6,56.71,56.71,56.65,11.01254002
1534447980,56.67,56.7,56.67,56.69,19.49358165
1534448040,56.65,56.7,56.69,56.65,31.851692820000004
1534448100,56.65,56.7,56.67,56.66,19.225214980000004
1534448160,56.62,56.73,56.66,56.68,186.20442472
1534448220,56.61,56.71,56.69,56.67,78.78981544000001
1534448280,56.62,56.7,56.68,56.62,48.72828058
1534448340,56.62,56.66,56.63,56.65,14.98624444
1534448400,56.6,56.66,56.66,56.64,11.2410386
1534448460,56.61,56.64,56.64,56.62,19.64065333
1534448520,56.61,56.62,56.62,56.61,74.70509691
1534448580,56.62,56.7,56.62,56.69,22.036255819999997
1534448640,56.69,56.73,56.69,56.73,17.96124943
1534448700,56.67,56.75,56.72,56.68,34.301801209999994
1534448760,56.68,56.7,56.7,56.68,9.23993338
1534448820,56.65,56.7,56.68,56.7,53.75299413999999
1534448880,56.67,56.75,56.69,56.75,41.59094792
1534448940,56.75,56.79,56.75,56.79,12.57456663
1534449000,56.67,56.76,56.76,56.73,83.13738096999998
1534449060,56.68,56.74,56.74,56.68,15.24239266
1534449120,56.68,56.78,56.68,56.77,64.86654958
1534449180,56.7,56.78,56.74,56.77,93.01720544
1534449240,56.73,56.83,56.76,56.83,84.23628424
1534449300,56.76,56.85,56.82,56.81,452.09436586000015
1534449360,56.84,56.89,56.84,56.89,9.759454299999998
1534449420,56.76,56.89,56.89,56.82,119.82453416999995
1534449480,56.81,56.85,56.82,56.85,80.07123729
1534449540,56.8,56.85,56.84,56.81,97.78231388000002
1534449600,56.8,56.85,56.85,56.81,139.16331442999999
1534449660,56.8,56.81,56.81,56.81,31.33550645
1534449720,56.81,56.81,56.81,56.81,4.2846
1534449780,56.8,56.81,56.81,56.81,52.107427619999996
1534449840,56.73,56.81,56.81,56.73,54.76420931000001
1534449900,56.73,56.79,56.76,56.78,46.87707509000001
1534449960,56.72,56.75,56.75,56.73,13.15409358
1534450020,56.72,56.73,56.72,56.72,35.096489219999995
1534450080,56.72,56.73,56.73,56.73,2.9899288900000003
1534450140,56.72,56.73,56.73,56.73,68.53822819
1534450200,56.72,56.73,56.72,56.73,23.419149020000006
1534450260,56.72,56.73,56.73,56.73,9.21996951
1534450320,56.72,56.73,56.72,56.72,16.34545468
1534450380,56.72,56.75,56.73,56.74,136.61520286999996
1534450440,56.74,56.75,56.75,56.75,43.07507066
1534450500,56.74,56.8,56.74,56.8,89.27185177999999
1534450560,56.63,56.8,56.79,56.63,368.90493905
1534450620,56.35,56.61,56.61,56.44,866.9065019100001
1534450680,56.27,56.45,56.45,56.27,384.05973127999994
1534450740,56.21,56.28,56.28,56.22,609.1766743600001
1534450800,55.87,56.22,56.22,55.91,1393.5961649399999
1534450860,55.91,56.06,55.91,56.05,770.9849723400002
1534450920,55.99,56.13,56.06,56.0,79.66460208999999
1534450980,56.0,56.03,56.02,56.03,48.79335401000001
1534451040,56.01,56.09,56.03,56.02,36.98062962
1534451100,56.0,56.04,56.02,56.03,144.90599306999997
1534451160,56.03,56.08,56.03,56.08,235.10170452999998
1534451220,56.07,56.08,56.07,56.08,317.6812787100001
1534451280,56.0,56.08,56.07,56.01,122.08848810000002
1534451340,56.0,56.08,56.0,56.08,116.98488556
1534451400,56.06,56.25,56.06,56.2,606.9690138300001
1534451460,56.15,56.2,56.2,56.15,90.83655709999998
1534451520,56.12,56.19,56.12,56.19,151.27221775
1534451580,56.17,56.22,56.18,56.19,25.23820799
1534451640,56.18,56.25,56.19,56.2,134.04782192999994
1534451700,56.2,56.27,56.25,56.22,16.801256829999996
1534451760,56.2,56.26,56.22,56.21,151.4617456
1534451820,56.2,56.21,56.2,56.21,30.185174720000003
1534451880,56.2,56.27,56.2,56.22,28.655527329999998
1534451940,56.15,56.23,56.23,56.17,143.88064872999996
1534452000,56.18,56.19,56.19,56.19,44.91886062
1534452060,56.18,56.19,56.19,56.18,53.93814414
1534452120,56.19,56.26,56.19,56.26,32.95744804
1534452180,56.25,56.26,56.26,56.26,8.133489579999999
1534452240,56.25,56.26,56.26,56.26,31.465541150000004
1534452300,56.25,56.26,56.26,56.26,13.545319269999998
1534452360,56.21,56.26,56.25,56.21,25.27175867
1534452420,56.21,56.22,56.22,56.22,10.398305789999998
1534452480,56.14,56.22,56.22,56.19,30.76922990000001
1534452540,56.17,56.18,56.17,56.18,6.219935280000001
1534452600,55.9,56.18,56.18,55.9,1353.9831792200005
1534452660,55.75,55.93,55.9,55.85,302.3173673699999
1534452720,55.85,55.91,55.85,55.87,95.43281597999999
1534452780,55.87,56.07,55.91,56.05,63.59978044000004
1534452840,55.86,56.05,56.05,55.86,84.40115769000002
1534452900,55.85,56.03,55.86,56.0,105.54198709999997
1534452960,55.6,56.01,56.01,55.61,1386.5066109300003
1534453020,55.46,55.75,55.61,55.49,949.2188440600003
1534453080,55.44,55.54,55.46,55.45,103.73708118000002
1534453140,55.45,55.55,55.45,55.51,92.54650365999997
1534453200,55.15,55.5,55.5,55.15,777.2649650000001
1534453260,55.0,55.15,55.15,55.0,807.3361559700003
1534453320,55.0,55.1,55.0,55.1,162.61245495999998
1534453380,55.09,55.28,55.09,55.26,162.0007152399999
1534453440,54.9,55.24,55.16,55.0,808.25885855
1534453500,54.9,55.04,54.96,54.9,24.91102683
1534453560,54.87,54.91,54.9,54.87,233.20329694000006
1534453620,54.85,54.96,54.87,54.96,250.68316295
1534453680,54.99,55.09,54.99,55.09,124.69486967999995
1534453740,55.09,55.17,55.09,55.16,19.279140720000004
1534453800,55.17,55.31,55.17,55.3,457.98867884
1534453860,55.25,55.39,55.31,55.39,227.05996181999993
1534453920,55.37,55.4,55.39,55.4,38.93712775
1534453980,55.37,55.4,55.4,55.38,93.44704762
1534454040,55.31,55.37,55.37,55.32,59.82521583999999
1534454100,55.23,55.35,55.31,55.26,61.740955840000005
1534454160,55.25,55.26,55.26,55.26,17.07833979
1534454220,55.25,55.26,55.26,55.26,13.32224548
1534454280,55.2,55.26,55.25,55.2,78.43835655999997
1534454340,55.2,55.26,55.21,55.26,13.481558399999999
1534454400,55.25,55.26,55.26,55.26,8.321704709999999
1534454460,55.26,55.27,55.26,55.27,24.37347066
1534454520,55.26,55.27,55.26,55.27,11.28691142
1534454580,55.15,55.27,55.27,55.24,105.12201730999995
1534454640,55.23,55.27,55.25,55.23,18.16799453
1534454700,55.15,55.23,55.23,55.19,54.14314071000001
1534454760,55.14,55.24,55.19,55.18,41.94463443
1534454820,55.12,55.16,55.16,55.12,80.37508217999999
1534454880,55.09,55.12,55.11,55.1,33.375527770000005
1534454940,55.02,55.1,55.1,55.02,144.97170984000005
1534455000,55.0,55.1,55.03,55.1,230.68749125999997
1534455060,55.0,55.1,55.02,55.03,226.41441587
1534455120,55.02,55.09,55.02,55.08,73.60651528999999
1534455180,55.02,55.06,55.02,55.04,116.93379987000002
1534455240,55.04,55.08,55.04,55.08,65.94205502999999
1534455300,55.06,55.08,55.06,55.07,208.89531455
1534455360,55.07,55.08,55.08,55.08,47.43959346
1534455420,55.07,55.08,55.08,55.07,34.61530162
1534455480,55.07,55.08,55.08,55.08,227.03867216999998
1534455540,55.07,55.08,55.08,55.07,257.87958026000007
1534455600,55.07,55.08,55.07,55.07,13.36152985
1534455660,55.07,55.08,55.08,55.07,33.40082315
1534455720,55.07,55.08,55.08,55.07,8.194443289999999
1534455780,55.07,55.08,55.08,55.07,34.7459996
1534455840,55.07,55.08,55.07,55.07,47.75595375
1534455900,55.07,55.18,55.08,55.18,256.12167382999996
1534455960,55.18,55.19,55.19,55.19,173.72220578999998
1534456020,55.19,55.19,55.19,55.19,76.77666979999998
1534456080,55.18,55.19,55.19,55.18,34.9493538
1534456140,55.18,55.19,55.19,55.18,429.62172413999997
1534456200,55.18,55.19,55.19,55.19,90.1926841
1534456260,55.17,55.19,55.19,55.18,49.713496729999996
1534456320,55.17,55.18,55.17,55.18,1.5399
1534456380,55.18,55.18,55.18,55.18,4.75162967
1534456440,55.17,55.18,55.18,55.18,11.0850221
1534456500,55.17,55.18,55.17,55.17,11.554522109999999
1534456560,55.17,55.18,55.17,55.17,30.638108600000002
1534456620,55.12,55.19,55.17,55.18,158.27353387000002
1534456680,55.11,55.18,55.12,55.17,30.13241008
1534456740,55.17,55.18,55.18,55.18,5.2568921
1534456800,55.17,55.18,55.18,55.17,513.66863063
1534456860,55.16,55.17,55.16,55.17,265.11548773
1534456920,55.17,55.17,55.17,55.17,3.56177874
1534456980,55.16,55.17,55.17,55.17,20.107387250000002
1534457040,55.15,55.17,55.16,55.15,24.931736460000003
1534457100,55.14,55.15,55.15,55.15,22.4342597
1534457160,55.14,55.15,55.14,55.14,124.22278259999999
1534457220,55.1,55.15,55.15,55.1,245.74786208999996
1534457280,55.09,55.1,55.1,55.09,3.09361028
1534457340,55.09,55.13,55.1,55.12,25.658063600000016
1534457400,55.12,55.17,55.13,55.17,372.6791353
1534457460,55.12,55.17,55.17,55.17,93.95090499
1534457520,55.14,55.17,55.15,55.14,10.13587303
1534457580,55.12,55.17,55.17,55.15,30.53886628
1534457640,55.15,55.16,55.15,55.16,36.6563084
1534457700,55.14,55.17,55.15,55.17,18.07143132
1534457760,55.16,55.17,55.17,55.16,6.8145228
1534457820,55.16,55.17,55.17,55.17,90.35189250000002
1534457880,55.15,55.17,55.17,55.17,84.55571487
1534457940,55.16,55.17,55.17,55.16,3.5191
1534458000,55.16,55.17,55.17,55.16,25.283251670000002
1534458060,55.16,55.17,55.17,55.16,62.614621279999994
1534458120,55.16,55.18,55.17,55.18,7.3579817300000006
1534458180,55.17,55.18,55.17,55.18,18.114617600000003
1534458240,55.18,55.2,55.18,55.19,199.97454659999997
1534458300,55.19,55.2,55.2,55.2,30.743460839999997
1534458360,55.19,55.2,55.2,55.19,10.20997896
1534458420,55.19,55.2,55.2,55.2,8.966033160000002
1534458480,55.19,55.2,55.19,55.2,63.41618395999999
1534458540,55.19,55.3,55.19,55.3,497.8866457
1534458600,55.2,55.29,55.26,55.28,48.744130529999985
1534458660,55.27,55.28,55.28,55.27,29.17254123
1534458720,55.28,55.31,55.28,55.31,34.26128396
1534458780,55.27,55.38,55.3,55.37,298.75436763999994
1534458840,55.3,55.37,55.35,55.3,77.52595579999999
1534458900,55.24,55.32,55.31,55.25,176.33820763999998
1534458960,55.25,55.32,55.32,55.32,45.26171821
1534459020,55.31,55.4,55.32,55.34,501.65896098000024
1534459080,55.33,55.34,55.33,55.34,60.649450810000005
1534459140,55.25,55.34,55.33,55.33,293.6508483
1534459200,55.3,55.36,55.33,55.36,72.98007064
1534459260,55.31,55.36,55.35,55.36,30.25123304
1534459320,55.21,55.37,55.35,55.27,821.8269183799999
1534459380,55.3,55.36,55.35,55.36,11.95951287
1534459440,55.33,55.38,55.34,55.37,56.51011451000001
1534459500,55.3,55.39,55.37,55.35,20.44290821
1534459560,55.3,55.35,55.35,55.3,2.54698778
1534459620,55.33,55.39,55.33,55.39,7.08424108
1534459680,55.35,55.39,55.39,55.36,32.14971822
1534459740,55.2,55.35,55.35,55.2,21.31426769000003
1534459800,55.12,55.2,55.2,55.12,327.68696798999986
1534459860,55.12,55.13,55.13,55.13,23.467126739999998
1534459920,55.11,55.13,55.13,55.11,73.35009760999998
1534459980,55.09,55.11,55.1,55.1,403.11691833
1534460040,55.09,55.1,55.09,55.1,109.67019952
1534460100,55.09,55.1,55.1,55.1,17.62135025
1534460160,55.09,55.1,55.1,55.09,47.59807551
1534460220,55.08,55.1,55.1,55.08,156.73097903
1534460280,55.07,55.09,55.09,55.08,119.71267533999999
1534460340,55.07,55.08,55.08,55.08,10.87092492
1534460400,55.08,55.08,55.08,55.08,1.82403162
1534460460,55.02,55.08,55.08,55.03,1087.7862437299996
1534460520,55.0,55.03,55.03,55.01,155.65808912
1534460580,55.0,55.01,55.0,55.0,74.19172896999999
1534460640,54.86,55.0,55.0,54.87,52.64537714
1534460700,54.8,54.9,54.87,54.8,157.41550207999995
1534460760,54.8,54.81,54.81,54.81,32.387634410000004
1534460820,54.8,54.81,54.81,54.81,49.263549470000015
1534460880,54.8,54.82,54.81,54.82,43.27340377
1534460940,54.8,54.82,54.82,54.82,5.73173752
1534461000,54.77,54.82,54.81,54.77,124.01856878
1534461060,54.78,54.82,54.79,54.8,16.07837352
1534461120,54.79,54.8,54.79,54.8,21.82222174
1534461180,54.79,54.8,54.8,54.8,27.97178162
1534461240,54.8,54.8,54.8,54.8,3.40133668
1534461300,54.79,54.8,54.79,54.8,14.31124681
1534461360,54.79,54.8,54.8,54.8,34.53218848000001
1534461420,54.79,54.8,54.79,54.8,19.34103462
1534461480,54.79,54.82,54.79,54.82,55.59969420000001
1534461540,54.81,54.86,54.81,54.86,59.038538230000015
1534461600,54.85,54.86,54.86,54.85,72.94879833
1534461660,54.85,54.89,54.86,54.86,321.44605270000005
1534461720,54.86,54.86,54.86,54.86,0.5080322
1534461780,54.85,54.86,54.85,54.86,471.25364081000004
1534461840,54.85,54.87,54.85,54.87,10.84734765
1534461900,54.86,54.87,54.87,54.86,97.53329438
1534461960,54.86,54.87,54.87,54.86,58.87758953
1534462020,54.86,54.9,54.87,54.9,29.40352194
1534462080,54.88,54.91,54.88,54.91,11.78400238
1534462140,54.9,54.94,54.91,54.94,30.91344764
1534462200,54.93,54.94,54.93,54.93,26.015331970000002
1534462260,54.93,55.03,54.94,55.03,210.41857906
1534462320,55.02,55.03,55.02,55.02,22.40185292
1534462380,55.02,55.07,55.02,55.07,104.32333009999999
1534462440,55.07,55.13,55.07,55.13,158.38581788999997
1534462500,55.01,55.14,55.13,55.08,25.713668340000005
1534462560,55.07,55.11,55.07,55.11,6.658568119999999
1534462620,55.07,55.11,55.11,55.07,67.56430728000001
1534462680,55.07,55.08,55.08,55.08,18.9009063
1534462740,55.07,55.08,55.07,55.08,29.94200343
1534462800,55.07,55.08,55.08,55.08,14.30317688
1534462860,55.07,55.08,55.07,55.08,11.729169109999999
1534462920,55.07,55.08,55.08,55.08,14.25541857
1534462980,55.07,55.08,55.08,55.08,36.26305022
1534463040,55.07,55.14,55.07,55.14,369.62051199
1534463100,55.09,55.14,55.09,55.1,72.26498187
1534463160,55.09,55.2,55.11,55.2,171.66297758999994
1534463220,55.19,55.25,55.2,55.2,71.60339486000001
1534463280,55.18,55.25,55.2,55.21,37.49756522
1534463340,55.2,55.27,55.21,55.27,60.998172509999996
1534463400,55.27,55.27,55.27,55.27,95.0707677
1534463460,55.26,55.34,55.27,55.34,339.81564544000014
1534463520,55.35,55.4,55.35,55.36,16.375970979999998
1534463580,55.33,55.4,55.36,55.33,15.4076659
1534463640,55.32,55.4,55.32,55.4,25.343154600000005
1534463700,55.36,55.38,55.38,55.38,17.72711691
1534463760,55.35,55.4,55.4,55.37,6.636454200000001
1534463820,55.35,55.4,55.37,55.4,20.23913979
1534463880,55.39,55.48,55.4,55.47,175.12482588999987
1534463940,55.47,55.48,55.47,55.47,14.32037119
1534464000,55.47,55.48,55.48,55.47,20.67125869
1534464060,55.35,55.48,55.48,55.36,30.43623431000001
1534464120,55.35,55.35,55.35,55.35,0.77780358
1534464180,55.25,55.36,55.35,55.27,190.00506688999997
1534464240,55.2,55.25,55.25,55.2,27.339937430000003
1534464300,55.16,55.21,55.21,55.17,83.34174374999999
1534464360,55.16,55.17,55.16,55.17,45.8027049
1534464420,55.17,55.34,55.17,55.33,316.00796904999993
1534464480,55.33,55.34,55.33,55.34,18.17650978
1534464540,55.33,55.34,55.34,55.34,20.79355321
1534464600,55.34,55.4,55.34,55.35,73.05173835999996
1534464660,55.36,55.45,55.36,55.4,46.13771721000002
1534464720,55.35,55.41,55.35,55.35,53.82345620999999
1534464780,55.37,55.45,55.37,55.4,236.00624445999998
1534464840,55.4,55.44,55.4,55.44,58.09672936
1534464900,55.43,55.45,55.43,55.44,102.89740191
1534464960,55.44,55.48,55.44,55.44,57.678314310000005
1534465020,55.44,55.46,55.46,55.46,47.8350623
1534465080,55.44,55.46,55.44,55.45,26.28040288
1534465140,55.44,55.45,55.45,55.45,36.17388084
1534465200,55.44,55.45,55.45,55.45,28.612203590000004
1534465260,55.44,55.45,55.44,55.44,28.16380545
1534465320,55.44,55.49,55.45,55.49,275.29949529000004
1534465380,55.47,55.5,55.48,55.5,83.41823294000001
1534465440,55.45,55.5,55.5,55.45,68.57920815
1534465500,55.45,55.5,55.45,55.45,61.30106685
1534465560,55.45,55.46,55.45,55.46,28.75777159
1534465620,55.45,55.46,55.45,55.45,21.68222151
1534465680,55.45,55.46,55.46,55.46,21.52214721
1534465740,55.44,55.46,55.46,55.45,84.63507389
1534465800,55.44,55.45,55.44,55.45,28.417858680000002
1534465860,55.44,55.45,55.45,55.45,19.87918805
1534465920,55.44,55.45,55.44,55.45,22.724827339999997
1534465980,55.44,55.45,55.45,55.45,30.620448499999995
1534466040,55.44,55.45,55.45,55.45,12.696408750000002
1534466100,55.39,55.45,55.45,55.41,77.58993912
1534466160,55.41,55.42,55.42,55.42,11.38263911
1534466220,55.41,55.42,55.42,55.42,16.366833189999998
1534466280,55.41,55.42,55.41,55.42,33.59746003
1534466340,55.41,55.42,55.42,55.41,8.9299104
1534466400,55.41,55.42,55.42,55.41,12.32152559
1534466460,55.41,55.42,55.42,55.42,6.56412116
1534466520,55.41,55.42,55.42,55.42,44.379140220000004
1534466580,55.41,55.42,55.42,55.41,71.52117228
1534466640,55.41,55.42,55.42,55.42,61.708359879999996
1534466700,55.36,55.42,55.41,55.4,789.23489711
1534466760,55.37,55.4,55.4,55.4,29.374500779999998
1534466820,55.39,55.4,55.4,55.4,54.95576919
1534466880,55.4,55.5,55.4,55.49,448.49114378999997
1534466940,55.48,55.49,55.49,55.49,36.46296112
1534467000,55.49,55.5,55.49,55.49,149.03734342
1534467060,55.49,55.5,55.5,55.49,79.00777687999998
1534467120,55.48,55.5,55.5,55.49,206.84135269000004
1534467180,55.47,55.49,55.48,55.48,79.1770595
1534467240,55.47,55.48,55.48,55.47,23.12309149
1534467300,55.47,55.49,55.48,55.49,23.34672805
1534467360,55.48,55.55,55.49,55.55,68.51232405000002
1534467420,55.54,55.68,55.55,55.67,117.41417272999995
1534467480,55.67,55.68,55.68,55.68,33.69977524
1534467540,55.67,55.8,55.67,55.79,145.1326571
1534467600,55.8,55.86,55.8,55.86,105.41212268
1534467660,55.86,55.87,55.86,55.87,7.072641280000001
1534467720,55.87,55.89,55.87,55.89,179.31319589
1534467780,55.88,55.89,55.88,55.89,7.9409764
1534467840,55.88,55.89,55.89,55.88,103.08094257999998
1534467900,55.88,55.93,55.89,55.93,173.11941675
1534467960,55.93,56.05,55.93,56.05,129.47895136
1534468020,56.03,56.05,56.05,56.05,36.45333718
1534468080,55.99,56.05,56.05,55.99,62.455497519999994
1534468140,55.99,56.0,56.0,55.99,45.90093922
1534468200,55.99,56.0,55.99,56.0,52.654339220000004
1534468260,55.99,56.13,56.0,56.05,1137.7005969400002
1534468320,56.02,56.05,56.05,56.02,33.645020239999994
1534468380,56.01,56.04,56.03,56.04,7.48600482
1534468440,56.0,56.04,56.04,56.0,23.997793610000002
