1532604180,87.47,87.5,87.5,87.47,12.7443362
1532604240,87.44,87.45,87.45,87.45,24.40972986
1532604300,87.44,87.45,87.44,87.45,419.30099994
1532604360,87.41,87.45,87.45,87.42,381.03916392
1532604420,87.41,87.42,87.42,87.42,3.5641729300000007
1532604480,87.42,87.42,87.42,87.42,4.01344912
1532604540,87.41,87.47,87.41,87.46,30.025555589999993
1532604600,87.46,87.47,87.46,87.47,25.917472840000002
1532604660,87.46,87.47,87.46,87.46,25.87453319
1532604720,87.42,87.47,87.47,87.42,32.03733546000001
1532604780,87.41,87.42,87.42,87.41,17.218617319999996
1532604840,87.42,87.46,87.42,87.45,25.864110250000003
1532604900,87.41,87.45,87.45,87.41,5.93829086
1532604960,87.43,87.44,87.44,87.43,16.27818243
1532605020,87.42,87.44,87.44,87.42,9.04062867
1532605080,87.41,87.42,87.41,87.42,11.1370976
1532605140,87.41,87.42,87.42,87.41,13.11576966
1532605200,87.33,87.42,87.42,87.33,1193.6005595899999
1532605260,87.32,87.34,87.33,87.32,11.777282899999998
1532605320,87.32,87.33,87.32,87.33,25.387247939999998
1532605380,87.32,87.33,87.32,87.32,50.28697284000001
1532605440,87.31,87.33,87.32,87.31,40.78819807
1532605500,87.32,87.32,87.32,87.32,13.55903321
1532605560,87.31,87.32,87.32,87.32,10.36760119
1532605620,87.31,87.32,87.31,87.32,18.65788241
1532605680,87.32,87.33,87.33,87.32,12.274906490000001
1532605740,87.32,87.33,87.33,87.33,22.802715099999997
1532605800,87.32,87.33,87.33,87.32,4.89951744
1532605860,87.32,87.33,87.32,87.33,57.06371802
1532605920,87.32,87.33,87.32,87.33,44.76994714
1532605980,87.33,87.4,87.33,87.4,92.72032693999998
1532606040,87.4,87.43,87.41,87.43,43.19976164
1532606100,87.42,87.43,87.42,87.42,99.13758657
1532606160,87.42,87.43,87.42,87.43,99.53009053999999
1532606220,87.42,87.43,87.43,87.42,6.3559714199999995
1532606280,87.42,87.43,87.43,87.42,16.15087418
1532606340,87.31,87.42,87.42,87.31,662.9174662199999
1532606400,87.32,87.32,87.32,87.32,3.3684
1532606460,87.31,87.32,87.32,87.32,7.7654762999999996
1532606520,87.31,87.31,87.31,87.31,7.57668752
1532606580,87.31,87.32,87.32,87.32,9.58051596
1532606640,87.31,87.32,87.31,87.31,19.56290982
1532606700,87.31,87.32,87.32,87.31,8.920598100000001
1532606760,87.31,87.32,87.32,87.31,22.670298159999998
1532606820,87.31,87.32,87.32,87.31,260.89529940000006
1532606880,87.29,87.32,87.32,87.29,237.55124280999996
1532606940,87.0,87.29,87.29,87.0,270.83769791
1532607000,87.0,87.01,87.0,87.01,17.63047293
1532607060,87.0,87.01,87.0,87.0,38.12100572999999
1532607120,87.0,87.01,87.01,87.0,42.07815024
1532607180,87.0,87.01,87.01,87.01,67.4674956
1532607240,87.01,87.01,87.01,87.01,5.927529460000001
1532607300,87.0,87.01,87.01,87.0,33.5517086
1532607360,87.0,87.01,87.01,87.0,9.340211700000001
1532607420,87.0,87.01,87.01,87.0,3.46973441
1532607480,87.0,87.01,87.0,87.01,16.44496454
1532607540,87.0,87.01,87.01,87.01,14.710812040000002
1532607600,87.0,87.01,87.0,87.01,31.910837160000003
1532607660,87.0,87.01,87.0,87.0,35.10965015
1532607720,87.0,87.01,87.0,87.01,1.99689438
1532607780,87.0,87.01,87.01,87.01,19.52129807
1532607840,87.0,87.01,87.0,87.01,312.06510991
1532607900,87.0,87.01,87.0,87.01,12.353884910000001
1532607960,86.93,87.01,87.01,86.94,256.01148562
1532608020,86.82,86.93,86.93,86.83,48.02552891000001
1532608080,86.82,86.83,86.83,86.82,11.375942709999999
1532608140,86.8,86.83,86.83,86.81,24.02050325
1532608200,86.75,86.81,86.81,86.75,11.288197049999999
1532608260,86.75,86.76,86.76,86.76,22.351002519999998
1532608320,86.75,86.76,86.75,86.75,70.32457042
1532608380,86.7,86.76,86.76,86.71,40.40147297000001
1532608440,86.7,86.71,86.7,86.7,58.84606725
1532608500,86.71,86.85,86.71,86.85,102.42705443000001
1532608560,86.84,86.95,86.84,86.95,157.26321939999997
1532608620,86.95,87.05,86.95,87.04,43.663832119999995
1532608680,87.04,87.1,87.05,87.1,37.05765126000001
1532608740,87.09,87.1,87.1,87.09,18.489425920000002
1532608800,86.99,87.09,87.09,86.99,17.348199999999995
1532608860,86.96,86.99,86.99,86.97,21.47600526
1532608920,86.97,86.97,86.97,86.97,0.3
1532608980,86.96,86.97,86.96,86.97,4.572631169999999
1532609040,86.96,86.97,86.97,86.97,8.11336646
1532609100,86.9,86.97,86.97,86.9,20.2638763
1532609160,86.86,86.9,86.9,86.86,4.613628920000001
1532609220,86.86,86.88,86.88,86.86,7.94063923
1532609280,86.87,86.9,86.87,86.89,3.2958452000000005
1532609340,86.9,87.0,86.9,87.0,34.52100792
1532609400,86.99,87.0,87.0,87.0,27.48502998
1532609460,86.99,87.0,87.0,86.99,5.35798858
1532609520,86.99,87.0,87.0,86.99,44.88955206
1532609580,86.99,87.0,87.0,86.99,25.52595575
1532609640,86.99,87.0,87.0,87.0,8.64198543
1532609700,87.0,87.1,87.0,87.1,35.66777495000001
1532609760,87.09,87.1,87.1,87.09,7.379485739999999
1532609820,87.09,87.21,87.09,87.2,134.45356365
1532609880,87.2,87.21,87.21,87.2,43.313972240000005
1532609940,87.2,87.21,87.21,87.21,17.06221637
1532610000,87.2,87.21,87.21,87.2,12.97795301
1532610060,87.11,87.2,87.2,87.12,49.96191301
1532610120,87.07,87.12,87.12,87.07,44.67127355
1532610180,87.07,87.12,87.08,87.11,8.62917049
1532610240,87.11,87.12,87.12,87.12,16.94785956
1532610300,87.11,87.12,87.12,87.11,12.73166519
1532610360,87.11,87.12,87.12,87.11,63.49981955
1532610420,87.11,87.12,87.12,87.11,17.89716425
1532610480,87.12,87.12,87.12,87.12,5.8831150899999995
1532610540,87.11,87.12,87.11,87.11,13.265420749999999
1532610600,87.11,87.12,87.12,87.12,13.23940303
1532610660,87.06,87.12,87.12,87.07,189.39798928999997
1532610720,87.06,87.1,87.06,87.1,12.08815753
1532610780,87.09,87.11,87.1,87.11,3.83013447
1532610840,87.1,87.11,87.11,87.11,7.81617662
1532610900,87.06,87.11,87.11,87.06,42.81005711
1532610960,87.06,87.08,87.06,87.08,25.48098479
1532611020,87.06,87.08,87.08,87.08,5.3222780400000005
1532611080,87.07,87.1,87.08,87.1,15.45006957
