1530147420,81.1,81.19,81.19,81.15,226.65281857000002
1530147480,81.15,81.2,81.15,81.19,115.72706581000001
1530147540,81.14,81.2,81.2,81.16,32.76208793000001
1530147600,81.15,81.19,81.16,81.19,67.71638183
1530147660,81.18,81.19,81.19,81.19,41.67418126
1530147720,81.15,81.2,81.19,81.16,194.19904524000003
1530147780,81.04,81.17,81.17,81.04,218.10705099999996
1530147840,81.01,81.07,81.06,81.01,46.590006200000005
1530147900,81.01,81.02,81.02,81.02,10.56576963
1530147960,81.01,81.15,81.01,81.04,144.00262627
1530148020,81.04,81.08,81.04,81.08,6.715707119999999
1530148080,81.08,81.09,81.08,81.08,48.92810936999999
1530148140,81.08,81.1,81.09,81.1,51.14190466000001
1530148200,81.09,81.15,81.09,81.15,184.02059967000002
1530148260,81.03,81.1,81.1,81.07,148.44617172999997
1530148320,81.07,81.08,81.08,81.08,22.506983799999986
1530148380,81.06,81.08,81.08,81.07,16.958715069999997
1530148440,81.06,81.07,81.07,81.06,41.77462048
1530148500,81.06,81.07,81.07,81.07,19.9241483
1530148560,81.01,81.07,81.07,81.01,213.66006595
1530148620,80.98,81.01,81.01,80.99,346.71476312000004
1530148680,80.85,80.99,80.99,80.86,214.03969827999995
1530148740,80.78,80.86,80.86,80.78,115.250622
1530148800,80.65,80.78,80.78,80.65,868.0486057599998
1530148860,80.6,80.66,80.66,80.6,83.89712217
1530148920,80.6,80.61,80.6,80.61,82.05459669
1530148980,80.6,80.61,80.6,80.61,17.90969569
1530149040,80.6,80.61,80.6,80.6,4.56726261
1530149100,80.6,80.63,80.61,80.63,403.7774360899999
1530149160,80.62,80.65,80.63,80.62,43.59053104
1530149220,80.62,80.74,80.63,80.73,413.29864935000006
1530149280,80.73,80.74,80.74,80.73,1.73418226
1530149340,80.77,80.87,80.77,80.86,118.95149541
1530149400,80.82,80.87,80.82,80.83,14.92089519
1530149460,80.82,80.83,80.83,80.82,10.15346849
1530149520,80.82,80.87,80.83,80.86,40.767703610000005
1530149580,80.85,80.86,80.86,80.85,30.782196629999998
1530149640,80.85,80.86,80.86,80.86,7.3748178
1530149700,80.85,80.86,80.86,80.86,20.17705617
1530149760,80.85,80.86,80.86,80.86,51.605934789999985
1530149820,80.85,80.88,80.86,80.88,37.935559790000006
1530149880,80.87,80.98,80.87,80.96,204.17895183000005
1530149940,80.93,80.95,80.94,80.94,9.41793109
1530150000,80.95,80.96,80.95,80.96,7.83647442
1530150060,80.95,80.96,80.96,80.96,9.2049243
1530150120,80.96,80.96,80.96,80.96,10.83010346
1530150180,80.95,80.96,80.96,80.96,37.28534018
1530150240,80.95,80.96,80.95,80.96,7.325195689999999
1530150300,80.95,80.96,80.96,80.96,26.141533709999997
1530150360,80.95,80.96,80.96,80.96,67.89374215999999
1530150420,80.95,80.96,80.96,80.96,37.358285689999995
1530150480,80.95,80.96,80.95,80.96,11.28420394
1530150540,80.95,80.95,80.95,80.95,1.49888777
1530150600,80.95,80.98,80.96,80.98,70.67471346
1530150660,80.98,81.02,80.98,81.02,8.886116609999998
1530150720,80.97,81.02,81.02,81.02,10.132559829999996
1530150780,81.02,81.02,81.02,81.02,15.021669519999998
1530150840,80.96,81.02,81.02,80.99,9.4397928
1530150900,80.99,81.0,80.99,81.0,11.45961588
1530150960,80.98,80.99,80.99,80.98,46.06110599999999
1530151020,80.98,81.0,80.98,80.99,118.40671075
1530151080,80.99,80.99,80.99,80.99,1.8372147200000002
1530151140,80.98,80.99,80.99,80.98,15.827356560000002
1530151200,80.95,80.98,80.98,80.95,30.272640990000003
1530151260,80.94,80.95,80.95,80.95,30.31634378
1530151320,80.91,80.95,80.95,80.92,30.685653190000004
1530151380,80.91,80.92,80.92,80.92,71.39185837000001
1530151440,80.91,80.92,80.92,80.91,109.26901987
1530151500,80.91,80.92,80.92,80.92,22.702321929999997
1530151560,80.92,80.98,80.92,80.95,132.60910830000003
1530151620,80.95,81.05,80.95,81.05,63.3305437
1530151680,81.04,81.05,81.05,81.05,47.95326275000001
1530151740,80.88,81.05,81.04,80.96,66.86700366
1530151800,80.91,80.97,80.97,80.96,21.87793467
1530151860,80.97,81.02,80.97,81.0,17.68496665
1530151920,80.99,81.0,81.0,81.0,17.68472452
1530151980,80.99,81.0,81.0,81.0,32.70830515
1530152040,80.99,81.0,81.0,80.99,22.587615419999995
1530152100,80.99,81.0,80.99,80.99,25.861512069999996
1530152160,80.88,80.99,80.99,80.91,683.0336406399999
1530152220,80.88,80.92,80.91,80.9,12.366189629999997
1530152280,80.85,80.9,80.9,80.9,111.57372834999998
1530152340,80.84,80.9,80.9,80.9,18.561864919999998
1530152400,80.89,80.92,80.9,80.92,8.551112259999998
1530152460,80.92,80.92,80.92,80.92,0.11079058
1530152520,80.9,80.92,80.92,80.91,4.854122149999999
1530152580,80.84,80.9,80.9,80.86,30.155515290000004
1530152640,80.85,80.86,80.86,80.86,3.9947833800000003
1530152700,80.8,80.86,80.86,80.8,107.33934699999996
1530152760,80.8,80.81,80.81,80.81,5.35160504
1530152820,80.8,80.85,80.81,80.85,243.32618387000002
1530152880,80.82,80.82,80.82,80.82,1.1088055799999998
1530152940,80.82,80.82,80.82,80.82,33.75596777
1530153000,80.82,80.82,80.82,80.82,18.87101991
1530153060,80.81,80.82,80.82,80.82,100.75105474999985
1530153120,80.8,80.81,80.81,80.81,8.073025029999998
1530153180,80.8,80.81,80.81,80.81,30.46827644
1530153240,80.76,80.81,80.81,80.81,41.41983344999999
1530153300,80.8,80.8,80.8,80.8,5.09348013
1530153360,80.77,80.8,80.8,80.77,5.521706150000001
1530153420,80.76,80.77,80.76,80.77,2.0853477
1530153480,80.76,80.77,80.76,80.77,16.73820228
1530153540,80.76,80.77,80.76,80.77,9.508396340000001
1530153600,80.72,80.77,80.77,80.72,64.73949868
1530153660,80.71,80.72,80.71,80.71,7.9448858399999995
1530153720,80.71,80.72,80.72,80.72,21.42822107
1530153780,80.71,80.72,80.72,80.71,73.14763001000001
1530153840,80.7,80.72,80.72,80.7,1405.5211026499996
1530153900,80.63,80.71,80.71,80.64,1422.5035577199992
1530153960,80.6,80.63,80.63,80.61,128.63925762999995
1530154020,80.5,80.61,80.61,80.5,162.4069070199999
1530154080,80.5,80.51,80.51,80.51,48.262782290000004
1530154140,80.5,80.51,80.5,80.51,208.60746091
1530154200,80.51,80.52,80.51,80.52,25.34183727
1530154260,80.51,80.75,80.51,80.75,468.31869888000006
1530154320,80.57,80.75,80.75,80.71,449.08160252999994
1530154380,80.56,80.69,80.69,80.67,27.95231776
1530154440,80.6,80.67,80.67,80.6,26.074188739999997
1530154500,80.57,80.66,80.66,80.66,41.84018847
1530154560,80.61,80.62,80.61,80.62,2.6625223800000004
1530154620,80.52,80.6,80.56,80.57,58.11831476000001
1530154680,80.28,80.56,80.56,80.53,1688.9800769200026
1530154740,80.37,80.53,80.53,80.44,176.64718610000003
1530154800,80.45,80.52,80.45,80.52,5.785370660000001
1530154860,80.52,80.52,80.52,80.52,14.007324059999998
1530154920,80.51,80.52,80.52,80.51,22.452391850000012
1530154980,80.51,80.52,80.52,80.52,53.8771743
1530155040,80.27,80.52,80.52,80.47,476.15079621000007
1530155100,80.45,80.45,80.45,80.45,27.78454327
1530155160,80.45,80.46,80.46,80.45,45.904543020000006
1530155220,80.45,80.46,80.46,80.46,19.737768019999997
1530155280,80.45,80.46,80.46,80.46,78.97072586000002
1530155340,80.45,80.46,80.46,80.45,11.633830239999998
1530155400,80.45,80.46,80.46,80.46,31.5906
1530155460,80.42,80.46,80.46,80.46,13.41861188
1530155520,80.45,80.46,80.46,80.45,34.98649342
1530155580,80.45,80.46,80.46,80.45,15.989532859999997
1530155640,80.45,80.46,80.45,80.46,26.415825469999998
1530155700,80.45,80.46,80.46,80.45,55.94368046
1530155760,80.4,80.46,80.46,80.41,209.64518077999986
1530155820,80.38,80.41,80.41,80.39,45.871682600000014
1530155880,80.38,80.39,80.39,80.38,12.710059560000001
1530155940,80.38,80.39,80.39,80.39,62.11771925000001
1530156000,80.27,80.39,80.39,80.31,22.731259019999996
1530156060,80.3,80.31,80.31,80.31,38.21856092000001
1530156120,80.31,80.31,80.31,80.31,30.96172979
1530156180,80.3,80.31,80.31,80.3,59.18770044000001
1530156240,80.21,80.3,80.3,80.29,93.88015455000001
1530156300,80.21,80.3,80.29,80.22,112.56738159000001
1530156360,80.21,80.28,80.28,80.21,31.913216819999995
1530156420,80.2,80.21,80.21,80.21,38.89563501000001
1530156480,80.2,80.21,80.2,80.21,29.67909289
1530156600,79.99,80.2,80.2,79.99,861.9824284600003
1530156660,79.92,80.0,80.0,79.92,19.39099479
1530156720,79.92,79.93,79.93,79.85,155.1920621799999
1530156780,79.79,79.93,79.86,79.93,562.97578225
1530156840,79.92,79.93,79.92,79.93,9.26521069
1530156900,79.92,79.93,79.92,79.92,20.46707933
1530156960,79.92,79.93,79.92,79.93,18.50145704
1530157020,79.92,79.93,79.93,79.93,70.88330640000001
1530157080,79.92,79.93,79.93,79.93,49.864955120000005
1530157140,79.92,79.93,79.93,79.93,9.033107939999999
1530157200,79.92,79.93,79.92,79.92,52.12582526
1530157260,79.81,79.93,79.93,79.82,173.9469297
1530157320,79.81,79.82,79.82,79.81,37.62632257999999
1530157380,79.81,79.82,79.81,79.82,1.6063501100000002
1530157440,79.81,79.82,79.82,79.82,69.29216471999997
1530157500,79.72,79.81,79.81,79.72,895.0974729500001
1530157560,79.65,79.72,79.72,79.65,118.04009391999992
1530157620,79.26,79.65,79.65,79.26,1116.6836741800003
1530157680,79.35,79.36,79.36,79.36,98.02862381
1530157740,79.07,79.35,79.35,79.23,728.9492970599999
1530157800,79.23,79.4,79.24,79.4,819.5548252699999
1530157860,79.37,79.4,79.39,79.37,3.14561654
1530157920,79.2,79.37,79.37,79.26,126.83757515999994
1530157980,79.23,79.27,79.27,79.23,13.461287439999996
1530158040,79.08,79.21,79.21,79.08,103.53093408000001
1530158100,78.55,79.09,79.08,78.55,1172.9545383299987
1530158160,78.48,78.67,78.55,78.67,864.0567501600003
1530158220,78.17,78.7,78.66,78.7,1241.90309051
1530158280,78.7,78.95,78.7,78.95,106.97747264000003
1530158340,78.96,79.1,78.96,79.1,25.799673919999996
1530158400,79.09,79.22,79.09,79.15,103.82034435999996
1530158460,79.07,79.1,79.1,79.08,43.293954850000006
1530158520,79.0,79.08,79.08,79.03,17.487061739999998
1530158580,79.02,79.18,79.02,79.18,361.10276640999984
1530158640,79.2,79.22,79.22,79.21,29.470881589999998
1530158700,79.2,79.21,79.21,79.21,5.68904392
1530158760,79.2,79.2,79.2,79.2,11.58603474
1530158820,79.21,79.21,79.21,79.21,17.39549509
1530158880,79.2,79.21,79.21,79.21,25.365186360000003
1530158940,79.21,79.21,79.21,79.21,7.5374346999999995
1530159000,79.2,79.21,79.21,79.2,24.61419701
1530159060,79.09,79.21,79.21,79.09,435.59247270999987
1530159120,79.02,79.03,79.03,79.03,11.809984290000001
1530159180,79.02,79.03,79.03,79.03,7.55816352
1530159240,79.03,79.05,79.03,79.04,11.067478659999997
1530159300,79.05,79.09,79.05,79.05,128.19843346
1530159360,79.05,79.06,79.06,79.05,21.95881877
1530159420,79.06,79.21,79.06,79.21,65.22193681000003
1530159480,79.2,79.26,79.2,79.25,106.64019363999998
1530159540,79.25,79.43,79.25,79.43,88.68811495999998
1530159600,79.42,79.43,79.43,79.43,12.9480786
1530159660,79.42,79.52,79.43,79.43,240.30197639000005
1530159720,79.36,79.43,79.42,79.36,213.25793246999993
1530159780,79.37,79.37,79.37,79.37,2.5331864900000003
1530159840,79.26,79.37,79.37,79.26,93.23913098999998
1530159900,79.26,79.27,79.27,79.26,10.10547565
1530159960,79.26,79.3,79.26,79.29,22.391554559999996
1530160020,79.26,79.29,79.29,79.27,8.479584730000001
1530160080,79.26,79.27,79.26,79.27,27.43914578
1530160140,79.26,79.27,79.26,79.27,13.794386050000002
1530160200,79.26,79.27,79.27,79.27,32.61538444
1530160260,79.26,79.27,79.26,79.26,61.21143719000003
1530160320,79.27,79.57,79.27,79.56,374.04673686999996
1530160380,79.57,79.78,79.57,79.75,305.3593534700002
1530160440,79.6,79.73,79.73,79.71,46.9660055
1530160500,79.66,79.69,79.69,79.66,29.01719244000001
1530160560,79.63,79.67,79.67,79.64,45.64155714000001
1530160620,79.57,79.64,79.64,79.63,40.64364046000001
1530160680,79.6,79.63,79.62,79.61,13.155821150000001
1530160740,79.6,79.61,79.61,79.61,10.58705166
1530160800,79.51,79.61,79.61,79.59,61.29022771000003
1530160860,79.6,79.61,79.61,79.61,9.479349269999998
1530160920,79.51,79.6,79.6,79.55,38.68249524999999
1530160980,79.55,79.56,79.56,79.56,61.56661639000001
1530161040,79.55,79.56,79.56,79.55,16.65515594
1530161100,79.51,79.56,79.56,79.51,47.86338283000002
1530161160,79.51,79.52,79.52,79.52,15.10075491
1530161220,79.51,79.52,79.51,79.51,119.27901080999999
1530161280,79.51,79.52,79.51,79.51,17.401152619999998
1530161340,79.32,79.51,79.51,79.33,48.351118539999995
1530161400,79.33,79.38,79.33,79.38,4.69748069
1530161460,79.38,79.38,79.38,79.38,6.7029428300000005
1530161520,79.37,79.38,79.38,79.38,28.687440260000002
1530161580,79.07,79.37,79.37,79.07,197.48029401999997
1530161640,78.74,79.07,79.07,78.74,539.0556850600001
1530161700,78.88,79.0,78.89,79.0,205.70772893999998
1530161760,79.01,79.14,79.01,79.12,23.00659225
1530161820,79.12,79.16,79.12,79.13,79.05025238000002
1530161880,79.14,79.44,79.14,79.44,164.14721372999995
1530161940,79.44,79.45,79.44,79.44,2.17383149
1530162000,79.44,79.45,79.45,79.44,10.294841420000001
1530162060,79.44,79.45,79.45,79.44,7.18564045
1530162120,79.33,79.45,79.45,79.33,145.7830697299999
1530162180,79.32,79.33,79.33,79.33,7.312317999999999
1530162240,79.32,79.33,79.33,79.32,7.733898169999997
1530162300,79.3,79.32,79.32,79.31,14.402805619999999
1530162360,79.3,79.31,79.31,79.3,5.960013319999999
1530162420,79.3,79.31,79.31,79.31,8.1075219
1530162480,79.3,79.31,79.3,79.27,237.7072142299998
1530162540,79.21,79.27,79.27,79.21,22.46171153
1530162600,79.16,79.21,79.21,79.16,27.779633160000003
1530162660,79.14,79.16,79.16,79.15,35.22878133000001
1530162720,79.14,79.15,79.15,79.14,5.7758151699999996
1530162780,79.14,79.15,79.14,79.15,11.57567833
1530162840,79.1,79.15,79.15,79.1,52.123649019999995
1530162900,79.1,79.11,79.11,79.11,10.494160690000001
1530162960,79.05,79.11,79.11,79.05,62.73415180000001
1530163020,79.05,79.06,79.06,79.05,55.163614010000025
1530163080,79.05,79.06,79.06,79.06,11.30191296
1530163140,79.06,79.06,79.06,79.06,0.97299022
1530163200,79.05,79.06,79.06,79.05,52.15026562
1530163260,79.05,79.06,79.06,79.05,90.92320520999996
1530163320,79.06,79.16,79.06,79.16,330.76596212000015
1530163380,79.15,79.16,79.16,79.16,3.81715186
1530163440,79.15,79.16,79.15,79.15,5.18030167
1530163500,79.16,79.23,79.16,79.23,19.544272640000003
1530163560,79.11,79.23,79.23,79.11,131.31929721999984
1530163620,79.07,79.08,79.08,79.07,2.54957065
1530163680,78.97,79.06,79.06,78.97,24.487815000000005
1530163740,78.96,78.98,78.98,78.97,10.307883620000002
1530163800,78.97,78.98,78.97,78.98,9.810164989999999
1530163860,78.86,79.05,78.97,79.05,170.29953015999996
1530163920,78.92,79.05,79.05,78.92,11.42594085
1530163980,79.01,79.02,79.02,79.01,7.26508446
1530164040,78.92,79.02,79.02,78.94,66.7815618
1530164100,78.91,78.93,78.92,78.93,2.34474652
1530164160,78.93,78.96,78.93,78.96,37.432251609999994
1530164220,78.95,78.96,78.96,78.96,5.876684679999998
1530164280,78.89,78.96,78.96,78.95,13.573713489999998
1530164340,78.88,78.96,78.93,78.96,207.92463315000003
1530164400,78.93,78.94,78.93,78.94,3.58314809
1530164460,78.92,78.93,78.92,78.93,8.65922876
1530164520,78.92,78.92,78.92,78.92,5.064764239999998
1530164580,78.93,78.93,78.93,78.93,39.74759843
1530164640,78.93,78.93,78.93,78.93,1.00000878
1530164700,78.92,78.93,78.93,78.92,10.43841681
1530164760,78.93,78.93,78.93,78.93,12.59592861
1530164820,78.92,78.93,78.92,78.93,1.4698
1530164880,78.93,78.93,78.93,78.93,3.31281891
1530164940,78.92,78.93,78.93,78.93,11.248523259999995
1530165000,78.92,78.93,78.93,78.92,31.261199999999995
1530165060,78.93,78.93,78.93,78.93,0.29637698
1530165120,78.92,78.93,78.92,78.93,41.96967718
1530165180,78.93,78.93,78.93,78.93,4.5
1530165240,78.93,78.93,78.93,78.93,1.49577698
1530165300,78.92,78.93,78.92,78.93,20.30450226
1530165360,78.93,79.16,78.93,79.16,585.7709242900003
1530165420,79.17,79.19,79.17,79.19,3.9552248899999998
1530165480,79.19,79.2,79.19,79.2,11.09037927
1530165540,79.19,79.2,79.2,79.2,9.88717305
1530165600,79.19,79.2,79.2,79.2,9.582066179999998
1530165660,79.19,79.2,79.19,79.2,8.61600091
1530165720,79.19,79.2,79.19,79.19,11.327694079999999
1530165780,79.19,79.2,79.19,79.2,10.223880600000001
1530165840,79.07,79.2,79.2,79.09,182.18393226999981
1530165900,79.09,79.16,79.1,79.11,24.92107268000001
1530165960,79.03,79.11,79.11,79.04,7.955992220000001
1530166020,79.03,79.04,79.04,79.03,17.67515093
1530166080,79.04,79.07,79.04,79.07,13.380510799999998
1530166140,78.97,79.07,79.07,79.03,12.446988659999995
1530166200,79.03,79.04,79.04,79.03,13.9
1530166260,79.03,79.04,79.03,79.04,1.0068282100000001
1530166320,78.95,79.04,79.04,79.01,17.639240009999995
1530166380,79.01,79.01,79.01,79.01,0.11346885
1530166440,79.0,79.01,79.01,79.0,15.10745646
1530166500,79.0,79.04,79.01,79.01,19.00257382
1530166560,79.01,79.01,79.01,79.01,29.75415665
1530166620,79.0,79.01,79.0,79.01,16.15182399
1530166680,79.01,79.01,79.01,79.01,2.30190774
1530166740,79.01,79.01,79.01,79.01,11.97731763
1530166800,79.0,79.01,79.01,79.01,1.6543542400000002
1530166860,79.01,79.01,79.01,79.01,2.1233673900000003
1530166920,78.94,79.01,79.0,78.94,123.76520995999988
1530166980,78.95,79.01,78.95,79.0,12.30708282
1530167040,79.01,79.01,79.01,79.01,2.49373121
1530167100,78.92,79.01,79.0,78.92,283.67756290000045
1530167160,78.9,78.97,78.93,78.9,45.54663405000004
1530167220,78.9,78.94,78.91,78.9,14.933280869999999
1530167280,78.9,78.91,78.9,78.91,20.47519027
1530167340,78.9,78.91,78.9,78.91,7.5995
1530167400,78.9,78.91,78.91,78.9,5.28689969
1530167460,78.9,78.91,78.9,78.9,48.51581991
1530167520,78.9,78.91,78.91,78.91,14.15929881
1530167580,78.9,78.9,78.9,78.9,7.908006
1530167640,78.9,78.91,78.91,78.91,10.475106610000001
1530167700,78.79,78.9,78.9,78.79,56.52093463000004
1530167760,78.78,78.79,78.79,78.79,19.22171539
1530167820,78.78,78.79,78.79,78.78,6.81794107
1530167880,78.78,78.79,78.79,78.78,14.33876982
1530167940,78.79,78.85,78.79,78.85,106.97445510999998
1530168000,78.78,78.85,78.85,78.79,37.51848542
1530168060,78.78,78.78,78.78,78.78,5.8314
1530168120,78.78,78.79,78.78,78.79,5.81742201
1530168180,78.78,78.79,78.79,78.78,5.275604850000001
1530168240,78.78,78.79,78.78,78.79,44.67631172000003
1530168300,78.78,78.8,78.79,78.8,17.009752749999993
1530168360,78.77,78.84,78.79,78.84,39.53631207
1530168420,78.81,78.82,78.82,78.81,4.8334937600000005
1530168480,78.81,78.82,78.82,78.82,14.658837909999999
1530168540,78.81,78.82,78.82,78.82,18.00792495
1530168600,78.79,78.82,78.82,78.79,34.29795198000003
1530168660,78.77,78.77,78.77,78.77,3.23676015
1530168720,78.76,78.77,78.76,78.77,1.16358999
1530168780,78.62,78.77,78.77,78.62,117.78151491999998
1530168840,78.69,78.7,78.7,78.69,2.9866658500000005
1530168900,78.69,78.7,78.7,78.7,9.650718000000001
1530168960,78.7,78.7,78.7,78.7,3.11391581
1530169020,78.69,78.7,78.7,78.69,40.79803861
1530169080,78.69,78.76,78.69,78.76,35.07093472
1530169140,78.75,78.76,78.75,78.75,33.406443190000005
1530169200,78.75,78.76,78.75,78.75,18.7173178
1530169260,78.63,78.76,78.76,78.67,55.07442863
1530169320,78.66,78.67,78.67,78.66,7.326061639999997
1530169380,78.63,78.67,78.67,78.63,4.69495815
1530169440,78.63,78.64,78.63,78.63,12.541505690000001
1530169500,78.63,78.64,78.63,78.63,7.828249400000001
1530169560,78.63,78.64,78.63,78.64,7.75961414
1530169620,78.64,78.91,78.64,78.9,875.5782961500006
1530169680,78.82,78.91,78.87,78.88,64.16220713000001
1530169740,78.88,78.89,78.88,78.89,11.48578004
1530169800,78.89,78.92,78.89,78.92,23.246884230000003
1530169860,78.91,78.93,78.92,78.92,20.900100500000008
1530169920,78.92,78.93,78.93,78.92,9.072878339999999
