1553490900,59.53,59.59,59.53,59.56,138.85
1553490960,59.53,59.53,59.53,59.53,0.186
1553491020,59.53,59.53,59.53,59.53,1.37
1553491080,59.58,59.67,59.58,59.67,267.3
1553491140,59.69,59.73,59.69,59.72,741.57
1553491200,59.69,59.71,59.71,59.69,39.24
1553491260,59.71,59.71,59.71,59.71,1.67
1553491320,59.7,59.7,59.7,59.7,0.392
1553491380,59.68,59.7,59.68,59.7,1.59
1553491440,59.69,59.69,59.69,59.69,15.39
1553491500,59.69,59.69,59.69,59.69,0.784
1553491560,59.68,59.68,59.68,59.68,6.74
1553491620,59.63,59.68,59.68,59.63,3.49
1553491680,59.58,59.64,59.63,59.62,163.7
1553491740,59.54,59.59,59.59,59.54,43.98
1553491800,59.5,59.6,59.56,59.59,369.88
1553491860,59.5,59.58,59.51,59.54,323.96
1553491920,59.53,59.58,59.58,59.53,0.728
1553491980,59.53,59.57,59.57,59.53,18.52
1553492040,59.58,59.58,59.58,59.58,1.22
1553492100,59.56,59.58,59.57,59.56,50.93
1553492160,59.57,59.57,59.57,59.57,0.293
1553492220,59.58,59.58,59.58,59.58,1.0
1553492280,59.58,59.58,59.58,59.58,2.69
1553492340,59.57,59.57,59.57,59.57,28.02
1553492400,59.57,59.57,59.57,59.57,2.78
1553492460,59.57,59.57,59.57,59.57,29.71
1553492520,59.57,59.59,59.59,59.59,8.67
1553492580,59.57,59.59,59.57,59.59,10.69
1553492640,59.59,59.59,59.59,59.59,1.5
1553492700,59.59,59.59,59.59,59.59,0.309
1553492760,59.55,59.55,59.55,59.55,10.92
1553492820,59.6,59.6,59.6,59.6,0.802
1553492880,59.58,59.6,59.58,59.6,22.26
1553492940,59.6,59.6,59.6,59.6,0.418
1553493060,59.57,59.57,59.57,59.57,1.76
1553493300,59.59,59.59,59.59,59.59,5.67
1553493360,59.6,59.6,59.6,59.6,0.41
1553493420,59.59,59.6,59.6,59.6,40.86
1553493540,59.6,59.64,59.6,59.64,27.46
1553493660,59.65,59.65,59.65,59.65,46.96
1553493720,59.55,59.64,59.64,59.55,35.45
1553493840,59.47,59.52,59.52,59.48,25.8
1553494020,59.44,59.47,59.47,59.44,12.58
1553494080,59.44,59.45,59.44,59.45,40.4
1553494140,59.42,59.44,59.44,59.42,83.27
1553494200,59.42,59.42,59.42,59.42,33.31
1553494260,59.42,59.42,59.42,59.42,0.31
1553494320,59.4,59.41,59.41,59.4,44.01
1553494440,59.47,59.48,59.47,59.48,3.33
1553494500,59.5,59.5,59.5,59.5,0.4
1553494560,59.48,59.48,59.48,59.48,7.71
1553494620,59.5,59.51,59.51,59.5,6.3
1553494680,59.51,59.51,59.51,59.51,0.343
1553494740,59.5,59.51,59.51,59.51,28.19
1553494800,59.5,59.5,59.5,59.5,50.0
1553494860,59.5,59.51,59.51,59.5,2.44
1553494920,59.51,59.51,59.51,59.51,0.836
1553494980,59.5,59.51,59.5,59.51,18.62
1553495040,59.51,59.51,59.51,59.51,25.0
1553495100,59.51,59.51,59.51,59.51,0.636
1553495160,59.5,59.5,59.5,59.5,0.396
1553495280,59.51,59.51,59.51,59.51,0.151
1553495340,59.51,59.56,59.51,59.56,8.23
1553495400,59.46,59.46,59.46,59.46,1.26
1553495520,59.43,59.45,59.43,59.43,2.36
1553495640,59.46,59.46,59.46,59.46,1.19
1553495700,59.46,59.46,59.46,59.46,0.31
1553495820,59.48,59.5,59.48,59.49,14.42
1553495880,59.49,59.5,59.5,59.49,0.73
1553496000,59.51,59.51,59.51,59.51,0.176
1553496180,59.51,59.57,59.51,59.57,0.518
1553496300,59.38,59.54,59.51,59.54,567.06
1553496360,59.49,59.53,59.52,59.53,16.97
1553496480,59.53,59.53,59.53,59.53,1.87
1553496540,59.5,59.5,59.5,59.5,0.125
1553496600,59.53,59.53,59.53,59.53,0.151
1553496660,59.51,59.51,59.51,59.51,3.43
1553496780,59.53,59.53,59.53,59.53,0.226
1553496840,59.49,59.49,59.49,59.49,2.51
1553496960,59.41,59.49,59.49,59.41,66.97
1553497200,59.45,59.45,59.45,59.45,0.168
1553497260,59.42,59.42,59.42,59.42,1.4
1553497380,59.41,59.41,59.41,59.41,0.109
1553497500,59.39,59.39,59.39,59.39,0.804
1553497620,59.39,59.39,59.39,59.39,0.75
1553497680,59.39,59.4,59.4,59.39,2.3
1553497800,59.38,59.43,59.38,59.43,275.73
1553497860,59.33,59.42,59.4,59.41,652.39
1553497920,59.26,59.38,59.38,59.34,204.89
1553497980,59.26,59.31,59.31,59.26,168.39
1553498040,59.33,59.33,59.33,59.33,80.7
1553498100,59.35,59.36,59.36,59.35,84.52
1553498160,59.35,59.35,59.35,59.35,202.23
1553498220,59.35,59.35,59.35,59.35,8.91
1553498280,59.36,59.44,59.36,59.4,82.62
1553498340,59.39,59.39,59.39,59.39,3.33
1553498400,59.34,59.36,59.34,59.36,3.43
1553498640,59.31,59.31,59.31,59.31,1.0
1553498760,59.17,59.33,59.33,59.23,729.37
1553498820,59.16,59.24,59.24,59.16,116.13
1553498940,59.17,59.22,59.22,59.17,11.47
1553499060,59.14,59.14,59.14,59.14,1.04
1553499120,59.03,59.13,59.13,59.03,293.57
1553499180,59.04,59.04,59.04,59.04,1.39
1553499240,59.05,59.05,59.05,59.05,1.7
1553499300,59.04,59.04,59.04,59.04,2.0
1553499360,59.04,59.04,59.04,59.04,3.39
1553499420,59.05,59.14,59.05,59.14,175.54
1553499480,59.13,59.13,59.13,59.13,0.168
1553499540,59.16,59.16,59.16,59.16,50.58
1553499600,59.14,59.18,59.14,59.18,8.86
1553499660,59.16,59.22,59.18,59.22,114.18
1553499720,59.18,59.22,59.22,59.18,15.49
1553499780,59.21,59.23,59.21,59.23,35.14
1553569980,58.77,58.78,58.78,58.77,4.99
1553570040,58.77,58.78,58.77,58.78,27.64
1553570100,58.72,58.78,58.77,58.72,64.27
1553570160,58.72,58.73,58.73,58.72,2.13
1553570220,58.67,58.72,58.72,58.68,93.18
1553570280,58.7,58.71,58.7,58.71,8.75
1553570340,58.7,58.71,58.7,58.71,4.13
1553570400,58.71,58.71,58.71,58.71,0.763
1553570460,58.63,58.7,58.7,58.66,210.91
1553570520,58.64,58.66,58.66,58.66,54.38
1553570700,58.64,58.68,58.68,58.64,5.37
1553570760,58.68,58.68,58.68,58.68,1.0
1553570820,58.64,58.66,58.66,58.66,7.36
1553570880,58.65,58.65,58.65,58.65,1.31
1553570940,58.49,58.61,58.61,58.49,164.23
1553571000,58.48,58.53,58.53,58.48,27.11
1553571060,58.47,58.47,58.47,58.47,3.41
1553571120,58.47,58.48,58.48,58.47,4.13
1553571180,58.48,58.49,58.48,58.49,45.4
1553571240,58.49,58.49,58.49,58.49,8.04
1553571300,58.41,58.49,58.49,58.41,592.44
1553571360,58.44,58.45,58.44,58.45,7.34
1553571420,58.46,58.47,58.46,58.47,8.38
1553571480,58.47,58.47,58.47,58.47,18.7
1553571540,58.46,58.47,58.47,58.47,3.35
1553571600,58.46,58.47,58.46,58.47,13.75
1553571660,58.45,58.47,58.47,58.45,27.52
1553571720,58.46,58.46,58.46,58.46,1.52
1553571780,58.47,58.47,58.47,58.47,57.17
1553571840,58.47,58.47,58.47,58.47,43.93
1553571900,58.46,58.47,58.46,58.47,47.07
1553571960,58.47,58.47,58.47,58.47,0.4
1553572020,58.38,58.47,58.47,58.38,188.31
1553572080,58.36,58.37,58.37,58.36,1.0
1553572140,58.39,58.39,58.39,58.39,0.818
1553572200,58.35,58.36,58.36,58.35,1.0
1553572260,58.31,58.35,58.35,58.31,35.64
1553572320,58.35,58.41,58.41,58.38,83.68
1553572380,58.37,58.38,58.37,58.38,0.416
1553572440,58.34,58.35,58.35,58.34,4.07
1553572500,58.34,58.35,58.35,58.34,38.28
1553572560,58.35,58.35,58.35,58.35,45.1
1553572620,58.21,58.35,58.35,58.26,183.89
1553572680,58.15,58.24,58.22,58.2,938.24
1553572740,58.22,58.25,58.22,58.25,2.34
1553572800,58.23,58.27,58.26,58.25,32.54
1553572860,58.23,58.23,58.23,58.23,16.24
1553572920,58.25,58.25,58.25,58.25,4.9
1553572980,58.25,58.41,58.25,58.41,458.36
1553573040,58.42,58.43,58.42,58.43,8.62
1553573100,58.43,58.44,58.43,58.43,3.1
1553573160,58.42,58.42,58.42,58.42,0.148
1553573220,58.44,58.55,58.44,58.52,630.31
1553573280,58.53,58.53,58.53,58.53,1.13
1553573340,58.51,58.52,58.52,58.52,24.65
1553573400,58.51,58.52,58.52,58.51,23.66
1553573460,58.51,58.51,58.51,58.51,1.07
1553573520,58.51,58.52,58.52,58.51,10.38
1553573580,58.42,58.42,58.42,58.42,1.23
1553573640,58.41,58.47,58.42,58.47,43.11
1553573760,58.5,58.51,58.5,58.51,2.91
1553573820,58.5,58.51,58.51,58.5,13.09
1553573880,58.5,58.5,58.5,58.5,0.183
1553574000,58.5,58.51,58.51,58.51,9.83
1553574060,58.5,58.51,58.51,58.51,16.5
1553574120,58.51,58.51,58.51,58.51,200.82
1553574180,58.5,58.52,58.51,58.52,10.97
1553574240,58.52,58.52,58.52,58.52,4.93
1553574300,58.5,58.52,58.52,58.52,1.4
1553574360,58.52,58.52,58.52,58.52,0.334
1553574420,58.51,58.55,58.52,58.55,273.4
1553574480,58.55,58.56,58.56,58.55,1.36
1553574540,58.56,58.56,58.56,58.56,1.83
1553574600,58.56,58.56,58.56,58.56,10.07
1553574660,58.55,58.55,58.55,58.55,0.978
1553574720,58.55,58.55,58.55,58.55,42.13
1553574780,58.42,58.45,58.43,58.45,68.52
1553574840,58.44,58.45,58.44,58.45,2.39
1553574960,58.46,58.46,58.46,58.46,7.41
1553575080,58.46,58.46,58.46,58.46,1.0
1553575140,58.46,58.47,58.46,58.47,6.07
1553575200,58.48,58.49,58.49,58.48,13.96
1553575260,58.46,58.46,58.46,58.46,0.946
1553575320,58.48,58.48,58.48,58.48,7.59
1553575380,58.46,58.48,58.48,58.46,20.06
1553575440,58.46,58.47,58.47,58.46,4.99
1553575500,58.46,58.48,58.48,58.48,2.36
1553575620,58.48,58.48,58.48,58.48,0.817
1553575680,58.46,58.47,58.46,58.46,9.43
1553575740,58.46,58.46,58.46,58.46,0.633
1553575800,58.46,58.47,58.47,58.46,33.4
1553575860,58.46,58.47,58.47,58.47,10.34
1553575920,58.46,58.47,58.47,58.46,4.39
1553575980,58.46,58.46,58.46,58.46,18.17
1553576040,58.42,58.46,58.46,58.42,8.25
1553576100,58.42,58.42,58.42,58.42,0.4
1553576160,58.41,58.41,58.41,58.41,8.56
1553576280,58.41,58.42,58.42,58.41,19.22
1553576340,58.4,58.4,58.4,58.4,2.56
1553576400,58.39,58.4,58.4,58.39,10.26
1553576460,58.39,58.39,58.39,58.39,0.68
1553576520,58.4,58.48,58.4,58.45,46.36
1553576640,58.45,58.45,58.45,58.45,1.21
1553576700,58.44,58.44,58.44,58.44,10.85
1553576760,58.39,58.43,58.39,58.43,0.853
1553576820,58.4,58.4,58.4,58.4,7.01
1553576880,58.43,58.43,58.43,58.43,5.0
1553576940,58.44,58.44,58.44,58.44,2.69
1553577000,58.44,58.45,58.44,58.45,102.1
1553577060,58.47,58.47,58.47,58.47,20.15
1553577120,58.5,58.5,58.5,58.5,9.36
1553577180,58.48,58.48,58.48,58.48,0.253
1553577240,58.47,58.47,58.47,58.47,1.0
1553577300,58.47,58.48,58.47,58.47,4.46
1553577360,58.47,58.5,58.47,58.47,36.65
1553577480,58.49,58.51,58.49,58.49,167.64
1553577540,58.49,58.52,58.52,58.49,1.11
1553577660,58.51,58.51,58.51,58.51,26.82
1553577720,58.51,58.52,58.52,58.51,0.306
1553577780,58.52,58.52,58.52,58.52,1.5
1553577840,58.51,58.52,58.52,58.52,6.09
1553577900,58.51,58.52,58.52,58.51,6.0
1553577960,58.51,58.52,58.51,58.52,17.19
1553578020,58.44,58.52,58.51,58.46,34.52
1553578140,58.47,58.47,58.47,58.47,1.06
1553578200,58.46,58.47,58.46,58.47,2.16
1553578260,58.43,58.47,58.46,58.43,28.92
1553578380,58.42,58.44,58.42,58.44,3.19
1553578440,58.42,58.42,58.42,58.42,6.51
1553578500,58.42,58.44,58.42,58.44,8.49
1553578560,58.4,58.44,58.44,58.42,26.36
1553578620,58.41,58.41,58.41,58.41,0.371
1553578680,58.43,58.43,58.43,58.43,0.621
1553578740,58.42,58.42,58.42,58.42,0.4
1553578860,58.42,58.43,58.42,58.43,16.68
1553578980,58.42,58.43,58.42,58.43,0.678
1553579040,58.42,58.43,58.42,58.43,3.67
1553579100,58.42,58.43,58.42,58.43,5.1
1553579220,58.42,58.43,58.43,58.42,2.1
1553579280,58.42,58.43,58.43,58.42,1.64
1553579340,58.32,58.42,58.42,58.37,221.69
1553579400,58.31,58.35,58.35,58.31,2.71
1553579460,58.32,58.34,58.34,58.32,1.96
1553579580,58.33,58.33,58.33,58.33,0.162
1553579640,58.33,58.33,58.33,58.33,0.819
1553579700,58.33,58.33,58.33,58.33,0.373
1553579760,58.29,58.31,58.31,58.29,4.13
1553579820,58.31,58.31,58.31,58.31,0.154
1553579940,58.29,58.29,58.29,58.29,5.15
1553580000,58.26,58.28,58.28,58.26,62.4
1553580060,58.26,58.26,58.26,58.26,30.0
1553580240,58.26,58.26,58.26,58.26,3.0
1553580300,58.25,58.26,58.25,58.26,5.42
1553580360,58.25,58.26,58.26,58.25,77.9
1553580420,58.25,58.26,58.26,58.25,35.33
1553580480,58.25,58.26,58.25,58.26,15.25
1553580540,58.26,58.26,58.26,58.26,9.0
1553580600,58.25,58.26,58.25,58.25,10.39
1553580660,58.25,58.25,58.25,58.25,6.9
1553580720,58.23,58.25,58.25,58.23,6.0
1553580780,58.23,58.23,58.23,58.23,0.789
1553580840,58.23,58.24,58.24,58.23,2.52
1553580900,58.23,58.24,58.24,58.24,10.5
1553580960,58.24,58.24,58.24,58.24,8.51
1553581020,58.24,58.24,58.24,58.24,17.13
1553581080,58.23,58.23,58.23,58.23,1.0
1553581200,58.3,58.32,58.3,58.32,6.32
1553581320,58.26,58.31,58.31,58.26,5.52
1553581380,58.23,58.25,58.25,58.23,2.02
1553581440,58.2,58.25,58.25,58.2,135.43
1553581620,58.21,58.24,58.21,58.24,2.98
1553581680,58.24,58.24,58.24,58.24,189.29
1553581800,58.23,58.24,58.23,58.24,12.52
1553581860,58.26,58.26,58.26,58.26,2.05
1553581920,58.26,58.26,58.26,58.26,5.36
1553581980,58.27,58.3,58.27,58.3,123.31
1553582040,58.3,58.33,58.3,58.33,39.74
1553582100,58.31,58.31,58.31,58.31,5.16
1553582160,58.32,58.32,58.32,58.32,0.35
1553582220,58.3,58.32,58.32,58.32,1.79
1553582280,58.31,58.31,58.31,58.31,0.194
1553582340,58.32,58.33,58.33,58.32,9.62
1553582400,58.33,58.33,58.33,58.33,8.4
1553582460,58.32,58.32,58.32,58.32,3.94
1553582520,58.23,58.31,58.31,58.23,16.09
1553582580,58.24,58.28,58.24,58.28,166.57
1553582640,58.25,58.25,58.25,58.25,4.39
1553582700,58.25,58.25,58.25,58.25,0.175
1553582820,58.24,58.24,58.24,58.24,0.672
1553582880,58.17,58.23,58.23,58.17,49.77
1553582940,58.13,58.14,58.14,58.13,144.17
1553583000,58.13,58.13,58.13,58.13,4.57
1553583060,58.12,58.13,58.13,58.12,2.12
1553583120,58.12,58.13,58.13,58.12,3.39
1553583180,58.08,58.12,58.12,58.08,586.61
1553583300,58.05,58.06,58.06,58.05,93.65
1553583360,58.06,58.15,58.06,58.15,365.69
1553583420,58.2,58.27,58.2,58.26,34.15
1553583480,58.27,58.27,58.27,58.27,0.847
1553583540,58.26,58.28,58.26,58.28,0.341
1553583600,58.13,58.23,58.23,58.2,506.48
1553583780,58.23,58.23,58.23,58.23,0.121
1553583840,58.23,58.23,58.23,58.23,67.8
1553583900,58.23,58.23,58.23,58.23,2.93
1553583960,58.23,58.23,58.23,58.23,15.72
1553584020,58.15,58.24,58.24,58.15,126.88
1553584140,58.16,58.16,58.16,58.16,0.154
1553584200,58.15,58.15,58.15,58.15,1.01
1553584260,58.16,58.16,58.16,58.16,0.77
1553584320,58.16,58.16,58.16,58.16,1.37
1553584380,58.18,58.18,58.18,58.18,331.81
1553584500,58.09,58.18,58.18,58.09,19.87
1553584560,58.09,58.09,58.09,58.09,0.548
1553584680,58.08,58.09,58.09,58.08,2.22
1553584740,58.05,58.09,58.09,58.05,83.75
1553584800,58.05,58.05,58.05,58.05,17.71
1553584920,58.05,58.05,58.05,58.05,10.03
1553584980,58.06,58.06,58.06,58.06,2.18
1553585040,58.06,58.08,58.08,58.06,19.92
1553585100,58.08,58.08,58.08,58.08,2.84
1553585280,58.07,58.07,58.07,58.07,0.207
1553585340,58.03,58.07,58.07,58.04,25.1
1553585400,58.01,58.03,58.03,58.01,251.82
1553585580,58.01,58.02,58.02,58.01,1.57
1553585700,58.0,58.01,58.0,58.01,37.47
1553585820,57.83,58.01,58.01,57.83,1332.37
1553585880,57.84,57.84,57.84,57.84,0.203
1553585940,57.83,57.84,57.84,57.84,19.37
1553586000,57.84,57.9,57.84,57.9,50.12
1553586120,57.9,57.97,57.9,57.97,67.67
1553586180,57.99,58.03,57.99,58.01,110.74
1553586300,58.06,58.09,58.07,58.06,3.61
1553586360,58.07,58.07,58.07,58.07,0.206
1553586420,58.07,58.07,58.07,58.07,0.429
1553586480,58.06,58.07,58.07,58.06,1.1
1553586540,58.06,58.07,58.07,58.07,4.65
1553586600,58.1,58.1,58.1,58.1,1.65
1553586660,58.11,58.12,58.11,58.12,35.54
1553586780,58.06,58.07,58.06,58.07,1.39
1553586840,58.07,58.07,58.07,58.07,16.88
1553586960,58.09,58.14,58.09,58.14,1.39
1553587020,58.08,58.14,58.14,58.13,25.36
1553587080,58.11,58.16,58.15,58.11,3.42
1553587140,58.16,58.19,58.19,58.16,1.71
1553587200,58.19,58.2,58.2,58.19,6.3
1553587260,58.2,58.2,58.2,58.2,0.4
1553587320,58.2,58.2,58.2,58.2,20.25
1553587440,58.18,58.18,58.18,58.18,4.12
1553587500,58.17,58.17,58.17,58.17,12.57
1553587560,58.18,58.18,58.18,58.18,0.4
1553587620,58.19,58.22,58.22,58.19,12.15
1553587740,58.21,58.21,58.21,58.21,0.448
1553587800,58.21,58.24,58.21,58.24,2.1
1553587860,58.23,58.23,58.23,58.23,0.155
1553588100,58.24,58.31,58.24,58.31,317.04
1553588160,58.31,58.32,58.31,58.32,0.401
1553588220,58.32,58.32,58.32,58.32,0.464
1553588280,58.32,58.32,58.32,58.32,0.418
1553588340,58.32,58.32,58.32,58.32,0.171
1553588400,58.32,58.38,58.32,58.38,217.7
1553588460,58.37,58.37,58.37,58.37,2.02
1553588580,58.38,58.4,58.38,58.4,10.23
1553588640,58.31,58.39,58.39,58.31,50.39
1553588820,58.31,58.31,58.31,58.31,0.7
1553589000,58.26,58.32,58.31,58.3,227.45
1553589120,58.26,58.29,58.29,58.26,15.52
1553589240,58.26,58.3,58.3,58.28,26.58
1553589300,58.28,58.29,58.28,58.28,6.62
1553589360,58.28,58.29,58.29,58.28,13.13
1553589480,58.28,58.28,58.28,58.28,10.55
1553589660,58.27,58.27,58.27,58.27,2.94
1553589720,58.27,58.29,58.29,58.27,1.14
1553589780,58.27,58.29,58.29,58.27,8.84
1553589960,58.28,58.28,58.28,58.28,2.07
1553590020,58.28,58.32,58.28,58.31,10.0
1553590200,58.33,58.33,58.33,58.33,5.41
1553590260,58.32,58.32,58.32,58.32,0.156
1553590440,58.33,58.33,58.33,58.33,2.87
1553590560,58.33,58.33,58.33,58.33,10.46
1553590680,58.34,58.34,58.34,58.34,1.96
1553590740,58.33,58.33,58.33,58.33,0.212
1553590800,58.34,58.34,58.34,58.34,4.28
1553590860,58.27,58.33,58.33,58.27,38.96
1553661780,59.68,59.72,59.68,59.72,3.0
1553661840,59.72,59.76,59.72,59.76,127.39
1553661900,59.76,59.76,59.76,59.76,0.657
1553661960,59.75,59.75,59.75,59.75,1.69
1553662020,59.75,59.76,59.75,59.76,1.34
1553662080,59.75,59.75,59.75,59.75,3.0
1553662140,59.75,59.76,59.75,59.76,196.38
1553662200,59.76,59.76,59.76,59.76,392.16
1553662260,59.76,59.84,59.76,59.84,296.6
1553662320,59.84,59.9,59.84,59.9,383.48
1553662380,59.86,59.9,59.89,59.86,28.3
1553662440,59.88,59.92,59.89,59.92,128.82
1553662500,59.92,59.92,59.92,59.92,0.39
1553662560,59.91,59.92,59.91,59.92,5.17
1553662620,59.91,59.92,59.91,59.92,8.12
1553662680,59.91,59.92,59.91,59.92,35.58
1553662740,59.91,59.91,59.91,59.91,0.332
1553662800,59.92,59.92,59.92,59.92,1.4
1553662860,59.92,59.92,59.92,59.92,3.1
1553662920,59.91,59.92,59.91,59.92,4.86
1553662980,59.91,59.92,59.92,59.92,1.26
1553663040,59.91,59.91,59.91,59.91,6.71
1553663100,59.91,59.92,59.92,59.91,64.67
1553663160,59.91,59.92,59.92,59.91,8.38
1553663220,59.92,59.92,59.92,59.92,40.91
1553663280,59.92,59.92,59.92,59.92,1.27
1553663340,59.88,59.91,59.88,59.91,1.68
1553663400,59.92,59.92,59.92,59.92,0.83
1553663520,59.91,59.91,59.91,59.91,3.79
1553663580,59.92,59.92,59.92,59.92,2.64
1553663700,59.92,59.92,59.92,59.92,0.341
1553663820,59.92,59.92,59.92,59.92,1.1
1553663880,59.92,59.93,59.92,59.92,425.79
1553663940,59.92,59.92,59.92,59.92,1.94
1553664000,59.91,59.92,59.92,59.91,1.59
1553664060,59.92,59.92,59.92,59.92,0.159
1553664120,59.92,59.92,59.92,59.92,0.457
1553664180,59.92,59.92,59.92,59.92,0.165
1553664240,59.92,59.94,59.92,59.94,83.86
1553664360,59.94,59.94,59.94,59.94,2.37
1553664420,59.93,59.94,59.94,59.94,6.83
1553664480,59.93,59.94,59.93,59.94,1.98
1553664540,59.93,59.93,59.93,59.93,2.53
1553664600,59.93,59.94,59.93,59.94,2.32
1553664660,59.93,59.94,59.93,59.93,4.27
1553664720,59.93,59.93,59.93,59.93,0.167
1553664840,59.93,59.93,59.93,59.93,12.25
1553664900,59.93,59.94,59.94,59.93,6.0
1553664960,59.94,59.94,59.94,59.94,0.797
1553665020,59.93,59.94,59.94,59.93,6.13
1553665080,59.93,60.02,59.93,60.02,2027.36
1553665140,60.0,60.02,60.0,60.01,0.701
1553665200,59.99,60.03,60.0,59.99,55.69
1553665260,59.99,60.01,59.99,60.01,9.77
1553665320,59.94,59.99,59.99,59.98,91.92
1553665380,59.96,59.98,59.96,59.98,6.07
1553665440,59.96,60.0,59.96,60.0,0.316
1553665500,59.96,59.96,59.96,59.96,10.75
1553665560,60.0,60.03,60.0,60.03,134.31
1553665620,60.02,60.04,60.03,60.03,223.82
1553665680,60.03,60.07,60.03,60.07,16.68
1553665740,60.04,60.08,60.07,60.04,11.3
1553665800,60.02,60.03,60.02,60.03,5.23
1553665860,60.02,60.03,60.03,60.02,41.98
1553665920,60.0,60.03,60.0,60.03,12.66
1553665980,60.0,60.06,60.03,60.06,15.3
1553666040,60.07,60.08,60.07,60.07,15.55
1553666100,60.03,60.08,60.08,60.03,57.21
1553666160,60.03,60.07,60.07,60.07,4.3
1553666220,60.05,60.08,60.05,60.08,16.63
1553666280,60.05,60.08,60.08,60.05,22.78
1553666340,60.01,60.06,60.05,60.03,47.29
1553666400,60.02,60.02,60.02,60.02,0.307
1553666460,60.0,60.03,60.02,60.01,10.39
1553666520,60.0,60.02,60.01,60.0,36.51
1553666580,60.0,60.0,60.0,60.0,6.21
1553666640,60.0,60.02,60.02,60.0,6.43
1553666700,60.0,60.01,60.01,60.0,26.78
1553666760,59.93,60.0,60.0,59.94,31.83
1553666820,59.93,59.94,59.94,59.93,13.17
1553666880,59.87,59.91,59.91,59.88,507.01
1553666940,59.82,59.88,59.88,59.82,63.06
1553667000,59.84,59.84,59.84,59.84,5.41
1553667060,59.86,59.86,59.86,59.86,20.68
1553667120,59.86,59.88,59.88,59.86,17.83
1553667240,59.83,59.86,59.83,59.86,8.06
1553667300,59.83,59.83,59.83,59.83,5.0
1553667360,59.83,59.84,59.83,59.84,12.22
1553667420,59.73,59.83,59.83,59.77,153.54
1553667480,59.73,59.76,59.76,59.73,64.99
1553667540,59.73,59.75,59.75,59.73,32.03
1553667600,59.74,59.74,59.74,59.74,27.78
1553667720,59.74,59.76,59.74,59.76,4.01
1553667840,59.78,59.83,59.78,59.83,7.58
1553667900,59.83,59.88,59.83,59.86,31.63
1553667960,59.86,59.86,59.86,59.86,0.133
1553668020,59.81,59.81,59.81,59.81,16.69
1553668080,59.81,59.85,59.81,59.81,10.97
1553668140,59.8,59.8,59.8,59.8,0.942
1553668200,59.8,59.81,59.81,59.8,12.71
1553668260,59.79,59.79,59.79,59.79,4.0
1553668320,59.79,59.8,59.8,59.79,0.2
1553668380,59.76,59.76,59.76,59.76,6.95
1553668500,59.77,59.77,59.77,59.77,2.41
1553668560,59.77,59.77,59.77,59.77,2.09
1553668620,59.77,59.79,59.77,59.79,9.28
1553668800,59.82,59.84,59.82,59.84,28.53
1553668860,59.8,59.83,59.83,59.8,14.2
1553668980,59.77,59.78,59.78,59.77,15.01
1553669040,59.77,59.79,59.77,59.79,3.13
1553669100,59.73,59.77,59.77,59.77,66.11
1553669160,59.77,59.78,59.78,59.77,2.61
1553669280,59.76,59.76,59.76,59.76,20.29
1553669340,59.76,59.8,59.76,59.8,3.28
1553669400,59.79,59.8,59.79,59.79,13.37
1553669460,59.79,59.79,59.79,59.79,10.47
1553669520,59.8,59.8,59.8,59.8,0.549
1553669580,59.8,59.8,59.8,59.8,0.315
1553669700,59.79,59.79,59.79,59.79,0.237
1553669820,59.8,59.8,59.8,59.8,1.7
1553669880,59.79,59.79,59.79,59.79,1.83
1553670000,59.76,59.79,59.79,59.78,30.36
1553670120,59.74,59.76,59.76,59.74,94.57
1553670180,59.77,59.77,59.77,59.77,2.0
1553670360,59.78,59.78,59.78,59.78,0.633
1553670420,59.79,59.8,59.8,59.79,7.72
1553670660,59.8,59.85,59.8,59.85,5.0
1553670780,59.85,59.85,59.85,59.85,6.81
1553670840,59.85,59.85,59.85,59.85,16.55
1553670900,59.84,59.84,59.84,59.84,0.335
1553670960,59.85,59.85,59.85,59.85,12.29
1553671020,59.85,59.85,59.85,59.85,1.0
1553671080,59.8,59.84,59.84,59.8,10.58
1553671140,59.81,59.85,59.81,59.85,7.64
1553671200,59.82,59.82,59.82,59.82,0.127
1553671260,59.82,59.83,59.83,59.82,1.42
1553671380,59.82,59.82,59.82,59.82,0.308
1553671440,59.81,59.82,59.82,59.81,3.94
1553671500,59.83,59.83,59.83,59.83,0.167
1553671560,59.83,59.85,59.84,59.83,0.931
1553671620,59.81,59.9,59.81,59.9,165.93
1553671680,59.82,59.87,59.86,59.82,0.967
1553671800,59.82,59.84,59.82,59.84,0.242
1553671860,59.74,59.81,59.81,59.74,84.1
1553671920,59.75,59.75,59.75,59.75,0.225
1553672040,59.74,59.74,59.74,59.74,0.583
1553672100,59.74,59.76,59.75,59.76,24.79
1553672160,59.82,59.82,59.82,59.82,0.225
1553672340,59.77,59.81,59.77,59.81,2.26
1553672400,59.78,59.79,59.79,59.78,0.233
1553672460,59.77,59.77,59.77,59.77,1.96
1553672580,59.78,59.78,59.78,59.78,4.1
1553672700,59.77,59.8,59.79,59.8,26.77
1553672880,59.8,59.8,59.8,59.8,0.599
1553672940,59.78,59.8,59.78,59.8,3.39
1553673000,59.81,59.81,59.81,59.81,0.334
1553673180,59.8,59.8,59.8,59.8,0.331
1553673240,59.81,59.83,59.81,59.83,16.39
1553673480,59.81,59.81,59.81,59.81,0.799
1553673540,59.81,59.84,59.81,59.84,12.59
1553673600,59.85,59.86,59.85,59.86,3.47
1553673660,59.83,59.83,59.83,59.83,0.45
1553673720,59.8,59.84,59.83,59.8,5.51
1553673780,59.81,59.81,59.81,59.81,0.391
1553673840,59.81,59.82,59.82,59.81,2.23
1553673960,59.81,59.84,59.81,59.84,0.965
1553674020,59.84,59.84,59.84,59.84,3.03
1553674080,59.85,59.85,59.85,59.85,0.228
1553674140,59.86,59.86,59.86,59.86,0.15
1553674200,59.86,59.86,59.86,59.86,0.217
1553674260,59.86,59.86,59.86,59.86,4.0
1553674320,59.86,59.86,59.86,59.86,13.74
1553674500,59.85,59.86,59.86,59.85,8.32
1553674560,59.85,59.86,59.86,59.85,1.11
1553674680,59.86,59.88,59.86,59.88,55.62
1553674740,59.88,59.88,59.88,59.88,0.186
1553674800,59.87,59.87,59.87,59.87,4.44
1553674860,59.88,59.88,59.88,59.88,1.34
1553674980,59.87,59.87,59.87,59.87,16.0
1553675040,59.88,59.91,59.88,59.91,8.05
1553675160,59.92,59.96,59.92,59.96,8.18
1553675460,59.96,59.96,59.96,59.96,1.28
1553675580,59.9,59.96,59.96,59.9,16.71
1553675640,59.85,59.92,59.92,59.85,481.94
1553675700,59.88,59.93,59.88,59.93,0.258
1553675760,59.91,59.91,59.91,59.91,0.797
1553675880,59.91,59.91,59.91,59.91,4.14
1553676000,59.91,59.96,59.91,59.96,97.4
1553676060,59.96,59.96,59.96,59.96,5.0
1553676120,59.93,59.96,59.96,59.93,1.79
1553676180,59.92,59.92,59.92,59.92,0.5
1553676240,59.9,59.9,59.9,59.9,36.79
1553676360,59.91,59.91,59.91,59.91,3.44
1553676540,59.9,59.91,59.9,59.91,12.11
1553676600,59.9,59.9,59.9,59.9,8.39
1553676720,59.9,59.9,59.9,59.9,1.01
1553676840,59.9,59.9,59.9,59.9,53.14
1553676900,59.91,59.91,59.91,59.91,5.73
1553676960,59.92,59.92,59.92,59.92,46.61
1553677020,59.92,59.98,59.92,59.98,54.98
1553677140,59.97,59.98,59.98,59.98,0.613
1553677200,59.98,60.0,59.98,60.0,137.93
1553677260,60.0,60.01,60.0,60.0,249.85
1553677320,60.01,60.05,60.01,60.05,77.16
1553677380,60.05,60.05,60.05,60.05,23.65
1553677620,60.05,60.09,60.05,60.09,39.09
1553677680,60.09,60.09,60.09,60.09,20.33
1553677800,60.06,60.07,60.07,60.06,33.78
1553677860,60.06,60.06,60.06,60.06,10.61
1553678100,59.96,60.06,60.06,59.96,99.45
1553678160,59.97,59.97,59.97,59.97,40.2
1553678220,59.96,59.96,59.96,59.96,17.61
1553678280,59.97,59.97,59.97,59.97,33.67
1553678400,59.94,59.99,59.99,59.94,104.83
1553678520,59.93,59.98,59.93,59.98,16.98
1553678640,59.95,59.95,59.95,59.95,0.444
1553678700,59.96,59.98,59.98,59.96,4.33
1553678820,59.99,60.0,60.0,59.99,4.71
1553678880,60.0,60.0,60.0,60.0,0.855
1553678940,59.99,60.0,60.0,60.0,116.17
1553679000,60.0,60.0,60.0,60.0,0.883
1553679060,59.99,60.0,60.0,59.99,17.8
1553679120,59.99,60.0,60.0,59.99,1.21
1553679180,60.0,60.0,60.0,60.0,0.713
1553679240,59.94,59.97,59.97,59.94,163.25
1553679300,59.98,59.98,59.98,59.98,4.08
1553679360,59.98,59.98,59.98,59.98,1.01
1553679420,59.98,59.98,59.98,59.98,8.14
1553679540,59.97,59.97,59.97,59.97,1.26
1553679600,59.98,59.98,59.98,59.98,1.13
1553679660,59.98,59.98,59.98,59.98,16.35
1553679720,59.98,59.98,59.98,59.98,0.12
1553679900,59.91,59.93,59.93,59.92,1.95
1553679960,59.91,59.92,59.91,59.91,2.43
1553680020,59.91,59.91,59.91,59.91,0.623
1553680080,59.91,59.92,59.92,59.91,2.38
1553680140,59.91,59.91,59.91,59.91,0.623
1553680200,59.91,59.98,59.91,59.98,161.35
1553680260,59.99,60.0,60.0,59.99,4.93
1553680320,59.99,60.0,60.0,59.99,109.31
1553680380,60.0,60.0,60.0,60.0,13.68
1553680440,60.0,60.0,60.0,60.0,77.35
1553680500,59.99,60.0,59.99,60.0,100.99
1553680560,59.99,60.0,59.99,59.99,10.5
1553680620,59.99,60.0,60.0,59.99,13.54
1553680680,59.99,59.99,59.99,59.99,7.91
1553680740,60.0,60.0,60.0,60.0,35.17
1553680800,59.99,60.0,60.0,59.99,101.14
1553680860,60.0,60.06,60.0,60.06,153.7
1553680920,60.06,60.06,60.06,60.06,1.0
1553680980,60.06,60.06,60.06,60.06,20.0
1553681040,60.06,60.18,60.06,60.18,407.61
1553681160,60.12,60.13,60.12,60.13,2.15
1553681400,60.04,60.11,60.07,60.11,102.75
1553681520,60.11,60.17,60.11,60.17,17.71
1553681580,60.16,60.16,60.16,60.16,92.36
1553681640,60.17,60.17,60.17,60.17,0.149
1553681700,60.16,60.18,60.16,60.18,118.78
1553681760,60.19,60.3,60.19,60.29,507.22
1553681820,60.3,60.5,60.3,60.5,1365.37
1553681880,60.47,60.69,60.5,60.53,1384.82
1553681940,60.53,60.62,60.53,60.53,172.2
1553682000,60.48,60.56,60.53,60.51,181.81
1553682060,60.49,60.49,60.49,60.49,4.35
1553682120,60.49,60.52,60.49,60.52,157.24
1553682180,60.52,60.65,60.52,60.65,118.8
1553682240,60.53,60.7,60.65,60.54,737.57
1553682300,60.54,60.62,60.54,60.58,189.77
1553682360,60.57,60.57,60.57,60.57,130.0
1553682420,60.49,60.54,60.53,60.54,1317.32
1553682480,60.53,60.54,60.54,60.53,15.51
1553682540,60.53,60.54,60.54,60.54,21.24
1553682600,60.53,60.56,60.53,60.56,292.0
1553682660,60.53,60.54,60.54,60.53,36.59
1553682720,60.54,60.54,60.54,60.54,10.13
