1544400000,0.054016,0.0579,0.05583,0.057,137831.0
1544486400,0.051977,0.056789,0.056789,0.051977,205091.0
1544572800,0.05,0.053786,0.052114,0.053305,154058.0
1544659200,0.04747,0.053518,0.053518,0.047623,189923.0
1544745600,0.041721,0.04876,0.047623,0.0429,243258.0
1544832000,0.040764,0.04405,0.042508,0.041918,224174.0
1544918400,0.04179,0.046038,0.0418,0.04431,289386.0
1545004800,0.04431,0.049686,0.04431,0.04828,643206.0
1545091200,0.045055,0.048883,0.048473,0.048883,358224.0
1545177600,0.046593,0.052454,0.048996,0.047,1120598.0
1545264000,0.04633,0.055,0.046565,0.052614,882069.0
1545350400,0.051,0.056796,0.052779,0.053833,746164.0
1545436800,0.052301,0.0565,0.054164,0.056028,341978.0
1545523200,0.0561,0.059797,0.056347,0.056342,424501.0
1545609600,0.053101,0.061999,0.056864,0.05417,645990.0
1545696000,0.048401,0.05417,0.05417,0.050199,383988.0
1545782400,0.0498,0.0508,0.0498,0.050449,33803.0
