1517335200,1435.22,1503.99,1495.71,1446.0,3552.235322449992
1517356800,1381.0,1459.9,1446.0,1429.98,7456.962918199976
1517378400,1430.58,1513.23,1430.96,1500.25,1884.55969753
1517400000,1450.0,1515.0,1500.25,1464.0,2420.6210047899967
1517421600,1426.68,1477.68,1464.0,1472.74,3728.5183019899982
1517443200,1439.0,1481.43,1474.99,1450.0,1710.5039116899989
1517464800,1350.0,1449.99,1449.99,1378.05,2325.841245319996
1517486400,1240.0,1379.86,1378.05,1262.24,7823.381861659989
1517508000,1168.39,1304.57,1255.72,1254.86,9820.383433110013
1517529600,1140.67,1259.28,1252.41,1150.0,5430.903382809981
1517551200,1001.0,1179.42,1149.74,1026.35,8285.138690800022
1517572800,927.04,1224.81,1027.56,1171.81,10481.573969229974
1517594400,1138.57,1200.0,1172.49,1181.0,3581.27941543999
1517616000,1052.0,1181.0,1180.99,1088.05,3505.7579168799894
1517637600,1084.02,1216.0,1088.06,1216.0,1589.7442849099987
1517659200,1206.47,1279.9,1216.0,1243.45,3959.0920001399927
1517680800,1237.75,1319.99,1243.45,1269.71,2476.3958081599894
1517702400,1241.77,1283.91,1269.71,1263.91,1718.76100135
1517724000,1172.24,1283.96,1263.91,1188.5,1995.641622639997
1517745600,1115.04,1190.32,1188.27,1163.71,2640.4359823799955
1517767200,1090.03,1169.78,1164.85,1156.16,3501.257069459994
1517788800,1090.0,1169.76,1155.16,1124.0,1845.8151733800003
1517810400,990.0,1134.58,1121.58,990.0,2805.934855379994
1517832000,906.06,1028.42,991.23,906.06,6091.605671269975
1517853600,800.47,963.93,906.07,880.0,11794.767868490026
1517875200,761.61,927.23,879.99,825.0,13182.393953570023
1517896800,744.8,879.58,825.02,809.06,8531.430721919924
1517918400,799.44,935.8,809.03,884.39,10516.251705549997
1517940000,876.03,980.0,882.51,968.01,10740.00759431
1517961600,898.7,976.0,970.0,920.87,5597.256362669981
1517983200,897.4,1021.42,920.87,1009.03,4411.5524595199795
1518004800,987.88,1057.64,1009.85,1027.02,6497.435269259973
1518026400,945.0,1036.45,1027.03,955.0,6334.154420959982
1518048000,942.51,1020.0,954.99,990.0,3582.6764861599845
1518069600,983.14,1260.0,990.0,1208.61,5793.9548789400005
1518091200,1164.4,1325.0,1204.67,1279.32,12412.888687870001
1518112800,1222.0,1353.29,1279.32,1278.0,12711.810401680028
1518134400,1187.73,1299.87,1276.62,1238.92,8841.642248590022
1518156000,1217.57,1334.96,1235.69,1305.0,4582.971392130004
1518177600,1270.01,1320.0,1306.73,1303.5,5875.4571021000065
1518199200,1265.24,1320.0,1303.5,1299.83,4076.67542698
1518220800,1280.39,1387.78,1299.96,1345.5,8361.921633290003
1518242400,1235.41,1368.88,1345.5,1284.56,4610.062461350003
1518264000,1200.0,1305.94,1284.56,1228.18,3323.48090771
1518285600,1198.01,1248.11,1230.08,1239.7,2473.9136258199987
1518307200,1191.68,1296.49,1239.7,1221.16,3712.6305900699977
1518328800,1182.1,1259.71,1221.16,1251.75,2019.3369559100013
1518350400,1230.0,1295.23,1251.65,1234.38,2710.1175487100027
1518372000,1202.0,1266.98,1236.37,1210.0,2153.186991620001
1518393600,1209.4,1262.0,1210.0,1239.0,1874.3787788399995
1518415200,1235.98,1288.82,1238.99,1265.35,2074.8064648300024
1518436800,1244.99,1280.0,1265.34,1264.0,1524.3904662799994
1518458400,1257.6,1288.05,1263.99,1279.39,2006.9086413599998
1518480000,1218.0,1284.7,1279.01,1228.33,2970.2259174699975
1518501600,1200.0,1241.95,1228.32,1215.67,1806.4990540299987
1518523200,1215.0,1246.01,1216.62,1237.84,1432.5629548299996
1518544800,1213.06,1245.24,1239.76,1219.82,2514.2660952400006
1518566400,1218.79,1280.76,1219.59,1274.33,3897.8470991600025
1518588000,1235.0,1277.25,1274.33,1271.11,1466.4768084199986
1518609600,1270.53,1378.88,1270.88,1344.48,7070.2945391800295
1518631200,1320.01,1363.0,1344.49,1355.0,2798.184689779997
1518652800,1322.55,1355.0,1354.99,1338.74,5166.69479349001
1518674400,1308.44,1388.23,1338.73,1323.63,3522.8152870300087
1518696000,1323.63,1385.87,1323.64,1379.0,4457.818340369996
1518717600,1337.11,1394.0,1379.0,1358.72,3547.6085194600028
1518739200,1354.69,1550.0,1358.72,1498.63,13696.144888109997
1518760800,1425.03,1513.47,1498.62,1470.0,3511.9379249500143
1518782400,1450.0,1504.64,1469.26,1482.0,4229.818251949999
1518804000,1452.0,1547.99,1481.41,1533.0,4304.851027620001
1518825600,1503.79,1550.0,1533.0,1525.0,4369.938801190002
1518847200,1520.0,1552.0,1525.0,1520.0,1986.7192268099982
1518868800,1501.22,1539.1,1520.11,1526.3,2107.8521096499985
1518890400,1516.0,1548.99,1526.01,1546.35,2133.4200076399984
1518912000,1464.14,1644.0,1546.35,1465.0,8600.715120910012
1518933600,1393.43,1525.23,1464.42,1519.05,3960.4738486800024
1518955200,1470.01,1540.0,1518.6,1495.99,2550.3677879500015
1518976800,1450.0,1512.82,1497.97,1452.97,2122.5841324899984
1518998400,1446.29,1495.42,1452.96,1475.3,1405.3011795199996
1519020000,1470.0,1533.33,1475.3,1519.86,1774.8353627999993
1519041600,1500.0,1545.0,1519.85,1500.82,2961.8917342099967
1519063200,1501.03,1529.84,1501.03,1523.14,2078.621243609998
1519084800,1500.0,1555.0,1523.14,1510.0,4750.95293652
1519106400,1482.68,1549.98,1510.01,1501.56,3187.7809370399973
1519128000,1487.01,1521.81,1501.56,1500.02,3333.009926549998
1519149600,1256.0,1504.86,1500.02,1386.99,6945.4415976599885
1519171200,1320.0,1409.91,1386.85,1366.34,8184.588985170006
1519192800,1357.0,1390.56,1365.07,1372.34,1699.015598219999
1519214400,1266.0,1390.0,1370.64,1287.73,5017.114340889991
1519236000,1269.69,1320.71,1286.02,1284.73,3705.7851759299974
1519257600,1268.0,1332.82,1284.73,1322.59,3374.6558643399985
1519279200,1220.28,1341.66,1322.6,1249.47,3664.126930119992
1519300800,1170.14,1251.89,1249.47,1185.9,5828.792746889998
1519322400,1180.0,1226.3,1185.9,1210.0,2235.5731512399975
1519344000,1144.04,1215.38,1208.64,1194.17,4103.983743799997
1519365600,1181.12,1297.99,1194.23,1285.99,2427.8434643699984
1519387200,1240.0,1309.98,1284.78,1259.99,4468.584533349995
1519408800,1213.58,1271.99,1259.99,1252.01,1837.1628512199986
1519430400,1244.36,1297.01,1252.02,1284.82,1481.0049572899993
1519452000,1176.81,1288.0,1285.87,1194.53,1987.9782801699976
1519473600,1175.19,1203.29,1194.53,1184.06,2144.3489160699987
1519495200,1132.01,1194.68,1184.06,1178.0,3416.4602051999937
1519516800,1153.67,1229.0,1178.0,1188.97,1681.0892957599997
1519538400,1168.41,1201.46,1188.97,1179.52,886.9763723499998
1519560000,1137.1,1181.17,1179.28,1162.99,1528.5518652299977
1519581600,1152.6,1192.0,1162.8,1173.02,2021.4382417099996
1519603200,1155.7,1192.0,1173.02,1165.12,2056.928930329998
1519624800,1142.31,1181.63,1165.12,1178.9,1231.68431636
1519646400,1172.18,1267.0,1178.91,1238.63,4895.165652330003
1519668000,1230.04,1258.1,1238.63,1245.62,2132.8247841399984
1519689600,1206.65,1256.0,1244.8,1247.5,1833.4069959499996
1519711200,1240.55,1297.72,1247.5,1277.21,1554.1382644799992
1519732800,1229.49,1284.1,1277.21,1232.99,2600.5509388899973
1519754400,1229.0,1251.99,1233.0,1230.01,1545.1129103999988
1519776000,1224.18,1274.1,1230.0,1259.91,1993.560508319999
1519797600,1200.0,1268.25,1259.06,1213.51,2031.174685189999
1519819200,1196.3,1225.0,1213.52,1214.36,1149.6499943600002
1519840800,1193.2,1242.0,1214.35,1195.94,1487.8502945699988
1519862400,1185.28,1219.39,1195.94,1214.0,1069.6674115
1519884000,1207.49,1294.89,1214.0,1280.56,3168.5936306199983
1519905600,1256.01,1284.74,1280.57,1282.03,1623.3617277999997
1519927200,1273.0,1295.0,1282.02,1283.33,2364.9059851499997
1519948800,1262.65,1295.0,1283.33,1268.5,1387.8219445599996
1519970400,1260.0,1291.89,1268.5,1275.42,802.30074535
1519992000,1250.0,1282.18,1275.42,1264.0,1300.5561041299995
1520013600,1263.38,1289.5,1263.99,1275.12,2023.7283757499997
1520035200,1267.02,1294.96,1275.8,1283.04,1846.072195449999
1520056800,1266.0,1283.1,1283.03,1271.8,716.7455145399998
1520078400,1266.24,1287.0,1270.98,1278.28,1297.3353795199998
1520100000,1255.07,1280.01,1278.27,1269.24,1398.2365653900004
1520121600,1233.52,1269.99,1269.26,1241.38,1355.7041507800006
1520143200,1221.0,1274.76,1241.38,1240.29,1756.8157398599985
1520164800,1240.3,1255.12,1240.3,1247.37,529.2114899200003
1520186400,1247.37,1287.0,1247.37,1280.01,1153.66315004
1520208000,1267.8,1286.76,1279.92,1278.0,1287.8289918600003
1520229600,1273.98,1282.21,1277.99,1280.87,427.48503137
1520251200,1264.99,1283.66,1281.5,1265.63,829.1497519
1520272800,1249.97,1282.94,1265.54,1263.0,1867.0533138399992
1520294400,1230.0,1261.89,1261.88,1252.99,1357.6311590099992
1520316000,1211.0,1253.7,1252.99,1213.62,906.3379691699994
1520337600,1191.0,1224.18,1213.62,1198.91,2157.9183062699985
1520359200,1171.31,1211.9,1198.91,1205.21,1971.4871984399992
1520380800,1186.78,1220.0,1205.22,1198.98,2031.6397579600007
1520402400,1138.47,1199.99,1198.67,1167.18,1529.5422755199986
1520424000,1031.07,1180.0,1167.18,1073.52,5386.715462140016
1520445600,1067.0,1134.98,1074.65,1095.31,4175.158918719997
1520467200,1032.0,1116.99,1095.31,1100.28,2828.992909069999
1520488800,1066.63,1112.0,1099.83,1091.01,1228.56303508
1520510400,988.77,1094.14,1091.0,1041.0,4129.506380820006
1520532000,1009.6,1050.79,1040.99,1031.4,2546.5615983099997
1520553600,950.0,1046.19,1031.07,950.01,5223.431932949996
1520575200,927.0,997.19,950.01,989.3,3544.4017484999968
1520596800,955.0,1015.4,988.99,963.84,3948.346805919992
1520618400,962.89,1075.43,963.84,1067.18,5252.615918869997
1520640000,1040.0,1079.51,1067.18,1066.99,2035.0046030699996
1520661600,1030.05,1077.83,1067.47,1050.7,915.5866000399999
1520683200,1028.24,1094.55,1050.25,1034.6,1746.0029656099998
1520704800,991.5,1034.6,1034.6,1003.01,2056.8729349
1520726400,970.0,1010.0,1003.0,1010.0,1474.0451406199988
1520748000,990.01,1100.0,1010.0,1090.0,1476.9245000699998
1520769600,1051.25,1147.64,1088.59,1143.73,3037.4172065899975
1520791200,1105.02,1157.54,1143.73,1138.05,3394.2451655600025
1520812800,1095.44,1148.0,1138.07,1114.5,2190.2926141799994
1520834400,1100.0,1134.03,1113.65,1128.49,1711.7469252800001
1520856000,1024.0,1128.48,1128.48,1047.6,3211.3924430199977
1520877600,1007.47,1061.91,1046.66,1049.32,2834.8570019599974
1520899200,1032.89,1098.9,1049.67,1088.73,2189.8559893999986
1520920800,995.55,1100.0,1088.73,1016.91,2380.8819521399982
1520942400,997.7,1078.49,1016.9,1067.96,3277.9688666499983
1520964000,1046.48,1072.2,1067.96,1052.69,2110.794915919999
1520985600,1031.08,1071.81,1052.86,1039.54,1583.9776893399996
1521007200,1010.0,1060.91,1039.54,1012.76,1570.633843249999
1521028800,955.0,1016.19,1012.99,962.04,4086.081048049996
1521050400,911.88,970.08,964.96,947.0,4327.670436099993
1521072000,871.53,952.34,947.0,880.37,5648.186232839992
1521093600,872.0,949.0,880.37,944.68,2830.607911669999
1521115200,901.38,949.0,944.68,919.16,2838.179932359998
1521136800,908.24,950.0,919.16,935.37,2704.62717986
1521158400,893.49,947.98,935.37,913.14,2858.106937939997
1521180000,905.0,928.0,913.14,927.55,1506.6482986999995
1521201600,926.3,1059.66,927.81,1044.34,7743.762132729989
1521223200,970.51,1048.98,1044.08,970.51,4248.962635389996
1521244800,960.77,996.16,970.02,970.61,2819.047386569998
1521266400,964.33,1028.85,971.0,990.0,1607.8368895100002
1521288000,960.13,990.02,990.02,962.13,3195.258937379998
1521309600,927.0,975.0,962.29,947.35,3670.1068615199993
1521331200,902.88,947.36,947.36,911.7,3375.139135189997
1521352800,884.01,920.0,911.86,914.09,1723.7656086099987
1521374400,845.0,913.29,911.63,866.89,4675.779116629996
1521396000,857.89,948.63,866.89,931.99,5924.92338554999
1521417600,913.0,959.0,932.0,932.0,3575.957852479998
1521439200,912.57,959.0,933.02,943.0,2014.4900001899969
1521460800,936.5,998.0,942.99,956.02,5437.354151919995
1521482400,953.06,995.21,956.02,992.14,3144.215797599995
1521504000,971.31,1019.99,991.1,977.5,4819.953808069995
1521525600,950.0,985.0,977.5,981.57,1641.0528198499983
1521547200,972.42,1070.0,981.57,1060.04,6867.318400320008
1521568800,1028.75,1071.85,1060.1,1061.66,4039.141245609993
1521590400,1050.21,1080.0,1061.65,1070.1,2777.094938099996
1521612000,1034.98,1070.1,1070.1,1056.32,1650.0140182499993
1521633600,1003.21,1068.53,1056.18,1014.22,4608.858539459994
1521655200,1008.71,1038.39,1013.79,1028.4,2147.0893418399974
1521676800,1028.21,1066.5,1028.4,1046.18,1811.160884729999
1521698400,1004.1,1054.04,1046.16,1004.12,1842.5367736399996
1521720000,986.0,1017.0,1004.11,1017.0,3006.51693991
1521741600,990.03,1018.47,1017.0,1012.3,1839.1251240500007
1521763200,958.92,1017.0,1010.91,966.8,2128.930815389999
1521784800,965.0,993.7,966.8,993.7,1175.04251888
1521806400,962.38,1014.49,993.69,1008.0,1939.0883804599996
1521828000,993.47,1027.61,1008.08,1025.0,2280.641244919998
1521849600,1012.14,1034.4,1025.0,1012.39,1444.316929310001
1521871200,995.0,1016.98,1012.39,995.0,710.4167369399997
1521892800,992.99,1021.62,994.99,1011.52,1467.7945126199984
1521914400,970.0,1018.99,1011.53,971.51,1938.3765961199992
1521936000,967.11,986.12,971.32,982.9,1042.2897495500001
1521957600,967.36,986.67,982.9,970.5,761.77888176
1521979200,970.0,989.0,972.49,978.89,1209.59761653
1522000800,966.22,987.99,978.89,971.38,1498.73902009
1522022400,966.0,976.93,971.82,972.17,764.1195731800002
1522044000,914.59,973.03,972.44,917.76,1868.7825367200007
1522065600,888.72,927.54,917.76,888.72,3449.8538192899996
1522087200,883.37,929.0,891.01,914.0,3005.6771064000013
1522108800,877.99,929.78,914.0,900.0,2486.9411207100006
1522130400,893.66,923.97,900.0,903.82,1769.3554352000006
1522152000,886.65,916.3,903.81,889.28,2160.2474200500014
1522173600,870.0,899.26,888.33,873.92,1614.8677072299984
1522195200,868.37,887.0,873.93,877.34,1739.29810461
1522216800,870.91,896.5,877.78,888.29,1228.3753398899999
1522238400,857.65,890.15,889.57,858.33,2328.707649869999
1522260000,847.64,863.8,858.33,859.08,1979.6637212799992
1522281600,801.37,868.29,859.11,801.85,3157.861781419999
1522303200,751.0,810.24,802.89,768.56,4565.407498359995
1522324800,735.5,784.0,767.32,746.89,9498.255346840002
1522346400,693.0,748.35,746.5,709.9,9338.818472059998
1522368000,680.53,770.65,709.9,762.41,7828.47324195
1522389600,696.07,771.57,762.01,704.64,4325.102392599997
1522411200,673.02,710.55,704.64,682.99,5375.810210629997
1522432800,677.41,706.0,682.99,696.6,3208.3354458999984
1522454400,696.79,738.15,696.79,706.61,3507.867197339998
1522476000,690.25,712.48,707.31,701.25,1831.3062023899995
1522497600,687.49,712.37,700.65,705.0,2800.46522338
1522519200,680.0,707.0,706.02,683.01,1461.5508853199997
1522540800,684.38,700.1,684.38,693.52,1207.8470552999993
1522562400,634.0,693.73,693.53,639.36,3390.467943239997
1522584000,626.0,670.0,639.36,654.42,4233.008225399999
1522605600,637.9,665.98,654.0,641.54,1918.2171862999985
1522627200,636.24,664.99,641.54,658.27,2209.0067542199995
1522648800,656.62,686.28,658.26,682.74,1770.9676149899965
1522670400,658.98,681.8,681.35,663.28,1858.3755243499993
1522692000,653.0,669.09,663.69,663.65,1812.60417141
1522713600,657.19,696.74,663.78,688.71,2417.595373289997
1522735200,683.7,695.44,688.71,689.18,1364.336225999999
1522756800,687.69,723.71,689.16,713.94,4511.239279199999
1522778400,698.54,716.18,713.95,708.5,3749.62482067
1522800000,679.0,708.77,708.7,691.21,2178.9071549999985
1522821600,660.0,694.29,691.55,663.84,1927.2165480399985
1522843200,646.0,671.39,663.83,652.17,2550.6583374899988
1522864800,636.02,655.66,651.39,648.69,2743.82531213
1522886400,630.26,656.0,648.43,651.78,2597.5843880199973
1522908000,631.0,651.47,651.47,636.67,1840.7579580999986
1522929600,620.0,647.57,636.66,630.66,3631.4945921999965
1522951200,629.99,646.83,630.66,641.35,1827.6602698799993
1522972800,634.0,646.0,641.44,640.94,1571.792605399999
1522994400,604.5,640.94,640.94,613.57,3976.8981716199983
1523016000,604.5,614.27,613.57,606.89,2307.7544589599984
1523037600,603.3,610.0,607.29,608.74,2038.45790047
1523059200,608.24,637.5,608.99,632.01,1808.833442889999
1523080800,625.72,636.52,631.92,629.41,853.13301199
1523102400,621.05,654.94,629.08,648.49,2100.5693769999925
1523124000,636.72,650.0,647.29,639.4,998.55440948
1523145600,638.57,651.97,639.17,647.8,1254.694134599999
1523167200,640.42,658.13,647.8,658.12,706.1164519999954
1523188800,644.76,659.0,658.12,648.34,1044.35520214
1523210400,647.0,657.87,648.5,651.5,1028.482764249999
1523232000,651.79,676.4,651.8,671.0,2004.7892386199958
1523253600,630.84,680.0,671.09,635.77,2589.102635429995
1523275200,633.0,640.41,637.09,639.33,1431.5177782499995
1523296800,625.61,639.84,638.05,637.2,1781.5378677699985
1523318400,633.11,642.72,637.2,638.25,957.0906292999997
1523340000,626.27,638.31,638.25,635.8,642.6562078700003
1523361600,633.66,659.22,635.01,658.07,1751.0643019599963
1523383200,646.57,659.45,658.52,650.0,1449.131332099999
1523404800,648.94,656.01,650.0,651.2,1423.5781018199996
1523426400,648.24,653.77,651.2,649.0,750.8979027899998
1523448000,647.69,655.0,648.99,651.32,2162.57703324
1523469600,648.52,669.0,651.38,667.87,2798.550458309998
1523491200,663.01,685.28,667.77,677.26,3155.769955089997
1523512800,654.12,735.33,677.26,715.86,5517.389211790087
1523534400,698.0,720.99,715.85,707.55,8291.749291539994
1523556000,702.53,739.99,707.2,737.94,3842.8677428999886
1523577600,721.7,744.99,737.0,733.0,3248.7230101699943
1523599200,731.61,786.0,732.99,777.07,4170.37116785999
1523620800,749.01,783.4,775.92,766.6,4734.383300239995
1523642400,726.26,767.78,766.03,741.25,3326.569673429995
1523664000,731.24,754.29,741.25,742.79,1418.7995990599986
1523685600,730.03,760.0,742.79,734.67,1477.548259249997
1523707200,718.07,736.28,734.08,730.03,1649.584351219999
1523728800,729.89,747.29,731.44,737.17,1352.5380829099972
1523750400,736.96,759.87,736.96,759.87,1524.4482986899961
1523772000,752.8,776.0,759.87,774.61,1324.8894365899982
1523793600,764.99,785.0,774.46,774.01,3162.705123949995
1523815200,772.01,780.0,774.02,775.24,389.35452468000017
1523836800,779.59,779.86,779.7,779.86,2.26952445
1523858400,755.7,756.24,756.24,755.92,1.6745700000000001
1523880000,765.42,765.88,765.88,765.42,16.2732
1523901600,760.85,761.0,760.85,761.0,8.8074
1523923200,768.0,768.0,768.0,768.0,0.07550000000000001
1523944800,758.27,759.14,758.27,758.91,0.5339
1523966400,780.54,783.06,780.54,783.06,9.21498352
1523988000,778.0,778.81,778.4,778.01,4.443800000000001
1524009600,756.7,757.59,757.59,756.71,21.173099999999998
1524031200,774.85,774.86,774.85,774.86,0.15439228
1524052800,834.74,836.94,835.0,836.52,8.246801739999999
1524074400,882.0,884.48,883.11,883.01,27.506285459999994
1524096000,893.72,895.0,894.94,894.97,76.11987606
1524117600,885.2,885.4,885.2,885.4,12.1068
1524139200,893.93,895.0,894.99,894.99,3.86857509
1524160800,971.1,974.43,972.03,971.1,21.669568929999997
1524182400,964.53,996.29,964.57,976.8,3969.6136108599994
1524204000,963.4,964.64,964.62,963.81,0.20374659000000003
1524225600,1065.0,1067.79,1066.93,1066.72,57.57173798
1524247200,1111.57,1112.98,1112.95,1112.98,7.86144624
1524268800,1121.34,1125.24,1125.24,1123.31,37.23386488
1524290400,1128.53,1129.99,1128.53,1129.01,18.93839782
1524312000,1047.99,1055.36,1048.0,1055.0,104.04007711
1524333600,1101.35,1160.51,1140.15,1132.1,2894.3635103499987
1524355200,1148.62,1153.57,1153.57,1148.62,51.34798149000001
1524376800,1140.27,1140.71,1140.7,1140.28,13.47350386
1524398400,1184.86,1196.01,1184.98,1196.01,99.71674752000001
1524420000,1251.01,1253.0,1253.0,1251.34,16.16682884
1524441600,1200.0,1202.0,1201.38,1200.0,17.78530068
1524463200,1326.52,1330.0,1330.0,1326.53,31.419328489999995
1524484800,1398.01,1403.84,1398.01,1402.11,130.25781250999998
1524506400,1372.04,1377.74,1372.05,1376.66,52.056615260000015
1524528000,1427.0,1491.15,1439.26,1472.0,6808.376216079997
1524549600,1482.0,1549.76,1540.79,1500.0,4881.080497840001
1524571200,1422.67,1499.83,1446.0,1492.01,12044.345301360047
1524592800,1380.99,1480.0,1474.0,1409.29,12853.645027690138
1524614400,1235.0,1438.16,1364.99,1313.85,25099.20978546047
1524636000,1220.0,1363.71,1350.56,1307.8,9486.115722820048
1524657600,1205.0,1358.96,1296.51,1331.5,19918.321339210386
1524679200,1262.19,1364.0,1318.05,1292.01,12368.134065010046
1524700800,1267.93,1370.0,1281.05,1354.11,13236.317149630057
1524722400,1280.0,1345.0,1338.15,1337.45,4051.73714856999
1524744000,1310.87,1346.22,1339.0,1330.82,4932.683413289994
1524765600,1320.01,1429.94,1320.86,1421.3,8974.545328109998
1524787200,1359.0,1402.5,1392.2,1374.55,4343.8278202199945
1524808800,1387.01,1420.0,1390.84,1394.37,3816.0171828499915
1524830400,1385.55,1415.0,1400.99,1401.82,3157.902045849989
1524852000,1326.63,1395.58,1394.76,1331.46,5876.152411699991
1524873600,1341.02,1372.87,1345.84,1367.15,1673.4836814699981
1524895200,1355.0,1397.08,1362.5,1380.98,1923.403574869991
1524916800,1380.0,1410.0,1408.9,1382.47,3289.2984268799914
1524938400,1380.78,1403.9,1395.15,1388.97,1373.9846341300008
1524960000,1421.4,1479.02,1427.09,1437.14,6547.896109080025
1524981600,1368.0,1460.0,1453.99,1395.0,4679.157441519996
1525003200,1396.26,1434.89,1421.67,1425.01,2639.7108061699973
1525024800,1414.34,1444.43,1424.8,1438.37,2684.224944449989
1525046400,1394.7,1443.26,1438.37,1408.26,4214.438516779989
1525068000,1386.0,1406.01,1388.27,1402.18,1299.4895853299936
1525089600,1375.0,1403.0,1400.35,1394.94,3339.8592830999883
1525111200,1330.0,1388.06,1387.89,1350.49,4121.866568769999
1525132800,1260.89,1306.29,1291.99,1279.43,5307.187762479996
1525154400,1290.62,1326.26,1293.0,1297.01,2097.427866229999
1525176000,1281.09,1295.0,1291.59,1291.75,2142.2984840599997
1525197600,1288.11,1358.77,1288.52,1352.01,3396.226373789994
1525219200,1323.1,1350.0,1344.43,1341.72,2463.575630049996
1525240800,1350.0,1485.0,1354.6,1454.32,9765.079153750308
1525262400,1427.5,1470.0,1437.99,1445.47,6480.977806380018
1525284000,1430.0,1469.99,1442.83,1451.99,5225.736499800002
1525305600,1458.82,1539.19,1500.25,1474.01,8803.365996219998
1525327200,1456.0,1485.0,1480.0,1468.0,2140.865668419992
1525348800,1484.0,1530.0,1515.0,1498.03,5821.366956919997
1525370400,1483.0,1507.0,1492.95,1499.0,2825.5837979299868
1525392000,1461.1,1483.0,1475.0,1473.5,2566.616575349988
1525413600,1471.59,1510.03,1483.0,1506.99,3168.4811677899725
1525435200,1477.7,1518.0,1509.99,1495.24,4225.8147084199845
1525456800,1502.76,1519.89,1508.39,1508.09,2043.7884633899916
1525478400,1512.7,1614.05,1515.99,1590.46,9436.74548634011
1525500000,1586.01,1679.99,1586.01,1661.04,5497.104324329988
1525521600,1663.0,1705.7,1671.85,1679.09,4734.3232243499715
1525543200,1658.0,1749.99,1666.72,1748.89,4071.409701159997
1525564800,1708.0,1843.94,1773.9,1714.47,12750.89179314009
1525586400,1675.0,1767.0,1764.0,1686.59,3538.5402964800032
1525608000,1666.61,1742.44,1710.0,1725.03,4373.980746699997
1525629600,1675.21,1759.0,1703.47,1748.8,3799.9929731300153
1525651200,1582.57,1713.0,1701.44,1632.66,10625.361737550002
1525672800,1581.35,1634.3,1604.85,1622.99,3426.241279029999
1525694400,1558.0,1638.83,1591.99,1623.43,5832.996119319997
1525716000,1620.0,1686.0,1635.06,1648.96,6500.928309239977
1525737600,1634.07,1702.58,1655.96,1642.0,6895.285173810002
1525759200,1580.02,1655.0,1649.01,1580.02,3975.6014435499983
1525780800,1532.51,1574.99,1571.41,1556.0,3816.8461901699998
1525802400,1561.0,1609.96,1582.5,1596.21,2643.4292456399758
1525824000,1452.07,1569.02,1569.01,1504.91,8553.407587060048
1525845600,1491.94,1562.97,1493.62,1557.5,2161.9965428699948
1525867200,1546.0,1675.0,1554.99,1641.02,6276.43231147
1525888800,1596.0,1645.0,1622.06,1626.91,3428.7491974199907
1525910400,1625.11,1665.01,1636.0,1635.92,1745.1045551299978
1525932000,1624.01,1664.0,1629.0,1654.73,1691.9769393500005
1525953600,1555.76,1652.95,1649.98,1579.69,5860.603863470022
1525975200,1510.08,1567.92,1557.91,1517.36,4674.631780429992
1525996800,1501.0,1555.42,1533.99,1555.42,3956.048066029994
1526018400,1342.49,1474.97,1419.03,1349.7,9213.280198210005
1526040000,1366.11,1439.0,1366.11,1406.37,9719.376482740103
1526061600,1321.0,1422.68,1396.49,1365.0,9055.675735029983
1526083200,1315.0,1410.0,1391.91,1315.0,3996.224118559997
1526104800,1286.1,1460.0,1329.0,1451.97,6348.150027239997
1526126400,1366.44,1490.02,1490.01,1417.6,7376.371029529979
1526148000,1401.59,1479.0,1414.99,1459.99,5579.6896396699885
1526169600,1410.31,1470.0,1459.99,1419.48,4704.466372719988
1526191200,1414.99,1469.99,1432.59,1445.7,1718.3484457599995
1526212800,1434.01,1495.15,1460.21,1458.87,4464.693297369994
1526234400,1463.19,1496.0,1467.28,1481.47,3371.4961716699922
1526256000,1345.0,1468.0,1460.1,1375.0,7947.605504079987
1526277600,1367.81,1407.0,1380.18,1389.38,2088.6785545899975
1526299200,1426.24,1491.0,1444.02,1460.0,5821.953180760023
1526320800,1390.0,1469.1,1455.35,1414.01,7046.623617340005
1526342400,1390.02,1440.0,1417.59,1417.0,4410.398650669998
1526364000,1406.61,1453.63,1417.71,1437.0,2017.9231006699981
1526385600,1365.0,1425.99,1424.25,1387.69,7995.971090069993
1526407200,1311.12,1360.74,1350.01,1341.62,5162.835864489995
1526428800,1215.94,1295.86,1290.0,1250.64,12699.007529780007
1526450400,1243.0,1318.33,1266.92,1295.49,4340.6651816099975
1526472000,1243.51,1292.66,1290.03,1270.1,5887.107463809992
1526493600,1255.89,1282.22,1258.0,1280.58,1885.2602285599996
1526515200,1283.56,1344.48,1296.99,1317.74,5716.170537689994
1526536800,1271.45,1308.26,1303.96,1280.19,2268.1347589599986
1526558400,1230.94,1292.13,1273.0,1238.18,3908.653397049997
1526580000,1170.0,1226.02,1226.01,1194.93,7921.211555130007
1526601600,1165.76,1219.87,1169.01,1199.48,6582.361164329988
1526623200,1179.33,1209.44,1208.37,1182.2,1681.5508373399985
1526644800,1137.47,1195.0,1149.11,1172.7,3312.5610431099967
1526666400,1186.3,1213.28,1186.3,1204.25,4988.580959420003
1526688000,1166.07,1187.47,1168.17,1177.0,1799.7538309799984
1526709600,1150.04,1208.5,1172.1,1208.5,1577.397829219998
1526731200,1172.02,1194.37,1182.0,1180.1,1322.8346045799997
1526752800,1166.53,1191.01,1190.31,1177.39,1572.2842241799992
1526774400,1178.0,1245.0,1178.0,1226.0,4290.492698309998
1526796000,1220.55,1244.99,1223.37,1236.67,1425.051129879999
1526817600,1212.57,1292.52,1212.57,1284.33,4776.694613330003
1526839200,1266.0,1313.59,1308.0,1289.76,5924.763822359993
1526860800,1264.49,1293.0,1264.49,1279.54,1952.5373932899997
1526882400,1230.01,1280.59,1280.59,1244.37,2517.047455049999
1526904000,1212.83,1253.07,1253.07,1219.12,3335.704237630003
1526925600,1213.39,1244.7,1213.4,1229.87,2727.1423692099975
1526947200,1189.0,1206.7,1192.99,1191.5,2552.475681339998
1526968800,1161.0,1206.81,1205.97,1163.21,2647.113096249998
1526990400,1170.22,1189.72,1176.59,1176.18,2213.126690749999
1527012000,1120.5,1171.68,1169.93,1134.14,5311.001302889994
1527033600,1083.74,1125.0,1112.99,1096.7,4615.6039160799955
1527055200,1025.09,1105.37,1105.36,1045.4,6278.371124509989
1527076800,968.03,1062.3,1060.8,989.78,12632.17588327003
1527098400,985.01,1050.67,999.16,997.01,10332.892815000017
1527120000,1010.0,1055.9,1020.52,1033.42,5686.862629939998
1527141600,946.1,1018.0,1017.55,979.62,5304.976015779992
1527163200,990.26,1043.32,1007.0,1035.5,6660.323798119993
1527184800,1038.5,1081.0,1066.9,1075.64,4453.354191649996
1527206400,1051.56,1074.2,1053.0,1063.9,2801.6616171999967
1527228000,996.91,1044.94,1021.0,1036.21,6708.364721130009
1527249600,1004.46,1034.58,1031.49,1011.37,3583.4383722499947
1527271200,986.38,1016.26,1009.2,1013.0,2746.1568065599986
1527292800,996.69,1013.0,1007.0,1004.97,1758.7341809699997
1527314400,1024.0,1045.0,1035.01,1027.46,1091.0527489499998
1527336000,1028.0,1039.0,1035.98,1039.0,1489.5840160899988
1527357600,1001.0,1039.98,1035.37,1005.09,3729.5015250200017
1527379200,975.0,997.99,993.74,982.78,2352.0262849699975
1527400800,982.2,1006.29,995.7,1006.29,952.6448295199999
1527422400,986.0,997.34,990.57,990.3,1098.5513766100003
1527444000,982.5,996.51,982.74,995.51,914.21436915
1527465600,923.0,1002.34,1001.72,924.98,5270.844442199998
1527487200,916.0,935.79,934.0,919.9,1360.44586862
1527508800,917.98,944.98,943.99,924.69,3294.8126633200045
1527530400,872.5,928.0,921.84,883.0,6077.533709899997
1527552000,872.0,895.99,893.5,885.09,2825.705351600003
1527573600,884.0,985.0,885.69,975.97,5568.303713080031
1527595200,955.01,995.0,989.0,994.98,5269.9812057300005
1527616800,976.01,1004.99,1004.0,988.42,2423.5655457799994
1527638400,1000.01,1025.0,1020.0,1012.7,3190.024733319998
1527660000,996.0,1026.0,1007.81,1019.55,2224.578889269999
1527681600,947.7,1018.08,1015.14,964.0,9115.42698335
1527703200,962.24,987.0,967.61,982.45,1214.2152400799991
1527724800,972.28,1014.2,972.84,1008.14,3522.069120189999
1527746400,1002.14,1030.0,1021.6,1005.69,2893.703617399999
1527768000,991.4,1010.0,999.99,1007.26,4255.220650789996
1527789600,985.28,1005.98,997.65,995.0,3125.6493042799966
1527811200,986.61,998.99,998.91,987.59,1969.4376623399994
1527832800,960.01,1009.0,1004.7,972.45,3188.8104113499944
1527854400,976.89,994.9,988.13,980.71,1859.44559301
1527876000,980.56,1001.38,983.45,1001.38,2539.0290348699996
1527897600,992.18,1002.0,995.68,1001.8,1302.6903149799998
1527919200,1018.9,1045.0,1019.5,1034.28,3025.6649372599986
1527940800,1035.68,1097.5,1039.5,1086.2,5810.614066760007
1527962400,1062.89,1094.0,1090.0,1083.98,2611.615702709997
1527984000,1072.69,1093.5,1090.02,1085.01,2497.3178657
1528005600,1121.01,1142.56,1137.32,1130.58,1939.1791751600003
1528027200,1151.0,1193.31,1168.0,1170.99,5569.4666265399965
1528048800,1133.0,1185.0,1153.01,1167.5,6306.399741290005
1528070400,1150.0,1203.8,1195.13,1158.99,3767.6236801399987
1528092000,1104.0,1154.52,1139.77,1108.66,3224.780699159994
1528113600,1072.1,1115.99,1113.66,1085.0,8399.233479280034
1528135200,1085.58,1126.35,1095.0,1097.41,6188.43485835
1528156800,1041.24,1076.0,1057.35,1065.79,3011.0765727
1528178400,1056.07,1094.75,1064.96,1073.39,1717.8049444899975
1528200000,1055.01,1158.83,1059.66,1147.5,9076.001309770025
1528221600,1125.98,1155.0,1142.17,1147.99,5289.608544649998
1528243200,1111.75,1142.9,1136.79,1127.5,1894.6016360200003
1528264800,1115.0,1145.0,1129.96,1137.36,1278.3308773999997
1528286400,1101.11,1152.36,1150.53,1113.13,6200.504883770005
1528308000,1105.76,1145.0,1108.9,1127.25,5946.186251280002
1528329600,1145.49,1168.77,1159.58,1152.46,3349.9582320299974
1528351200,1135.0,1154.95,1145.78,1143.21,1049.0107423299999
1528372800,1130.66,1150.0,1148.32,1141.0,2827.032096949999
1528394400,1129.4,1144.9,1136.48,1143.5,750.3590173200001
1528416000,1115.0,1141.4,1138.78,1120.09,2601.5056999300004
1528437600,1085.2,1117.55,1110.99,1093.99,2549.7941269399976
1528459200,1090.89,1130.64,1096.46,1120.27,4476.278371449997
1528480800,1113.74,1128.52,1119.5,1115.22,1355.7140207200005
1528502400,1124.15,1135.03,1125.68,1129.97,2030.6246464600029
1528524000,1116.29,1126.76,1122.99,1123.44,438.45632093000006
1528545600,1100.0,1119.96,1112.62,1106.72,2365.7241068899984
1528567200,1080.92,1109.89,1102.99,1084.99,1986.544978339999
1528588800,1026.49,1044.39,1042.93,1038.99,1694.0434405899987
1528610400,1008.0,1032.28,1011.39,1026.17,2225.8548888899995
1528632000,950.0,1036.2,1036.18,965.36,6948.118979170016
1528653600,902.44,988.0,973.0,940.0,13629.282036040011
1528675200,936.84,968.98,968.98,940.86,3164.755942640001
1528696800,922.35,949.98,940.52,946.76,1599.2620664500005
1528718400,896.58,935.33,933.72,921.0,6748.11751848999
1528740000,922.01,971.79,927.69,956.14,5813.246405750001
1528761600,943.23,959.89,948.69,946.75,2914.4005522899997
1528783200,927.8,951.29,948.71,940.55,1063.2722805099997
1528804800,890.01,937.0,928.0,901.45,4949.550166339999
1528826400,857.0,875.0,873.62,871.0,1937.2857333599954
1528848000,857.01,882.25,879.18,873.13,3541.0055931200004
1528869600,831.0,861.45,861.45,846.4,3113.7021470599975
1528891200,802.0,847.12,843.61,832.0,8694.107152889996
1528912800,816.8,849.99,835.03,842.99,5009.586448479999
1528934400,829.0,882.0,832.34,863.01,7656.075072269999
1528956000,860.0,878.9,865.99,876.09,2440.757189169997
1528977600,833.37,904.29,851.49,891.7,6681.558059649984
1528999200,889.23,904.15,890.15,897.02,3391.2634745399996
1529020800,865.1,893.5,892.12,871.48,3779.5766252699946
1529042400,853.0,880.0,862.0,859.56,2450.028355949997
1529064000,852.0,882.0,855.6,871.0,2852.9069788399966
1529085600,835.0,859.44,859.03,842.84,2580.8998927199955
1529107200,843.1,859.32,852.0,850.43,1538.057384199999
1529128800,845.0,855.62,852.98,848.55,674.1649614000002
1529150400,830.94,857.21,843.64,856.21,4569.373975890001
1529172000,848.2,855.3,850.59,850.1,869.4239076799997
1529193600,851.99,861.99,852.0,855.53,1274.3181341600005
1529215200,851.51,862.0,854.0,852.71,742.2267242500001
1529236800,843.98,853.03,843.98,848.1,1571.37177044
1529258400,844.2,854.61,847.13,846.71,1677.7111183400004
1529280000,831.0,837.04,836.0,836.41,788.0331643699994
1529301600,825.4,842.85,834.16,828.61,1063.5586728099993
1529323200,831.0,899.41,832.75,892.25,5855.816861530006
1529344800,881.15,891.6,890.01,883.64,2648.587813969999
1529366400,876.39,888.5,888.5,884.5,1691.7162267999993
1529388000,873.42,909.81,876.54,900.2,2590.4103693100005
1529409600,888.0,907.76,900.34,894.4,2829.9272092899982
1529431200,891.04,909.99,899.0,907.5,2513.923674320002
1529452800,866.75,874.9,873.96,870.0,1371.5167501799995
1529474400,866.67,878.99,875.05,873.0,673.1490352499997
1529496000,863.63,905.0,869.92,890.54,6307.668097100006
1529517600,880.21,891.75,889.92,890.88,1573.6662105300002
1529539200,892.36,901.0,900.85,896.0,1030.5931310899996
1529560800,866.13,892.28,881.25,883.42,1411.1656231099992
1529582400,866.6,876.04,875.34,869.2,2238.8240715099982
1529604000,868.46,874.25,869.82,871.43,1055.8815019499991
1529625600,841.0,872.4,872.39,846.99,3364.927647659999
1529647200,790.0,845.31,845.25,808.0,5795.003318029995
1529668800,755.62,774.79,769.06,770.51,4548.896339719999
1529690400,715.55,777.0,775.16,752.2,8701.074049720011
1529712000,751.09,777.99,764.44,751.56,2095.032039749999
1529733600,746.7,764.84,757.65,759.87,828.06390847
1529755200,743.35,760.0,756.83,757.09,2177.1508370099973
1529776800,753.2,775.33,755.6,763.0,3092.2232258299973
1529798400,690.9,753.98,752.59,693.79,4918.315582780002
1529820000,684.01,703.03,686.81,695.95,1562.677280009999
1529841600,664.38,773.64,699.99,756.92,9692.488334220014
1529863200,737.53,768.85,754.99,746.8,3301.500883349997
1529884800,734.8,752.0,751.24,746.5,2203.3443441199997
1529906400,745.0,775.99,749.33,771.57,1778.1775748399998
1529928000,735.0,771.46,741.01,759.03,9233.723285409998
1529949600,752.01,760.0,755.55,755.39,800.4599762000005
1529971200,745.41,756.0,748.24,752.99,1023.0291429600002
1529992800,737.98,746.8,745.83,743.51,1019.7961002000005
1530014400,717.41,735.0,732.03,720.75,5323.692830890003
1530036000,691.7,725.0,713.96,694.69,4203.75662237
1530057600,684.43,704.79,695.53,699.19,2417.582242149998
1530079200,689.0,720.0,691.89,706.99,2612.7459752699997
1530100800,688.72,713.0,705.3,708.1,6282.997639599997
1530122400,705.18,722.02,708.62,713.05,3382.441453019997
1530144000,701.5,707.91,706.77,705.43,373.91551137999977
1530165600,690.98,704.5,700.04,696.82,1909.9024111599933
1530187200,693.53,699.0,698.25,696.6,773.9453909399988
1530208800,648.65,685.0,683.79,659.65,7051.837978280007
1530230400,649.0,668.71,657.29,665.38,3608.0182606000017
1530252000,653.96,667.0,666.72,657.02,2459.1150717399983
1530273600,656.82,660.0,658.34,659.76,530.5048493599994
1530295200,658.93,740.0,659.55,716.4,7920.337808580008
1530316800,729.75,784.99,729.76,757.45,7845.802456560003
1530338400,747.74,757.09,753.03,752.23,935.2149025000003
1530360000,730.01,755.05,753.94,730.99,3223.94886965
1530381600,724.08,750.87,725.89,748.15,1869.529907019999
1530403200,725.52,741.6,729.26,741.01,694.6182365700001
1530424800,732.7,740.41,740.0,740.29,225.46268379000003
1530446400,716.18,733.06,731.39,727.84,1864.8048147999993
1530468000,725.2,744.87,726.28,735.74,2431.2822633399987
1530489600,725.0,735.1,734.53,726.0,956.739191409998
1530511200,726.45,736.98,727.88,734.56,1002.7023347400004
1530532800,734.99,796.62,735.0,775.71,11369.714083090004
1530554400,779.06,787.0,785.34,780.99,1164.5648203899984
1530576000,790.9,831.99,791.49,815.3,7331.547673050018
1530597600,774.17,809.9,807.32,782.39,3893.4770560800025
1530619200,765.01,774.99,770.9,771.0,2060.995889910001
1530640800,751.24,777.74,772.32,756.28,3842.778836630002
1530662400,744.45,763.13,746.98,758.07,2018.9932025699986
1530684000,753.0,769.99,753.0,769.76,1048.1456780499998
1530705600,762.03,809.0,776.0,770.97,6760.211990929993
1530727200,755.32,783.23,773.46,763.64,2369.5367255499973
1530748800,761.2,786.54,762.0,764.0,2772.189770959997
1530770400,746.59,766.75,763.55,755.48,2552.2159665399963
1530792000,722.0,755.7,744.57,722.1,2715.350597109999
1530813600,720.45,744.96,724.8,742.83,2278.8216443700003
1530835200,721.1,737.0,728.11,723.23,1019.3179891799984
1530856800,708.96,730.58,709.89,722.1,1494.7978388899985
1530878400,719.2,730.0,725.0,728.0,2329.3741066699986
1530900000,723.6,733.56,732.01,731.04,1215.1199012799998
1530921600,725.07,733.43,731.04,732.13,981.1361039999999
1530943200,717.3,732.12,732.12,722.96,1044.9026337899998
1530964800,708.57,728.31,722.96,726.16,2201.61861166
1530986400,722.0,772.86,726.55,768.99,4591.99401794
1531008000,760.63,778.8,768.99,767.51,3454.1623436900013
1531029600,757.01,767.99,767.51,761.64,594.845620580001
1531051200,759.73,771.86,761.65,765.74,1631.8898587199983
1531072800,740.85,770.0,765.73,748.99,3456.6686094100187
1531094400,734.77,754.55,748.97,744.74,3846.0799988899957
1531116000,742.03,754.54,744.74,751.85,1449.248044989996
1531137600,736.37,753.8,752.85,738.89,2074.414355429999
1531159200,725.93,759.0,738.97,730.0,5227.76722641009
1531180800,720.02,736.0,729.73,724.2,3122.4347863199932
1531202400,685.98,725.22,724.19,694.22,4526.799165309999
1531224000,688.69,702.55,694.22,694.06,4816.217335439997
1531245600,684.11,703.05,694.06,687.33,4024.9289077099984
1531267200,686.0,698.9,687.37,691.42,2143.6663123199924
1531288800,683.3,711.39,691.41,707.62,2434.6957704399974
1531310400,690.0,711.4,707.28,694.88,1994.2850720199908
1531332000,690.49,709.0,695.0,707.51,2161.3938097799924
1531353600,692.06,708.08,707.5,696.07,1438.1635995399954
1531375200,672.36,698.01,696.29,675.96,3458.6002467899966
1531396800,675.5,683.5,675.96,678.9,1939.34099947
1531418400,661.73,687.99,678.89,687.99,4695.762497260018
1531440000,684.6,706.6,686.96,697.95,3667.5691111799897
1531461600,695.26,701.01,697.4,699.8,479.0814290100019
1531483200,694.5,703.95,699.79,700.97,1653.900253649995
1531504800,684.87,713.5,700.96,694.7,4274.985448889992
1531526400,689.19,699.99,693.7,692.79,1385.5498508299972
1531548000,686.49,694.1,692.78,692.74,629.20296168
1531569600,692.74,706.0,692.74,704.99,1722.866539879999
1531591200,695.57,711.56,704.99,700.59,2163.186415459998
1531612800,696.63,707.0,700.5,706.97,938.0710933000004
1531634400,704.05,729.99,706.98,725.86,3157.432156509997
1531656000,717.0,729.99,725.94,725.96,2230.3114797799994
1531677600,721.11,733.18,725.96,723.36,2527.3138632599994
1531699200,717.1,726.75,723.35,720.74,1246.1496251499996
1531720800,720.73,781.0,720.73,773.02,7200.534556770057
1531742400,762.63,805.44,773.7,799.67,7916.818548560009
1531764000,792.11,809.0,799.67,799.74,7423.732198910015
1531785600,788.01,810.0,800.0,788.99,5743.0676823199865
1531807200,781.34,802.01,788.99,789.1,2108.5537003999925
1531828800,785.0,843.83,789.0,838.58,10613.005377500034
1531850400,838.58,874.2,838.58,851.54,14311.316435030132
1531872000,851.53,888.19,851.54,872.93,8153.160872329995
1531893600,851.03,874.73,872.9,869.0,2445.908662279993
1531915200,853.0,876.64,868.65,871.99,5243.466794939968
1531936800,806.13,877.0,872.0,825.81,13013.23564075007
1531958400,801.65,825.8,824.33,812.0,3974.1759669699845
1531980000,811.99,834.5,812.0,833.41,1974.6972545799963
1532001600,805.0,844.0,833.41,815.99,4318.1720368299875
1532023200,813.19,830.98,815.99,823.49,3439.82623214998
1532044800,797.0,823.49,823.48,799.91,2106.4193349899942
1532066400,773.01,805.65,799.91,805.0,4381.278886599986
1532088000,771.0,819.92,805.0,775.15,6510.989216200019
1532109600,761.1,783.0,775.44,763.0,4277.141798129978
1532131200,742.07,773.69,762.99,773.69,3733.0583137099957
1532152800,761.01,779.6,773.69,775.0,1142.894118849999
1532174400,770.0,799.42,774.37,794.85,2296.3164576899935
1532196000,785.68,799.85,794.84,786.62,1240.2983310500003
1532217600,777.0,806.74,785.51,790.0,2174.7266483699955
1532239200,781.11,798.6,790.0,795.43,766.16222956
1532260800,792.11,819.99,795.43,806.01,2604.3992935299957
1532282400,779.0,811.12,806.01,785.22,2918.200827469996
1532304000,781.94,833.33,785.22,818.14,6369.0363473000525
1532325600,807.86,828.0,818.14,809.98,2029.9096089799941
1532347200,782.0,821.18,809.97,789.37,4602.869173900005
1532368800,780.11,798.3,789.3,781.81,4103.123051829988
1532390400,773.5,811.96,781.81,805.62,6492.293099329983
1532412000,805.62,875.0,805.62,865.72,11808.859880650198
1532433600,843.11,874.88,865.72,854.7,12632.004631340125
1532455200,846.82,869.99,854.69,863.53,6148.1948994400045
1532476800,856.16,874.0,863.23,869.92,6180.482015979975
1532498400,829.0,869.91,869.91,839.18,3358.1350776299932
1532520000,816.6,844.0,839.18,830.99,4240.109234559995
1532541600,825.13,847.97,830.99,830.26,3387.5731484799944
1532563200,830.26,841.27,830.26,836.05,1690.4451058999937
1532584800,834.05,860.0,836.05,842.13,1918.1403634999972
1532606400,829.57,842.17,842.12,831.92,2432.314618579998
1532628000,789.25,837.62,831.91,804.0,6410.964818680018
1532649600,790.0,804.97,804.0,801.5,1890.560237089998
1532671200,794.25,810.49,801.49,796.32,1144.4765145099996
1532692800,780.0,827.87,796.5,817.35,6500.228129320015
1532714400,814.19,829.0,817.35,819.86,3381.72841562999
1532736000,814.57,825.99,819.87,820.46,1708.9519650900004
1532757600,814.83,826.0,820.47,818.47,840.1249756799995
1532779200,800.06,819.49,818.47,817.45,2083.1753024999975
1532800800,812.0,822.89,817.46,822.89,841.9159591199996
1532822400,818.51,839.0,822.9,820.97,3904.396966480048
1532844000,814.53,824.98,820.97,819.0,539.76153667
1532865600,818.49,833.4,819.19,824.48,1390.645237849998
1532887200,823.0,837.0,824.49,829.99,1804.7452236999961
1532908800,814.81,833.2,829.98,821.79,2955.119220869992
1532930400,815.8,827.26,822.32,818.88,812.8364950700006
1532952000,785.0,823.2,817.96,789.0,5127.816864219996
1532973600,785.44,817.95,788.83,814.23,4116.055307039994
1532995200,796.01,814.78,814.78,801.48,1262.336983709999
1533016800,787.0,804.0,801.47,792.29,1996.6343699900003
1533038400,760.0,793.25,792.29,772.32,6588.470891149991
1533060000,758.22,777.19,772.38,776.28,3282.3394520899915
1533081600,735.52,776.96,776.28,757.0,6841.114691700001
1533103200,754.38,765.0,756.98,762.78,1850.5262764699985
1533124800,747.37,765.0,762.78,752.37,2289.021123989994
1533146400,741.71,768.92,752.37,767.44,3927.0097103999988
1533168000,759.6,773.58,767.43,762.68,1532.7090757299977
1533189600,748.2,763.82,762.69,749.28,1359.4797974499982
1533211200,732.0,750.3,750.3,733.41,3009.6018482899995
1533232800,722.5,736.7,733.42,730.56,2353.24458556
1533254400,701.0,730.56,730.55,710.27,5436.510378449993
1533276000,705.52,716.86,710.15,709.89,988.9812621600004
1533297600,708.85,726.44,710.01,724.56,3629.35032953
1533319200,710.2,729.4,724.56,724.99,2952.19258786
1533340800,722.53,736.89,724.99,729.4,1634.091362290001
1533362400,713.02,729.41,729.41,715.47,1143.894376
1533384000,688.69,715.47,715.46,694.2,5431.3633833299955
1533405600,692.5,698.99,694.47,695.76,1144.0467554200004
1533427200,688.0,702.44,695.93,695.19,1423.8040136800012
1533448800,688.29,704.0,695.19,696.02,1181.82726
1533470400,690.03,699.55,696.03,698.7,1097.6077326100005
1533492000,694.5,715.0,698.69,709.38,1923.425175119999
1533513600,708.7,718.99,709.38,709.52,1758.455755510001
1533535200,693.24,710.5,709.52,697.5,1225.56683083
1533556800,684.51,697.48,696.67,691.03,3656.907793119998
1533578400,681.52,693.0,690.67,690.79,2767.5736073599946
1533600000,688.01,695.42,690.79,691.04,1524.3103237799976
1533621600,690.27,712.25,691.04,710.0,2156.867696639995
1533643200,704.2,711.5,709.99,705.79,1332.0595761499994
1533664800,646.0,705.79,705.79,657.41,8655.009332550007
1533686400,610.9,657.63,656.15,626.43,8870.534926039996
1533708000,603.37,630.15,627.0,621.41,5649.788659449993
1533729600,564.39,622.59,620.72,576.7,11525.249552240008
1533751200,570.08,599.22,577.0,588.76,9605.794059019994
1533772800,582.22,596.49,588.77,594.3,3090.8974788899986
1533794400,590.0,602.16,594.31,593.54,1619.1502969800001
1533816000,578.0,621.4,593.53,608.99,6332.643856929993
1533837600,605.0,619.5,609.0,609.52,3945.9687032999946
1533859200,590.01,613.0,609.52,602.43,2730.3654184800102
1533880800,586.93,604.19,602.43,593.45,1810.5178637299891
1533902400,587.97,608.63,593.46,595.77,3771.545928499986
1533924000,558.38,596.62,595.77,570.58,7907.015312670004
1533945600,538.12,571.54,570.57,548.51,4441.056343320017
1533967200,544.6,556.5,548.52,550.46,1176.9564856099996
1533988800,543.81,589.0,550.3,579.01,5810.182210470008
1534010400,560.99,583.4,579.01,563.31,3549.6310249899966
1534032000,553.45,582.24,563.32,580.0,2861.6371851099966
1534053600,572.01,580.25,580.0,577.58,849.3911821900004
1534075200,564.2,578.94,577.19,573.9,1993.6602651299986
1534096800,565.65,586.33,573.91,571.48,3640.9427854099986
1534118400,570.04,576.24,571.47,572.43,2053.24824331
1534140000,570.06,593.49,571.52,582.19,2333.447141929998
1534161600,525.0,583.71,582.2,533.93,8001.350179270009
1534183200,522.0,545.35,533.93,531.54,5473.1336713200035
1534204800,473.0,531.54,531.53,491.39,14421.15651741002
1534226400,482.65,502.34,491.83,486.91,3905.4484317299984
1534248000,476.46,500.21,486.82,481.13,5992.851246599998
1534269600,478.52,511.08,481.13,510.98,4606.791189659998
1534291200,510.5,527.07,510.95,511.5,7529.105619210002
1534312800,505.01,522.48,512.51,511.0,3111.181216679998
1534334400,509.01,541.38,511.0,534.63,6188.133928269997
1534356000,502.24,536.0,534.06,511.12,5389.940208479996
1534377600,503.59,515.0,511.13,508.08,2685.025279719999
1534399200,507.1,538.78,507.96,530.95,2690.0951792299975
1534420800,514.12,535.0,531.12,528.68,3705.691762389999
1534442400,514.5,529.68,528.56,516.3,2460.2571712699987
1534464000,515.51,540.0,516.31,533.68,2854.907882419999
1534485600,532.76,555.7,533.48,539.54,2103.348805149999
1534507200,536.01,569.45,539.54,562.0,4447.91095177
1534528800,552.03,606.66,562.01,604.22,4895.665880419996
1534550400,582.95,612.44,604.74,589.77,5491.205582429995
1534572000,569.0,590.89,590.0,584.48,1929.44699601
1534593600,538.35,588.33,584.48,543.37,4313.360411129997
1534615200,542.03,567.09,543.41,556.76,1983.6985748700004
1534636800,542.01,563.46,556.75,558.53,1723.3644005600006
1534658400,550.39,578.29,558.07,574.58,1245.8244748699997
1534680000,556.0,581.58,574.58,559.9,3140.47915208
1534701600,559.79,577.86,559.9,571.01,2860.865161079998
1534723200,561.01,577.0,571.01,565.31,2248.754518449999
1534744800,536.72,567.15,565.31,552.02,2891.7951457899962
1534766400,538.73,556.46,551.82,547.16,2774.448438569996
1534788000,510.04,549.31,547.03,512.89,10288.245864260001
1534809600,510.24,523.2,512.89,521.96,1789.1802511299986
1534831200,521.96,542.97,521.96,535.98,1991.2165588899986
1534852800,518.02,536.97,535.19,524.59,3558.251225559987
1534874400,521.98,539.03,524.43,536.0,2280.192689729991
1534896000,528.16,577.0,536.0,550.59,7075.460040860015
1534917600,543.0,552.71,550.59,549.33,1888.0567737499985
1534939200,522.89,553.68,549.33,523.46,4270.164631609993
1534960800,507.62,526.82,523.45,518.39,5928.74185254006
1534982400,515.0,526.48,518.4,523.64,1794.765843829996
1535004000,516.06,525.33,523.64,516.06,566.323860520001
1535025600,514.61,531.26,516.05,527.94,3041.8510012999914
1535047200,513.7,532.92,527.94,529.46,2946.9906603799946
1535068800,526.22,531.0,529.46,529.6,1139.679633989991
1535090400,527.23,538.0,529.59,531.81,1040.664925279999
1535112000,520.0,533.3,531.8,529.59,2555.032651169984
1535133600,528.6,537.6,529.6,533.88,2380.4066548099854
1535155200,533.04,543.78,533.88,535.47,1674.2823140899948
1535176800,530.0,535.47,535.47,531.18,406.8183391000002
1535198400,528.41,537.99,531.18,536.67,1412.114395849994
1535220000,533.46,537.69,536.68,536.51,788.9169111100014
1535241600,515.56,536.5,536.5,515.7,2057.6944769599913
1535263200,515.08,525.55,515.55,524.93,707.548473309997
1535284800,516.27,528.68,524.94,518.66,1540.9756950699955
1535306400,518.66,525.0,518.66,523.91,693.8647428600007
1535328000,519.19,535.0,523.92,529.11,1462.7036900199953
1535349600,525.5,531.07,529.11,527.01,992.1608616499987
1535371200,525.5,532.99,527.0,531.84,1508.561996019998
1535392800,526.74,555.23,531.88,549.27,4139.811679510002
1535414400,540.22,550.55,549.1,545.15,3216.7681543000012
1535436000,544.96,554.99,545.15,551.21,1145.9728382100006
1535457600,547.77,559.0,551.2,550.77,3174.917058709994
1535479200,550.33,575.01,550.59,565.01,5652.833481960012
1535500800,552.06,566.53,565.0,556.98,1655.3592013400048
1535522400,554.34,568.0,556.98,562.85,1304.2771203199982
1535544000,544.31,567.92,562.85,555.62,3567.025730049978
1535565600,548.75,560.0,555.13,554.2,2511.4047214399866
1535587200,546.0,556.52,554.2,546.0,1360.97859361
1535608800,527.73,548.0,546.01,528.05,2607.243878829999
1535630400,525.34,534.01,528.05,528.78,2151.3046661099997
1535652000,525.0,540.47,528.76,539.35,2215.3980017599993
1535673600,533.0,543.36,538.46,541.16,984.5758821100001
1535695200,535.45,542.59,540.99,541.92,635.3916071600001
1535716800,533.82,545.99,541.91,543.66,2018.5083090899966
1535738400,540.0,546.02,543.66,542.57,1592.7932478599987
1535760000,541.49,555.19,542.0,550.97,1526.9064141699996
1535781600,550.96,569.59,550.97,561.69,1448.00364591
1535803200,558.76,630.0,561.47,621.92,10638.271620649992
1535824800,610.01,626.1,621.92,615.32,4639.849468719995
1535846400,600.23,659.0,615.99,652.08,9080.569755889996
1535868000,619.0,655.73,652.07,625.09,3295.820010899996
1535889600,620.0,654.81,624.39,644.99,3898.2316548599947
1535911200,634.59,652.5,644.99,651.98,3002.466691949997
1535932800,622.33,656.77,651.97,629.45,5683.430765539992
1535954400,624.02,633.91,628.89,624.5,1229.0308528
1535976000,623.79,635.88,624.49,626.72,3069.847943009999
1535997600,625.77,636.99,626.72,627.55,3381.3173320699975
1536019200,622.35,633.99,627.3,626.96,2574.82448648
1536040800,624.8,632.0,626.95,631.81,752.0534862700003
1536062400,631.8,649.91,631.81,637.0,3483.2181213599956
1536084000,622.0,639.0,637.0,625.51,2859.2081444399983
1536105600,623.28,632.17,625.36,627.67,1971.017761249999
1536127200,549.26,628.83,627.67,563.37,9046.554951410017
1536148800,525.0,569.5,562.61,534.89,11991.274293830014
1536170400,521.5,548.45,534.88,527.28,7235.500928570001
1536192000,486.07,529.2,526.82,497.27,14757.204210830023
1536213600,488.2,506.87,497.01,500.06,3826.0182575299987
1536235200,496.84,522.0,500.06,501.58,4516.0934775099995
1536256800,500.01,520.72,501.57,518.5,2631.7343876399987
1536278400,514.2,528.0,518.5,521.39,3165.64316665
1536300000,496.12,523.86,521.4,501.95,2839.71581577
1536321600,496.21,509.5,501.85,497.06,3744.0165963999984
1536343200,492.5,499.98,497.78,497.27,3672.276460570002
1536364800,497.65,504.97,497.66,502.42,1640.0311883599989
1536386400,501.04,504.88,502.42,501.65,535.16895062
1536408000,467.92,502.01,501.41,474.46,4929.459352020018
1536429600,461.16,477.14,474.79,474.51,5602.398392919989
1536451200,462.45,474.52,474.52,469.05,1919.5024641899965
1536472800,468.15,488.0,469.01,484.04,1628.548543459999
1536494400,480.37,494.75,484.04,481.63,2158.1547197099976
1536516000,473.21,494.56,481.62,479.34,3652.9037968399953
1536537600,477.61,489.0,479.34,480.03,2271.084929209998
1536559200,473.57,484.69,480.92,478.07,1390.3827127799993
1536580800,462.5,478.94,478.32,464.22,2765.2645270399953
1536602400,457.88,467.93,464.22,466.58,3438.2687567399953
1536624000,464.24,477.86,466.59,468.08,2755.006490809994
1536645600,460.79,471.53,468.08,464.12,1112.6527168200023
1536667200,440.72,466.31,464.13,441.28,5108.084197389988
1536688800,425.8,445.9,441.28,439.99,6011.373398239981
1536710400,420.0,439.99,439.99,428.45,4155.311577199986
1536732000,410.0,428.77,428.2,414.25,3863.310879209987
1536753600,414.24,428.21,414.27,427.05,5443.534884479981
1536775200,420.61,434.0,427.04,430.81,11964.012435780014
1536796800,430.54,441.96,430.54,432.6,4228.390987309994
1536818400,432.21,443.99,432.61,443.99,1835.3854249199978
1536840000,441.2,463.42,443.98,455.09,7142.786476859989
1536861600,445.0,478.32,455.1,464.03,6995.613883909992
1536883200,457.91,478.53,464.03,468.14,4791.265404439989
1536904800,442.29,469.9,468.11,452.19,4168.605027079996
1536926400,440.25,459.0,452.19,449.59,3151.500381009995
1536948000,447.0,461.31,449.57,448.0,3472.709064519996
1536969600,446.51,456.76,448.01,448.84,1926.4638413800003
1536991200,446.55,455.98,448.85,450.95,1383.7909309799998
1537012800,449.12,461.84,450.92,458.72,3143.3217575599983
1537034400,443.5,458.82,458.66,449.0,2132.8799119099967
1537056000,426.13,449.76,449.0,434.88,3202.249090969998
1537077600,433.0,444.0,434.88,442.51,919.8893449099996
1537099200,433.4,443.36,442.77,439.0,1468.3168027200002
1537120800,439.13,452.26,439.24,450.43,2064.852305299999
1537142400,450.38,461.94,450.42,452.15,3282.5926765599934
1537164000,442.0,453.29,452.15,446.02,2515.358973139995
1537185600,416.01,446.08,446.02,425.54,6907.631136729985
1537207200,407.65,427.94,425.17,417.62,6796.816272979987
1537228800,415.0,422.96,417.62,419.86,2735.6902078099993
1537250400,412.0,427.97,419.93,427.97,2684.4577034099957
1537272000,427.96,448.44,427.96,434.76,6387.2183199199735
1537293600,426.1,437.67,434.76,432.39,3921.81556024999
1537315200,428.42,439.93,432.48,435.16,2947.4592331099993
1537336800,421.2,436.3,435.16,424.01,3423.676115989999
1537358400,419.0,425.12,424.0,424.33,1292.2926583100004
1537380000,408.07,424.06,423.48,412.0,3942.89555373
