1541577600,619.84,633.9,619.85,630.51,1984.42
1541578500,630.09,636.06,630.51,635.48,358.53
1541579400,626.22,634.85,634.85,628.33,355.46
1541580300,627.93,631.03,628.5,630.49,95.68
1541581200,629.21,631.99,630.49,629.77,68.73
1541582100,625.56,629.76,629.76,627.83,163.27
1541583000,627.31,630.0,627.31,630.0,62.99
1541583900,627.78,629.99,629.99,628.7,85.19
1541584800,621.11,628.63,628.63,622.01,332.14
1541585700,621.78,624.97,622.75,622.28,171.06
1541586600,622.3,626.68,622.3,625.39,73.18
1541587500,623.54,625.49,625.0,625.42,74.75
1541588400,625.05,630.58,625.48,630.12,346.39
1541589300,625.38,630.83,630.13,627.01,310.92
1541590200,626.94,631.0,628.03,630.75,177.46
1541591100,628.93,633.3,631.0,633.3,142.66
1541592000,628.85,633.29,633.29,631.74,188.65
1541592900,626.44,633.73,631.73,628.79,313.48
1541593800,627.51,631.32,628.45,629.69,88.92
1541594700,628.44,631.3,629.7,630.99,87.44
1541595600,630.3,638.55,630.99,634.11,786.17
1541596500,633.0,636.0,634.12,634.49,180.72
1541597400,632.0,634.7,634.01,633.88,324.02
1541598300,628.02,633.88,633.88,629.71,263.0
1541599200,620.5,633.17,629.58,623.99,1113.98
1541600100,610.21,623.98,623.98,617.35,1365.94
1541601000,612.0,619.5,617.35,617.5,621.73
1541601900,616.12,617.51,617.51,617.18,196.08
1541602800,613.2,617.77,617.77,616.35,203.7
1541603700,605.58,617.48,616.35,605.58,827.46
1541604600,603.09,613.27,605.58,610.57,1112.84
1541605500,609.0,616.01,611.33,612.99,224.55
1541606400,610.0,619.18,612.99,617.0,330.22
1541607300,616.47,620.0,617.0,619.13,374.91
1541608200,615.45,619.94,619.94,616.0,373.05
1541609100,614.23,616.0,615.62,614.9,114.3
1541610000,615.24,619.75,615.43,617.06,237.24
1541610900,615.25,617.3,617.0,615.59,152.1
1541611800,615.53,618.05,615.53,618.04,78.54
1541612700,617.95,619.0,618.05,617.96,180.91
1541613600,617.0,618.56,617.96,617.67,163.23
1541614500,617.17,618.09,617.73,617.99,30.54
1541615400,616.2,618.19,617.52,617.47,91.7
1541616300,615.55,617.48,617.47,617.26,46.42
1541617200,617.0,617.98,617.25,617.15,126.97
1541618100,617.0,617.98,617.16,617.07,78.26
1541619000,617.0,617.89,617.07,617.57,42.71
1541619900,614.63,617.56,617.52,614.64,90.83
1541620800,608.72,614.64,614.63,611.66,461.25
1541621700,610.36,614.76,612.26,612.68,192.25
1541622600,610.24,612.87,612.62,610.25,120.86
1541623500,610.24,612.65,610.25,611.87,91.33
1541624400,606.5,611.87,611.84,606.52,402.1
1541625300,606.03,611.59,606.51,610.64,587.21
1541626200,610.67,615.0,610.68,615.0,262.09
1541627100,614.99,615.0,615.0,615.0,4.85
