1551053700,126.8,127.62,127.25,127.5,96.37
1551054600,127.12,128.6,127.49,128.33,575.35
1551055500,128.41,129.13,128.5,128.93,173.06
1551056400,128.2,129.04,128.93,128.82,457.55
1551057300,128.72,129.41,128.82,129.22,285.87
1551058200,129.12,129.75,129.22,129.46,545.49
1551059100,129.31,129.99,129.42,129.95,149.46
1551060000,129.76,129.99,129.96,129.76,70.57
1551060900,129.42,129.77,129.77,129.59,211.3
1551061800,129.52,130.0,129.59,130.0,72.42
1551062700,129.88,130.37,130.0,130.37,167.29
1551063600,129.74,131.12,130.37,130.49,975.27
1551064500,129.77,130.5,130.5,130.17,183.71
1551065400,130.16,130.77,130.17,130.7,162.2
1551066300,130.49,130.7,130.7,130.49,22.67
1551067200,130.25,130.5,130.5,130.3,74.51
1551068100,130.08,130.84,130.29,130.67,211.72
1551069000,130.37,131.0,130.65,131.0,382.35
1551069900,130.57,131.0,131.0,130.98,60.33
1551070800,130.03,130.98,130.98,130.3,443.72
1551071700,129.75,130.5,130.3,130.43,213.97
1551072600,130.3,130.84,130.3,130.69,83.6
1551073500,130.66,130.69,130.69,130.66,31.91
1551074400,130.37,130.71,130.66,130.69,152.62
1551075300,130.47,130.86,130.59,130.64,137.18
1551076200,130.5,130.8,130.63,130.77,163.79
1551077100,129.95,130.85,130.77,129.97,319.81
1551078000,128.79,130.12,130.01,129.51,599.71
1551078900,128.29,129.41,129.41,128.47,146.73
1551079800,128.21,128.62,128.32,128.44,61.12
1551080700,127.51,128.3,128.3,128.3,658.5
1551081600,128.3,129.03,128.3,128.97,122.73
1551082500,128.98,130.42,128.98,130.12,298.53
1551083400,129.58,130.12,130.12,129.58,9.23
1551084300,129.3,129.31,129.31,129.31,1.81
1551085200,129.31,130.12,129.31,129.98,297.8
1551086100,129.96,130.1,129.97,130.1,69.4
1551087000,129.48,130.09,130.09,129.6,14.27
1551087900,129.53,129.96,129.65,129.87,14.45
1551088800,129.85,130.04,129.86,130.03,3.14
1551089700,127.74,131.0,130.03,130.35,1356.01
1551090600,128.5,129.92,129.92,129.15,374.79
1551091500,128.02,129.81,129.15,129.18,667.1
1551092400,129.19,133.29,129.19,130.85,782.16
1551093300,130.28,131.24,130.85,130.43,341.23
1551094200,130.44,132.27,130.44,131.25,117.13
1551095100,131.31,132.2,131.31,131.44,81.6
1551096000,131.34,131.95,131.34,131.95,10.75
1551096900,132.03,134.11,132.03,132.87,521.68
1551097800,131.31,132.83,132.75,131.98,850.19
1551098700,131.98,132.74,131.98,132.38,156.52
1551099600,131.84,132.62,132.46,131.84,378.62
1551100500,131.67,132.8,131.83,132.06,159.13
1551101400,132.06,133.35,132.06,133.21,85.45
1551102300,132.58,133.37,133.21,133.37,449.85
1551103200,131.3,133.2,133.2,132.2,1298.23
1551104100,131.24,132.96,132.21,132.57,1618.8
1551105000,131.62,132.99,132.47,132.04,484.86
1551105900,131.8,133.6,132.04,133.6,1295.21
1551106800,133.75,137.44,133.75,136.14,3249.62
1551107700,134.95,136.83,136.14,135.17,1438.71
1551108600,135.01,135.6,135.12,135.49,413.55
1551109500,134.02,136.38,135.6,135.77,1053.91
1551110400,134.06,135.77,135.77,135.48,390.07
1551111300,135.08,138.0,135.49,136.77,2199.54
1551112200,134.34,137.26,136.71,136.57,1958.94
1551113100,136.23,137.6,136.74,136.62,1325.97
1551114000,135.7,137.25,136.63,136.88,941.16
1551114900,135.82,136.89,136.88,136.12,429.27
1551115800,135.86,136.57,136.13,136.26,330.24
1551116700,135.27,136.48,136.27,135.75,640.88
1551117600,135.15,136.84,135.74,135.26,979.52
1551118500,135.25,136.15,135.26,135.83,174.94
1551119400,135.7,136.5,135.83,136.5,264.65
1551120300,135.75,137.44,136.5,136.09,891.42
1551121200,135.34,136.25,136.18,135.73,630.03
1551122100,135.5,136.56,135.72,136.36,357.48
1551123000,135.92,136.7,136.36,136.17,340.45
1551123900,135.88,136.35,136.18,135.96,591.47
1551124800,135.39,136.26,135.91,135.39,367.09
1551125700,133.15,136.19,135.47,134.13,2194.08
1551126600,134.17,135.35,134.23,134.39,1053.9
1551127500,133.48,134.4,134.34,134.16,851.36
1551128400,133.8,134.4,134.15,134.2,563.8
1551129300,132.99,134.24,134.19,132.99,347.78
1551130200,132.9,133.45,133.2,133.05,562.91
1551131100,132.53,133.05,133.05,132.54,195.42
1551132000,132.54,133.49,132.54,132.76,515.94
1551132900,132.75,134.11,132.76,133.93,263.36
1551133800,133.8,135.01,133.8,134.66,168.25
1551134700,134.17,134.73,134.73,134.23,159.49
1551135600,134.29,134.36,134.36,134.29,5.28
1551136500,134.1,134.41,134.3,134.24,218.42
1551137400,133.48,134.38,134.26,133.49,105.36
1551138300,132.87,133.48,133.48,132.92,276.98
1551139200,132.9,135.06,132.9,134.17,445.43
1551140100,133.7,135.32,134.16,135.23,517.34
1551141000,135.27,136.91,135.27,136.18,1494.0
1551141900,135.63,136.29,136.15,135.63,349.77
1551142800,135.03,135.78,135.78,135.26,153.4
1551143700,134.93,135.53,135.25,135.02,245.58
1551144600,134.31,135.02,135.02,134.99,255.74
1551145500,134.69,135.1,134.84,134.78,121.03
1551146400,134.74,135.05,134.77,134.91,90.12
1551147300,134.87,135.06,134.91,135.03,82.38
1551148200,134.63,135.03,135.03,134.72,42.56
1551149100,134.48,134.97,134.74,134.51,69.68
1551150000,134.25,134.87,134.55,134.87,99.7
1551150900,134.77,135.03,134.87,135.01,44.35
1551151800,134.97,135.31,135.0,135.03,134.62
1551152700,134.67,135.06,135.03,134.95,38.6
1551153600,134.89,135.31,134.9,135.24,30.0
1551154500,134.69,135.23,135.2,135.05,120.84
1551155400,134.43,135.05,135.04,134.43,75.59
1551156300,134.29,134.68,134.59,134.44,20.16
1551157200,131.89,134.43,134.43,132.12,2284.09
1551158100,132.3,133.02,132.39,133.02,174.37
1551159000,132.52,133.21,133.2,132.63,89.34
1551159900,132.21,133.97,132.54,133.14,485.53
1551160800,132.55,133.31,133.16,132.6,108.94
1551161700,131.57,132.61,132.57,132.03,299.09
1551162600,130.3,132.27,132.03,131.15,715.91
1551163500,130.76,131.44,131.0,131.19,188.24
1551164400,130.5,131.75,131.14,131.32,369.63
1551165300,131.32,132.48,131.32,132.47,104.49
1551166200,132.2,132.63,132.47,132.49,443.08
1551167100,132.28,132.58,132.31,132.46,91.57
1551168000,132.0,132.43,132.28,132.2,25.27
1551168900,130.13,132.08,132.08,130.37,582.96
1551169800,130.37,132.5,130.37,131.91,146.32
1551170700,131.44,131.84,131.68,131.48,146.1
1551171600,131.0,131.47,131.47,131.29,37.73
1551172500,130.95,131.9,131.9,131.03,18.3
