1532574000,833.13,837.49,836.93,833.5,129.6032525
1532574900,833.5,836.89,833.51,836.61,46.37229357999999
1532575800,835.54,837.5,836.78,837.49,70.09657006999997
1532576700,835.0,839.75,837.49,835.51,155.17121688999993
1532577600,835.51,838.0,835.51,838.0,81.89307159999998
1532578500,836.26,838.0,837.99,836.27,39.58039626
1532579400,834.8,835.56,835.56,835.55,12.29539158
1532580300,835.55,837.96,835.55,837.95,138.45489187
1532581200,836.99,837.88,837.88,837.86,12.311414939999999
1532582100,837.5,837.86,837.86,837.51,19.207875370000004
1532583000,836.05,837.51,837.5,836.06,16.11926471
1532583900,834.84,836.06,836.06,836.05,17.998581549999994
1532584800,834.05,836.07,836.05,836.06,17.629736989999998
1532585700,836.06,837.96,836.07,837.7,7.23128867
1532586600,836.43,846.99,837.7,846.98,194.11467547
1532587500,847.85,858.62,847.85,855.69,304.36400297
1532588400,851.5,860.0,855.46,853.18,108.98868405999998
1532589300,851.0,858.99,853.84,851.0,111.69018975
1532590200,844.58,851.01,851.0,844.85,188.10364517000008
1532591100,844.99,845.0,845.0,845.0,46.017752730000005
1532592000,845.0,851.02,845.0,851.02,52.018062619999995
1532592900,846.04,851.02,851.01,847.01,22.917800109999998
1532593800,846.05,849.11,846.05,849.11,115.83173954000002
1532594700,848.02,849.11,849.1,849.11,22.85400962
1532595600,848.28,849.11,849.11,848.99,5.051553650000001
1532596500,848.99,851.58,849.0,851.58,53.12036914
1532597400,847.84,853.01,851.57,849.16,33.602342900000004
1532598300,849.15,849.16,849.16,849.15,31.485723730000004
1532599200,848.16,849.18,849.16,849.17,46.862737829999986
1532600100,849.18,853.99,849.18,851.0,68.85756212
1532601000,850.35,852.0,851.02,851.49,31.788294740000023
1532601900,849.17,853.55,851.49,852.0,66.86444492999999
1532602800,845.43,846.04,846.04,845.43,1.4202454199999999
1532603700,842.55,845.44,845.44,843.1,30.373670070000003
1532604600,841.66,843.09,843.06,841.67,88.38014798000002
1532605500,840.39,842.55,841.67,842.13,76.42633866
1532606400,833.0,842.17,842.12,834.71,292.12738643
1532607300,833.19,835.53,834.5,834.29,63.93011798999999
1532608200,830.25,835.0,834.29,834.99,125.23031806000003
1532609100,834.99,835.0,835.0,835.0,230.66149622
1532610000,834.45,835.0,834.99,834.99,50.096732650000014
1532610900,834.99,835.0,835.0,835.0,10.25880504
1532611800,834.99,835.0,834.99,834.99,33.89401755
1532612700,834.99,835.0,834.99,835.0,42.865108719999995
1532613600,832.0,835.0,834.99,832.66,86.87088566
1532614500,832.02,834.02,832.02,834.01,59.53494893000001
1532615400,834.01,834.02,834.02,834.02,38.236314209999996
1532616300,833.51,834.02,834.02,833.52,34.224185000000006
1532617200,833.51,834.34,833.52,833.51,58.718079859999996
1532618100,832.35,832.36,832.35,832.35,12.2911483
1532619000,832.3,833.8,832.35,832.84,38.14353079
1532619900,831.0,832.85,832.85,831.0,193.79171446999996
1532620800,830.7,831.0,830.82,830.71,36.08897854
1532621700,829.57,830.71,830.71,830.01,328.05915125
1532622600,830.0,830.45,830.01,830.04,19.080500970000003
1532623500,830.04,831.0,830.04,830.2,56.02775162
1532624400,830.41,830.87,830.41,830.66,27.19167712
1532625300,830.65,833.0,830.66,833.0,124.88058817999998
1532626200,831.24,831.73,831.24,831.73,10.23723939
1532627100,830.51,832.1,831.93,831.92,44.955686969999995
1532628000,831.91,831.92,831.91,831.92,20.97258957
1532628900,831.91,832.0,831.91,832.0,60.20032002000001
1532629800,831.98,832.0,831.99,831.98,41.6644341
1532630700,831.99,833.9,831.99,833.12,28.69208368
1532631600,833.12,833.3,833.24,833.2,10.140379889999998
1532632500,833.2,833.82,833.21,833.82,25.98177775
1532633400,833.64,833.83,833.83,833.82,12.263292219999999
1532634300,833.82,834.67,833.82,834.67,100.96527919
1532635200,834.0,834.99,834.66,834.99,67.84639887999998
1532636100,834.88,835.0,834.99,834.99,38.39788958
1532637000,834.99,837.62,835.0,836.18,270.7075287399999
1532637900,821.0,836.84,836.12,823.71,595.5705779100001
1532638800,810.0,823.37,823.37,818.0,1031.9674248899998
1532639700,810.89,818.0,818.0,812.71,343.94349783
1532640600,802.75,812.7,812.7,804.3,805.8566149999999
1532641500,797.63,804.89,798.79,803.99,281.47555660999996
1532642400,798.9,805.66,803.99,800.5,346.58066118
1532643300,800.5,805.01,800.5,803.69,155.38241573
1532644200,795.0,804.65,803.69,796.67,236.28359775
1532645100,796.0,800.0,796.68,797.89,201.53012192000003
1532646000,791.0,797.5,797.15,791.0,340.40199716999996
1532646900,789.25,799.0,791.01,797.86,316.3518426799999
1532647800,798.39,803.66,798.39,803.01,146.49939799999999
1532648700,803.38,805.0,803.39,804.0,84.93769268999998
1532649600,800.39,804.0,804.0,800.4,171.99098082
1532650500,800.01,800.01,800.01,800.01,0.61915595
1532651400,795.1,800.01,800.0,795.11,96.35128594999999
1532652300,792.37,795.11,795.11,792.38,75.43337722999999
1532653200,792.37,798.35,792.37,797.95,97.88379425999999
1532654100,796.03,797.95,797.95,797.33,42.123640040000005
1532655000,791.0,797.32,797.32,791.0,121.18951837000002
1532655900,790.0,794.0,791.01,792.58,227.58940169000002
1532656800,792.98,795.99,793.01,795.98,75.27816837
1532657700,795.98,798.0,795.99,798.0,43.71576576
1532658600,796.99,798.5,798.5,796.99,68.74256856
1532659500,792.59,797.0,797.0,794.0,68.83467562
1532660400,792.58,798.83,793.54,798.83,150.10503001
1532661300,798.2,801.0,798.83,799.47,90.63456777999998
1532662200,797.87,799.83,799.11,799.2,19.146663
1532663100,796.24,799.97,799.21,796.25,44.99637047000001
1532664000,796.24,798.87,796.25,798.86,30.66060825
1532664900,798.87,801.69,798.87,801.69,42.239656110000006
1532665800,800.44,801.69,801.69,800.53,41.38590151999998
1532666700,800.52,803.28,800.53,803.28,41.722600920000005
1532667600,801.97,804.0,803.28,803.99,82.6706766
1532668500,801.97,804.97,803.97,801.97,58.78130387
1532669400,800.74,801.97,801.97,801.0,19.211551849999996
1532670300,800.99,801.5,801.0,801.5,18.629651420000002
1532671200,801.48,801.5,801.49,801.48,20.42918616
1532672100,797.12,801.48,801.48,797.12,91.0708153
1532673000,795.15,799.01,797.13,798.86,76.42719941999998
1532673900,798.85,799.32,798.86,799.32,9.700215620000002
1532674800,799.31,799.58,799.32,799.57,14.223067489999996
1532675700,796.14,799.57,799.57,796.15,65.55469009000001
1532676600,794.33,796.15,796.15,795.27,45.925213209999995
1532677500,794.35,797.66,795.01,797.66,25.47830603
1532678400,796.88,805.0,797.65,804.98,201.3008646
1532679300,802.04,807.76,804.98,805.17,130.02136561
1532680200,803.97,808.5,803.97,808.01,30.720367529999997
1532681100,808.0,810.49,808.01,808.01,39.345787030000004
1532682000,807.21,807.32,807.32,807.32,0.9104925699999998
1532682900,805.01,805.83,805.83,805.02,8.48878249
1532683800,804.58,805.04,805.02,804.58,10.14621047
1532684700,803.0,804.0,804.0,803.7,10.51669856
1532685600,800.87,803.7,803.69,801.09,35.43113656999999
1532686500,800.06,801.66,801.09,801.14,23.223725079999998
1532687400,800.0,801.86,801.14,801.35,40.63183849999999
1532688300,800.01,801.92,801.35,800.14,14.726219529999998
1532689200,797.04,800.82,800.82,798.36,70.06767169
1532690100,794.5,798.86,798.35,794.81,36.65643651
1532691000,794.25,796.01,794.79,794.3,67.29771504
1532691900,794.3,796.32,794.3,796.32,45.142075670000004
1532692800,796.49,798.0,796.5,797.09,22.45607219
1532693700,792.1,797.1,797.1,792.11,172.68608798999998
1532694600,788.04,792.11,792.11,791.0,236.92832419999993
1532695500,782.12,791.0,791.0,786.13,360.18479960999997
1532696400,780.0,788.61,786.13,788.0,267.35390461
1532697300,788.01,792.99,788.01,788.53,97.63277237999998
1532698200,789.69,790.73,789.69,790.47,42.65561143
1532699100,788.59,790.47,790.47,789.69,45.07287126000001
1532700000,787.0,790.0,789.89,787.35,47.40670821
1532700900,786.33,788.0,787.34,787.99,101.75999707999999
1532701800,785.0,787.99,787.99,785.65,105.17187908000001
1532702700,782.64,787.0,785.65,783.19,145.71165072
1532703600,783.19,808.49,783.19,804.64,861.00919531
1532704500,802.36,815.0,804.64,813.95,836.4640588700001
1532705400,810.0,815.0,813.95,812.53,746.44857531
1532706300,809.02,815.54,810.57,813.19,351.74361604999973
1532707200,813.19,814.99,813.19,814.78,139.30309042
1532708100,814.78,822.8,814.78,819.22,697.0632667500001
1532709000,819.75,827.87,819.75,822.01,569.54558141
1532709900,817.06,822.01,822.01,817.75,249.16852096
1532710800,817.0,819.64,817.76,817.54,61.720095889999996
1532711700,814.75,817.6,817.54,814.75,203.30020066999998
1532712600,814.74,817.57,814.74,817.57,45.18237317
1532713500,817.35,817.57,817.56,817.35,23.303763439999997
1532714400,820.13,823.0,822.55,822.01,205.03495362
1532715300,822.0,824.52,822.01,824.0,223.71358303
1532716200,822.02,825.9,824.01,824.74,319.52955069000006
1532717100,823.12,826.19,824.73,825.42,161.73641160999998
1532718000,817.98,825.43,825.43,819.0,141.94254167
1532718900,819.0,823.02,819.01,821.51,132.22698279000005
1532719800,817.5,822.41,821.51,821.09,143.03361349999997
1532720700,819.78,821.52,821.21,820.56,91.95419872000002
1532721600,820.56,824.97,820.56,822.31,188.45456951
1532722500,822.31,822.33,822.32,822.33,61.02713565000001
1532723400,821.8,822.33,822.32,821.81,145.2264772299999
1532724300,821.81,827.08,821.81,827.06,204.64327258000003
1532725200,825.09,827.87,827.06,825.32,174.28474498000003
1532726100,825.31,825.43,825.32,825.43,29.388773659999995
1532727000,825.43,829.0,825.43,828.99,62.56276689999999
1532727900,827.38,829.0,828.99,827.44,81.04882309999999
1532728800,827.44,828.77,827.99,828.32,58.43152590999999
1532729700,825.42,828.32,828.31,826.08,52.49064025999999
1532730600,825.84,826.62,826.08,826.17,73.53141061999999
1532731500,826.16,826.17,826.16,826.17,41.016748150000005
1532732400,826.16,826.17,826.17,826.16,3.4445487000000004
1532733300,820.01,826.17,826.17,821.06,246.47884524
1532734200,814.19,822.61,821.07,817.11,318.15945510000006
1532735100,816.0,819.98,817.11,819.86,96.83062128999998
1532736000,819.87,824.47,819.87,822.2,170.2291715
1532736900,818.81,822.2,822.19,818.81,206.41277198
1532737800,818.81,819.86,818.81,819.86,30.602326389999998
1532738700,816.2,819.85,819.85,816.84,85.96639203
1532739600,816.83,817.57,816.83,816.84,26.40791058
1532740500,816.83,818.5,816.84,817.99,89.50062895999999
1532741400,817.95,818.83,817.95,818.8,99.63448219
1532742300,817.01,818.8,818.8,817.95,91.26712460000002
1532743200,817.94,817.95,817.94,817.95,2.04103329
1532744100,817.94,817.95,817.94,817.94,54.936058410000015
1532745000,817.94,817.95,817.95,817.94,9.034732479999997
1532745900,817.0,817.95,817.94,817.0,64.26738589
1532746800,816.83,817.43,817.0,817.01,33.38606956999999
1532747700,816.83,817.01,817.01,816.83,46.819177060000015
1532748600,816.0,816.84,816.84,816.01,18.64554042
1532749500,815.0,816.56,816.01,816.56,57.588695349999995
1532750400,814.57,816.62,816.56,816.62,70.52526691
1532751300,816.62,817.82,816.62,817.82,22.087433060000002
1532752200,817.82,823.9,817.82,822.37,214.31234793999997
1532753100,824.38,824.38,824.38,824.38,2.2779412800000003
1532754000,823.62,825.99,824.38,823.74,85.63363652999998
1532754900,822.91,823.75,823.75,823.49,7.773118879999999
1532755800,823.48,825.87,823.49,825.84,19.048742509999997
1532756700,820.0,825.84,825.84,820.46,63.93593540000002
1532757600,820.44,821.15,820.47,820.56,15.77951912
1532758500,820.5,823.36,820.55,821.3,52.61652775999998
1532759400,820.5,820.51,820.51,820.51,8.31894755
1532760300,820.5,820.52,820.51,820.52,11.62060762
1532761200,820.86,821.63,820.87,821.03,11.22247913
1532762100,820.86,822.11,821.99,822.1,9.71393905
1532763000,822.11,826.0,822.11,825.98,22.515620170000002
1532763900,825.98,826.0,825.98,826.0,5.68679589
1532764800,821.71,825.99,825.99,824.93,73.05518152000003
1532765700,824.92,825.91,824.93,825.87,20.358610490000004
1532766600,821.77,825.73,825.73,823.09,19.547268180000003
1532767500,821.77,823.87,823.08,823.86,33.756025879999996
1532768400,819.12,823.87,823.86,819.12,44.9192197
1532769300,818.44,818.59,818.45,818.44,3.16342078
1532770200,818.44,820.47,818.45,818.45,19.2502595
1532771100,818.44,819.06,818.44,819.06,7.89717658
1532772000,819.05,819.63,819.06,819.62,7.141075400000001
1532772900,819.63,820.74,819.63,820.74,17.27572446
1532773800,820.73,820.76,820.74,820.73,61.48196706000001
1532774700,818.98,820.74,820.74,819.29,76.82411917000002
1532775600,814.83,819.26,818.98,815.8,109.09067135
1532776500,815.74,822.19,815.74,821.14,71.37917791
1532777400,818.11,821.05,820.46,819.88,7.784923850000001
1532778300,817.01,818.9,818.73,818.47,63.88210672999999
1532779200,818.47,818.5,818.47,818.5,13.50206485
1532780100,818.49,819.0,818.49,819.0,8.247835489999998
1532781000,818.49,819.0,818.99,818.49,7.2100221699999985
1532781900,816.89,819.49,818.49,817.75,51.95617139000001
1532782800,816.89,818.85,817.74,817.86,21.326442390000004
1532783700,817.86,817.87,817.87,817.87,12.50989926
1532784600,816.29,817.86,817.86,817.53,26.365618209999994
1532785500,813.79,817.53,817.53,813.81,34.04118999999999
1532786400,813.45,815.6,813.81,814.55,29.71886713
1532787300,808.0,814.56,814.56,808.0,124.48605443
1532788200,802.02,808.0,808.0,808.0,259.74018947
1532789100,805.01,808.99,807.99,806.49,72.11166330000002
1532790000,802.96,806.46,806.46,803.0,96.24657997
1532790900,801.0,804.23,804.0,802.34,127.22099945000001
1532791800,800.06,806.81,802.33,805.83,225.69119424999997
1532792700,801.34,807.27,805.83,807.27,186.76798195999996
1532793600,813.99,814.79,813.99,814.79,16.693902119999994
1532794500,813.98,816.1,814.79,813.98,41.04573947
1532795400,812.64,813.98,813.98,812.65,32.1775094
1532796300,812.62,815.12,812.65,814.18,45.51637553999999
1532797200,813.78,815.06,814.18,813.78,59.07432373000001
1532798100,813.02,816.09,813.78,816.09,33.58155071999999
1532799000,815.61,817.0,816.08,817.0,132.86021588000003
1532799900,814.79,817.46,817.0,817.45,129.6850888
1532800800,814.2,818.0,817.46,815.66,93.1827658
1532801700,814.86,817.05,815.66,816.01,21.608581639999997
1532802600,814.97,817.0,814.98,816.98,41.58421219
1532803500,815.56,817.81,816.98,817.6,40.632990670000005
1532804400,817.59,817.6,817.6,817.6,21.43195101
1532805300,816.49,817.6,817.6,817.27,20.297095849999998
1532806200,817.27,817.54,817.27,817.47,13.491604550000003
1532807100,817.46,817.47,817.46,817.46,11.71343408
1532808000,817.46,817.47,817.46,817.46,7.752833540000001
1532808900,813.54,817.47,817.47,813.59,36.22368982
1532809800,813.46,815.15,813.47,814.38,45.21478897
1532810700,813.02,814.39,814.38,813.02,6.7747917499999994
1532811600,813.0,813.03,813.03,813.0,81.16405343
1532812500,812.0,813.03,812.95,812.5,5.2358204
1532813400,812.49,813.03,812.5,813.03,6.656904570000001
1532814300,813.03,814.0,813.03,813.2,23.816196419999994
1532815200,813.18,813.21,813.21,813.19,14.44474613
1532816100,813.18,814.0,813.18,814.0,12.532070520000001
1532817000,813.99,816.07,814.0,816.07,21.054543540000004
1532817900,814.46,816.07,816.07,814.72,11.95291481
1532818800,814.88,814.89,814.89,814.89,4.09413859
1532819700,814.88,816.91,814.89,816.91,29.71302496000001
1532820600,815.63,817.47,816.52,817.47,57.63372138
1532821500,817.49,822.89,817.49,822.89,176.42230041000002
1532822400,822.9,837.0,822.9,837.0,1011.0932133200001
1532823300,833.78,839.0,837.0,833.87,1427.7581454599995
1532824200,833.86,836.33,833.87,835.0,143.24747046000002
1532825100,830.0,830.51,830.51,830.26,81.08217468000001
1532826000,827.1,830.26,830.26,829.48,102.46364758
1532826900,829.01,829.5,829.49,829.01,24.127777049999995
1532827800,829.15,831.87,829.15,831.42,46.45405275999999
1532828700,828.54,831.43,831.42,830.0,47.63759108
1532829600,829.99,832.26,830.0,832.26,30.28337871
1532830500,829.02,834.0,832.26,829.02,85.91549366
1532831400,829.03,829.73,829.03,829.31,28.43545363
1532832300,827.83,829.31,829.31,827.83,54.305502550000014
1532833200,827.99,828.0,827.99,828.0,9.96314068
1532834100,826.2,828.38,828.0,827.55,110.47460837
1532835000,825.01,827.55,827.54,825.05,25.098967059999996
1532835900,825.05,825.06,825.06,825.06,55.060646780000006
1532836800,825.88,827.52,825.88,826.23,57.03082941999998
1532837700,821.56,826.23,826.22,822.42,145.73461787000002
1532838600,820.0,824.0,822.42,820.07,125.52650610999996
1532839500,819.0,820.08,820.08,819.0,23.137252830000016
1532840400,818.51,818.97,818.51,818.97,18.680289390000002
1532841300,818.96,820.96,818.96,820.96,85.74714015
1532842200,822.17,823.56,823.56,823.0,39.71072853
1532843100,820.97,823.0,823.0,820.97,5.7521552400000004
1532844000,820.96,820.97,820.97,820.97,0.34661964
1532844900,820.96,820.99,820.97,820.98,14.21577385
1532845800,819.5,820.98,820.98,820.09,20.378165709999994
1532846700,820.09,821.64,820.09,821.64,4.968931039999999
1532847600,821.63,824.88,821.63,824.87,9.621631879999995
1532848500,824.01,824.98,824.7,824.01,11.617787009999999
1532849400,820.1,824.69,824.0,820.19,26.28484221
1532850300,819.84,821.48,819.84,821.48,5.63390047
1532851200,818.5,821.48,821.48,820.03,20.544717079999998
1532852100,816.0,818.96,818.91,817.59,75.46957913999998
1532853000,817.59,819.06,817.59,819.06,31.566558740000016
1532853900,816.0,818.95,818.94,818.95,15.254117549999997
1532854800,818.0,819.02,818.95,818.02,7.39751754
1532855700,817.27,818.96,818.02,817.27,16.995998710000002
1532856600,816.94,820.27,816.95,820.27,5.449400819999999
1532857500,818.18,820.65,820.27,818.18,4.47991806
1532858400,817.84,818.18,818.18,817.84,0.1603
1532859300,817.85,819.19,818.18,817.87,20.615086239999997
1532860200,815.98,817.87,817.86,815.98,44.72903146
1532861100,815.98,815.99,815.98,815.99,4.571651709999999
1532862000,815.98,815.99,815.99,815.99,14.25462164
1532862900,815.31,815.99,815.98,815.31,69.47102026
1532863800,814.53,815.38,815.31,815.38,70.36759639999998
1532864700,815.38,819.0,815.38,819.0,23.787351719999997
1532865600,818.49,820.1,819.19,820.1,35.66409652000001
1532866500,820.1,824.61,820.1,822.49,29.797267539999993
1532867400,822.49,822.5,822.5,822.49,1.2485926
1532868300,822.49,825.07,822.5,824.99,92.93077107
1532869200,821.21,825.0,825.0,821.3,36.81319231999999
1532870100,820.45,825.0,821.31,823.98,222.55358331
1532871000,820.39,822.58,822.57,821.61,11.429944099999998
1532871900,821.61,823.49,821.62,821.68,32.50970482
1532872800,821.68,826.53,821.88,826.3,89.57900927
1532873700,826.57,828.5,826.58,827.74,25.468082710000004
1532874600,827.73,827.74,827.74,827.73,9.981942950000002
1532875500,827.73,827.74,827.74,827.74,4.99757447
1532876400,825.6,827.74,827.74,825.61,139.83659153000002
1532877300,825.61,827.44,825.61,827.31,15.388997819999997
1532878200,824.16,827.12,827.11,827.0,80.38061892999998
1532879100,826.99,833.4,826.99,833.39,157.61682199000003
1532880000,825.07,833.4,833.39,825.64,102.42011656000001
1532880900,825.64,827.09,825.64,826.35,22.300309440000003
1532881800,825.59,827.24,826.35,825.6,32.3067168
1532882700,824.01,825.6,825.6,824.01,35.72349376
1532883600,824.02,826.02,824.02,825.69,20.71420581
1532884500,825.69,826.0,825.69,826.0,30.96055709
1532885400,822.84,827.39,826.0,824.3,83.30587843999999
1532886300,823.17,824.66,824.66,824.48,19.17331999
1532887200,824.09,824.7,824.49,824.7,34.94867197000001
1532888100,823.92,825.05,824.7,824.39,13.952336159999998
1532889000,824.06,827.82,824.39,827.82,21.537812019999997
1532889900,827.81,828.37,827.81,828.37,27.18342105
1532890800,828.37,830.5,828.37,830.49,99.19891287
1532891700,829.3,830.5,830.5,829.33,32.236755689999995
1532892600,827.03,829.31,829.31,828.55,50.53466347999999
1532893500,828.18,828.55,828.54,828.42,18.907836229999994
1532894400,828.18,828.56,828.41,828.19,11.35991481
1532895300,826.8,828.19,828.18,826.8,14.4873986
1532896200,825.83,828.0,827.71,826.0,13.300543209999999
1532897100,825.83,826.95,826.95,825.97,20.507893339999995
1532898000,825.96,826.6,825.97,826.59,8.248994369999998
1532898900,826.59,829.0,826.59,828.19,21.25534487
1532899800,826.59,829.41,828.2,826.59,62.799468020000006
1532900700,824.61,826.24,824.61,826.24,7.39582592
1532901600,823.87,826.24,826.18,824.69,66.84574114999998
1532902500,823.0,825.03,824.7,824.2,32.95988979
1532903400,824.19,825.83,824.2,825.83,56.61373941
1532904300,825.01,827.0,825.01,825.34,36.372991119999995
1532905200,826.3,827.0,826.72,827.0,10.934956150000001
1532906100,827.0,835.0,827.0,835.0,699.35695113
1532907000,831.74,837.0,835.01,831.74,297.99719937000003
1532907900,828.92,833.21,831.75,829.99,95.10157218
1532908800,815.0,829.98,829.98,817.0,822.7851523899999
1532909700,816.0,819.45,817.0,817.5,205.07701076000006
1532910600,816.2,817.92,817.01,816.2,24.778163439999993
1532911500,814.81,821.08,816.0,818.61,191.08021454
1532912400,818.04,818.89,818.6,818.35,36.49065774999999
1532913300,818.34,824.39,818.35,824.39,149.86926093
1532914200,824.97,833.2,824.98,827.52,542.90169159
1532915100,824.42,828.29,828.27,826.0,137.49666795
1532916000,826.0,826.02,826.0,826.02,11.999113609999998
1532916900,826.0,826.02,826.02,826.02,19.324711929999996
1532917800,826.01,828.69,826.02,826.98,125.05044863999998
1532918700,825.0,826.68,825.67,826.05,45.78880991999999
1532919600,825.84,826.68,826.02,826.3,49.56395695999999
1532920500,826.29,828.87,826.29,826.31,109.48693916000005
1532921400,825.83,826.47,826.31,826.0,2.6858253899999998
1532922300,825.0,826.76,826.01,826.76,88.60213801
1532923200,824.85,826.0,825.68,825.63,97.79207399000003
1532924100,822.61,825.64,825.64,822.61,41.364352010000005
1532925000,821.85,822.61,822.61,822.6,18.13124629
1532925900,822.6,822.61,822.61,822.61,9.82074279
1532926800,822.34,824.75,822.61,823.1,50.75627699000001
1532927700,823.09,824.28,823.73,823.33,9.567975499999998
1532928600,822.13,823.33,823.32,822.13,19.34124665
1532929500,821.78,822.09,822.09,821.79,8.33220764
1532930400,821.78,822.96,822.32,822.95,5.313749720000001
1532931300,821.15,822.96,822.96,821.16,25.80209427
1532932200,819.46,821.16,821.16,821.16,25.981700529999998
1532933100,819.0,821.89,821.16,819.14,45.317887039999995
1532934000,817.0,819.88,819.14,819.4,86.56219140999997
1532934900,819.0,820.86,819.0,820.86,5.69123667
1532935800,820.89,821.59,820.89,821.59,11.27369323
1532936700,821.55,823.7,821.55,823.7,28.12324358
1532937600,823.7,827.26,823.7,825.91,64.60886064
1532938500,822.94,825.91,825.9,822.94,9.637005600000002
1532939400,822.33,822.9,822.88,822.33,16.32026302
1532940300,821.26,822.33,822.33,821.26,25.73559109
1532941200,820.0,821.27,821.27,820.0,13.929599599999996
1532942100,817.01,820.84,819.03,820.84,29.77440082
1532943000,819.35,819.36,819.36,819.35,0.1212
1532943900,819.35,820.0,819.36,820.0,8.66676266
1532944800,819.57,822.15,820.0,819.57,29.018797340000006
1532945700,819.0,821.87,821.16,819.0,35.624404809999994
1532946600,819.01,819.9,819.01,819.81,9.327851729999994
1532947500,817.35,820.31,819.81,817.36,107.53103543
1532948400,816.99,818.75,817.36,816.99,30.133415680000002
1532949300,815.8,817.41,816.99,817.29,70.99762335999999
1532950200,816.17,817.3,817.29,817.0,9.42695191
1532951100,817.0,819.63,817.0,818.88,44.65089496
1532952000,818.04,818.05,818.05,818.05,2.3728192100000003
1532952900,816.16,818.05,818.04,817.22,75.85655775000002
1532953800,812.0,817.23,817.22,815.65,216.33343416000005
1532954700,813.66,815.65,815.29,813.67,105.70703547
1532955600,812.15,814.84,813.67,813.32,60.31486135000001
1532956500,813.32,815.19,813.33,814.0,83.29156708999999
1532957400,810.71,814.01,814.0,810.71,146.98042637
1532958300,810.5,812.0,810.71,811.07,127.20803199999997
1532959200,811.98,814.0,812.0,813.99,20.206538809999998
1532960100,813.98,814.55,814.02,814.54,16.87127178
1532961000,814.03,815.25,814.03,814.46,47.675765600000005
1532961900,814.45,821.94,814.46,820.51,147.50485295
1532962800,817.23,823.2,820.69,817.62,238.64120156999996
1532963700,817.23,817.8,817.62,817.64,140.40774066
1532964600,813.4,817.83,817.63,813.4,90.62743486
1532965500,802.69,814.17,813.34,805.89,668.8559303700001
1532966400,802.0,808.62,804.91,802.0,414.10101506999996
1532967300,801.01,804.29,802.01,803.26,149.36936157
1532968200,803.25,807.4,803.26,806.6,97.11350612000001
1532969100,805.02,807.46,807.45,805.02,55.35706743
1532970000,801.53,805.75,805.25,801.54,84.65752007
1532970900,800.95,803.81,801.53,803.03,262.71387929
1532971800,788.0,803.03,803.03,788.04,750.40150232
1532972700,785.0,793.98,788.05,789.0,1066.6844317799998
1532973600,785.44,794.16,788.83,792.17,453.79476898999997
1532974500,788.83,794.82,793.0,793.19,257.04702732
1532975400,791.12,796.59,793.19,794.0,273.52810681999995
1532976300,792.01,796.05,794.01,795.32,204.46797375
1532977200,795.31,802.7,795.32,797.82,200.41259791999997
1532978100,797.82,805.0,798.33,803.01,219.33959194999994
1532979000,802.81,806.0,803.01,805.81,206.40641808000004
1532979900,802.44,812.0,805.43,809.24,662.8341757100001
1532980800,803.08,811.95,809.4,804.68,282.4053771200001
1532981700,804.68,812.8,804.68,812.8,200.43534356
1532982600,808.95,814.99,812.8,810.82,249.80660245
1532983500,806.5,810.99,810.99,810.95,94.16783775000002
1532984400,809.84,809.84,809.84,809.84,0.2058
1532985300,807.29,809.84,809.84,807.3,36.68823795
1532986200,807.29,809.67,807.29,808.25,25.00944936999999
1532987100,806.67,808.9,808.09,806.97,43.47500944
1532988000,806.97,809.61,806.97,809.61,24.099519699999995
1532988900,809.61,815.0,809.61,813.78,149.28699218999995
1532989800,808.9,814.17,813.78,812.5,137.32688796999997
1532990700,812.49,814.5,812.5,813.79,75.08185283999995
1532991600,812.49,814.52,813.79,812.49,100.62598999000001
1532992500,813.06,814.23,813.06,814.22,18.75854845
1532993400,814.22,814.24,814.23,814.22,9.420047959999998
1532994300,814.22,817.71,817.14,814.23,19.612134189999992
1532995200,809.71,814.78,814.78,812.69,111.90248121
1532996100,812.05,813.26,812.88,812.06,56.917395649999996
1532997000,809.82,812.06,812.05,810.59,35.2592699
1532997900,810.0,811.33,810.01,810.06,16.83438152
1532998800,805.5,810.95,810.06,806.36,136.66506649000004
1532999700,806.35,808.47,806.35,808.19,22.677708379999995
1533000600,808.19,810.23,808.2,809.02,74.19242976
1533001500,806.57,809.02,809.02,807.27,54.1889256
1533002400,807.88,807.89,807.89,807.89,4.21256282
1533003300,807.88,809.62,807.89,808.73,88.30762333000001
1533004200,808.85,809.21,808.85,809.01,7.529986689999999
1533005100,808.0,809.01,809.01,808.01,21.395745750000003
1533006000,806.63,808.01,808.01,808.01,21.190909169999998
1533006900,805.5,808.01,808.01,805.5,11.18978434
1533007800,804.04,805.51,805.5,804.39,21.479103689999995
1533008700,802.78,805.51,804.38,802.79,28.44726591
1533009600,799.87,802.79,802.79,799.87,194.21303241000004
1533010500,796.01,799.87,799.87,797.34,63.22439235
1533011400,801.15,802.21,801.15,801.18,12.608553580000002
1533012300,801.16,801.94,801.18,801.47,12.39377806
1533013200,800.52,801.8,801.48,801.79,75.60577975
1533014100,799.98,801.8,801.76,801.6,52.780242709999996
1533015000,800.09,801.45,801.45,801.42,14.763909890000003
1533015900,801.42,802.96,801.42,801.48,33.80272027000001
1533016800,801.47,804.0,801.47,803.5,37.27405012999999
1533017700,803.49,804.0,803.5,803.5,12.531324609999999
1533018600,802.25,803.5,803.49,802.25,10.717839970000002
1533019500,800.02,800.02,800.02,800.02,0.011828060000000001
1533020400,800.0,801.24,800.02,800.0,44.141556630000004
1533021300,799.94,800.01,800.01,799.95,18.85494065
1533022200,799.94,799.95,799.95,799.95,9.60100607
1533023100,799.94,799.95,799.95,799.95,10.861556369999999
1533024000,799.9,801.95,799.95,800.28,39.60345023
1533024900,796.54,800.98,799.98,796.54,62.461342540000004
1533025800,796.08,797.18,796.54,796.08,17.799098
1533026700,791.0,796.55,796.55,794.59,301.0125043400001
1533027600,791.0,798.15,792.67,794.78,107.84105413000002
1533028500,790.46,796.71,794.77,795.74,148.38506192999998
1533029400,792.69,798.48,792.69,798.28,86.65376024000003
1533030300,791.19,798.27,798.27,793.59,103.71209625000002
1533031200,791.06,796.51,793.58,793.12,41.37272370999999
1533032100,788.22,793.13,793.13,788.23,309.66225189
1533033000,787.0,791.41,788.23,790.76,152.28449934
1533033900,788.11,792.94,790.77,789.06,121.90554985
1533034800,788.0,793.06,788.26,789.98,68.78267469999999
1533035700,789.0,792.0,790.07,790.48,25.738260510000003
1533036600,790.48,795.32,790.49,791.74,135.45224087999998
1533037500,791.43,795.35,794.45,792.29,60.32641355
1533038400,787.7,793.25,792.29,790.72,65.11893343
1533039300,782.01,790.71,790.71,784.79,526.19754537
1533040200,780.36,785.88,784.12,783.62,516.1406199700001
1533041100,780.03,785.28,783.62,784.13,235.96067892
1533042000,780.06,785.0,784.13,784.84,168.92236191
1533042900,779.16,784.79,784.78,782.91,362.82305045000004
1533043800,782.9,785.0,782.9,785.0,119.22538513
1533044700,766.0,784.99,784.99,766.61,810.72975885
1533045600,765.27,770.61,768.0,770.49,192.57134413
1533046500,766.19,770.49,770.49,767.51,240.22150400000004
1533047400,767.51,770.21,767.51,769.13,109.41516608
1533048300,765.04,769.13,769.13,767.46,133.98977196
1533049200,763.86,767.46,767.46,765.07,302.64356664
1533050100,765.37,770.0,765.37,767.92,199.72486581
1533051000,767.64,771.96,767.93,770.45,92.89445169
1533051900,768.77,774.31,770.45,772.55,271.08091448
1533052800,767.36,772.6,772.59,770.0,277.12126443
1533053700,770.0,773.68,770.0,773.52,158.51899673
1533054600,774.45,774.46,774.46,774.46,0.7708370200000001
1533055500,774.45,775.0,774.46,774.46,130.17711027
1533056400,773.0,777.99,774.46,773.5,407.76865625999994
1533057300,770.36,774.59,773.5,772.36,291.92784448000003
1533058200,770.98,774.07,772.35,774.07,131.09797297999995
1533059100,770.28,775.01,774.07,772.32,93.34038097000001
1533060000,768.68,772.51,772.38,769.29,56.61905435999999
1533060900,769.25,771.19,770.17,770.01,46.5688012
1533061800,768.1,770.01,770.01,769.9,118.12990106000001
1533062700,769.89,774.76,769.91,773.19,153.35283552
1533063600,772.17,774.0,773.01,774.0,51.261991479999985
1533064500,771.22,774.0,773.99,771.99,31.339578609999997
1533065400,771.99,773.98,772.0,773.2,97.06102072999995
1533066300,773.2,776.91,773.2,775.0,99.72608986999998
1533067200,770.02,775.0,775.0,771.23,120.05373228999996
1533068100,771.0,774.77,771.24,773.36,47.31501617
1533069000,771.25,774.0,773.36,771.58,54.48290841999999
1533069900,765.6,772.83,771.57,767.24,564.58477189
1533070800,766.56,769.49,767.24,767.53,63.95207454
1533071700,767.5,769.83,767.85,769.01,6.76282814
1533072600,769.01,771.24,769.04,770.0,33.06016858
1533073500,768.22,772.04,770.01,769.73,16.728697789999995
1533074400,766.69,769.76,768.25,767.44,79.25837315
1533075300,765.01,767.44,767.44,766.35,74.56578382999999
1533076200,765.22,767.84,766.23,767.76,42.39367669000001
1533077100,766.01,768.89,767.77,767.32,71.772053
1533078000,763.75,768.88,767.32,768.32,168.94966148000003
1533078900,758.22,768.32,768.31,758.98,256.14170823
1533079800,758.98,776.78,758.98,775.12,467.41222179000016
1533080700,773.62,777.19,774.42,776.28,443.82813021
1533081600,772.78,775.87,775.86,772.78,121.70976051000005
1533082500,772.47,774.46,773.16,774.46,81.43209275999997
1533083400,773.0,774.99,774.46,773.0,28.374635329999997
1533084300,766.87,773.01,773.0,768.79,181.13639961000007
1533085200,763.01,768.99,768.51,767.01,309.85719001999996
1533086100,765.13,767.51,767.02,765.4,143.5297226
1533087000,760.0,766.86,765.39,760.0,226.08208094000003
1533087900,752.0,761.58,760.0,752.01,828.69093146
1533088800,742.94,752.69,752.0,745.0,780.46783289
1533089700,735.52,741.0,741.0,740.0,524.7078633799999
1533090600,738.61,744.36,739.99,740.61,571.70191741
1533091500,737.58,741.99,740.61,741.99,213.28908451
1533092400,740.13,743.06,741.98,742.37,156.04455192000006
1533093300,741.63,744.33,742.36,744.22,65.74027822
1533094200,741.69,744.21,744.21,742.9,99.92099520999997
1533095100,741.96,745.0,743.17,745.0,286.87861186
1533096000,742.0,746.24,744.99,746.24,94.50049823999998
1533096900,746.07,751.91,746.24,749.27,306.94044057
1533097800,747.16,751.18,749.28,747.54,114.51276886999997
1533098700,744.92,748.32,744.92,748.32,88.44060175999999
1533099600,746.87,750.91,748.32,748.2,179.23306445999998
1533100500,744.7,748.2,748.19,744.7,54.01842230999999
1533101400,739.56,747.14,744.7,747.14,463.46376928
1533102300,747.14,757.0,747.14,757.0,528.1836005800001
1533103200,755.63,757.92,756.98,757.82,230.90893911000003
1533104100,757.7,758.09,757.82,758.09,188.40413259
1533105000,758.09,759.41,758.09,759.4,43.70297342
1533105900,759.4,763.49,759.41,760.44,156.63541548
1533106800,757.7,758.82,758.82,757.7,97.56515285000006
1533107700,755.47,758.35,757.71,757.59,98.38048922999998
1533108600,755.29,757.6,757.6,755.29,40.839479180000005
1533109500,754.38,756.36,755.3,756.35,20.79819651
1533110400,756.35,761.11,756.35,760.45,115.87606300000002
1533111300,759.08,765.0,760.45,760.7,194.90709391999994
1533112200,760.7,762.81,761.1,762.32,58.3056392
1533113100,761.18,764.01,762.32,762.87,46.73895904
1533114000,761.87,764.83,762.95,764.83,59.73691960000001
1533114900,763.1,763.11,763.1,763.11,0.6708393500000001
1533115800,761.5,764.0,763.11,762.74,26.623320420000006
1533116700,761.89,763.88,762.74,761.9,26.36766090999999
1533117600,757.35,763.79,761.9,757.35,48.72162486
1533118500,756.0,759.07,757.35,758.54,41.73652995999999
1533119400,758.55,765.0,758.55,762.79,67.84087926
1533120300,762.98,764.51,763.14,764.51,32.399976790000004
1533121200,761.9,764.5,764.5,762.68,9.03104367
1533122100,762.67,763.14,762.68,762.67,27.76552603999999
1533123000,760.75,762.68,762.67,761.7,22.385501299999998
1533123900,761.7,762.78,761.7,762.78,31.388118559999995
1533124800,762.22,765.0,764.45,762.58,81.22898521999998
1533125700,761.51,762.59,762.59,762.0,11.47517938
1533126600,759.34,761.99,761.99,760.33,35.58428966999999
1533127500,760.32,761.43,760.32,760.33,70.54958871000004
1533128400,761.0,764.1,761.0,762.51,67.70162092999999
1533129300,761.8,762.52,762.52,761.8,32.29363629
1533130200,760.89,761.81,761.8,760.89,41.47284617999999
1533131100,759.64,760.9,760.89,760.89,136.06827157
1533132000,760.9,763.22,760.9,763.0,155.81580356
1533132900,761.54,763.0,763.0,761.54,23.15525619
1533133800,761.48,762.63,761.54,761.99,26.906449079999994
1533134700,758.0,762.74,762.0,758.11,86.14062434999998
1533135600,758.41,759.99,758.41,759.99,9.746121980000002
1533136500,758.72,759.99,759.99,758.72,80.99335346999999
1533137400,758.1,759.51,758.73,758.15,51.024606309999996
1533138300,758.01,758.7,758.15,758.64,51.75626478999998
1533139200,758.3,759.17,758.64,759.16,24.58376549
1533140100,755.5,759.17,759.17,756.6,306.54926703999996
1533141000,750.6,756.61,756.61,750.6,350.66757407
1533141900,748.81,756.34,748.81,755.75,193.97929802000002
1533142800,753.6,756.0,755.74,754.36,32.00265545
1533143700,753.24,756.39,754.37,753.46,94.22440154
1533144600,752.94,755.59,753.32,754.72,37.48593559999999
1533145500,751.2,754.72,754.72,752.37,93.37760052
1533146400,752.34,754.69,752.37,754.0,58.29587880999999
1533147300,753.99,754.28,754.0,754.13,44.2526168
1533148200,754.12,754.86,754.12,754.12,30.94895248
1533149100,754.12,754.67,754.13,754.13,24.61869958
1533150000,754.76,756.0,754.76,756.0,68.67732833999999
1533150900,755.99,756.82,755.99,756.3,36.08404385
1533151800,754.28,757.28,756.31,757.07,33.337129479999994
1533152700,757.03,758.6,757.07,758.6,50.216122249999984
1533153600,757.99,759.99,758.6,758.99,37.09016446
1533154500,755.45,759.19,758.99,755.45,91.98745520000001
1533155400,747.69,755.45,755.45,747.69,307.61076980000007
1533156300,742.94,747.7,747.7,744.92,273.80027879999994
1533157200,744.92,749.59,744.92,748.99,112.78885995
1533158100,748.99,749.26,749.0,748.99,29.387430140000003
1533159000,747.77,749.21,749.0,748.79,51.86067516999999
1533159900,744.88,748.76,748.76,744.88,49.62450074
1533160800,741.71,755.16,744.88,754.0,559.4142136099998
1533161700,754.01,764.99,754.01,764.73,356.29280874000005
1533162600,762.18,768.92,764.72,764.63,1121.7436983299997
1533163500,759.32,764.64,764.64,764.0,91.24984728
1533164400,761.55,764.96,764.0,763.57,128.60850626
1533165300,763.56,766.84,763.56,766.65,74.58932748999999
1533166200,763.0,766.64,766.64,765.63,83.43571504
1533167100,764.77,767.44,765.63,767.44,139.97784673
1533168000,767.36,768.5,767.78,768.5,6.57858618
1533168900,768.5,773.58,768.5,771.01,175.27008667
1533169800,766.07,771.0,771.0,768.12,108.49134418
1533170700,765.99,768.23,767.97,768.23,19.50727533
1533171600,768.22,770.0,768.22,769.56,116.0710968
1533172500,766.16,772.1,769.56,767.63,130.90175738
1533173400,766.13,768.99,767.63,768.0,45.68115532
1533174300,768.0,770.0,768.0,769.39,55.74002608000001
1533175200,767.72,769.39,769.39,767.99,62.77090061000003
1533176100,767.99,768.0,768.0,768.0,17.98062428
1533177000,767.99,768.0,768.0,768.0,40.34374606
1533177900,767.0,768.05,767.99,767.01,77.48715317999992
1533178800,765.0,768.05,767.01,765.0,73.91125745000001
1533179700,763.5,765.01,765.0,763.51,78.38896617999997
1533180600,762.47,763.51,763.51,763.45,43.914635620000006
1533181500,763.44,763.61,763.45,763.61,37.168133329999996
1533182400,761.67,763.61,763.61,763.51,41.10178823
1533183300,762.01,763.5,763.5,762.02,13.51049144
1533184200,759.6,762.02,762.02,760.53,77.93607033999999
1533185100,759.82,760.02,759.82,759.9,28.000678010000023
1533186000,759.88,759.9,759.89,759.9,26.6111062
1533186900,759.89,762.9,759.89,762.9,69.51545365000003
1533187800,762.89,763.96,762.9,762.93,40.468218289999996
1533188700,760.39,763.09,763.06,762.68,101.40747864
1533189600,762.68,763.82,762.69,762.68,14.053111500000002
1533190500,762.68,762.72,762.69,762.69,7.684117790000001
1533191400,760.7,762.69,762.69,760.71,15.41043302
1533192300,759.38,760.71,760.71,759.39,22.209638390000002
1533193200,759.38,760.71,759.39,760.71,80.63187012999998
1533194100,761.29,761.4,761.29,761.4,4.4220365600000004
1533195000,761.39,761.4,761.4,761.39,35.836222879999994
1533195900,758.39,761.39,761.39,758.4,116.10968498000003
1533196800,757.39,758.4,758.39,757.4,282.27610244
1533197700,757.03,757.4,757.39,757.03,32.164215649999996
1533198600,755.01,757.02,757.02,755.36,33.7119651
1533199500,752.0,755.36,755.36,752.0,79.49459499999999
1533200400,752.01,753.99,752.01,753.97,36.34198934
1533201300,753.97,754.88,753.97,754.43,46.75645819
1533202200,753.13,754.0,753.99,753.17,6.420402210000001
1533203100,752.79,753.11,753.1,752.83,85.9225508
1533204000,748.2,752.82,752.82,748.61,179.51132625000002
1533204900,748.57,751.01,748.6,750.28,36.02382927
1533205800,750.28,751.01,750.36,750.63,43.03857447
1533206700,750.28,752.15,750.63,751.78,30.58942339
1533207600,750.59,751.78,751.78,751.21,24.554273549999994
1533208500,750.0,751.52,751.07,750.91,50.920664869999996
1533209400,750.27,751.53,750.91,750.81,15.77340601
1533210300,748.99,751.09,750.82,749.28,66.46075088999999
1533211200,749.29,750.0,749.75,749.29,6.163523089999999
1533212100,748.0,749.28,749.28,748.42,51.8241006
1533213000,748.0,748.82,748.42,748.0,40.49345574
1533213900,746.05,748.0,748.0,746.53,93.1949658
1533214800,746.23,749.99,746.53,749.31,76.96667267999999
1533215700,746.6,749.32,749.32,746.86,74.76745412
1533216600,740.5,746.42,746.42,744.12,198.10730792000004
1533217500,744.09,744.74,744.09,744.12,75.23779250999999
1533218400,741.95,744.55,744.12,743.27,64.22743251
1533219300,745.19,747.67,746.08,747.51,48.78183061
1533220200,742.6,747.62,747.32,746.67,463.48907721000006
1533221100,744.4,747.08,746.67,745.23,100.05475074999998
1533222000,745.23,748.84,745.23,748.26,34.46897378000001
1533222900,745.0,748.26,748.26,745.63,36.52917692000001
1533223800,742.0,746.15,745.62,742.0,100.86349017999999
1533224700,740.11,742.12,742.0,741.52,83.52040268
1533225600,737.8,742.2,741.52,738.15,121.44948511
1533226500,733.48,747.5,738.15,747.5,471.71334779000006
1533227400,745.22,747.95,747.5,746.77,212.41044167999996
1533228300,743.65,744.75,744.75,744.25,14.73333211
1533229200,743.64,745.0,744.58,744.64,30.165479
1533230100,743.1,744.64,744.64,743.1,36.013790099999994
1533231000,735.5,743.11,743.1,735.5,336.90277801999997
1533231900,732.0,738.03,735.5,733.41,101.84328766
1533232800,722.5,733.98,733.42,723.0,337.71077357999997
1533233700,722.99,727.38,723.0,725.13,241.46471444
1533234600,723.52,725.58,725.57,725.13,112.34877800999999
1533235500,725.14,727.5,725.14,725.9,30.761810229999995
1533236400,727.0,728.65,727.04,727.0,48.82219754999999
1533237300,725.13,730.07,727.0,727.52,138.84120556000005
1533238200,726.36,728.17,727.52,727.18,30.884561740000002
1533239100,727.0,727.63,727.17,727.0,50.09309566
1533240000,725.73,727.82,727.0,727.82,141.26195030000002
1533240900,727.81,730.0,727.81,730.0,67.93332914999999
1533241800,729.99,736.27,729.99,736.27,101.00158795999998
1533242700,733.9,736.7,736.27,733.9,83.53106299999999
1533243600,733.0,733.85,733.84,733.21,73.47812327
1533244500,733.16,734.45,733.17,734.31,14.638017940000001
1533245400,730.98,735.93,733.96,731.47,246.3430063
1533246300,730.58,731.63,731.44,730.59,89.30033970000001
1533247200,730.0,731.61,730.59,731.61,28.875309519999995
1533248100,731.6,735.77,731.61,734.8,41.19236393999999
1533249000,734.35,736.18,734.36,735.5,50.03760855
1533249900,734.35,735.51,735.5,734.43,97.49771209000002
1533250800,731.19,734.81,734.35,732.6,148.56440726999998
1533251700,730.35,732.61,732.6,730.63,56.75975895
1533252600,730.46,732.61,730.88,732.61,25.02394366
1533253500,730.56,732.61,732.6,730.56,38.06009254
1533254400,726.22,728.97,728.96,727.83,15.16537359
1533255300,723.53,727.75,727.44,724.0,100.88905247000002
1533256200,711.0,723.95,723.95,711.04,1172.5102909299997
1533257100,711.03,714.99,711.03,714.18,343.03080165999995
1533258000,707.25,715.0,714.19,707.26,398.8942367600001
1533258900,706.8,713.14,707.25,711.72,469.51620849
1533259800,711.11,713.95,711.3,712.81,90.50641551000001
1533260700,711.0,713.94,712.81,711.63,69.94089378
1533261600,710.0,711.64,711.64,710.55,44.33046664
1533262500,708.0,709.66,708.97,708.58,36.66686811
1533263400,706.63,708.59,708.59,707.6,148.17863135
1533264300,707.59,711.05,707.59,709.39,468.20170182999993
1533265200,708.35,709.4,709.4,708.39,37.019683449999995
1533266100,708.39,709.4,708.67,709.39,59.02946043000001
1533267000,706.0,709.4,709.39,706.01,293.44148640000003
1533267900,705.01,706.01,706.01,705.51,140.48060764999997
1533268800,701.0,705.52,705.51,701.05,402.28533400999993
1533269700,701.01,707.26,701.19,707.26,225.0140486
1533270600,703.75,707.67,706.68,705.1,223.50549689999997
1533271500,704.0,711.96,705.09,711.96,253.36634074999998
1533272400,710.0,713.59,711.96,710.01,147.26387976
1533273300,707.82,710.78,710.0,709.5,77.99506155
1533274200,708.29,712.23,709.49,712.23,50.717286060000006
1533275100,710.26,712.22,712.22,710.27,23.92528849
1533276000,708.28,710.15,710.15,709.66,13.308891670000001
1533276900,709.67,711.57,709.67,711.57,23.932624450000002
1533277800,711.57,712.84,711.57,712.61,25.976594109999997
1533278700,711.24,712.6,712.6,712.41,32.64331501
1533279600,707.58,712.4,712.4,708.55,55.19476819999999
1533280500,705.52,709.09,708.55,707.72,77.94458285000002
1533281400,706.01,711.05,707.71,710.38,22.00485414
1533282300,709.13,713.51,710.19,713.51,144.2701512
1533283200,712.27,716.86,713.5,716.86,59.78734418999999
1533284100,710.56,716.86,716.86,711.84,37.90015575
1533285000,709.87,713.27,711.82,711.04,45.085374279999996
1533285900,711.03,713.73,711.04,713.58,18.67129514
1533286800,710.17,714.81,713.51,710.17,147.35963737999998
1533287700,710.01,711.97,710.67,710.78,43.45678944
1533288600,711.0,711.32,711.0,711.32,2.0593663899999988
1533289500,711.31,711.55,711.32,711.55,2.8855571700000002
1533290400,711.55,712.88,711.55,712.31,9.69991827
1533291300,711.52,712.63,712.06,711.87,10.20769422
1533292200,710.87,711.88,711.88,710.88,23.180385450000003
1533293100,708.57,710.88,710.88,710.15,57.39923304
1533294000,709.71,711.3,710.52,710.58,23.41772161
1533294900,709.8,710.58,710.58,709.81,20.936234780000003
1533295800,707.51,709.8,709.8,707.51,57.00093301999999
1533296700,708.25,710.59,708.25,709.89,25.582210869999997
1533297600,708.85,710.7,710.08,710.39,10.854007620000003
1533298500,709.05,711.37,710.45,711.37,48.4954156
1533299400,711.04,713.28,711.05,712.6,57.965262730000006
1533300300,712.59,714.7,712.6,714.7,85.55998897999999
1533301200,714.13,715.96,714.13,715.83,33.28848633
1533302100,711.98,715.83,715.82,712.67,92.84202135000001
1533303000,712.67,714.46,712.67,714.44,55.950898050000006
1533303900,712.99,720.84,714.44,720.6,197.52065027
1533304800,720.61,724.16,720.61,724.16,184.92097031999995
1533305700,722.88,725.4,725.19,724.14,75.46945668000001
1533306600,724.15,725.49,724.15,725.26,38.1606568
1533307500,725.2,726.44,725.26,725.27,551.3010244299998
1533308400,721.0,725.27,725.27,721.56,260.51828258999996
1533309300,720.27,721.49,721.26,721.48,127.95322885
1533310200,721.49,724.0,721.49,723.59,56.16432903999999
1533311100,723.58,723.91,723.59,723.87,63.68535874
1533312000,723.05,724.75,723.87,723.06,121.82645692000001
1533312900,718.75,723.06,723.06,720.12,145.44374498000005
1533313800,720.31,720.32,720.31,720.31,5.39903421
1533314700,720.31,720.32,720.32,720.32,61.966424
1533315600,720.31,722.99,720.31,722.95,169.61619631
1533316500,721.52,722.82,722.82,721.99,28.130886410000006
1533317400,720.52,724.99,721.98,724.99,637.2457630299999
1533318300,724.42,724.99,724.99,724.56,137.84525320999998
1533319200,724.5,724.56,724.56,724.51,52.654037800000005
1533320100,724.0,724.54,724.5,724.54,31.415531069999997
1533321000,723.46,724.56,724.53,724.06,88.20710128000002
1533321900,717.8,724.1,724.1,719.01,233.26011801000007
1533322800,710.2,719.69,719.01,714.18,265.33548008
1533323700,712.31,716.0,714.17,714.32,65.89399379
1533324600,713.43,715.96,714.32,715.96,144.69003077000002
1533325500,713.52,716.83,715.96,715.16,49.36214282
1533326400,714.93,716.5,715.16,716.49,31.192188699999996
1533327300,715.3,716.56,716.5,715.31,48.08035675
1533328200,713.39,715.31,715.3,714.87,118.19441533
1533329100,716.24,718.0,716.24,718.0,5.18869334
1533330000,718.0,723.77,718.0,723.77,130.78849787000001
1533330900,722.86,723.98,723.67,723.98,330.04980512000003
1533331800,723.96,724.99,723.97,724.98,202.39182332
1533332700,722.0,724.98,724.98,722.11,71.01387267000003
1533333600,721.62,722.89,722.1,722.48,32.968994980000005
1533334500,722.48,724.82,722.49,724.24,152.04477720999998
1533335400,724.23,729.0,724.24,728.37,249.88383747999995
1533336300,728.37,729.4,728.37,728.79,37.31875964
1533337200,721.1,728.8,728.8,722.8,335.3944923600001
1533338100,721.71,724.99,722.8,724.94,56.29595291999999
1533339000,723.55,727.42,723.55,726.46,48.724364900000005
1533339900,724.99,726.47,726.47,724.99,81.04289294000002
1533340800,723.06,725.0,724.99,723.07,33.48998530000001
1533341700,722.53,723.6,723.07,723.6,25.71390238
1533342600,723.28,725.0,723.49,724.84,33.494030800000004
1533343500,724.84,729.99,724.84,729.4,179.76865131
1533344400,727.91,729.99,729.39,727.91,111.71445833
1533345300,727.06,729.4,728.0,728.92,64.36907478999998
1533346200,728.92,728.93,728.93,728.93,0.6842927599999999
1533347100,728.93,732.29,728.93,732.29,100.3804701
1533348000,731.91,735.06,732.29,732.78,135.38225201999998
1533348900,732.77,735.0,732.78,734.47,58.07393335999999
1533349800,734.47,736.89,734.48,736.2,202.50622597
1533350700,734.0,736.21,736.21,734.0,70.91538933
1533351600,734.01,735.84,734.01,734.88,63.28449924000001
1533352500,734.0,734.88,734.88,734.28,41.06826835
1533353400,730.1,734.28,734.28,731.11,162.15162285999997
1533354300,731.06,731.86,731.06,731.86,3.3916000200000007
1533355200,730.5,731.86,731.86,730.55,87.20135564000002
1533356100,730.5,731.0,730.55,730.51,6.662373660000001
1533357000,728.34,731.0,730.5,731.0,112.24048904
1533357900,731.6,732.0,731.6,731.99,7.42894395
1533358800,731.99,732.16,732.0,732.16,5.020355810000001
1533359700,732.15,732.16,732.15,732.16,6.241902700000001
1533360600,729.4,732.16,732.15,729.4,68.82250456000001
1533361500,729.4,729.41,729.41,729.4,28.71316203
1533362400,728.0,729.41,729.41,728.01,40.32962301
1533363300,726.5,727.06,727.05,726.5,44.074931910000004
1533364200,722.0,726.83,726.5,722.75,146.66965284
1533365100,722.74,724.38,722.74,722.76,30.801644000000003
1533366000,722.75,724.35,722.76,723.77,64.23138976999998
1533366900,723.78,726.63,723.78,726.39,79.51895241999998
1533367800,726.32,726.63,726.32,726.63,13.388164739999995
1533368700,726.62,726.63,726.63,726.63,5.840910430000001
1533369600,725.49,726.66,726.63,726.65,12.873487880000003
1533370500,726.65,728.16,726.66,728.16,20.04509504
1533371400,723.94,728.18,728.18,724.63,87.89291354
1533372300,724.63,725.77,724.63,725.77,10.838927790000001
1533373200,725.77,725.98,725.77,725.98,3.0582405300000004
1533374100,725.97,725.98,725.98,725.98,12.69214914
1533375000,722.87,725.97,725.97,724.62,27.206627150000003
1533375900,724.77,724.94,724.77,724.94,17.44333593
1533376800,723.18,725.34,724.94,725.01,19.568736079999997
1533377700,720.17,724.38,724.38,720.4,45.80013922
1533378600,716.93,720.66,720.66,718.44,169.43224565000003
1533379500,718.44,719.17,718.59,718.9,26.78216612
1533380400,714.15,718.45,718.45,714.27,114.42413751
1533381300,713.02,714.75,714.26,714.57,15.342963659999997
1533382200,713.71,715.95,714.56,715.32,48.85508061999999
1533383100,715.31,716.86,715.32,715.47,39.47255730999999
1533384000,712.6,715.47,715.46,712.6,59.90466904
1533384900,710.69,712.61,712.61,710.98,73.79525778
1533385800,708.14,712.64,710.99,710.48,281.73159603000005
1533386700,704.25,709.75,709.75,709.59,462.80733976000005
1533387600,708.21,710.0,708.22,710.0,14.257193830000002
1533388500,708.82,710.0,709.1,710.0,19.59369973
1533389400,709.28,713.0,710.0,713.0,82.79199224
1533390300,710.04,713.0,713.0,710.38,56.23522227
1533391200,706.48,710.39,710.38,707.76,85.83878593
1533392100,692.54,708.03,707.75,697.0,904.1826525200001
1533393000,694.4,703.97,697.43,701.75,210.66427108000002
1533393900,698.81,703.97,701.44,701.86,166.98581566999997
1533394800,700.0,701.86,701.82,700.1,106.46974826999997
1533395700,689.0,699.0,699.0,690.0,1046.3095289999999
1533396600,688.69,696.98,689.99,694.01,476.95778113999995
1533397500,694.0,699.15,694.01,696.11,229.19990756000004
1533398400,695.83,700.0,696.05,699.53,170.16342556
1533399300,699.48,701.98,699.54,701.96,73.38152077
1533400200,699.61,701.98,701.01,699.76,64.20374335999999
1533401100,697.79,699.76,699.76,697.97,164.56466740000002
1533402000,696.0,699.76,697.97,696.0,86.49598119
1533402900,690.51,696.86,696.29,690.57,274.94300916
1533403800,689.88,694.0,690.11,693.52,46.91805087
1533404700,693.53,695.99,693.53,694.2,125.11081917000001
1533405600,693.97,696.0,694.47,694.99,70.89791623
1533406500,694.01,695.49,695.0,694.67,69.42913152
1533407400,694.0,695.45,694.68,694.36,108.88636901000001
1533408300,694.01,694.82,694.01,694.33,39.82948109
1533409200,692.53,694.34,694.34,692.86,44.131966320000004
1533410100,692.86,695.0,692.87,694.57,37.2258342
1533411000,692.99,695.73,694.57,693.71,60.26855689
1533411900,692.51,693.45,693.45,692.52,43.959868369999995
1533412800,692.51,694.66,692.51,692.78,59.505383689999995
1533413700,692.5,693.55,692.78,692.76,56.36315851000001
1533414600,692.51,693.68,692.76,692.83,15.36416407
1533415500,692.5,693.0,692.83,692.98,61.297340739999996
1533416400,692.5,693.86,692.98,693.14,76.93321715
1533417300,692.51,696.35,693.14,695.25,53.03369539
1533418200,693.69,698.99,693.69,698.86,78.06838976000002
1533419100,695.63,696.0,695.63,695.78,21.00434241
1533420000,695.78,695.8,695.79,695.78,15.218267259999998
1533420900,694.8,696.65,695.79,696.65,19.934294189999996
1533421800,695.79,697.36,696.65,696.01,28.171394399999997
1533422700,695.79,697.24,696.71,696.57,52.36307134
1533423600,696.22,697.21,697.05,696.46,13.585259379999998
1533424500,696.46,697.29,696.46,696.92,14.096686539999999
1533425400,695.7,696.92,696.92,695.7,26.98397166
1533426300,695.34,696.73,695.71,695.76,53.85135672
1533427200,695.93,696.95,695.93,696.95,53.88942403000001
1533428100,696.91,698.78,696.92,698.22,32.425362830000005
1533429000,695.88,698.56,698.22,696.5,106.71460448
1533429900,689.5,696.5,696.5,689.96,196.98359673999997
1533430800,688.0,689.96,689.95,688.28,135.1055701
1533431700,688.08,694.88,688.67,694.88,78.65006009999999
1533432600,692.04,695.04,695.04,692.04,22.34337897
1533433500,693.0,693.57,693.57,693.01,26.883641930000003
1533434400,690.83,694.63,692.89,690.83,40.24476845000001
1533435300,690.83,693.43,692.0,692.67,16.974173030000003
1533436200,692.66,693.8,692.66,693.8,5.803765890000001
1533437100,693.79,696.41,693.8,695.49,62.98198486
1533438000,695.48,696.84,695.49,696.55,49.39221809
1533438900,696.54,697.0,696.54,697.0,26.553603379999995
1533439800,696.54,699.5,697.0,699.5,145.91353957
1533440700,699.0,700.29,699.14,699.46,69.77374534000002
1533441600,699.46,702.44,699.46,700.0,99.48493717000002
1533442500,697.22,699.99,699.99,697.89,50.074734160000006
1533443400,697.88,698.71,697.89,698.63,12.6011229
1533444300,697.05,698.63,698.63,697.76,34.910615
1533445200,697.72,697.75,697.74,697.73,7.6615671899999995
1533446100,695.71,697.73,697.73,696.07,99.10547471999998
1533447000,696.08,697.21,696.58,696.51,8.401762329999999
1533447900,694.74,696.51,696.51,695.19,39.19547973
1533448800,694.43,695.81,695.19,695.07,12.160049659999997
1533449700,694.0,695.07,695.07,694.01,22.423610029999995
1533450600,693.97,694.6,694.0,694.32,15.303475819999996
1533451500,694.31,694.83,694.32,694.32,5.871295519999999
1533452400,693.12,694.51,694.21,693.12,3.5913511800000006
1533453300,692.72,694.48,693.77,693.65,30.50182407
1533454200,692.52,693.65,693.17,692.7,16.235786979999997
1533455100,689.0,693.23,692.7,689.01,384.09764649000005
1533456000,688.29,692.11,689.0,691.62,142.80918877000002
1533456900,692.19,695.0,692.57,695.0,32.44533001
1533457800,694.99,696.97,694.99,696.2,7.242736590000002
1533458700,696.19,696.23,696.2,696.23,4.94591556
1533459600,695.03,698.51,696.23,695.33,32.80117103999999
1533460500,695.36,697.63,695.36,697.02,28.783432800000003
1533461400,697.01,697.02,697.02,697.02,12.42745799
1533462300,697.02,703.0,697.02,701.35,151.56338702
1533463200,701.8,704.0,701.8,702.45,72.31086683000001
1533464100,702.44,703.8,702.44,703.8,26.257723819999995
1533465000,702.0,703.38,703.37,702.01,25.23823134
1533465900,702.01,702.4,702.4,702.01,25.01733338
1533466800,702.01,702.02,702.01,702.02,19.76398452
1533467700,696.49,702.02,702.02,696.85,68.05433546
1533468600,696.02,696.03,696.02,696.02,0.15576191
1533469500,696.02,696.03,696.03,696.02,5.32420811
1533470400,696.02,699.05,696.03,698.41,28.214475020000002
1533471300,697.56,698.41,698.4,698.41,33.01227449
1533472200,698.4,699.55,698.41,699.42,25.702040730000004
1533473100,698.33,699.43,699.43,698.89,20.809804670000002
1533474000,697.51,698.89,698.54,698.31,17.95332746
1533474900,692.69,698.6,698.31,692.7,72.85040545999999
1533475800,692.7,696.34,692.7,695.74,39.935839179999995
1533476700,694.44,696.63,696.63,695.26,46.85319237000001
1533477600,690.83,695.09,695.09,692.97,89.11339001999998
1533478500,691.89,694.19,692.96,692.4,52.29101075
1533479400,690.03,692.9,692.4,692.79,115.18112775
1533480300,691.88,694.68,692.79,691.89,24.84747111
1533481200,691.79,698.0,691.89,697.85,113.03741810999999
1533482100,697.24,698.89,697.85,698.89,35.64988924
1533483000,697.75,698.89,698.89,698.48,61.83920605
1533483900,697.79,698.5,698.5,697.79,3.5128657100000003
1533484800,697.79,698.89,697.8,698.81,40.28882424
1533485700,698.8,698.89,698.81,698.89,24.37591618999999
1533486600,697.5,698.89,698.89,697.51,40.72102283
1533487500,696.29,697.51,697.51,696.71,13.154597189999997
1533488400,693.03,696.72,696.71,693.38,57.23034727000001
1533489300,693.37,696.12,693.38,696.12,67.49686894
1533490200,696.11,697.75,696.11,697.36,22.388441229999998
1533491100,697.35,698.7,697.36,698.7,36.07342723000001
1533492000,697.35,700.0,698.69,697.36,187.06213695
1533492900,694.5,697.06,695.01,697.06,30.699848330000002
1533493800,697.04,698.19,697.33,697.47,58.47738991
1533494700,695.7,697.91,697.04,697.91,112.96078425
1533495600,696.89,699.1,697.91,698.56,58.476320689999994
1533496500,697.83,698.95,698.56,698.86,30.013655340000003
1533497400,698.85,698.86,698.86,698.85,16.483771649999998
1533498300,698.85,698.89,698.86,698.89,59.08613319999999
1533499200,698.88,700.2,698.89,699.55,26.986655680000002
1533500100,699.12,699.51,699.51,699.13,5.41271584
1533501000,699.12,709.66,699.12,709.66,326.44562246
1533501900,709.59,715.0,709.66,710.99,307.08615555
1533502800,710.99,714.13,710.99,714.13,96.61764967000002
1533503700,714.12,715.0,714.13,715.0,65.29894282000001
1533504600,712.0,715.0,715.0,713.0,59.649608689999994
1533505500,712.0,713.07,713.05,712.97,25.301545660000002
1533506400,710.51,712.55,712.22,710.91,30.39923506
1533507300,707.93,710.91,710.91,709.95,60.8207353
1533508200,709.99,710.91,710.0,710.91,16.685911909999998
1533509100,708.52,711.0,710.91,709.44,58.07025927
1533510000,709.01,710.61,709.43,709.94,52.68388789999999
1533510900,708.91,710.61,710.54,709.6,66.69775283999999
1533511800,708.54,710.49,709.56,709.64,59.3445269
1533512700,708.0,709.72,709.53,709.38,24.57812194
1533513600,708.7,714.38,709.38,713.25,61.69372496
1533514500,712.61,714.5,712.94,713.92,35.13629902
1533515400,711.66,714.14,713.99,712.87,78.82992902000001
1533516300,710.95,712.79,712.79,711.42,52.06035933
1533517200,710.3,712.31,711.42,712.17,26.03867243
1533518100,711.55,712.72,712.17,712.0,91.87601636000004
1533519000,712.0,716.23,712.01,716.23,218.18844785000005
1533519900,714.35,716.5,716.5,714.6,231.48841248
1533520800,714.9,716.92,714.94,716.92,34.17653255
1533521700,715.5,716.92,716.92,715.67,82.23140509999999
1533522600,715.66,717.0,715.67,716.81,44.98897564
1533523500,715.01,716.85,716.85,715.81,14.24616429
1533524400,715.81,718.99,715.82,716.85,174.86709628999998
1533525300,713.8,717.33,716.86,714.11,139.68924775
1533526200,713.38,714.44,714.44,713.39,11.475054789999998
1533527100,712.8,713.39,713.38,712.81,45.29987317
1533528000,712.0,712.81,712.81,712.01,18.288018409999996
1533528900,711.0,712.56,712.01,712.48,66.89060481000001
1533529800,711.4,712.56,712.48,711.41,11.492914690000003
1533530700,711.41,711.42,711.41,711.42,17.13511668
1533531600,710.38,711.77,711.41,711.0,234.84233759000008
1533532500,710.1,710.99,710.99,710.1,22.068183650000005
1533533400,709.51,710.99,710.1,709.52,38.66295218
1533534300,709.51,709.52,709.52,709.52,6.789416469999999
1533535200,709.51,710.5,709.52,710.49,99.89085123
1533536100,710.49,710.5,710.5,710.5,4.01897832
1533537000,709.32,710.5,710.49,709.32,47.446955609999996
1533537900,707.56,710.04,709.32,708.3,22.835851289999997
1533538800,707.0,707.63,707.63,707.01,64.56808457
1533539700,706.97,707.0,707.0,706.97,7.4486206699999995
1533540600,702.36,706.98,706.98,703.32,114.42653147999997
1533541500,702.0,703.0,703.0,702.0,59.15045060999999
1533542400,699.62,702.01,702.01,701.62,84.44297406999998
1533543300,694.38,701.47,701.47,694.38,234.13471858000003
1533544200,693.82,695.96,694.69,694.14,91.3484526
1533545100,693.31,694.38,694.15,693.5,43.12324542
1533546000,693.32,698.85,693.32,697.46,20.929970439999998
1533546900,695.84,697.63,697.63,696.63,25.78241994
1533547800,695.51,696.86,696.86,696.5,20.732085520000002
1533548700,693.39,696.62,696.62,694.41,36.42386197999999
1533549600,693.74,695.3,693.91,695.26,4.96111093
1533550500,693.31,695.58,695.43,695.2,11.228160339999999
1533551400,693.78,695.88,695.21,694.75,12.21056832
1533552300,695.25,696.63,695.52,696.63,31.21795341
1533553200,696.52,698.19,696.52,696.85,10.454857559999999
1533554100,696.26,696.85,696.85,696.84,16.1035619
1533555000,693.24,696.85,696.84,693.24,138.89538248
1533555900,694.05,697.58,694.05,697.5,23.79118356
1533556800,690.68,697.48,696.67,690.86,623.6750956199999
1533557700,690.56,690.98,690.86,690.57,114.32372298000001
1533558600,690.56,690.99,690.57,690.74,33.735157439999995
1533559500,690.73,690.94,690.73,690.84,19.71323411
1533560400,689.91,690.76,690.76,689.97,189.12889044
1533561300,684.51,689.74,689.74,687.5,466.84253246
1533562200,685.45,688.51,687.51,686.0,77.27077986
1533563100,685.1,688.97,685.99,688.95,149.04212224000003
1533564000,687.7,690.0,688.96,690.0,213.74421249999997
1533564900,689.67,691.0,690.0,690.51,266.42060578
1533565800,688.82,690.51,690.51,689.3,49.52132211
1533566700,688.93,690.75,688.93,690.53,40.74812112
1533567600,690.53,691.0,690.54,690.95,40.56268004999999
1533568500,690.76,691.0,690.89,691.0,76.34894391999998
1533569400,690.99,691.0,691.0,691.0,68.86145223000001
1533570300,690.99,692.77,691.0,692.5,503.8243337399999
1533571200,692.08,692.89,692.5,692.51,188.01715279
1533572100,691.0,692.46,692.46,691.58,42.12623863999999
1533573000,691.58,692.46,691.58,691.59,69.61633761
1533573900,690.32,692.16,691.58,690.63,93.26780403
1533574800,690.29,691.65,690.63,690.66,52.601912320000004
1533575700,690.66,691.87,690.66,691.82,83.95334514000002
1533576600,691.82,692.64,691.82,691.83,92.99791906000002
1533577500,690.66,691.83,691.82,691.03,100.56387693
1533578400,687.61,690.67,690.67,688.17,403.2889547000001
1533579300,686.4,688.85,688.17,686.4,164.81607515999997
1533580200,686.4,688.58,686.41,688.57,41.83472478999999
1533581100,687.11,688.59,688.58,687.64,41.7050621
1533582000,687.87,689.23,688.15,689.07,19.50241681
1533582900,688.29,689.65,689.06,689.01,78.88804222
1533583800,688.0,689.41,688.99,689.12,56.25427429999999
1533584700,688.54,689.59,688.91,689.46,35.01510455999999
1533585600,689.01,690.06,689.19,689.61,31.172316340000002
1533586500,689.6,689.77,689.61,689.64,25.89752532
1533587400,688.96,689.65,689.64,688.97,60.019177150000004
1533588300,688.0,689.0,688.96,688.95,46.307627370000006
1533589200,686.0,689.0,688.79,686.0,114.31411828000009
1533590100,683.5,687.06,686.96,684.0,192.31733891
1533591000,684.0,685.85,684.0,684.85,65.1667624
1533591900,683.65,685.54,685.47,683.66,149.20419446
1533592800,682.62,684.31,683.65,683.61,111.85581891000001
1533593700,682.62,684.64,683.61,682.63,119.75534716
1533594600,681.52,685.35,682.63,685.21,234.13490458000004
1533595500,684.88,685.22,685.22,684.88,46.582673959999994
1533596400,684.5,693.0,684.89,692.34,565.21645046
1533597300,690.55,692.1,692.1,691.8,49.135280429999995
1533598200,691.26,693.0,691.65,691.38,79.44853166
1533599100,690.01,692.3,691.49,690.79,35.740885330000005
1533600000,690.79,692.99,690.79,692.98,109.65067175000001
1533600900,691.99,695.42,692.98,692.98,398.1630905899999
1533601800,692.0,693.55,692.98,693.0,54.01781647
1533602700,692.89,693.14,692.89,693.14,32.24438947
1533603600,692.91,693.14,693.14,693.14,40.43410075999999
1533604500,691.17,693.14,693.14,691.18,64.54138925000002
1533605400,688.01,691.18,691.17,688.02,131.21061188
1533606300,688.01,691.21,688.02,689.73,57.88768157
1533607200,690.04,691.0,690.04,690.43,30.802960399999996
1533608100,690.03,691.72,690.65,690.99,19.5360744
1533609000,690.76,693.12,690.87,692.87,18.165673369999993
1533609900,690.62,692.76,692.76,690.91,25.97377372
1533610800,690.34,692.39,691.44,691.59,53.55462458999999
1533611700,691.58,691.99,691.59,691.99,15.121390159999999
1533612600,691.98,692.98,691.98,692.53,53.23566930999999
1533613500,691.96,692.52,692.52,691.96,38.360507770000005
1533614400,690.41,691.99,691.97,691.41,37.01300581999999
1533615300,691.04,691.36,691.36,691.32,5.86479905
1533616200,690.31,691.95,691.31,690.31,55.68170048999997
1533617100,690.32,691.57,690.32,691.06,52.959904990000005
1533618000,690.72,691.06,691.06,691.06,56.87185123000001
1533618900,690.71,691.06,691.06,691.05,22.255110079999998
1533619800,690.27,691.05,691.05,690.27,41.09129162
1533620700,689.01,691.04,690.26,691.04,109.67223503999999
1533621600,690.34,691.04,691.04,690.81,13.86825296
1533622500,690.57,691.06,690.92,691.05,9.63469243
1533623400,690.27,691.06,691.06,691.06,14.015473340000002
1533624300,691.05,691.06,691.05,691.05,4.75697759
1533625200,691.05,703.0,691.06,703.0,627.4183013
1533626100,702.99,708.11,703.0,707.0,118.82988225000001
1533627000,706.99,710.5,706.99,707.62,457.4494800299999
1533627900,704.53,707.38,707.38,706.53,44.59603008999999
1533628800,705.16,706.79,706.31,706.47,22.16100942
1533629700,706.48,707.07,706.48,707.06,39.46691970999999
1533630600,707.07,708.7,707.07,707.34,91.74729971
1533631500,707.34,707.47,707.34,707.45,2.39584469
1533632400,707.45,708.74,707.45,708.74,102.77845635
1533633300,708.73,708.74,708.74,708.74,9.54516076
1533634200,708.73,708.74,708.73,708.74,9.64143908
1533635100,708.73,708.74,708.74,708.74,31.27746318
1533636000,706.76,708.74,708.73,706.76,78.82521594
1533636900,704.72,706.77,706.76,705.34,58.61393424
1533637800,705.45,708.33,705.65,707.66,81.06537482000005
1533638700,707.6,708.0,707.67,707.69,18.25147709
1533639600,707.68,707.7,707.69,707.7,23.67947093
1533640500,707.7,712.25,707.7,711.99,184.79388956000003
1533641400,708.73,712.25,711.99,708.76,87.67290292
1533642300,708.77,710.0,708.77,710.0,24.382748250000002
1533643200,706.82,710.0,709.99,707.76,123.70573414000003
1533644100,706.11,708.82,707.77,708.31,57.44201678999999
1533645000,708.08,709.98,708.62,708.8,20.29339494
1533645900,708.5,709.82,708.81,709.81,56.03620222
1533646800,709.81,711.5,709.82,710.33,183.72917862
1533647700,709.97,711.2,710.33,710.62,57.90482664
1533648600,707.51,710.29,710.28,707.51,130.24144829999997
1533649500,704.27,707.72,707.5,704.27,60.50946782
1533650400,704.2,706.0,704.28,705.36,47.05964096000001
1533651300,705.35,705.37,705.35,705.36,29.68326146
1533652200,705.35,705.36,705.36,705.36,14.147830410000003
1533653100,705.35,707.5,705.35,707.5,79.23426762
1533654000,707.49,708.84,707.49,707.51,40.11607280999999
1533654900,706.29,707.87,707.51,707.87,29.47315123
1533655800,706.65,708.03,707.76,707.27,32.679469069999996
1533656700,707.14,708.69,707.95,707.79,13.497397759999998
1533657600,706.82,707.79,707.79,707.01,21.61191453
1533658500,707.0,707.79,707.01,707.79,92.19997405999999
1533659400,707.79,709.02,707.79,708.41,52.122208449999995
1533660300,705.34,710.0,708.41,706.0,48.19918994
1533661200,705.76,707.03,706.0,705.76,38.326009940000006
1533662100,705.76,706.51,706.02,705.78,30.59575546
1533663000,705.77,706.25,706.25,705.79,58.931865779999995
1533663900,705.78,705.79,705.79,705.79,14.3192972
1533664800,702.0,705.79,705.79,702.02,147.55241115
1533665700,701.58,702.02,702.02,701.58,105.62637184000002
1533666600,701.59,702.71,701.59,702.71,55.59274529
1533667500,702.7,703.39,702.7,703.37,5.0629479
1533668400,703.36,703.37,703.37,703.37,11.005938240000003
1533669300,703.36,703.37,703.37,703.37,36.45931254999999
1533670200,701.0,703.37,703.37,701.01,52.31945766
1533671100,694.71,701.16,701.01,694.72,305.99637203
1533672000,675.0,694.71,694.71,676.35,1168.8000726799999
1533672900,675.99,682.71,676.35,679.27,708.00306161
1533673800,675.01,679.27,679.27,676.85,168.60816277
1533674700,672.19,679.0,676.85,672.73,501.14002229999994
1533675600,660.0,672.74,672.73,660.05,953.6167172899998
1533676500,653.0,660.86,660.46,653.01,629.4914122900001
1533677400,646.0,657.7,653.0,657.69,1289.1223633300003
1533678300,655.16,659.29,657.67,659.29,276.05577935
1533679200,656.71,662.08,659.29,660.56,484.08000935000007
1533680100,659.1,661.5,660.57,661.0,197.54570389
1533681000,660.5,665.77,660.74,664.17,269.54672034000004
1533681900,653.72,665.06,664.17,658.0,547.9689252
1533682800,653.72,659.0,657.99,658.0,365.67180413
1533683700,657.07,659.0,658.0,658.0,107.95421960000002
1533684600,657.67,659.5,657.91,659.12,100.61747752999999
1533685500,655.6,659.5,659.5,657.41,167.17132423
1533686400,642.0,657.63,656.15,642.87,1180.8894883199996
1533687300,642.0,647.32,643.0,644.16,352.39822066
1533688200,644.15,648.83,644.15,646.99,663.7203318999998
1533689100,646.75,648.0,647.0,647.31,170.64744169000002
1533690000,646.95,650.83,646.95,649.75,213.03448794999997
1533690900,645.0,649.75,649.75,646.06,211.68297482000003
1533691800,645.48,647.66,646.06,646.56,162.70240853
1533692700,643.16,647.08,646.56,644.16,109.56253370000002
1533693600,643.0,645.94,644.34,644.52,145.92540535999998
1533694500,641.0,644.2,644.0,643.07,125.84054190999997
1533695400,642.53,646.71,642.55,645.96,215.71681865999997
1533696300,644.14,645.96,645.96,645.48,94.99821903000002
1533697200,643.22,646.38,645.48,645.69,200.45614394999996
1533698100,643.0,645.74,645.73,643.25,105.26454147999999
1533699000,642.52,645.0,643.02,644.56,53.71651859
1533699900,641.12,645.0,644.45,641.12,251.55237929000003
1533700800,628.89,641.6,641.55,631.1,450.69870737
1533701700,627.0,633.0,631.99,627.3,541.6817400900002
1533702600,622.53,628.0,627.01,623.57,541.10497018
1533703500,622.51,626.88,623.56,626.87,261.69058006
1533704400,625.5,628.0,626.87,626.47,162.06117549999996
1533705300,611.16,626.47,626.47,615.0,828.34909876
1533706200,610.9,621.83,615.0,619.96,1243.2513299799998
1533707100,619.96,628.58,619.97,626.43,583.5888682599998
1533708000,623.0,627.0,627.0,625.53,210.43020865
1533708900,625.08,630.15,625.52,625.89,316.35919457
1533709800,625.01,627.36,625.08,625.87,107.86442135
1533710700,625.86,626.98,625.87,626.27,65.18808649
1533711600,621.21,626.51,626.28,621.21,352.89190183
1533712500,619.97,622.49,621.2,620.94,139.63134649
1533713400,612.01,620.93,620.93,612.26,349.40045005
1533714300,603.5,612.61,612.26,603.58,1007.6892897000002
1533715200,603.37,611.99,603.74,610.23,519.9131584600001
1533716100,610.23,613.89,610.23,613.28,299.8065880699999
1533717000,612.6,615.38,613.28,613.22,162.61666453999996
1533717900,612.9,616.45,613.23,616.43,197.75364148000006
1533718800,614.39,618.59,616.43,615.21,167.39658426000003
1533719700,612.9,616.75,615.64,615.81,187.18929186000008
1533720600,613.46,616.73,614.65,614.47,167.23895895999993
1533721500,614.46,617.26,614.47,616.44,73.48096697000001
1533722400,610.0,615.75,615.75,610.4,329.25680456
1533723300,610.31,615.59,610.31,615.59,114.59710372
1533724200,614.29,616.32,615.38,615.38,87.07743248999999
1533725100,614.57,621.0,615.4,617.65,156.12019375
1533726000,615.32,618.75,617.65,618.75,152.73575488999995
1533726900,616.8,621.02,618.75,619.27,118.01886026999998
1533727800,618.58,623.21,619.41,622.53,241.59088118
1533728700,618.98,622.7,622.53,621.41,125.54087485999999
1533729600,618.5,622.59,620.72,618.5,81.00297333
1533730500,614.2,618.1,618.1,616.01,127.28854568
1533731400,614.9,617.91,616.0,616.86,104.32123041000001
1533732300,615.61,617.75,615.71,616.29,145.73676170000002
1533733200,614.71,617.68,616.28,615.3,92.74418361999999
1533734100,614.96,616.0,615.3,615.31,73.12683658
1533735000,606.04,615.31,615.31,606.41,380.28300891
1533735900,606.36,608.99,606.41,608.46,217.59889417000002
1533736800,600.17,608.46,608.42,604.51,342.34787019
1533737700,604.51,608.89,604.51,605.61,395.53101668
1533738600,602.71,606.39,605.61,604.43,189.26467963000005
1533739500,603.36,611.13,604.33,611.13,225.06855681000002
1533740400,609.1,611.78,611.13,610.06,176.45569584999996
1533741300,610.06,615.0,610.5,612.79,373.55165074
1533742200,608.6,613.5,612.75,611.55,167.42446455
1533743100,606.69,611.58,611.55,609.45,322.3119742999999
1533744000,602.1,611.23,609.45,603.43,182.41201220999997
1533744900,596.2,603.26,603.26,597.43,1023.9611894599999
1533745800,567.75,598.0,597.43,569.97,1503.4020093
1533746700,564.39,579.37,570.06,574.21,2002.3371262300002
1533747600,571.78,578.06,574.21,576.0,1318.92594703
1533748500,570.8,577.0,576.68,571.73,630.6127530499999
1533749400,570.0,579.0,573.03,577.97,922.4195849599998
1533750300,576.0,578.97,577.97,576.7,527.1205868500001
1533751200,575.16,579.91,577.0,579.63,637.8719260800001
1533752100,577.11,579.8,579.8,579.13,299.1878101500001
1533753000,570.08,580.0,578.83,580.0,871.1494039300002
1533753900,577.56,584.33,580.0,582.73,992.4164960999998
1533754800,581.88,589.42,582.06,588.96,768.1260478700001
1533755700,587.18,593.96,588.48,591.99,507.20881204999995
1533756600,590.71,596.99,591.89,596.77,665.99795454
1533757500,595.92,599.22,596.61,598.06,684.2290474800001
1533758400,591.27,598.71,598.4,593.57,571.45341257
1533759300,589.63,593.58,593.58,590.65,298.8182097199999
1533760200,590.0,594.22,591.35,591.54,122.17110174000001
1533761100,590.16,593.19,591.01,592.0,149.66979178
1533762000,588.08,592.99,592.91,588.31,177.05577062999998
1533762900,583.28,588.5,588.5,586.0,226.80978364
1533763800,584.65,588.5,585.99,587.01,242.12648632999998
1533764700,586.2,592.99,587.0,592.99,315.67672537
1533765600,588.69,594.96,592.99,589.0,137.30395766
1533766500,586.0,590.68,588.99,587.99,151.62396080999997
1533767400,585.03,589.78,587.99,585.03,129.61640712
1533768300,577.7,587.09,585.03,580.67,555.28312553
1533769200,576.93,582.99,581.07,579.5,570.8063005500001
1533770100,578.2,581.58,579.5,580.0,171.06931300999997
1533771000,581.95,585.42,583.34,584.94,112.96414597999998
1533771900,582.78,588.76,584.94,588.76,129.00616632999999
1533772800,588.76,591.0,588.77,590.82,356.95573693
1533773700,588.21,591.0,590.82,590.01,160.21856379000002
1533774600,586.51,590.02,590.01,587.93,299.49770792
1533775500,586.52,589.22,587.93,588.44,78.77086367000001
1533776400,586.65,589.91,588.44,589.91,95.58909611
1533777300,589.19,590.01,589.91,589.19,86.55992151
1533778200,589.19,592.78,589.2,591.5,199.89152244
1533779100,591.04,591.99,591.44,591.87,14.469616389999999
