1464393600,10.7,12.44,11.25,11.93,15810
1464480000,11.65,12.49,11.93,12.34,3480
1464566400,12,12.88,12.34,12.41,4110
1464652800,12.37,14.24,12.41,14,5650
1464739200,13.5,14.45,14,13.93,10370
1464825600,13.76,14.18,13.93,14.02,8050.
1464912000,13.49,14.12,14.02,13.88,12210
1464998400,13.56,14.03,13.88,13.81,6130
1465084800,13.8,14.06,13.81,14.04,2110
1465171200,13.83,14.3,14.04,14.22,5070
1465257600,13.97,14.69,14.22,14.65,12600
1465344000,14.4,14.87,14.65,14.61,12110
1465430400,14.55,14.85,14.61,14.71,8850
1465516800,13.76,14.74,14.71,14.11,17000
1465603200,13.86,14.29,14.11,14.1,7310
1465689600,13.92,15.9,14.1,15.9,20750
1465776000,15.49,17.93,15.9,17.9,24220
1465862400,16.96,19.08,17.9,18.7,34700
1465948800,17.89,18.81,18.7,18.58,13470
1466035200,18.42,21.35,18.58,21.09,32010.
1466121600,13.75,22,21.09,15.75,122190
1466208000,10,15.75,15.75,11.55,79300
1466294400,10.72,13.4,11.55,12.36,30890
1466380800,10.8,12.74,12.36,11.8,32650
1466467200,11.2,12.8,11.8,12.8,31630
1466553600,12.76,15.89,12.8,13.35,65590
1466640000,12.68,14.5,13.35,13.87,35400
1466726400,13.25,14.8,13.87,14.52,33070
1466812800,14,14.74,14.52,14.39,10390
1466899200,13.75,14.49,14.39,14.04,5730
1466985600,13.6,14.59,14.04,14.07,11850
1467072000,11.52,14.25,14.07,12.17,42160
1467158400,11.62,13.13,12.17,12.81,23680
1467244800,12.19,13.06,12.81,12.49,14560
1467331200,11.8,12.54,12.49,12.3,19130
1467417600,12,12.45,12.3,12.16,11560
1467504000,11.65,12.16,12.16,11.99,12190
1467590400,11.41,12.02,11.99,11.43,5280
1467676800,9.31,11.48,11.43,10.5,34350
1467763200,10.24,11,10.5,10.59,14610
1467849600,9.75,10.7,10.59,10.08,20920
1467936000,10.05,11.8,10.08,11.22,27960
1468022400,10.68,11.57,11.22,11,9090
1468108800,10.9,11.3,11,11.02,9650
1468195200,10.11,11.16,11.02,10.68,10890
1468281600,10.5,10.98,10.68,10.52,13900
1468368000,10.49,10.65,10.52,10.5,5540
1468454400,10.33,11.78,10.5,11.68,24020
1468540800,11.36,12.75,11.68,12,24800
1468627200,11.8,12.4,12,11.91,7520
1468713600,11.02,11.92,11.91,11.31,11450
1468800000,11,11.93,11.31,11.15,15180
1468886400,11.03,11.98,11.15,11.69,7870
1468972800,11.22,13,11.69,12.58,38320
1469059200,12.1,13.09,12.58,12.84,71790
1469145600,12.73,15,12.84,14.99,191780
1469232000,14,15.39,14.99,14.5,122840
1469318400,12.05,14.6,14.5,12.66,139530
1469404800,12.56,14,12.66,14,92700
1469491200,11.92,14.01,14,12.1,161500
1469577600,11.75,13.4,12.1,13.14,115690
1469664000,12.53,13.14,13.14,12.95,66920
1469750400,12.57,12.98,12.95,12.9,53820
1469836800,12.55,12.9,12.9,12.6,37770
1469923200,11.61,12.67,12.6,11.89,56310
1470009600,11,12.12,11.89,11.02,88420
1470096000,6.68,11.31,11.02,8.46,193500
1470182400,8.09,10.78,8.46,10.7,216800
1470268800,10.42,11.55,10.7,11.31,101790
1470355200,10.81,11.4,11.31,11.18,46720
1470441600,10.42,11.24,11.18,10.99,34630
1470528000,10.84,11.25,10.99,11.05,30420
1470614400,10.94,11.42,11.05,11.34,30470
1470700800,11.24,12.48,11.34,12.31,83830
1470787200,11.87,12.91,12.31,12.25,146770
1470873600,11.6,12.39,12.25,11.73,55590
1470960000,11.65,12.08,11.73,11.82,29530
1471046400,11.54,11.86,11.82,11.59,28160
1471132800,11.2,11.76,11.59,11.29,25910
1471219200,11.02,11.52,11.29,11.22,32330
1471305600,11,11.49,11.22,11.18,51580
1471392000,10.69,11.26,11.18,10.79,39790
1471478400,10.76,11.06,10.79,10.77,35890
1471564800,10.65,10.86,10.77,10.73,28730
1471651200,10.7,11.37,10.73,11.31,35260
1471737600,10.98,11.32,11.31,11.17,17900
1471824000,11.04,11.34,11.17,11.08,36060
1471910400,10.85,11.2,11.08,10.98,32620.
1471996800,10.98,11.16,10.98,11,24080
1472083200,10.99,11.34,11,11.34,28340
1472169600,11.2,11.47,11.34,11.29,27570
1472256000,11.17,11.3,11.29,11.21,19410
1472342400,10.98,11.22,11.21,10.98,17870
1472428800,10.8,11.16,10.98,10.95,33060
1472515200,10.95,11.25,10.95,11.2,25620
1472601600,11.09,11.53,11.2,11.52,36190
1472688000,11.52,12.5,11.52,12.24,84880
1472774400,11.95,12.35,12.24,12.11,43870
1472860800,11.6,12.47,12.11,11.83,37130
1472947200,11.54,11.9,11.83,11.76,19350
1473033600,11.62,11.84,11.76,11.77,14030
1473120000,11.5,11.77,11.77,11.73,26580
1473206400,11.53,11.9,11.73,11.6,33740
1473292800,11.31,11.7,11.6,11.42,31890
1473379200,11.34,11.69,11.42,11.61,21410
1473465600,11.55,12.07,11.61,12.07,18320
1473552000,11.6,12.21,12.07,11.64,27310
1473638400,11.64,11.95,11.64,11.87,20650
1473724800,11.84,12.08,11.87,11.92,29060
1473811200,11.8,12.03,11.92,11.93,24430
1473897600,11.9,12.1,11.93,11.96,22300
1473984000,11.86,12.76,11.96,12.6,56560
1474070400,12.41,12.99,12.6,12.88,32860
1474156800,12.33,12.98,12.88,12.58,54710
1474243200,12.57,13.2,12.58,12.92,34560
1474329600,12.92,15.13,12.92,15.09,101670
1474416000,13.16,15.25,15.09,13.71,90370
1474502400,12.33,13.89,13.71,13.1,70010
1474588800,13.1,13.45,13.1,13.36,25590
1474675200,12.62,13.41,13.36,12.94,36960
1474761600,12.8,13.18,12.94,13.07,19340
1474848000,12.83,13.15,13.07,12.88,23480
1474934400,12.83,13.25,12.88,13.11,27760
1475020800,13.09,13.58,13.11,13.31,43350
1475107200,13.1,13.39,13.31,13.18,34640
1475193600,13.08,13.39,13.18,13.24,34960
1475280000,13.09,13.31,13.24,13.24,31930
1475366400,13.19,13.31,13.24,13.28,20290
1475452800,13.25,13.56,13.28,13.52,35520
1475539200,13.24,13.58,13.52,13.34,53980
1475625600,13.1,13.45,13.34,13.1,36200
1475712000,12.68,13.18,13.1,12.87,48920
1475798400,12.5,13.08,12.87,12.69,52950
1475884800,12.06,12.74,12.69,12.28,33720
1475971200,12.02,12.43,12.28,12.05,24670
1476057600,11.62,12.18,12.05,11.78,47080
1476144000,11.7,12.24,11.78,11.76,37040
1476230400,11.68,12.11,11.76,11.77,35230
1476316800,11.72,12.11,11.77,12.05,31710
1476403200,11.84,12.07,12.05,11.9,39150
1476489600,11.78,11.97,11.9,11.95,21440
1476576000,11.9,12.05,11.95,11.94,15410
1476662400,11.83,11.99,11.94,11.97,29110
1476748800,11.91,12.94,11.97,12.53,46580
1476835200,11.88,12.65,12.53,11.97,39490
1476921600,11.92,12.26,11.97,12.03,30220
1477008000,11.96,12.13,12.03,12.05,19200
1477094400,11.87,12.14,12.05,12.04,25760
1477180800,11.87,12.06,12.04,11.92,19690
1477267200,11.89,11.99,11.92,11.9,21120
1477353600,11.05,11.95,11.9,11.32,72130
1477440000,11.28,11.7,11.32,11.5,41650
1477526400,11.22,11.57,11.5,11.43,42810
1477612800,10.93,11.63,11.43,11.1,50120
1477699200,9.52,11.35,11.1,10.43,86940
1477785600,10.35,11.45,10.43,11.22,41980
1477872000,10.85,11.44,11.22,10.95,35060
1477958400,10.35,11.24,10.95,10.79,70150
1478044800,10.72,11.17,10.79,10.83,38940
1478131200,10.77,11.14,10.83,10.88,51350
1478217600,10.81,11.15,10.88,11.15,33760
1478304000,11.01,11.24,11.15,11.16,21750
1478390400,10.92,11.2,11.16,11.02,20640
1478476800,10.91,11.06,11.02,10.94,26660
1478563200,10.81,11.01,10.94,10.86,39070
1478649600,10.28,10.86,10.86,10.66,76390
1478736000,10.44,10.68,10.66,10.52,26330
1478822400,10.16,10.71,10.52,10.31,43190
1478908800,9.67,10.34,10.31,9.96,42100
1478995200,9.65,10.41,9.96,10.14,29010
1479081600,9.93,10.19,10.14,10.03,30930
1479168000,9.81,10.3,10.03,10.28,30140
1479254400,9.82,10.42,10.28,10.02,42250
1479340800,9.8,10.13,10.02,9.98,47840
1479427200,9.45,9.98,9.98,9.53,54540
1479513600,9.45,9.78,9.53,9.71,26970
1479600000,9.52,9.78,9.71,9.6,25180
1479686400,9.41,9.65,9.6,9.53,28990
1479772800,9.49,10.21,9.53,9.83,37370
1479859200,9.73,9.93,9.83,9.8,22150
1479945600,8.68,9.82,9.8,9.21,64050
1480032000,9.16,9.74,9.21,9.4,24500
1480118400,9.26,9.48,9.4,9.34,18210
1480204800,8.66,9.34,9.34,8.9,61080
1480291200,8.63,9,8.9,8.66,46100
1480377600,7.79,8.72,8.66,8.19,84600
1480464000,8.14,8.75,8.19,8.63,56320
1480550400,8.3,8.68,8.63,8.46,43100
1480636800,7.27,8.47,8.46,7.68,116180
1480723200,7.34,8.12,7.68,7.9,58290
1480809600,7.43,7.95,7.9,7.54,42710
1480896000,6.56,7.58,7.54,6.69,95590
1480982400,6.41,7.11,6.69,6.81,47710
1481068800,7.71,8.6,7.71,8.37,46880
1481155200,8.22,8.95,8.37,8.27,67710
1481241600,7.97,8.65,8.27,8.55,60070
1481328000,8.04,8.55,8.55,8.12,45390
1481414400,8.11,8.26,8.12,8.25,21540
1481500800,8.18,8.62,8.25,8.49,43340
1481587200,8.35,8.57,8.49,8.4,37650
1481673600,8.22,8.48,8.4,8.26,33420
1481760000,7.64,8.32,8.26,7.77,75000
1481846400,7.77,7.95,7.77,7.89,32430
1481932800,7.51,7.9,7.89,7.68,36900
1482019200,7.68,7.97,7.68,7.94,22630
1482105600,7.57,7.95,7.94,7.62,39550
1482192000,7.55,7.77,7.62,7.58,29860
1482278400,7.58,7.97,7.58,7.88,46430
1482364800,7.5,7.95,7.88,7.65,84290
1482451200,7.04,7.67,7.65,7.18,96220
1482537600,7.01,7.46,7.18,7.24,30550
1482624000,7.12,7.34,7.24,7.22,25910
1482710400,7.02,7.33,7.22,7.23,26970
1482796800,7.05,7.37,7.23,7.16,44690
1482883200,7.05,7.72,7.16,7.62,94310
1482969600,7.58,8.53,7.62,8.29,146160
1483056000,8.01,8.52,8.29,8.22,68690
1483142400,8,8.29,8.22,8.13,42600
1483228800,8.08,8.6,8.13,8.18,59490
1483315200,8.05,8.53,8.18,8.36,69680
1483401600,8.24,10.02,8.36,9.69,186380
1483488000,9.34,10.99,9.69,10.98,240110
1483574400,9.08,11.8,10.98,10.28,309760
1483660800,9.52,10.46,10.28,10.13,138100
1483747200,9.58,10.21,10.13,9.96,66200
1483833600,9.89,10.58,9.96,10.44,60800
1483920000,10.23,10.94,10.44,10.37,70750
1484006400,10.34,10.75,10.37,10.66,53710
1484092800,9.47,10.84,10.66,9.9,136010
1484179200,9.12,10.4,9.9,9.89,79330
1484265600,9.51,9.91,9.89,9.79,75160
1484352000,9.69,9.94,9.79,9.85,36470
1484438400,9.8,10.05,9.85,9.95,26340
1484524800,9.56,10.23,9.95,9.62,59200
1484611200,9.62,10.53,9.62,10.2,69240
1484697600,9.99,10.51,10.2,10.23,62090
1484784000,10.18,10.5,10.23,10.47,46100
1484870400,10.42,10.81,10.47,10.65,60010
1484956800,10.58,11.06,10.65,10.99,58650
1485043200,10.66,11.07,10.99,10.78,48320
1485129600,10.65,10.85,10.78,10.79,37450
1485216000,10.51,10.92,10.79,10.51,50350
1485302400,10.43,10.66,10.51,10.52,41490
1485388800,10.5,10.66,10.52,10.66,42970
1485475200,10.42,10.67,10.66,10.51,45750
1485561600,10.47,10.58,10.51,10.57,26140
1485648000,10.46,10.58,10.57,10.5,17940
1485734400,10.37,10.71,10.5,10.59,41620
1485820800,10.58,10.79,10.59,10.74,38760
1485907200,10.51,10.86,10.74,10.73,59000
1485993600,10.62,10.86,10.73,10.82,47860
1486080000,10.67,10.95,10.82,10.95,49200
1486166400,10.94,11.45,10.95,11.42,85690
1486252800,11.15,11.44,11.42,11.29,40200
1486339200,11.22,11.42,11.29,11.34,45020
1486425600,11.29,11.59,11.34,11.49,56220
1486512000,11.15,11.65,11.49,11.45,88300
1486598400,10.61,11.54,11.45,10.99,111380
1486684800,10.88,11.48,10.99,11.38,68700
1486771200,11.34,11.5,11.38,11.49,35280
1486857600,11.4,11.54,11.49,11.48,23060
1486944000,11.21,11.54,11.48,11.44,49180
1487030400,11.39,14.7,11.44,13.02,234880
1487116800,12.66,14,13.02,12.98,128210.
1487203200,12.62,13.03,12.98,12.89,88430
1487289600,12.71,12.95,12.89,12.75,90710
1487376000,12.75,12.93,12.75,12.89,45240
1487462400,12.79,12.95,12.89,12.9,34800
1487548800,12.56,12.95,12.9,12.61,69570
1487635200,12.3,12.87,12.61,12.83,98510
1487721600,12.68,12.99,12.83,12.75,80630
1487808000,12.73,13.37,12.75,13.21,99250
1487894400,12.81,13.33,13.21,13.2,141490
1487980800,13.06,13.87,13.2,13.65,96770
1488067200,13.4,14.84,13.65,14.74,100640
1488153600,14.37,16.32,14.74,15.66,227370
1488240000,15.21,16.94,15.66,16.4,344430
1488326400,15.68,17.58,16.4,17.37,251570
1488412800,16.88,19.99,17.37,19.27,353320
1488499200,18.2,21.49,19.27,19.68,418050
1488585600,18.65,20.4,19.68,18.65,150670
1488672000,18.18,19.45,18.65,19.37,126250
1488758400,19.17,20.24,19.37,19.68,141860
1488844800,18.59,19.77,19.68,18.96,156650
1488931200,16.65,18.96,18.96,16.68,280370
1489017600,16.2,18.29,16.68,17.82,182290
1489104000,17.01,19.7,17.82,19.2,308770
1489190400,18.91,21.89,19.2,21.64,227080
1489276800,21.33,24.25,21.64,23.39,263530
1489363200,23.38,31.1,23.39,28.63,624530
1489449600,27.16,30,28.63,28.69,225830
1489536000,28.5,35.86,28.69,35.65,407950
1489622400,35.65,47.03,35.65,45.96,730120
1489708800,35.04,57.67,45.96,44.62,714090
1489795200,30.7,45,44.62,34.03,568890
1489881600,33.64,45.64,34.03,43.21,456280
1489968000,40.86,45.25,43.21,42.31,228420
1490054400,41.76,43.68,42.31,42.36,153370
1490140800,38.26,42.59,42.36,41.37,215070
1490227200,40.33,43.97,41.37,42.99,176100
1490313600,42.5,53.44,42.99,52.93,410840
1490400000,47.29,53.4,52.93,50.5,321380
1490486400,48.51,51.5,50.5,50.73,138810
1490572800,48.28,51.71,50.73,48.97,167690
1490659200,48.51,50.44,48.97,50.3,148100
1490745600,50.11,53.97,50.3,53.1,242470
1490832000,51.52,53.34,53.1,51.87,132520
1490918400,46.98,52.41,51.87,50.18,247520
1491004800,48.85,51.85,50.18,50.71,90500
1491091200,48.14,51.19,50.71,48.74,150040
1491177600,42.39,48.97,48.74,44.25,320840
1491264000,41.45,46.25,44.25,44.47,217770
1491350400,44.2,47.63,44.47,44.78,153140
1491436800,41.1,45.97,44.78,43.3,171490
1491523200,41.57,44.64,43.3,42.32,106370
1491609600,42.31,45.5,42.32,44.45,78580
1491696000,42.72,44.74,44.45,43.92,56520
1491782400,42.72,44.65,43.92,43.92,68310
1491868800,43.55,44.5,43.92,43.83,54990
1491955200,43.58,47.88,43.83,46.48,123680
1492041600,46.22,51.11,46.48,49.77,173020
1492128000,46.52,50,49.77,47.2,84120
1492214400,46.78,74.98,47.2,48.94,43650
1492300800,47.5,49.25,48.94,48.13,42240
1492387200,47.5,48.29,48.13,47.94,54010
1492473600,47.7,49.93,47.94,49.79,80980
1492560000,47.25,50.32,49.79,47.78,103730
1492646400,47.6,49.5,47.78,49.38,93620
1492732800,48.24,49.49,49.38,48.37,75750
1492819200,48.22,49.08,48.37,48.61,58660
1492905600,48.25,49,48.61,48.96,52540
1492992000,48.94,50.44,48.96,50.12,87530
1493078400,50,50.75,50.12,50.31,76640
1493164800,50.25,54.85,50.31,53.42,187570
1493251200,52.66,63.99,53.42,63.67,305750
1493337600,62.5,74.9,63.67,73.14,439080
1493424000,68.24,74.89,73.14,70.4,242010
1493510400,70,82.9,70.4,80.87,269890
1493596800,72.24,85.21,80.87,79.35,416160
1493683200,75.54,83.07,79.35,77.55,208580
1493769600,75.89,81.4,77.55,81.29,216360
1493856000,80.31,96.66,81.29,95.97,353900
1493942400,89,98.98,95.97,91.93,240060
1494028800,91.93,96.42,91.93,95.84,111330
1494115200,90,97.95,95.84,93.82,145930
1494201600,85.1,94.74,93.82,89.25,210830
1494288000,75.89,90.08,89.25,86.58,273000
1494374400,85.39,91.98,86.58,88.36,142800
1494460800,87.01,90.99,88.36,88.3,115130
1494547200,82.2,90.3,88.3,85.17,135060
1494633600,82,88.74,85.17,88.42,88620
1494720000,87.13,89.94,88.42,89.39,53050
1494806400,89.28,94.7,89.39,91,130440
1494892800,87.08,92.3,91,87.98,127110
1494979200,82.5,89.98,87.98,86.88,152680
1495065600,86.5,96.2,86.88,96.2,173250
1495152000,96.18,129.98,96.2,125.14,484280
1495238400,121,129.34,125.14,123.63,198960
1495324800,122,148.97,123.63,148.78,318570
1495411200,131.22,184.22,148.78,160.1,642450
1495497600,155.7,177.9,160.1,169.95,269250
1495584000,167.7,202,169.95,196.06,360830
1495670400,162.04,217.85,196.06,181.51,482880
1495756800,140,199.99,181.51,163.8,437400
1495843200,115.67,172,163.8,159.91,464990
1495929600,159.59,185,159.91,175.48,235830
1496016000,167,199,175.48,194.82,218840
1496102400,185,233.09,194.82,228.69,448180
1496188800,215.42,234.76,228.69,229.14,350210
1496275200,206.02,238.97,229.14,221.91,345160
1496361600,216.5,229.75,221.91,222.04,166350
1496448000,218.56,227.5,222.04,224.95,109740
1496534400,224,249.04,224.95,245.5,212890
1496620800,241.2,248.98,245.5,248,147940
1496707200,247,269.36,248,264.58,320720
1496793600,244.98,265.63,264.58,255.68,217930
1496880000,250,261,255.68,258.64,136840
1496966400,258.63,279.39,258.64,279.38,191010
1497052800,278.03,358.46,279.38,340.2,422780
1497139200,317.05,355,340.2,343.01,251080
1497225600,306.11,420,343.01,397.37,533640
1497312000,359.75,400,397.37,388,269650
1497398400,315,394.47,388,341.7,371650
1497484800,253,356.29,341.7,343.71,746440
1497571200,314,364,343.71,354.26,256280.
1497657600,341.65,369,354.26,368.98,143740
1497744000,340.11,381.66,368.98,351.85,153310
1497830400,346.88,362.5,351.85,358.71,102990
1497916800,325.0,365.79,358.71,350.94,209201.6049853903
1498003200,0.1,352.0,350.94,325.41,441444.5711846802
1498089600,305.0,336.68,327.36,320.02,149180.93809542255
1498176000,316.66,332.95,320.02,326.99,77450.68733617838
1498262400,295.55,330.7,326.98,304.5,131625.69129470518
1498348800,251.3,310.0,304.5,278.49,263539.2612749602
1498435200,206.5,293.0,278.49,252.99,572245.6836947209
1498521600,211.0,288.51,252.97,287.23,469352.8979505172
1498608000,260.11,323.69,287.27,315.32,401383.40743533376
1498694400,286.22,322.9,315.32,292.95,204007.44517217905
1498780800,270.5,306.5,292.95,280.04,232751.64446856492
1498867200,253.23,281.98,280.03,263.12,179035.6117105705
1498953600,255.7,293.73,263.12,285.0,191572.30990719033
1499040000,273.07,285.0,285.0,276.37,126099.21911843742
1499126400,265.0,282.83,276.37,269.2,109661.92716871103
1499212800,252.67,274.97,269.18,266.27,166163.8226204599
1499299200,261.59,275.0,266.27,266.01,86798.21376898061
1499385600,235.01,266.97,266.01,241.28,179629.78239179496
1499472000,231.25,249.5,241.27,246.64,135553.24613740464
1499558400,236.0,253.31,246.65,238.81,71498.4012703692
1499644800,185.39,240.33,238.4,202.86,398041.7035768844
1499731200,175.56,216.5,201.65,190.57,529769.7002523335
1499817600,181.0,228.88,190.57,224.04,417507.6374160393
1499904000,193.07,227.0,224.01,205.0,226680.37750420673
1499990400,183.12,206.99,205.0,197.23,213171.03601057152
1500076800,167.0,198.97,197.23,167.72,261390.37737053825
1500163200,130.26,172.3,168.22,155.68,609598.9858684457
1500249600,153.25,191.5,155.69,190.87,632198.8290636559
1500336000,176.51,249.4,190.87,227.01,871474.8574251948
1500422400,186.01,243.9,227.01,194.74,769809.9179280463
1500508800,194.74,237.0,194.74,226.06,616538.8573529932
1500595200,208.5,238.0,226.23,216.6,289938.1718454401
1500681600,215.1,237.67,216.58,230.69,179561.40058135297
1500768000,221.2,234.35,230.69,228.31,115026.49432891453
1500854400,224.0,229.99,228.27,225.96,74985.12540112788
1500940800,193.0,226.59,225.97,203.78,367624.78359486244
1501027200,193.4,209.89,203.78,203.23,212119.78582583464
1501113600,198.85,205.0,203.23,202.94,125511.47063983751
1501200000,189.34,203.95,202.95,190.72,170490.67156217346
1501286400,178.03,209.77,190.99,205.9,273021.6390416944
1501372800,193.26,209.9,205.89,196.95,105150.12887104407
1501459200,190.78,201.98,196.95,200.82,117870.18456965935
1501545600,200.82,232.73,200.83,225.73,435754.60455384175
1501632000,215.37,228.8,225.73,217.92,149915.69003092826
1501718400,217.35,227.53,217.92,224.0,113156.8745222589
1501804800,219.51,226.82,224.0,220.72,98579.2446227596
1501891200,219.54,258.98,220.72,251.85,321010.4572135108
1501977600,250.99,273.0,251.86,263.96,239167.7737349629
1502064000,257.1,274.81,263.97,269.9,168723.43057382462
1502150400,267.0,299.45,269.89,295.95,267289.0493040743
1502236800,276.55,314.71,295.95,295.26,465244.4178707555
1502323200,288.34,309.8,295.26,300.51,154431.32113166858
1502409600,295.79,310.0,300.51,309.65,131543.26574093927
1502496000,303.61,319.7,309.65,308.35,175616.00867374594
1502582400,287.0,309.95,308.35,296.66,196015.46006707835
1502668800,294.96,309.35,296.67,299.16,116394.5413323044
1502755200,267.0,299.18,299.16,286.71,213475.87755642965
1502841600,280.0,303.9,286.71,300.45,125516.25956017581
1502928000,298.0,309.41,300.45,300.67,117913.06770257426
1503014400,287.0,306.09,300.66,292.87,132161.69301464342
1503100800,287.0,298.7,292.86,293.58,68015.67500724133
1503187200,289.5,298.5,293.58,297.79,55102.044074970545
1503273600,295.27,344.34,297.79,322.0,312029.8841107956
1503360000,292.0,329.97,322.0,314.19,200165.56685601716
1503446400,313.72,324.61,314.19,317.5,102640.63582937975
1503532800,316.0,328.0,317.5,324.56,77759.2628131697
1503619200,324.38,336.99,324.56,330.14,118400.40049801866
1503705600,325.1,334.51,330.14,332.99,64249.838672440295
1503792000,332.44,348.2,332.99,348.2,94727.18092537616
1503878400,336.35,349.99,348.2,347.54,111495.22073892497
1503964800,347.54,374.91,347.54,372.48,172759.36386529083
1504051200,368.3,392.0,372.48,384.1,164877.9663400302
1504137600,381.2,389.97,384.1,389.2,119008.82851470898
1504224000,386.98,396.88,389.2,392.87,160640.75668726713
1504310400,333.0,393.76,392.87,354.87,293335.49257162935
1504396800,344.0,372.0,354.88,353.06,137268.863050237
1504483200,285.0,353.15,353.06,316.86,458363.97586801974
1504569600,290.0,325.0,316.87,320.08,318345.3102358336
1504656000,319.3,345.0,320.09,339.38,194959.5389394315
1504742400,323.26,339.38,339.38,335.56,103175.36266455974
1504828800,292.71,335.56,335.56,307.96,299135.9425155342
1504915200,294.0,313.87,307.96,304.99,97354.07715521904
1505001600,285.0,306.5,305.0,300.33,123343.22478541879
1505088000,288.0,307.97,300.34,298.47,131872.39133529726
1505174400,286.0,316.19,298.47,294.5,193866.55976529664
1505260800,256.41,294.5,294.5,275.71,330075.2574009222
1505347200,221.3,280.75,275.71,223.85,517628.83837306034
1505433600,202.25,270.0,223.85,260.88,667601.6147890642
1505520000,247.1,278.0,260.87,255.84,194274.19114785275
1505606400,240.15,272.0,255.85,259.66,127514.7477236979
1505692800,259.65,303.78,259.66,298.0,298159.19059603754
1505779200,275.25,301.0,298.0,282.8,172905.19747077863
1505865600,278.04,293.71,282.94,283.55,108924.54300683927
1505952000,252.55,286.99,283.55,258.11,211064.486454442
1506038400,254.01,272.0,258.11,263.88,120473.05688254905
1506124800,260.02,286.63,263.88,286.03,79343.85352780046
1506211200,276.23,294.89,286.03,283.21,95448.66822106387
1506297600,282.66,296.7,283.21,294.41,90047.41873010772
1506384000,286.0,295.48,294.41,288.77,64069.94729666109
1506470400,288.25,312.75,288.77,309.85,121905.91012242743
1506556800,298.1,310.0,309.86,302.33,94872.87426244779
1506643200,278.0,302.6,302.33,291.88,165269.4542936298
1506729600,291.25,304.69,291.88,301.57,62093.31887724074
1506816000,295.75,303.25,301.57,303.25,42910.47058426907
1506902400,293.73,303.5,303.25,296.72,62589.24548424145
1506988800,287.65,299.0,296.78,292.36,59958.731401971694
1507075200,289.62,295.0,292.36,292.0,42408.16339241611
1507161600,286.44,296.99,292.0,294.89,44754.00010260885
1507248000,294.21,308.5,294.89,307.73,95952.01544809462
1507334400,304.57,314.62,307.73,311.12,66524.2599929714
1507420800,308.62,313.6,311.12,309.2,44581.247115840146
1507507200,285.88,309.32,309.2,297.0,145513.81412244233
1507593600,290.23,305.0,297.0,297.99,88301.33104588652
1507680000,297.53,303.0,297.99,302.0,45397.393331049636
1507766400,300.3,307.0,302.0,302.12,114002.12934218063
1507852800,298.29,345.0,302.12,335.89,272935.4663449467
1507939200,332.46,347.0,335.85,338.37,91560.1787965546
1508025600,320.0,341.0,338.37,336.89,103363.69833460376
1508112000,330.84,350.0,336.89,334.36,140568.92931709837
1508198400,310.5,334.66,334.33,316.37,117184.77122782466
1508284800,287.4,316.53,316.32,313.59,167627.7850259029
1508371200,305.34,316.21,313.59,308.02,84533.88998176866
1508457600,302.0,311.53,308.02,303.15,93615.79061247932
1508544000,291.38,303.74,303.16,300.0,116943.66539023478
1508630400,291.81,306.55,300.0,295.14,62949.25853617261
1508716800,275.46,295.15,295.14,285.83,130402.17444096738
1508803200,280.3,311.7,285.84,296.99,173108.1849816925
1508889600,288.05,300.97,297.0,296.76,73849.46926472323
1508976000,293.81,299.95,296.76,295.98,46574.399426112526
1509062400,291.53,298.98,295.98,297.59,40781.361868649554
1509148800,293.51,297.9,297.48,295.11,27343.700814031705
1509235200,294.29,310.0,295.12,303.38,68441.65699430293
1509321600,302.53,309.69,303.39,306.87,42542.609512910574
1509408000,303.49,309.94,306.87,303.51,61321.873504944735
1509494400,289.51,305.0,303.51,290.82,116200.01340398521
1509580800,278.88,296.0,290.84,285.4,201669.47009235303
1509667200,285.4,308.06,285.4,306.0,121278.9259155116
1509753600,295.0,306.0,306.0,301.66,64934.114093153534
1509840000,295.64,302.0,301.74,296.57,55754.672925995095
1509926400,292.0,304.9,296.58,297.32,89982.42383483441
1510012800,287.0,304.0,297.32,292.42,149214.6574089117
1510099200,291.0,319.89,292.42,307.91,228848.9305621726
1510185600,307.01,329.47,307.92,320.72,163475.6121089604
1510272000,291.3,325.12,320.73,298.04,161067.20506714698
1510358400,297.67,319.94,298.04,315.69,122509.60809553055
1510444800,301.04,316.55,315.7,307.1,178394.29716087473
1510531200,306.5,319.0,307.11,315.56,144149.6345375996
1510617600,315.5,336.91,315.56,335.04,210940.81854212977
1510704000,326.0,340.84,335.04,331.81,132599.03693445094
1510790400,321.91,334.8,331.81,330.21,133357.2413820165
1510876800,326.46,334.3,330.19,332.31,93677.96955770536
1510963200,328.22,349.0,332.31,346.6,108876.68889735345
1511049600,344.0,374.7,346.6,354.59,207184.66996221824
1511136000,354.24,373.75,354.24,368.24,126768.33353275704
1511222400,350.5,372.99,368.25,361.51,199567.01219386072
1511308800,361.0,382.96,361.51,381.73,129268.78480414502
1511395200,376.04,428.6,381.74,406.61,321885.65151342633
1511481600,401.0,479.89,405.99,470.98,340368.28310408676
1511568000,456.0,488.0,470.98,466.77,268991.3123337028
1511654400,451.81,477.65,466.77,473.99,191230.1334001786
1511740800,462.1,492.99,473.99,477.53,232750.63560644267
1511827200,463.6,483.0,477.54,468.52,178477.17493574726
1511913600,402.11,518.13,468.52,434.01,504509.2393106371
1512000000,401.5,470.0,434.01,434.0,362792.3917770966
1512086400,421.57,468.43,434.0,463.82,195042.28293179776
1512172800,451.21,474.96,463.82,460.34,162550.61950810617
1512259200,450.0,483.61,460.35,464.76,168406.1840824869
1512345600,449.4,473.0,465.0,468.22,135881.6448185818
1512432000,451.56,470.0,468.22,457.3,155129.28594103947
1512518400,425.01,461.99,457.29,432.49,350794.7933316422
1512604800,415.01,448.89,432.48,433.28,331265.35032089235
1512691200,420.01,479.1,432.82,463.45,404001.9324124463
1512777600,450.0,535.1,463.45,485.04,546087.7921069446
1512864000,438.0,486.13,485.05,447.51,217222.73758596007
1512950400,445.23,519.49,447.51,518.0,298618.42830752966
1513036800,501.11,714.0,518.0,686.82,880414.6285138201
1513123200,606.0,784.77,686.82,711.94,788810.2549466485
1513209600,660.83,758.61,711.95,705.01,426481.314427316
1513296000,618.0,706.0,705.01,693.5,317738.08294497663
1513382400,684.0,735.0,693.5,703.59,199898.96934682093
1513468800,703.0,746.93,703.62,732.18,170346.55769251953
1513555200,695.0,798.81,732.17,785.65,315316.54415658524
1513641600,770.03,875.0,785.65,826.65,430823.7965438615
1513728000,701.0,833.6,826.65,802.86,341621.86034270027
1513814400,767.15,845.0,802.86,796.98,249158.0342287041
1513900800,460.0,799.95,796.99,682.11,838333.7075454326
1513987200,670.0,774.99,682.11,732.8,203541.12167044586
1514073600,641.14,734.86,732.76,697.04,173771.97844969603
1514160000,693.5,759.88,697.05,740.5,125674.39108453318
1514246400,738.07,771.0,740.5,755.07,101773.71791330125
1514332800,706.0,767.0,755.06,739.99,127591.20059006847
1514419200,676.03,742.31,740.0,719.5,184326.69108709987
1514505600,710.11,755.0,719.5,748.89,155197.6194133233
1514592000,691.1,748.9,748.9,710.58,135158.05759633312
1514678400,699.0,751.0,710.58,741.27,89046.32619997922
1514764800,727.14,764.97,741.24,759.03,87373.91807107844
1514851200,759.02,878.5,759.03,865.0,370297.53412656346
1514937600,850.11,949.98,865.0,938.31,306429.59301269107
1515024000,906.01,994.89,938.16,949.0,316789.1444131173
1515110400,935.0,1015.0,949.0,969.27,277336.89907312655
1515196800,961.23,1009.11,969.27,1006.68,126055.07938105796
1515283200,1003.02,1118.3,1006.68,1118.3,180421.3811783842
1515369600,950.0,1228.99,1118.3,1137.01,387469.76404883683
1515456000,1115.3,1297.58,1137.01,1290.01,279791.70870032255
1515542400,1207.61,1386.99,1290.01,1246.94,387651.3658204063
1515628800,1083.97,1335.0,1246.95,1137.01,403959.4696034328
1515715200,1089.0,1285.0,1137.01,1260.0,217366.6120978697
1515801600,1259.99,1419.96,1260.0,1386.02,206582.69060966725
1515888000,1256.01,1389.11,1386.01,1365.46,148722.9606761615
1515974400,1267.01,1380.97,1365.46,1278.63,130051.33806395096
1516060800,852.0,1285.57,1278.77,1080.0,670579.1274235444
1516147200,757.0,1165.0,1080.01,1028.06,855358.49923268
1516233600,951.0,1100.0,1028.06,1025.78,355917.72900489555
1516320000,993.4,1093.0,1025.77,1037.45,168397.26483980895
1516406400,1036.08,1164.97,1037.45,1150.02,166622.96451295048
1516492800,1010.01,1151.0,1150.02,1047.13,159392.87159852122
1516579200,917.0,1080.0,1047.13,999.68,221261.49715422906
1516665600,905.0,1019.0,999.69,984.03,215041.5596293858
1516752000,952.0,1056.99,984.03,1056.99,157023.51520936989
1516838400,1014.88,1098.74,1056.99,1040.0,170302.90601321525
1516924800,987.54,1071.75,1040.0,1045.57,145279.41373954498
1517011200,1029.29,1119.0,1045.58,1100.0,120967.00298683054
1517097600,1087.94,1224.0,1100.0,1215.01,178921.71416049654
1517184000,1137.2,1221.74,1215.01,1162.27,132314.59021536718
1517270400,1025.0,1171.0,1162.28,1054.39,243673.5356597208
1517356800,1013.25,1121.03,1054.39,1105.01,178908.02933394327
1517443200,930.0,1143.0,1105.01,1017.48,341682.4036155566
1517529600,726.43,1020.48,1017.48,911.99,589104.973665487
1517616000,841.61,998.0,912.0,969.4,198322.13077481033
1517702400,783.27,970.4,969.4,826.0,218567.04152165898
1517788800,614.02,857.5,826.01,693.54,620503.476005985
1517875200,555.56,807.5,694.3,783.83,761449.8687750224
1517961600,718.03,864.68,783.85,750.04,361969.2961231519
1518048000,747.82,843.0,750.05,812.0,185676.9084543834
1518134400,780.0,879.2,812.0,875.99,168801.92673636714
1518220800,815.0,908.76,875.99,849.47,160252.17730641455
1518307200,780.0,851.77,849.46,811.35,104301.3477261119
1518393600,810.99,874.03,811.38,864.4,90917.94534927994
1518480000,826.0,867.48,864.4,840.49,72278.78800057045
1518566400,839.45,924.7,840.49,920.26,173242.24797318963
1518652800,905.49,948.23,920.24,929.3,140094.29996704508
1518739200,910.8,944.92,929.3,936.02,83382.60414034923
1518825600,934.2,976.79,936.02,974.99,75150.09895847042
1518912000,909.1,982.99,975.0,912.41,100689.17618039614
1518998400,911.0,956.0,913.4,939.01,53603.31486945002
1519084800,875.0,958.0,939.01,884.76,120860.09152592569
1519171200,817.01,908.17,884.77,840.34,135617.6849783464
1519257600,790.01,870.0,840.31,806.0,105441.63263859565
1519344000,786.0,883.89,806.0,854.01,105229.98814944676
1519430400,808.37,874.66,854.01,833.2,66461.87856068887
1519516800,816.89,849.26,833.2,841.96,39655.67873161906
1519603200,835.0,877.5,841.96,867.09,67393.57255543744
1519689600,860.5,894.0,867.1,871.07,65115.18078472266
1519776000,848.21,887.5,871.07,849.99,60718.32991208214
1519862400,845.54,878.0,849.99,868.74,51017.40160064857
1519948800,845.85,873.12,868.75,854.31,46202.19655423891
1520035200,851.04,866.72,854.3,854.34,35046.39119509726
1520121600,836.3,865.0,854.34,861.74,36133.84216419891
1520208000,848.83,866.0,861.74,848.83,40939.25762816858
1520294400,800.89,849.97,848.83,815.43,62303.87684310759
1520380800,724.0,825.0,815.44,751.38,138790.6230596258
1520467200,686.0,774.0,751.38,698.83,111033.83291380329
1520553600,641.6,734.0,698.81,728.46,172479.751951843
1520640000,680.2,749.0,728.46,683.6,69514.86138118948
1520726400,666.0,735.0,683.6,719.79,67833.9368056923
1520812800,678.0,739.0,719.79,696.51,76011.78070289905
1520899200,679.78,713.45,696.51,690.39,64071.98898314988
1520985600,585.52,702.5,690.32,614.63,152936.33206745787
1521072000,571.16,621.47,614.63,610.99,149125.13959752565
1521158400,585.0,626.13,611.0,600.51,88999.7578611836
1521244800,541.11,609.94,600.52,549.79,105868.44633026945
1521331200,450.0,587.74,549.79,538.0,444996.5694867332
1521417600,516.4,560.9,538.01,555.55,185103.8659744528
1521504000,515.97,567.04,555.44,558.0,161094.31337963312
1521590400,545.2,589.75,558.0,559.98,119344.11951372125
1521676800,517.6,578.73,559.99,539.89,96278.54186842532
1521763200,507.84,543.04,539.9,543.04,87444.12330509644
1521849600,517.7,545.94,543.04,519.57,53609.184967060704
1521936000,510.2,536.0,519.58,522.55,51311.99948665041
1522022400,466.1,525.0,522.55,486.75,151611.18882043022
1522108800,445.0,493.0,486.75,449.0,163326.70003858852
1522195200,439.18,464.89,449.0,445.47,96044.05480342801
1522281600,379.1,448.0,445.72,383.29,291790.20860221406
1522368000,365.0,411.0,383.3,394.46,285613.76464981603
1522454400,388.88,438.77,394.47,394.54,157959.32002544898
1522540800,360.0,400.65,394.73,378.18,110854.71306806721
1522627200,375.36,393.96,378.69,384.0,91316.63533049703
1522713600,380.89,421.59,384.0,416.28,165871.58692267895
1522800000,370.08,418.0,416.29,378.43,120039.45534576057
1522886400,366.54,387.2,378.42,381.55,92587.28752723275
1522972800,363.33,386.21,381.55,370.32,96737.30368152558
1523059200,369.2,395.9,370.32,384.61,62793.95880031977
1523145600,384.61,404.4,384.62,399.9,70956.2682800877
1523232000,388.0,432.0,399.9,398.8,131507.36350856628
1523318400,392.25,418.26,398.8,415.45,69641.56857810862
1523404800,410.11,433.83,415.45,430.81,91622.11843098757
1523491200,413.81,497.0,430.82,493.41,247901.99883252787
1523577600,481.18,529.36,493.42,495.76,236190.06849987927
1523664000,488.0,513.86,495.76,502.4,77288.58337972026
1523750400,502.4,534.57,502.4,533.74,101647.4919453174
1523836800,498.29,537.5,534.0,511.28,130833.40553435957
1523923200,500.49,522.0,511.29,502.42,96075.4629838271
1524009600,501.2,526.49,502.43,525.89,98209.17829483633
1524096000,521.18,569.95,525.9,567.29,134411.53008299862
1524182400,557.4,622.22,567.29,617.17,186456.04306218534
1524268800,571.61,624.21,617.17,605.16,105009.75223953577
1524355200,590.7,643.47,605.16,620.07,93457.05655858699
1524441600,618.7,647.47,620.08,642.85,93438.79057025429
1524528000,642.85,711.0,642.85,703.38,207432.2088265954
1524614400,578.75,704.0,703.38,617.49,341753.1321357778
1524700800,600.0,667.0,617.5,661.0,146333.96139104367
1524787200,638.33,685.91,661.01,643.11,115972.93900681152
1524873600,638.7,693.15,643.11,682.0,75723.74389189652
1524960000,666.04,696.71,682.01,687.51,68368.91701606846
1525046400,662.11,692.45,688.0,669.81,91361.21901578915
1525132800,627.2,675.01,669.82,670.75,156063.5087486166
1525219200,660.63,689.98,670.74,685.02,100628.76956069852
1525305600,684.0,784.76,685.65,775.51,191789.96696334486
1525392000,757.1,805.31,775.51,783.01,150930.8137470794
1525478400,778.5,824.67,783.01,812.0,98235.93594644674
1525564800,750.7,828.97,812.0,784.28,105785.20251979274
1525651200,695.11,789.98,784.88,752.42,224751.46118775193
1525737600,720.0,776.0,752.43,746.99,127866.64018000402
1525824000,708.8,759.5,746.99,750.0,100749.1706849152
1525910400,723.01,768.0,750.0,723.51,89474.93122690415
1525996800,662.18,735.19,723.51,678.05,185449.6282950994
1526083200,637.65,692.39,678.05,684.66,107293.6781786276
1526169600,671.0,740.31,684.7,729.29,81103.16280839402
1526256000,684.0,746.06,729.29,726.9,165753.73999014986
1526342400,694.75,738.0,726.91,706.08,96338.62404551533
1526428800,677.55,710.44,706.09,707.45,87514.17705221604
1526515200,661.0,717.17,707.45,668.56,83371.98413747332
1526601600,656.5,694.71,668.56,694.5,84705.56811111467
1526688000,676.84,715.76,694.5,695.96,51170.47405966918
1526774400,687.7,723.0,695.97,714.0,51101.819789397545
1526860800,686.05,717.0,714.0,696.77,49333.838364688505
1526947200,638.0,699.0,696.77,640.5,102245.02351161424
1527033600,563.27,648.46,640.13,577.2,214277.00788171677
1527120000,545.36,609.21,577.2,602.64,136301.37139650105
1527206400,568.27,616.0,602.65,584.02,99236.15798387806
1527292800,577.65,606.0,584.02,584.99,44816.9545925593
1527379200,556.0,589.5,585.0,570.75,54447.187573479634
1527465600,507.0,575.0,570.75,511.33,115798.9035820049
1527552000,510.91,573.64,511.33,566.66,136870.26448726395
1527638400,541.23,585.92,566.65,557.22,99280.18226372998
1527724800,553.6,589.0,557.22,577.1,97490.97141172648
1527811200,561.11,588.0,577.1,578.89,97542.89157134056
1527897600,571.75,600.0,578.89,590.46,64556.397835340336
1527984000,590.46,627.83,590.46,618.63,54854.12321288086
1528070400,576.15,626.55,618.63,591.5,67675.41029984037
1528156800,574.31,612.0,591.51,607.6,75119.33350356872
1528243200,592.63,611.69,607.6,606.18,77784.30617622977
1528329600,594.0,615.26,606.19,603.56,94570.66934484073
1528416000,591.0,607.0,603.56,598.59,39745.525757839445
1528502400,591.81,608.0,598.6,593.41,26760.919876629097
1528588800,505.0,593.41,593.4,525.25,141898.8585954217
1528675200,509.97,536.85,525.25,531.68,113031.38761269607
1528761600,485.0,538.99,531.68,494.14,122320.0678331058
1528848000,450.11,502.4,494.14,476.02,166480.9222503997
1528934400,459.45,530.0,476.03,519.75,217414.2040841628
1529020800,481.57,521.0,519.75,487.45,101900.01652787798
1529107200,484.12,502.97,487.45,497.31,44819.05559346151
1529193600,493.33,507.83,496.99,496.5,35010.3763730683
1529280000,488.0,525.0,496.5,517.47,72652.07643733048
1529366400,514.45,547.4,517.47,538.5,71898.4320783305
1529452800,516.67,541.8,538.5,536.0,63547.69322909081
1529539200,521.5,544.23,536.0,525.49,52812.93095589006
1529625600,449.02,525.65,525.5,462.01,159791.62948729642
1529712000,457.87,481.74,462.01,475.17,48107.42304877663
1529798400,421.1,476.9,475.18,454.79,148560.95361397765
1529884800,445.0,473.27,454.79,458.41,82314.39474814724
1529971200,429.0,460.72,458.41,429.08,77287.09072129926
1530057600,420.12,446.21,429.08,441.41,72740.76141835727
1530144000,417.0,443.78,441.5,420.0,58039.794060829714
1530230400,404.22,442.0,420.01,434.6,99455.54144852918
1530316800,434.5,462.49,434.5,453.29,58390.14222717329
1530403200,444.85,455.87,453.3,451.43,34160.78132273788
1530489600,442.79,481.99,451.43,476.34,73534.77529081884
1530576000,459.11,486.76,476.34,461.75,70832.60330543849
1530662400,451.35,482.01,461.75,466.9,58200.73415566905
1530748800,457.85,477.99,466.9,467.25,55188.9661168695
1530835200,451.68,474.99,467.24,469.3,42719.95857762878
1530921600,462.0,486.69,469.3,484.48,32601.96576380836
1531008000,479.31,494.74,484.49,486.08,39467.50855776897
1531094400,469.0,488.0,486.09,471.6,45759.94503975049
1531180800,427.88,473.0,471.6,432.59,100653.53249181814
1531267200,425.34,448.54,432.71,446.25,70922.7962617299
1531353600,418.23,447.17,446.25,431.46,52128.112663519394
1531440000,425.1,442.31,431.38,432.8,51448.547547218564
1531526400,428.13,440.0,432.8,434.13,24290.887655227594
1531612800,431.29,454.21,434.14,449.41,36806.02882990878
1531699200,444.05,479.92,449.42,478.18,65260.26179401581
1531785600,466.1,510.79,478.19,499.01,96530.54645421456
1531872000,468.85,515.88,499.01,478.81,98509.85475242021
1531958400,462.07,483.88,478.92,468.39,52575.205161999365
1532044800,441.0,468.73,468.38,448.21,63234.79857008039
1532131200,442.0,468.85,448.21,461.5,33370.033000766845
1532217600,455.0,471.74,461.5,456.9,30446.66805581865
1532304000,445.66,469.3,456.9,449.0,60608.227508009615
1532390400,447.99,483.92,449.0,478.79,87158.87844857483
1532476800,463.55,484.43,478.79,470.81,64251.60038847989
1532563200,460.0,483.88,470.81,461.42,47750.55806917888
1532649600,454.25,473.33,461.43,469.3,43939.155255989484
1532736000,461.25,471.01,469.3,468.12,19179.64218383005
1532822400,462.0,471.37,468.12,466.01,20117.805093840092
1532908800,446.0,469.0,466.01,456.46,51144.290945159766
1532995200,449.66,457.3,456.47,451.24,7635.122985859988
1533081600,431.83,435.48,432.36,431.84,4839.174715820029
