1546380600,0.999,0.999,0.999,0.999,113.12
1546382100,0.998999,0.998999,0.998999,0.998999,17000.0
1546382400,0.998999,0.998999,0.998999,0.998999,2429.7
1546384800,0.998999,0.998999,0.998999,0.998999,138.98
1546391700,0.999,0.999,0.999,0.999,1197.6
1546398900,0.999,0.999,0.999,0.999,1.0
1546408200,0.998999,0.998999,0.998999,0.998999,2900.0
1546413600,0.998999,0.998999,0.998999,0.998999,14250.0
1546420500,0.998999,0.998999,0.998999,0.998999,96562.15
1546431300,0.998999,0.998999,0.998999,0.998999,10024.2
1546432500,0.998999,0.998999,0.998999,0.998999,4743.61
1546432800,0.998999,0.998999,0.998999,0.998999,10407.45
1546433400,0.998999,0.998999,0.998999,0.998999,2000.0
1546434300,0.998999,0.998999,0.998999,0.998999,3015.72
1546437300,0.998999,0.998999,0.998999,0.998999,5002.14
1546444800,0.998999,0.998999,0.998999,0.998999,6030.84
1546445400,0.998999,0.998999,0.998999,0.998999,228.47
1546450200,0.998999,0.998999,0.998999,0.998999,10000.0
1546451100,0.998999,0.998999,0.998999,0.998999,1928.89
1546455600,0.998999,0.998999,0.998999,0.998999,8543.09
1546457400,0.998999,0.999,0.999,0.998999,7587.23
1546467000,0.999,0.999,0.999,0.999,99074.0
1546472100,0.999,0.999,0.999,0.999,3400.0
1546472400,0.999,0.999,0.999,0.999,100.0
1546472700,0.998999,0.998999,0.998999,0.998999,100.0
1546476900,0.998999,0.998999,0.998999,0.998999,1200.0
1546478700,0.999,0.999,0.999,0.999,3.0
1546479000,0.999,0.999,0.999,0.999,3.0
1546479300,0.998999,0.998999,0.998999,0.998999,3073.0
1546481700,0.998999,0.998999,0.998999,0.998999,10001.0
