1547819400,3607.55,3610.0,3609.66,3607.56,7.51
1547819700,3604.32,3607.56,3607.56,3605.63,15.17
1547820000,3604.67,3605.63,3605.63,3605.41,9.83
1547820300,3603.0,3605.41,3605.41,3603.88,16.65
1547820600,3603.39,3607.88,3603.88,3607.71,25.58
1547820900,3604.0,3609.01,3607.71,3604.62,16.72
1547821200,3603.0,3604.1,3603.03,3603.01,9.84
1547821500,3602.29,3603.01,3603.01,3602.49,8.25
1547821800,3602.29,3602.59,3602.5,3602.3,19.96
1547822100,3602.3,3605.5,3602.3,3605.48,21.81
1547822400,3602.07,3607.71,3605.49,3606.47,31.46
1547822700,3605.53,3608.14,3606.47,3607.92,20.57
1547823000,3607.0,3608.47,3607.85,3607.99,20.93
1547823300,3606.01,3608.0,3608.0,3606.31,14.35
1547823600,3606.0,3608.97,3606.12,3608.97,14.83
1547823900,3608.96,3613.14,3608.96,3612.2,27.58
1547824200,3612.66,3620.85,3612.67,3617.09,25.09
1547824500,3612.42,3617.09,3617.09,3614.87,9.96
1547824800,3613.97,3617.09,3614.87,3617.07,20.67
1547825100,3617.08,3623.24,3617.08,3619.38,21.39
1547825400,3616.49,3619.37,3619.37,3616.94,26.18
1547825700,3616.48,3620.0,3616.94,3620.0,12.46
1547826000,3619.66,3623.16,3620.0,3619.67,11.77
1547826300,3618.56,3621.59,3619.67,3620.59,16.17
1547826600,3619.21,3623.37,3620.59,3623.37,29.29
1547826900,3623.36,3625.0,3623.37,3625.0,12.46
1547827200,3620.0,3625.0,3625.0,3620.01,26.95
1547827500,3616.73,3620.81,3620.01,3617.02,20.24
1547827800,3611.63,3619.17,3617.08,3613.37,42.36
1547828100,3609.69,3613.37,3613.37,3609.7,21.29
1547828400,3608.7,3609.7,3609.69,3608.71,24.93
1547828700,3608.7,3608.71,3608.71,3608.71,16.04
1547829000,3606.77,3608.71,3608.71,3607.1,32.6
1547829300,3606.46,3608.0,3607.11,3607.59,15.56
1547829600,3607.58,3609.71,3607.59,3609.71,13.29
1547829900,3605.0,3609.71,3609.71,3605.95,18.99
1547830200,3605.95,3608.09,3605.95,3608.08,12.9
1547830500,3608.08,3610.82,3608.08,3610.59,17.7
1547830800,3610.58,3610.59,3610.59,3610.59,10.84
1547831100,3610.58,3611.38,3610.59,3610.63,11.79
1547831400,3610.62,3612.22,3610.63,3612.05,15.32
1547831700,3610.24,3612.05,3612.05,3611.0,25.23
1547832000,3610.99,3612.2,3611.0,3612.2,30.91
1547832300,3612.2,3613.73,3612.2,3613.01,13.29
1547832600,3603.55,3613.01,3613.01,3607.59,72.49
1547832900,3604.07,3607.94,3607.58,3604.24,35.3
1547833200,3602.91,3607.48,3604.25,3607.0,15.98
1547833500,3601.99,3607.0,3606.99,3604.17,18.36
1547833800,3588.0,3604.44,3604.41,3591.6,75.42
1547834100,3591.6,3598.73,3591.6,3595.01,31.37
1547834400,3593.0,3595.01,3595.01,3595.0,25.11
1547834700,3594.99,3596.5,3595.0,3596.49,21.28
1547835000,3596.49,3599.5,3596.5,3599.11,34.87
1547835300,3597.06,3599.5,3599.09,3599.01,21.49
1547835600,3599.0,3600.0,3599.01,3600.0,13.93
1547835900,3599.99,3600.0,3600.0,3599.99,25.45
1547836200,3599.99,3602.0,3600.0,3601.95,14.59
1547836500,3600.12,3604.0,3601.95,3603.4,19.16
1547836800,3603.4,3603.41,3603.41,3603.4,26.43
1547837100,3599.0,3603.41,3603.41,3599.0,38.46
1547837400,3599.0,3599.12,3599.01,3599.12,11.68
1547837700,3599.0,3599.12,3599.12,3599.12,21.73
1547838000,3598.0,3599.12,3599.12,3598.69,19.55
1547838300,3597.3,3598.69,3598.69,3597.55,12.89
1547838600,3597.29,3597.55,3597.54,3597.55,21.84
1547838900,3597.54,3597.55,3597.55,3597.55,16.69
1547839200,3597.54,3598.13,3597.55,3597.91,8.7
1547839500,3597.51,3597.91,3597.91,3597.51,21.78
1547839800,3596.55,3597.51,3597.51,3596.55,23.17
1547840100,3595.0,3596.56,3596.56,3595.33,14.05
1547840400,3592.66,3595.33,3595.33,3592.67,30.68
1547840700,3580.16,3598.26,3592.67,3598.25,241.27
1547841000,3596.17,3599.0,3598.26,3596.18,21.36
1547841300,3596.18,3600.19,3596.18,3600.19,37.99
1547841600,3600.19,3607.81,3600.19,3607.81,58.67
1547841900,3607.81,3609.99,3607.81,3609.99,38.02
1547842200,3599.99,3610.0,3609.99,3606.0,68.28
1547842500,3603.5,3606.0,3606.0,3605.6,9.31
1547842800,3605.59,3608.63,3605.6,3608.63,16.12
1547843100,3608.0,3609.99,3608.63,3608.57,12.82
1547843400,3605.59,3608.57,3608.57,3605.6,93.86
1547843700,3605.59,3605.65,3605.6,3605.65,14.64
1547844000,3605.64,3605.67,3605.65,3605.67,10.5
1547844300,3603.0,3607.0,3605.67,3605.63,78.91
1547844600,3603.01,3606.4,3605.63,3605.62,17.05
1547844900,3603.0,3607.0,3605.62,3607.0,18.67
1547845200,3603.4,3607.25,3606.71,3605.07,17.71
1547845500,3605.09,3608.0,3606.57,3607.95,32.26
1547845800,3607.02,3610.0,3607.43,3609.99,20.85
1547846100,3608.53,3610.0,3609.95,3609.99,9.95
1547846400,3609.97,3613.73,3610.0,3613.52,45.37
1547846700,3612.64,3616.32,3613.52,3614.51,41.08
1547847000,3612.2,3614.51,3614.5,3612.99,10.14
1547847300,3612.19,3614.0,3612.99,3613.1,22.85
1547847600,3612.0,3614.0,3612.93,3612.79,16.3
1547847900,3612.14,3615.5,3612.78,3612.82,49.69
1547848200,3611.05,3613.78,3613.32,3611.89,141.67
1547848500,3610.85,3611.89,3611.89,3611.54,5.71
1547848800,3609.97,3612.09,3611.63,3609.98,37.66
1547849100,3609.97,3612.0,3609.98,3611.95,43.6
1547849400,3611.93,3617.9,3611.94,3617.01,79.68
1547849700,3615.76,3618.45,3617.01,3617.06,67.28
1547850000,3617.08,3618.51,3617.1,3618.5,21.86
1547850300,3617.58,3618.51,3618.51,3617.58,37.84
1547850600,3617.58,3617.59,3617.59,3617.59,29.83
1547850900,3617.58,3617.59,3617.59,3617.59,22.4
1547851200,3612.0,3617.59,3617.59,3612.01,14.16
1547851500,3612.01,3612.31,3612.01,3612.31,18.63
1547851800,3612.0,3612.32,3612.31,3612.01,9.04
1547852100,3609.5,3612.01,3612.01,3609.51,13.46
1547852400,3606.24,3609.52,3609.52,3606.82,21.8
1547852700,3606.81,3606.82,3606.82,3606.82,26.08
1547853000,3606.6,3609.55,3606.82,3607.9,37.4
1547853300,3607.01,3611.31,3607.01,3610.76,26.42
1547853600,3610.76,3612.0,3610.76,3612.0,5.82
1547853900,3611.99,3612.0,3611.99,3612.0,13.24
1547854200,3611.87,3612.02,3612.0,3612.01,29.36
1547854500,3607.74,3612.03,3612.01,3609.22,20.03
1547854800,3606.39,3609.57,3609.22,3607.86,9.02
1547855100,3607.23,3609.84,3607.86,3608.09,12.58
1547855400,3606.39,3608.55,3608.09,3608.55,11.72
1547855700,3607.22,3608.65,3608.54,3607.85,12.02
1547856000,3607.04,3618.39,3607.85,3610.91,29.93
1547856300,3608.51,3611.68,3610.91,3611.68,17.63
1547856600,3610.43,3612.79,3611.67,3611.58,17.1
1547856900,3609.94,3611.89,3611.58,3610.57,7.28
1547857200,3609.57,3611.48,3610.57,3611.45,11.32
1547857500,3609.22,3611.17,3611.13,3610.5,13.75
1547857800,3608.53,3610.5,3610.48,3609.48,12.62
1547858100,3604.9,3609.88,3609.48,3606.32,43.39
1547858400,3606.31,3606.32,3606.32,3606.32,14.27
1547858700,3606.31,3606.32,3606.31,3606.32,8.55
1547859000,3606.31,3606.32,3606.32,3606.32,15.91
1547859300,3606.31,3606.48,3606.32,3606.48,7.63
1547859600,3606.47,3609.32,3606.48,3609.3,8.38
1547859900,3609.3,3611.05,3609.3,3610.32,16.06
1547860200,3610.31,3613.5,3610.32,3611.84,11.31
1547860500,3611.84,3613.0,3611.84,3612.77,60.06
1547860800,3612.76,3613.31,3612.77,3613.05,10.97
1547861100,3612.75,3613.05,3613.05,3612.76,5.61
1547861400,3612.75,3613.31,3612.76,3613.31,10.89
1547861700,3613.21,3613.81,3613.31,3613.81,10.85
1547862000,3613.11,3614.3,3613.81,3613.23,12.68
1547862300,3611.71,3613.75,3613.23,3612.86,26.68
1547862600,3612.98,3614.0,3613.44,3614.0,13.13
1547862900,3613.99,3616.0,3614.0,3616.0,19.77
1547863200,3616.0,3618.51,3616.0,3618.51,11.04
1547863500,3616.01,3618.51,3618.51,3617.5,12.84
1547863800,3617.18,3618.5,3617.18,3618.4,9.59
1547864100,3618.39,3618.5,3618.4,3618.49,17.91
1547864400,3618.49,3621.92,3618.5,3621.91,77.48
1547864700,3621.91,3621.92,3621.92,3621.92,8.09
1547865000,3621.91,3622.0,3621.92,3621.92,11.22
1547865300,3621.91,3624.66,3621.92,3622.74,17.06
1547865600,3622.73,3626.1,3622.74,3625.0,44.63
1547865900,3624.99,3625.0,3624.99,3624.99,26.82
1547866200,3625.0,3626.02,3625.0,3626.02,9.8
1547866500,3621.91,3626.02,3626.02,3621.91,11.61
1547866800,3621.91,3626.82,3621.92,3623.7,15.3
1547867100,3621.92,3624.7,3623.69,3624.21,12.11
1547867400,3622.68,3624.97,3624.2,3624.97,11.39
1547867700,3624.97,3624.98,3624.97,3624.98,7.9
1547868000,3624.98,3625.98,3624.98,3625.98,9.38
1547868300,3625.0,3625.98,3625.97,3625.01,17.53
1547868600,3623.49,3625.01,3625.01,3623.73,9.31
1547868900,3623.72,3624.66,3623.73,3623.81,7.67
1547869200,3621.91,3623.81,3623.8,3622.83,10.54
1547869500,3620.0,3622.78,3622.35,3620.06,12.02
1547869800,3620.0,3621.31,3620.06,3621.31,13.38
1547870100,3621.31,3623.8,3621.31,3622.92,9.78
1547870400,3622.91,3622.92,3622.92,3622.92,6.09
1547870700,3622.91,3622.98,3622.92,3622.98,16.54
1547871000,3622.97,3623.81,3622.98,3623.81,6.53
1547871300,3623.8,3623.99,3623.81,3623.99,10.19
1547871600,3624.01,3629.99,3624.01,3626.3,80.8
1547871900,3625.15,3626.38,3625.98,3625.77,8.65
1547872200,3624.0,3626.39,3625.77,3625.12,15.36
1547872500,3624.01,3626.12,3625.12,3624.7,9.63
1547872800,3621.98,3625.45,3625.44,3624.7,16.43
1547873100,3621.85,3624.96,3623.99,3623.08,11.66
1547873400,3622.09,3624.2,3623.67,3622.83,14.44
1547873700,3622.09,3624.26,3623.35,3624.26,7.53
1547874000,3622.3,3625.23,3624.25,3624.7,11.6
1547874300,3623.82,3627.13,3624.7,3626.54,6.69
1547874600,3625.11,3626.54,3626.54,3626.15,6.55
1547874900,3625.09,3627.8,3626.15,3627.16,6.11
1547875200,3627.16,3628.16,3627.16,3627.83,3.67
1547875500,3626.63,3627.83,3627.83,3627.5,8.06
1547875800,3622.0,3627.79,3627.5,3622.22,6.89
1547876100,3614.63,3622.22,3622.03,3616.31,36.32
1547876400,3616.24,3616.31,3616.31,3616.25,11.43
1547876700,3616.24,3616.31,3616.25,3616.31,3.89
1547877000,3616.3,3616.31,3616.31,3616.31,4.54
1547877300,3616.3,3616.93,3616.31,3616.93,6.85
1547877600,3616.92,3622.49,3616.92,3622.49,13.63
1547877900,3622.0,3622.49,3622.49,3622.0,5.36
1547878200,3622.0,3622.11,3622.01,3622.11,4.53
1547878500,3622.1,3622.11,3622.11,3622.11,4.68
1547878800,3622.0,3622.11,3622.11,3622.11,4.43
1547879100,3622.0,3622.46,3622.11,3622.0,5.41
1547879400,3620.36,3622.48,3622.02,3622.12,18.25
1547879700,3619.68,3622.5,3620.58,3621.02,4.94
1547880000,3619.52,3621.99,3621.02,3621.04,5.05
1547880300,3620.99,3621.04,3621.04,3621.0,2.01
1547880600,3616.3,3621.0,3621.0,3617.54,3.56
1547880900,3616.48,3618.77,3617.39,3618.77,10.95
1547881200,3618.4,3621.0,3618.77,3618.82,3.63
1547881500,3618.58,3620.0,3618.82,3619.99,3.73
1547881800,3620.0,3621.94,3620.0,3621.53,3.04
1547882100,3620.47,3621.53,3621.53,3620.48,5.56
1547882400,3620.0,3621.99,3620.48,3621.46,13.48
1547882700,3619.39,3621.46,3621.46,3620.37,12.42
1547883000,3618.39,3620.37,3620.37,3619.31,2.12
1547883300,3617.8,3619.31,3619.3,3618.34,5.0
1547883600,3617.83,3619.81,3618.34,3617.83,4.59
1547883900,3618.83,3618.99,3618.86,3618.99,4.11
1547884200,3618.98,3620.53,3618.99,3620.53,3.7
1547884500,3618.82,3620.53,3620.53,3618.98,2.7
1547884800,3618.97,3620.81,3618.98,3620.11,3.42
1547885100,3620.1,3621.85,3620.11,3621.84,5.04
1547885400,3621.85,3623.0,3621.85,3622.75,7.69
1547885700,3621.99,3623.0,3622.75,3623.0,3.99
1547886000,3622.99,3623.0,3623.0,3622.99,5.16
1547886300,3621.99,3623.0,3623.0,3622.0,2.12
1547886600,3621.09,3622.0,3622.0,3621.68,3.3
1547886900,3620.79,3623.0,3621.68,3623.0,1.95
1547887200,3622.99,3623.0,3623.0,3623.0,1.49
1547887500,3623.02,3624.01,3623.02,3624.0,1.71
1547887800,3624.0,3624.01,3624.0,3624.01,1.31
1547888100,3624.0,3624.76,3624.01,3624.76,2.85
1547888400,3624.75,3625.0,3624.76,3624.75,1.26
1547888700,3624.0,3624.76,3624.76,3624.72,1.97
1547889000,3624.71,3624.72,3624.72,3624.72,2.08
1547889300,3624.71,3624.72,3624.72,3624.72,2.76
1547889600,3624.72,3626.75,3624.72,3626.75,9.6
1547889900,3624.22,3626.75,3626.75,3624.22,2.62
1547890200,3623.02,3624.22,3624.22,3623.02,4.23
1547890500,3623.01,3625.31,3623.02,3624.73,4.84
1547890800,3624.29,3625.32,3624.74,3624.42,3.01
1547891100,3624.42,3626.0,3624.42,3625.81,4.65
1547891400,3625.31,3626.32,3625.81,3626.05,14.95
1547891700,3624.43,3626.05,3626.05,3624.43,1.99
1547892000,3624.43,3765.9,3624.43,3751.67,1316.54
1547892300,3725.49,3756.62,3753.49,3731.22,179.15
1547892600,3724.89,3736.29,3731.21,3730.61,37.12
1547892900,3724.0,3736.87,3731.7,3729.35,47.07
1547893200,3727.0,3731.48,3729.36,3729.99,35.73
1547893500,3729.89,3735.28,3730.0,3732.99,28.68
1547893800,3733.4,3736.64,3733.4,3736.19,8.96
1547894100,3731.21,3737.46,3736.66,3731.21,3.94
1547894400,3724.1,3730.91,3730.91,3729.18,17.18
1547894700,3721.0,3729.18,3729.18,3721.61,19.18
1547895000,3721.39,3724.08,3722.57,3724.07,35.58
1547895300,3724.08,3728.7,3724.08,3726.26,6.08
1547895600,3725.7,3729.94,3725.7,3727.72,6.38
1547895900,3724.54,3728.95,3727.48,3728.58,28.71
1547896200,3727.98,3730.0,3728.23,3729.18,5.96
1547896500,3727.59,3732.66,3729.18,3729.52,39.02
1547896800,3728.0,3729.48,3729.46,3728.0,47.15
1547897100,3721.0,3728.01,3728.01,3721.58,18.17
1547897400,3715.0,3721.58,3721.58,3719.42,104.02
1547897700,3719.41,3719.42,3719.42,3719.42,5.13
1547898000,3718.09,3719.42,3719.41,3718.87,16.71
1547898300,3715.64,3718.86,3718.86,3716.35,12.86
1547898600,3716.34,3716.35,3716.35,3716.35,8.14
1547898900,3716.34,3719.0,3716.35,3719.0,15.94
1547899200,3718.99,3722.95,3719.0,3720.17,17.46
1547899500,3720.0,3720.18,3720.18,3720.01,10.04
1547899800,3718.99,3720.01,3720.01,3719.0,7.94
1547900100,3715.82,3719.0,3718.99,3715.82,10.46
1547900400,3715.87,3716.5,3716.5,3715.88,18.42
1547900700,3715.87,3715.88,3715.88,3715.88,8.64
1547901000,3715.0,3718.22,3715.88,3718.22,23.69
1547901300,3718.21,3722.94,3718.22,3722.42,8.46
1547901600,3722.41,3722.5,3722.46,3722.5,4.09
1547901900,3722.49,3722.5,3722.49,3722.5,10.72
1547902200,3722.49,3722.5,3722.5,3722.49,5.45
1547902500,3722.41,3722.5,3722.5,3722.42,20.34
1547902800,3719.59,3722.42,3722.41,3719.6,9.52
