1553883900,4083.64,4084.0,4083.9,4083.99,14.96
1553884200,4083.99,4088.84,4084.0,4088.84,64.81
1553884500,4086.23,4089.99,4088.84,4089.98,85.25
1553884800,4089.71,4089.99,4089.98,4089.98,17.76
1553885100,4089.97,4089.99,4089.98,4089.99,20.83
1553885400,4089.98,4090.0,4089.99,4090.0,32.56
1553885700,4089.99,4095.52,4090.0,4095.52,36.75
1553886000,4086.15,4096.0,4095.52,4086.88,163.46
1553886300,4086.88,4089.16,4086.89,4089.16,22.34
1553886600,4087.2,4089.16,4089.15,4089.15,25.08
1553886900,4088.38,4089.99,4089.16,4089.98,11.73
1553887200,4088.0,4089.98,4089.98,4088.72,18.87
1553887500,4088.0,4089.13,4088.01,4089.12,18.23
1553887800,4088.02,4089.58,4089.12,4089.18,21.56
1553888100,4089.15,4089.99,4089.19,4089.98,22.93
1553888400,4089.15,4089.99,4089.98,4089.16,23.65
1553888700,4089.15,4089.99,4089.15,4089.57,16.81
1553889000,4085.05,4089.99,4089.15,4086.2,64.04
1553889300,4078.0,4086.06,4085.05,4078.82,129.43
1553889600,4077.29,4079.68,4078.82,4077.3,24.84
1553889900,4077.29,4079.82,4077.3,4079.77,30.78
1553890200,4075.6,4080.09,4079.77,4076.99,61.7
1553890500,4074.05,4077.99,4077.0,4075.02,28.03
1553890800,4074.64,4077.3,4075.02,4074.99,115.33
1553891100,4074.99,4076.68,4075.0,4076.68,12.44
1553891400,4075.85,4077.22,4076.68,4077.09,29.52
1553891700,4076.13,4077.5,4077.09,4077.43,26.77
1553892000,4074.4,4077.49,4077.49,4075.03,45.14
1553892300,4074.25,4076.03,4075.69,4074.88,19.48
1553892600,4072.01,4074.88,4074.88,4072.5,31.66
1553892900,4072.0,4072.89,4072.5,4072.88,10.34
1553893200,4072.88,4076.13,4072.89,4076.13,18.15
1553893500,4076.13,4078.5,4076.13,4078.07,28.2
1553893800,4077.15,4080.57,4078.07,4080.57,30.95
1553894100,4079.99,4082.0,4080.57,4081.75,14.78
1553894400,4079.99,4081.76,4081.76,4080.01,19.35
1553894700,4073.51,4080.05,4080.0,4076.87,39.7
1553895000,4075.24,4078.73,4076.91,4075.58,10.81
1553895300,4073.82,4078.62,4078.3,4075.57,26.1
1553895600,4075.84,4079.86,4078.62,4079.85,12.85
1553895900,4078.72,4080.0,4079.85,4080.0,9.79
1553896200,4079.99,4081.48,4080.0,4081.47,10.85
1553896500,4081.0,4086.06,4081.47,4086.01,55.53
1553896800,4086.0,4086.01,4086.0,4086.0,13.77
1553897100,4086.0,4086.79,4086.01,4086.39,13.88
1553897400,4082.95,4087.01,4086.36,4083.66,34.2
1553897700,4081.47,4085.84,4083.67,4083.31,13.45
1553898000,4082.54,4085.37,4083.31,4085.37,10.54
1553898300,4081.01,4084.44,4084.44,4083.85,11.66
1553898600,4081.74,4084.99,4081.74,4084.34,11.25
1553898900,4082.39,4085.79,4084.35,4085.68,15.68
1553899200,4083.62,4085.98,4085.68,4085.41,9.5
1553899500,4082.98,4085.98,4085.98,4084.38,12.49
1553899800,4083.92,4086.85,4084.37,4086.8,8.62
1553900100,4081.01,4086.85,4086.28,4081.04,10.07
1553900400,4081.03,4083.16,4081.04,4082.79,18.66
1553900700,4081.38,4084.49,4082.76,4082.08,19.47
1553901000,4082.09,4085.7,4083.62,4085.69,13.09
1553901300,4084.24,4087.29,4085.69,4087.29,14.37
1553901600,4085.83,4090.0,4087.26,4090.0,63.58
1553901900,4086.84,4093.16,4090.0,4086.84,26.84
1553902200,4085.21,4089.2,4086.33,4088.01,39.2
1553902500,4087.95,4090.0,4088.0,4090.0,23.97
1553902800,4089.84,4094.57,4090.0,4090.0,43.67
1553903100,4089.99,4095.14,4090.0,4094.1,55.23
1553903400,4090.0,4096.02,4094.7,4090.01,42.87
1553903700,4090.0,4091.81,4090.01,4091.01,33.0
1553904000,4091.0,4094.76,4091.01,4094.03,17.61
1553904300,4089.01,4094.03,4094.02,4090.0,14.27
1553904600,4090.0,4097.0,4090.0,4095.48,21.88
1553904900,4094.46,4096.99,4096.49,4096.63,14.68
1553905200,4095.0,4102.99,4096.63,4102.99,95.34
1553905500,4103.0,4115.0,4103.0,4111.39,113.32
1553905800,4106.0,4116.0,4112.5,4106.02,82.59
1553906100,4106.03,4118.7,4106.03,4118.7,59.97
1553906400,4116.0,4120.2,4118.69,4120.01,45.25
1553906700,4120.0,4131.87,4120.01,4128.5,102.46
1553907000,4121.0,4130.97,4128.51,4121.05,44.06
1553907300,4116.57,4124.2,4122.69,4120.0,16.3
1553907600,4119.0,4122.89,4119.99,4119.01,24.02
1553907900,4111.88,4119.01,4119.01,4112.45,21.78
1553908200,4111.51,4120.0,4112.45,4118.53,27.07
1553908500,4117.75,4123.36,4120.0,4120.09,21.32
1553908800,4117.17,4121.45,4120.04,4120.61,32.29
1553909100,4117.2,4121.75,4120.61,4119.26,15.07
1553909400,4118.35,4121.26,4119.26,4119.4,21.78
1553909700,4111.24,4119.4,4119.4,4111.24,32.07
1553910000,4111.25,4114.05,4111.26,4113.06,19.07
1553910300,4113.05,4113.06,4113.05,4113.06,12.91
1553910600,4113.06,4121.73,4113.06,4117.58,78.67
1553910900,4114.51,4117.45,4117.45,4116.51,21.53
1553911200,4114.5,4116.51,4116.51,4115.59,15.16
1553911500,4114.51,4116.27,4115.58,4115.76,8.89
1553911800,4115.01,4116.97,4115.76,4116.47,14.95
1553912100,4115.43,4116.55,4116.52,4116.06,10.07
1553912400,4115.45,4119.06,4116.06,4118.01,17.67
1553912700,4118.0,4119.06,4118.01,4119.05,11.76
1553913000,4119.04,4119.99,4119.06,4119.18,11.14
1553913300,4118.01,4119.99,4119.19,4118.02,14.68
1553913600,4118.0,4119.51,4118.01,4118.01,12.9
1553913900,4118.0,4118.01,4118.01,4118.0,25.92
1553914200,4113.06,4118.01,4118.01,4113.35,64.85
1553914500,4113.09,4117.29,4113.35,4113.09,17.26
1553914800,4112.0,4116.27,4114.81,4112.0,20.38
1553915100,4108.24,4112.01,4112.01,4108.25,23.3
1553915400,4106.5,4108.63,4108.25,4106.8,28.2
1553915700,4089.64,4106.8,4106.8,4093.28,94.8
1553916000,4092.75,4098.06,4093.29,4094.18,25.49
1553916300,4087.3,4095.23,4094.41,4093.45,82.26
1553916600,4090.99,4095.24,4093.44,4095.24,69.72
1553916900,4095.23,4096.0,4095.24,4095.99,81.18
1553917200,4092.44,4096.0,4095.99,4092.44,33.97
1553917500,4089.31,4091.44,4091.44,4089.31,13.42
1553917800,4086.85,4089.3,4089.3,4087.0,17.92
1553918100,4087.41,4091.05,4087.48,4087.42,7.44
1553918400,4071.09,4087.42,4087.42,4075.55,140.27
1553918700,4072.11,4080.36,4075.55,4072.11,40.32
1553919000,4042.51,4072.73,4072.73,4062.77,548.9
1553919300,4050.0,4062.78,4062.77,4061.0,58.1
1553919600,4057.03,4060.84,4059.8,4060.84,15.14
1553919900,4060.83,4064.99,4060.83,4064.56,14.25
1553920200,4064.55,4072.35,4064.56,4072.35,21.2
1553920500,4070.07,4074.99,4072.35,4070.09,38.69
1553920800,4067.84,4070.09,4070.09,4067.85,14.07
1553921100,4066.81,4073.54,4067.84,4073.53,20.37
1553921400,4073.54,4077.13,4073.54,4074.93,6.99
1553921700,4074.92,4077.08,4074.92,4076.42,6.69
1553922000,4073.53,4076.43,4076.43,4075.98,13.91
1553922300,4074.94,4078.79,4075.98,4078.71,5.38
1553922600,4077.74,4080.0,4078.71,4080.0,4.42
1553922900,4079.99,4080.0,4079.99,4080.0,19.85
1553923200,4079.99,4080.0,4079.99,4080.0,2.74
1553923500,4079.99,4087.39,4080.0,4086.62,24.61
1553923800,4085.83,4086.62,4086.62,4086.62,8.05
1553924100,4085.02,4086.62,4086.62,4085.03,13.75
1553924400,4085.02,4085.03,4085.03,4085.03,32.13
1553924700,4082.4,4087.46,4085.03,4083.34,14.19
1553925000,4080.48,4083.74,4083.35,4080.49,7.65
1553925300,4080.49,4090.68,4080.49,4090.68,19.58
1553925600,4091.45,4094.81,4091.45,4092.7,13.17
1553925900,4092.69,4095.6,4092.7,4095.6,10.98
1553926200,4092.62,4096.0,4095.6,4092.62,7.12
1553926500,4090.47,4092.63,4092.63,4090.47,4.96
1553926800,4088.14,4090.48,4090.48,4088.15,4.75
1553927100,4088.14,4088.15,4088.15,4088.14,8.38
1553927400,4088.14,4088.15,4088.15,4088.15,10.47
1553927700,4088.14,4091.7,4088.65,4091.5,7.82
1553928000,4088.15,4091.5,4091.5,4090.0,9.36
1553928300,4086.59,4090.0,4090.0,4087.21,7.16
1553928600,4086.9,4090.87,4087.76,4090.51,4.05
1553928900,4090.5,4090.91,4090.51,4090.5,8.76
1553929200,4086.05,4090.51,4090.51,4086.05,5.32
1553929500,4085.84,4085.85,4085.85,4085.85,3.14
1553929800,4085.84,4085.85,4085.85,4085.85,2.66
1553930100,4084.78,4085.85,4085.85,4084.78,5.82
1553930400,4082.64,4084.77,4084.77,4082.64,3.76
1553930700,4082.64,4083.0,4082.65,4083.0,2.5
1553931000,4082.99,4088.51,4083.0,4088.51,3.5
1553931300,4087.59,4089.76,4088.51,4088.01,8.87
1553931600,4087.86,4088.02,4088.02,4087.87,6.77
1553931900,4086.82,4087.87,4087.87,4086.83,4.78
1553932200,4086.82,4086.83,4086.83,4086.83,2.28
1553932500,4086.82,4086.83,4086.83,4086.83,3.08
1553932800,4084.86,4086.83,4086.82,4084.86,6.28
1553933100,4082.63,4084.87,4084.87,4082.64,2.16
1553933400,4080.5,4083.94,4082.64,4080.5,3.4
1553933700,4080.0,4083.5,4080.5,4082.11,3.78
1553934000,4081.22,4083.18,4082.99,4082.68,3.22
1553934300,4077.78,4082.68,4082.68,4077.78,5.31
1553934600,4073.85,4077.78,4077.78,4077.69,72.32
1553934900,4075.53,4077.69,4077.69,4077.04,2.77
1553935200,4077.04,4077.08,4077.08,4077.05,2.26
1553935500,4077.04,4081.14,4077.05,4081.14,4.2
1553935800,4079.43,4081.95,4081.14,4081.95,1.87
1553936100,4079.98,4081.95,4081.95,4079.98,2.61
1553936400,4076.35,4079.98,4079.98,4076.7,4.77
1553936700,4076.7,4081.95,4076.7,4081.95,9.19
1553937000,4081.94,4081.95,4081.95,4081.95,0.927
1553937300,4081.94,4081.95,4081.95,4081.95,2.95
1553937600,4081.94,4081.95,4081.95,4081.95,1.15
1553937900,4081.94,4081.95,4081.95,4081.95,1.95
1553938200,4081.94,4081.95,4081.95,4081.94,3.29
1553938500,4081.94,4081.95,4081.95,4081.95,2.87
1553938800,4081.94,4081.95,4081.95,4081.95,1.23
1553939100,4081.94,4083.82,4081.95,4083.56,4.86
1553939400,4081.95,4083.56,4083.56,4081.95,2.88
1553939700,4076.21,4081.94,4081.78,4076.67,6.4
1553940000,4076.66,4076.67,4076.66,4076.67,5.43
1553940300,4076.66,4076.67,4076.67,4076.67,3.06
1553940600,4076.66,4076.67,4076.67,4076.67,1.36
1553940900,4073.54,4076.67,4076.66,4073.54,2.59
1553941200,4073.53,4076.97,4073.55,4076.97,1.61
1553941500,4076.96,4078.85,4076.97,4078.54,4.51
1553941800,4073.55,4078.86,4078.57,4073.55,11.78
1553942100,4074.0,4075.38,4074.0,4075.37,1.66
1553942400,4073.56,4075.38,4075.38,4073.56,1.28
1553942700,4073.53,4073.56,4073.56,4073.54,2.98
1553943000,4067.65,4073.54,4073.54,4067.66,8.81
1553943300,4067.65,4071.53,4067.66,4071.53,6.75
1553943600,4070.98,4073.03,4071.52,4071.71,4.55
1553943900,4070.39,4071.7,4071.7,4071.04,1.43
1553944200,4071.03,4074.03,4071.03,4074.03,5.85
1553944500,4074.02,4075.54,4074.02,4075.54,3.6
1553944800,4075.54,4077.59,4075.54,4077.59,6.96
1553945100,4077.6,4080.51,4077.6,4080.5,32.02
1553945400,4080.5,4082.82,4080.5,4082.73,8.04
1553945700,4081.02,4083.37,4082.8,4081.74,5.47
1553946000,4081.09,4081.78,4081.12,4081.75,4.15
1553946300,4080.94,4082.45,4081.78,4082.3,2.58
1553946600,4081.38,4083.83,4082.29,4083.83,3.62
1553946900,4083.39,4084.99,4084.03,4084.99,1.78
1553947200,4082.83,4085.0,4085.0,4084.76,4.78
1553947500,4084.75,4085.0,4084.76,4085.0,1.78
1553947800,4084.99,4085.1,4085.0,4085.1,11.23
1553948100,4085.09,4085.1,4085.1,4085.1,2.9
1553948400,4085.09,4085.1,4085.1,4085.1,3.84
1553948700,4082.6,4085.1,4085.1,4082.6,11.83
1553949000,4081.98,4083.07,4082.6,4082.91,3.33
1553949300,4082.28,4083.07,4082.91,4083.07,4.53
1553949600,4083.06,4083.07,4083.06,4083.06,6.35
1553949900,4083.06,4083.07,4083.06,4083.07,7.62
1553950200,4083.06,4085.21,4083.07,4084.8,12.9
1553950500,4084.79,4085.5,4084.79,4085.5,2.24
1553950800,4085.49,4085.5,4085.5,4085.5,8.32
1553951100,4085.49,4085.5,4085.5,4085.5,6.21
1553951400,4085.49,4085.5,4085.5,4085.49,2.6
1553951700,4085.49,4086.72,4085.5,4085.5,17.14
1553952000,4080.0,4085.5,4085.5,4080.01,15.96
1553952300,4075.52,4080.01,4080.01,4077.69,11.7
1553952600,4076.32,4082.62,4077.69,4081.79,9.79
1553952900,4081.69,4084.1,4081.69,4082.01,8.99
1553953200,4082.0,4082.72,4082.02,4082.01,13.97
1553953500,4076.19,4082.01,4082.01,4076.2,71.32
1553953800,4076.19,4076.2,4076.2,4076.2,9.73
1553954100,4076.19,4076.2,4076.2,4076.2,14.73
1553954400,4076.19,4076.2,4076.2,4076.2,15.17
1553954700,4076.19,4076.2,4076.2,4076.2,10.07
1553955000,4076.19,4076.2,4076.2,4076.2,9.81
1553955300,4076.19,4076.2,4076.19,4076.2,6.41
1553955600,4076.19,4076.2,4076.19,4076.2,19.74
1553955900,4076.19,4076.2,4076.2,4076.2,10.15
1553956200,4076.0,4076.2,4076.2,4076.01,16.18
1553956500,4073.17,4076.01,4076.01,4073.17,10.68
1553956800,4073.0,4073.18,4073.18,4073.01,10.18
1553957100,4072.89,4073.17,4073.01,4073.17,13.46
1553957400,4073.17,4076.5,4073.17,4076.5,35.76
1553957700,4076.49,4077.61,4076.5,4077.6,16.87
1553958000,4077.6,4080.31,4077.61,4079.53,20.13
1553958300,4078.59,4080.84,4079.53,4079.81,15.45
1553958600,4074.01,4079.81,4079.81,4074.02,8.52
1553958900,4073.0,4076.83,4074.02,4075.68,17.85
1553959200,4075.68,4078.83,4076.8,4077.56,22.81
1553959500,4077.56,4077.56,4077.56,4077.56,0.451
1553959800,4077.03,4078.95,4078.54,4078.08,7.36
1553960100,4073.01,4078.72,4078.72,4073.02,11.32
1553960400,4071.2,4074.27,4073.02,4071.21,17.51
1553960700,4071.01,4074.6,4071.2,4074.54,12.5
1553961000,4063.79,4074.54,4074.54,4063.79,32.38
1553961300,4062.19,4067.34,4063.02,4067.01,22.16
1553961600,4065.01,4067.01,4067.01,4067.01,24.83
1553961900,4067.0,4074.14,4067.01,4072.81,50.28
1553962200,4071.55,4074.14,4071.55,4073.4,9.07
1553962500,4070.85,4073.41,4073.41,4071.09,14.44
1553962800,4070.16,4071.61,4071.09,4071.6,11.99
1553963100,4069.01,4073.98,4071.61,4070.67,9.46
1553963400,4065.19,4070.67,4070.67,4068.33,12.36
1553963700,4058.0,4069.39,4068.33,4066.64,87.76
1553964000,4060.18,4066.65,4066.65,4066.6,34.78
1553964300,4066.33,4070.96,4066.6,4070.1,9.56
1553964600,4070.1,4073.96,4070.1,4073.92,19.16
1553964900,4071.22,4078.95,4073.92,4078.21,34.42
1553965200,4075.4,4078.95,4078.94,4076.98,19.4
1553965500,4076.99,4078.95,4076.99,4078.1,40.26
1553965800,4075.65,4078.92,4078.1,4076.77,12.28
1553966100,4072.0,4077.25,4076.75,4072.32,10.07
1553966400,4070.64,4072.8,4072.33,4071.74,10.24
1553966700,4067.9,4074.57,4071.75,4070.85,51.1
1553967000,4068.92,4073.44,4070.85,4073.43,13.76
1553967300,4072.77,4074.29,4072.78,4074.28,13.2
1553967600,4070.0,4074.28,4074.28,4072.88,29.93
1553967900,4072.87,4072.88,4072.88,4072.88,5.94
1553968200,4071.32,4072.88,4072.87,4072.69,6.84
1553968500,4071.33,4072.76,4072.76,4072.72,9.48
1553968800,4072.71,4073.69,4072.72,4073.68,9.14
1553969100,4073.68,4077.04,4073.69,4076.5,16.58
1553969400,4072.01,4077.04,4076.49,4074.03,36.96
1553969700,4073.49,4075.12,4073.49,4074.96,8.76
1553970000,4072.56,4074.96,4074.06,4072.56,9.89
1553970300,4072.57,4074.78,4073.55,4074.75,4.99
1553970600,4073.86,4075.0,4074.75,4075.0,9.19
1553970900,4074.99,4078.04,4074.99,4078.04,8.08
1553971200,4077.53,4079.97,4078.04,4077.73,6.79
1553971500,4075.5,4079.92,4079.92,4076.69,7.23
1553971800,4076.68,4078.68,4076.69,4077.21,9.65
1553972100,4077.21,4077.22,4077.22,4077.22,5.71
1553972400,4077.21,4077.22,4077.22,4077.22,9.61
1553972700,4077.21,4077.22,4077.22,4077.21,8.93
1553973000,4077.22,4079.99,4077.22,4079.0,6.15
1553973300,4078.0,4079.01,4079.01,4078.01,7.65
1553973600,4078.0,4078.01,4078.01,4078.01,8.51
1553973900,4077.25,4078.01,4078.01,4077.55,6.06
1553974200,4077.34,4078.0,4077.55,4077.36,5.25
1553974500,4077.35,4077.43,4077.37,4077.36,10.86
1553974800,4077.0,4077.36,4077.36,4077.36,7.71
1553975100,4077.35,4079.65,4077.36,4078.48,26.67
1553975400,4077.32,4079.99,4078.48,4079.98,20.51
1553975700,4077.01,4079.98,4079.98,4077.02,8.07
1553976000,4077.0,4079.08,4077.02,4079.02,9.81
1553976300,4077.93,4080.0,4078.05,4079.99,8.0
1553976600,4079.99,4080.04,4080.0,4080.01,19.29
1553976900,4078.86,4080.01,4080.01,4079.18,13.31
1553977200,4078.13,4079.77,4079.77,4078.78,8.67
1553977500,4078.33,4079.79,4079.48,4079.79,11.08
1553977800,4078.82,4079.96,4079.79,4079.56,8.21
1553978100,4078.82,4079.99,4079.56,4079.98,6.8
1553978400,4077.85,4080.0,4079.98,4079.99,16.32
1553978700,4078.31,4079.99,4079.99,4079.73,16.25
1553979000,4078.07,4079.99,4079.73,4079.99,20.05
1553979300,4078.14,4079.99,4079.99,4079.93,7.11
1553979600,4078.84,4080.65,4079.93,4080.64,13.26
1553979900,4079.99,4081.65,4080.32,4081.33,20.92
1553980200,4081.31,4082.6,4081.33,4082.53,12.03
1553980500,4081.3,4085.65,4082.54,4085.65,18.9
1553980800,4084.03,4086.46,4084.03,4086.46,17.91
1553981100,4085.78,4086.46,4085.78,4085.82,17.46
1553981400,4085.78,4086.46,4085.82,4086.46,14.24
1553981700,4085.78,4087.32,4086.46,4087.29,15.86
1553982000,4087.0,4087.63,4087.29,4087.0,23.39
1553982300,4085.78,4087.16,4087.16,4087.16,7.32
1553982600,4087.15,4087.16,4087.16,4087.16,11.11
1553982900,4087.14,4087.16,4087.15,4087.15,10.16
1553983200,4087.14,4087.15,4087.14,4087.14,9.41
1553983500,4082.55,4087.15,4087.15,4084.11,10.22
1553983800,4082.15,4084.12,4084.11,4082.15,12.98
1553984100,4081.56,4083.11,4082.16,4083.11,15.6
1553984400,4083.1,4083.56,4083.11,4083.56,7.34
1553984700,4083.55,4084.07,4083.56,4084.07,10.42
1553985000,4084.06,4084.07,4084.07,4084.07,6.48
1553985300,4084.06,4084.07,4084.07,4084.07,7.0
1553985600,4077.02,4084.07,4084.07,4079.07,40.18
1553985900,4079.08,4079.09,4079.08,4079.09,6.55
1553986200,4079.08,4079.09,4079.09,4079.09,5.67
1553986500,4079.08,4084.97,4079.09,4084.97,19.13
1553986800,4084.96,4087.15,4084.97,4085.52,15.75
1553987100,4085.52,4087.15,4085.53,4087.15,6.47
1553987400,4087.14,4090.89,4087.15,4090.65,23.08
1553987700,4090.64,4090.89,4090.65,4090.89,10.25
1553988000,4090.07,4090.89,4090.88,4090.08,18.44
1553988300,4090.0,4090.24,4090.08,4090.24,9.4
1553988600,4090.23,4091.0,4090.24,4091.0,6.8
1553988900,4091.0,4092.0,4091.0,4091.94,10.62
1553989200,4090.0,4092.0,4091.94,4090.01,15.9
1553989500,4090.0,4092.63,4090.0,4092.63,8.64
1553989800,4092.62,4095.0,4092.63,4095.0,11.54
1553990100,4094.13,4095.0,4095.0,4094.14,6.76
1553990400,4094.14,4095.0,4094.14,4095.0,4.53
1553990700,4094.99,4097.91,4095.0,4097.87,16.49
1553991000,4097.31,4101.65,4097.88,4100.9,28.94
1553991300,4100.89,4103.0,4100.9,4102.13,6.96
1553991600,4098.02,4102.64,4102.14,4101.14,51.96
1553991900,4093.0,4101.14,4099.69,4093.93,12.3
1553992200,4090.01,4093.93,4093.93,4090.02,10.55
1553992500,4086.14,4090.44,4090.02,4089.55,22.63
1553992800,4086.3,4089.53,4089.53,4087.84,9.33
1553993100,4085.0,4088.0,4087.84,4087.99,15.26
1553993400,4088.0,4091.47,4088.0,4089.01,12.0
1553993700,4086.36,4089.01,4089.01,4087.62,6.22
1553994000,4087.61,4087.62,4087.62,4087.62,4.93
1553994300,4087.61,4090.62,4087.61,4090.35,9.34
1553994600,4089.08,4090.35,4090.35,4090.18,5.24
1553994900,4089.12,4094.18,4090.18,4094.17,7.9
1553995200,4090.83,4094.18,4094.17,4093.62,7.43
1553995500,4093.61,4094.47,4093.61,4094.46,10.78
1553995800,4091.38,4094.47,4094.41,4092.44,7.72
1553996100,4091.51,4093.64,4091.51,4093.02,7.99
1553996400,4089.67,4093.64,4093.02,4089.7,8.57
1553996700,4086.35,4090.91,4090.91,4086.89,6.54
1553997000,4086.03,4088.63,4086.89,4088.63,6.48
1553997300,4088.62,4089.38,4088.63,4088.76,6.06
1553997600,4088.01,4089.38,4088.99,4088.91,5.54
1553997900,4085.01,4089.38,4088.61,4085.21,10.89
1553998200,4079.36,4086.75,4085.2,4086.73,70.84
1553998500,4085.67,4088.54,4086.73,4088.54,6.73
1553998800,4086.28,4088.54,4088.53,4086.67,5.74
1553999100,4086.67,4089.69,4088.35,4088.78,10.06
1553999400,4084.0,4088.67,4088.67,4084.0,8.59
1553999700,4082.66,4085.0,4084.01,4082.67,24.52
1554000000,4079.43,4083.43,4082.66,4082.22,14.34
1554000300,4079.0,4083.97,4082.2,4079.01,10.24
1554000600,4077.01,4080.07,4079.01,4078.94,7.06
1554000900,4077.96,4080.07,4080.07,4078.95,4.37
1554001200,4077.96,4078.96,4078.95,4078.0,8.15
1554001500,4077.98,4078.9,4078.01,4078.9,4.2
1554001800,4078.89,4079.5,4078.89,4079.5,6.02
1554002100,4079.49,4080.07,4079.5,4080.07,2.85
1554002400,4080.07,4083.95,4080.07,4082.98,7.01
1554002700,4082.97,4085.0,4082.98,4084.98,15.76
1554003000,4084.26,4085.81,4084.98,4085.78,9.65
1554003300,4082.27,4086.31,4085.78,4083.35,10.64
1554003600,4082.21,4084.53,4083.35,4084.5,7.36
1554003900,4083.06,4086.51,4083.15,4084.91,14.67
1554004200,4084.91,4087.62,4086.39,4087.61,7.81
1554004500,4087.0,4089.88,4087.61,4088.14,10.61
1554004800,4087.71,4089.58,4088.15,4088.51,11.1
1554005100,4087.8,4090.58,4089.1,4090.55,15.24
1554005400,4090.54,4092.48,4090.55,4092.47,3.08
1554005700,4089.0,4092.48,4092.47,4092.04,9.31
1554006000,4089.01,4092.13,4092.03,4089.01,4.5
1554006300,4086.18,4089.97,4089.0,4086.6,7.74
1554006600,4082.59,4086.21,4086.21,4082.59,9.43
1554006900,4082.59,4082.91,4082.6,4082.91,5.07
1554007200,4082.91,4084.4,4082.91,4083.43,9.29
1554007500,4083.46,4085.01,4085.0,4085.01,4.11
1554007800,4083.55,4085.35,4085.01,4085.31,3.08
1554008100,4084.0,4085.47,4085.31,4084.16,3.46
1554008400,4083.38,4084.17,4084.17,4083.39,8.09
1554008700,4083.38,4084.99,4083.39,4084.15,7.5
1554009000,4080.25,4084.99,4084.16,4081.31,12.37
1554009300,4080.07,4081.99,4081.31,4080.6,9.03
1554009600,4080.07,4081.85,4081.39,4081.37,7.4
1554009900,4080.02,4081.67,4081.34,4080.82,4.73
1554010200,4080.0,4080.19,4080.19,4080.01,6.75
1554010500,4080.0,4080.01,4080.01,4080.0,4.23
1554010800,4080.0,4080.01,4080.01,4080.01,6.23
1554011100,4080.01,4082.22,4080.01,4082.21,5.68
1554011400,4082.21,4084.05,4082.22,4084.04,9.86
1554011700,4084.04,4084.54,4084.05,4084.54,3.51
1554012000,4084.34,4084.54,4084.54,4084.35,1.8
1554012300,4083.01,4084.35,4084.35,4083.41,6.88
1554012600,4080.68,4083.41,4083.41,4080.69,7.08
1554012900,4080.68,4081.03,4080.69,4081.03,5.1
1554013200,4081.02,4082.99,4081.02,4082.99,2.31
1554013500,4082.01,4082.99,4082.99,4082.01,3.09
1554013800,4082.01,4082.02,4082.02,4082.02,1.77
1554014100,4082.01,4082.02,4082.02,4082.02,3.1
1554014400,4082.01,4082.02,4082.02,4082.01,3.34
1554014700,4082.01,4082.55,4082.02,4082.55,16.11
1554015000,4082.54,4085.0,4082.55,4085.0,15.07
1554015300,4084.47,4085.53,4085.0,4085.15,0.561
1554015600,4084.47,4085.15,4085.14,4084.48,2.46
1554015900,4084.47,4084.5,4084.48,4084.49,5.64
1554016200,4084.49,4084.5,4084.5,4084.49,2.94
1554016500,4080.56,4084.5,4084.5,4080.56,4.7
1554016800,4077.13,4080.57,4080.57,4077.14,8.05
1554017100,4077.13,4077.14,4077.14,4077.14,2.68
1554017400,4077.13,4077.14,4077.14,4077.14,4.13
1554017700,4077.13,4077.14,4077.13,4077.13,5.37
1554018000,4077.13,4080.54,4077.14,4080.14,5.17
1554018300,4079.52,4080.54,4080.13,4079.66,4.88
1554018600,4079.65,4080.64,4079.65,4079.65,1.5
1554018900,4078.18,4079.68,4078.19,4079.61,0.841
1554019200,4079.01,4081.14,4079.6,4079.64,3.29
1554019500,4079.63,4079.64,4079.64,4079.64,2.56
1554019800,4079.63,4079.64,4079.64,4079.64,1.8
1554020100,4079.63,4080.64,4079.64,4080.64,14.6
1554020400,4080.63,4081.88,4080.64,4081.88,15.95
1554020700,4081.88,4083.04,4081.88,4083.03,1.81
1554021000,4083.03,4083.82,4083.03,4083.82,1.63
1554021300,4083.7,4086.0,4083.82,4086.0,2.9
1554021600,4085.0,4085.01,4085.01,4085.01,0.776
1554021900,4085.0,4085.01,4085.01,4085.0,0.912
1554022200,4085.0,4085.01,4085.01,4085.01,1.72
1554022500,4085.0,4085.01,4085.01,4085.0,1.2
1554022800,4085.0,4085.01,4085.01,4085.01,2.0
1554023100,4085.0,4085.01,4085.01,4085.01,6.4
1554023400,4085.0,4085.01,4085.01,4085.01,2.26
1554023700,4085.0,4085.01,4085.01,4085.01,2.04
1554024000,4085.0,4085.01,4085.0,4085.0,4.23
1554024300,4085.0,4085.01,4085.01,4085.0,1.36
1554024600,4085.0,4085.01,4085.01,4085.01,3.48
1554024900,4085.0,4085.01,4085.01,4085.01,3.75
1554025200,4085.0,4085.01,4085.01,4085.01,0.728
1554025500,4085.0,4085.01,4085.01,4085.01,8.62
1554025800,4085.0,4085.01,4085.01,4085.01,3.24
1554026100,4085.0,4085.01,4085.01,4085.01,1.66
1554026400,4085.0,4085.01,4085.01,4085.01,1.15
1554026700,4085.01,4086.0,4085.01,4086.0,0.767
1554027000,4085.97,4085.99,4085.99,4085.98,1.4
1554027300,4085.98,4086.0,4085.98,4085.99,2.8
1554027600,4085.99,4086.99,4086.0,4086.98,24.48
1554027900,4086.97,4088.21,4086.97,4088.21,4.75
1554028200,4088.21,4092.0,4088.21,4092.0,6.08
1554028500,4091.99,4093.0,4092.0,4092.99,2.16
1554028800,4092.98,4092.99,4092.99,4092.99,2.72
1554029100,4092.98,4092.99,4092.99,4092.99,0.638
1554029400,4092.01,4092.99,4092.99,4092.01,3.57
1554029700,4090.0,4092.01,4092.01,4090.0,1.6
1554030000,4090.0,4090.01,4090.01,4090.01,2.54
1554030300,4090.0,4090.01,4090.01,4090.01,6.8
1554030600,4090.0,4090.01,4090.01,4090.01,6.45
1554030900,4090.0,4091.01,4090.0,4091.01,2.05
1554031200,4091.0,4092.9,4091.01,4092.89,3.73
1554031500,4092.89,4094.99,4092.89,4094.99,8.45
1554031800,4094.99,4098.21,4094.99,4096.81,6.82
1554032100,4096.7,4096.81,4096.81,4096.7,2.13
1554032400,4096.2,4096.21,4096.21,4096.21,7.1
1554032700,4096.2,4096.21,4096.21,4096.21,5.48
1554033000,4096.2,4099.0,4096.21,4099.0,23.67
1554033300,4099.0,4099.6,4099.0,4099.58,40.98
1554033600,4096.2,4099.59,4099.58,4097.95,42.88
1554033900,4092.01,4097.95,4097.95,4092.01,10.32
1554034200,4089.91,4092.0,4092.0,4091.84,3.95
1554034500,4085.2,4091.84,4090.92,4087.46,8.23
1554034800,4086.43,4088.63,4087.83,4087.86,4.63
1554035100,4086.21,4088.63,4086.21,4087.88,5.41
1554035400,4086.61,4087.87,4087.19,4086.61,5.43
1554035700,4086.61,4086.62,4086.62,4086.62,2.4
1554036000,4085.01,4086.62,4086.61,4085.05,3.92
1554036300,4085.05,4086.87,4085.06,4086.87,8.48
1554036600,4087.09,4087.62,4087.09,4087.62,7.48
1554036900,4087.1,4088.37,4087.62,4087.98,3.44
1554037200,4087.97,4088.87,4087.98,4088.87,5.07
1554037500,4088.86,4088.88,4088.87,4088.87,8.62
1554037800,4088.98,4089.89,4088.99,4089.88,3.09
1554038100,4089.89,4092.3,4089.89,4091.87,29.57
1554038400,4090.05,4091.87,4091.87,4091.21,5.27
1554038700,4091.21,4092.23,4091.22,4092.23,10.34
1554039000,4092.22,4095.24,4092.23,4095.24,18.0
1554039300,4094.91,4096.18,4095.24,4095.0,5.44
1554039600,4093.91,4095.01,4095.01,4094.99,9.9
1554039900,4090.39,4094.99,4094.98,4091.01,31.22
1554040200,4090.04,4092.62,4091.01,4091.0,5.16
1554040500,4090.01,4091.76,4091.48,4091.5,4.2
1554040800,4090.0,4091.5,4091.5,4090.01,11.02
1554041100,4090.0,4091.71,4090.01,4091.02,17.32
1554041400,4091.01,4091.02,4091.01,4091.01,16.93
1554041700,4091.01,4091.02,4091.02,4091.02,18.39
1554042000,4091.01,4091.02,4091.01,4091.02,57.03
1554042300,4091.01,4091.46,4091.02,4091.46,13.44
1554042600,4091.45,4091.46,4091.46,4091.46,20.6
1554042900,4091.46,4093.97,4091.46,4093.97,6.56
1554043200,4092.66,4093.97,4093.97,4092.67,5.86
1554043500,4092.66,4092.67,4092.67,4092.66,5.79
1554043800,4092.66,4092.67,4092.67,4092.67,14.42
1554044100,4092.66,4094.0,4092.67,4094.0,18.47
1554044400,4093.99,4094.0,4093.99,4094.0,10.66
1554044700,4092.79,4094.89,4094.0,4094.86,12.98
1554045000,4093.12,4095.0,4094.86,4095.0,21.69
1554045300,4094.19,4095.89,4095.0,4094.83,9.12
1554045600,4094.0,4094.91,4094.82,4094.51,15.94
1554045900,4092.73,4094.51,4094.51,4094.02,17.68
1554046200,4094.01,4094.71,4094.03,4094.63,10.94
1554046500,4094.03,4094.99,4094.03,4094.3,9.48
1554046800,4094.02,4094.99,4094.3,4094.02,9.09
1554047100,4091.45,4094.03,4094.02,4092.65,15.97
1554047400,4088.13,4092.65,4092.65,4088.14,51.48
1554047700,4087.0,4088.14,4088.14,4087.01,28.44
1554048000,4087.0,4088.74,4087.01,4088.72,5.75
1554048300,4087.37,4090.13,4088.74,4088.71,5.7
1554048600,4087.01,4089.87,4088.71,4088.27,10.81
1554048900,4087.01,4089.29,4088.28,4088.41,8.9
1554049200,4088.07,4089.02,4088.07,4088.6,6.64
1554049500,4087.0,4089.0,4088.56,4087.62,15.27
1554049800,4087.62,4089.0,4087.63,4089.0,16.42
1554050100,4088.97,4091.36,4089.0,4090.96,10.18
1554050400,4088.99,4091.35,4088.99,4090.15,8.39
1554050700,4089.02,4091.35,4090.96,4090.55,8.29
1554051000,4090.0,4090.56,4090.56,4090.01,5.68
1554051300,4087.9,4090.03,4090.02,4088.95,8.47
1554051600,4087.01,4090.03,4088.95,4088.62,19.36
1554051900,4087.01,4089.44,4088.26,4089.3,23.78
1554052200,4088.88,4089.81,4089.3,4089.76,9.51
1554052500,4087.53,4089.79,4089.76,4088.51,8.33
1554052800,4087.01,4089.24,4088.51,4087.36,7.85
1554053100,4087.36,4089.15,4087.36,4088.17,6.68
1554053400,4087.02,4089.14,4088.18,4088.97,9.72
1554053700,4087.37,4089.12,4088.97,4089.07,11.86
1554054000,4087.07,4089.12,4087.38,4089.12,11.95
1554054300,4087.06,4089.15,4089.11,4088.57,13.71
1554054600,4087.1,4088.88,4088.57,4088.88,7.39
1554054900,4087.71,4089.15,4088.88,4087.88,9.64
1554055200,4088.33,4090.99,4089.14,4090.99,10.79
1554055500,4090.22,4090.99,4090.99,4090.99,10.66
1554055800,4090.98,4090.99,4090.98,4090.99,7.19
1554056100,4090.16,4090.99,4090.99,4090.99,8.79
1554056400,4088.79,4090.99,4090.99,4088.88,7.28
1554056700,4088.24,4088.88,4088.87,4088.88,8.53
1554057000,4088.01,4088.88,4088.87,4088.01,17.17
1554057300,4087.11,4089.0,4088.01,4088.98,11.77
1554057600,4087.9,4089.0,4088.98,4088.99,6.22
1554057900,4089.0,4090.98,4089.0,4090.74,14.83
1554058200,4090.74,4090.99,4090.74,4090.99,10.83
1554058500,4090.97,4090.99,4090.99,4090.98,12.74
1554058800,4090.56,4091.0,4090.98,4091.0,9.35
1554059100,4090.99,4094.0,4090.99,4093.99,8.39
1554059400,4093.98,4094.0,4093.99,4094.0,8.72
1554059700,4093.99,4094.0,4094.0,4093.99,7.28
1554060000,4093.99,4094.0,4093.99,4094.0,9.88
1554060300,4093.99,4094.99,4094.0,4094.99,29.13
1554060600,4094.89,4094.99,4094.99,4094.99,6.43
1554060900,4094.98,4094.99,4094.99,4094.99,15.55
1554061200,4094.98,4094.99,4094.99,4094.99,7.15
1554061500,4094.98,4094.99,4094.99,4094.99,10.42
1554061800,4094.98,4094.99,4094.99,4094.98,17.32
1554062100,4094.98,4094.99,4094.99,4094.99,9.07
1554062400,4094.98,4094.99,4094.99,4094.99,13.71
1554062700,4094.99,4096.99,4094.99,4096.99,18.95
1554063000,4095.76,4098.14,4096.99,4098.13,15.03
1554063300,4095.72,4098.11,4098.1,4095.73,80.05
1554063600,4095.72,4095.73,4095.73,4095.73,11.95
1554063900,4094.31,4095.74,4095.73,4094.32,18.5
1554064200,4092.75,4095.13,4094.32,4094.19,9.85
1554064500,4093.03,4094.2,4094.19,4093.1,12.85
1554064800,4093.05,4093.1,4093.1,4093.06,14.74
1554065100,4093.05,4093.1,4093.06,4093.1,10.03
1554065400,4093.09,4093.1,4093.1,4093.1,15.65
1554065700,4093.06,4093.1,4093.1,4093.1,42.86
1554066000,4092.07,4093.1,4093.1,4092.64,17.04
1554066300,4092.1,4092.64,4092.63,4092.11,9.35
1554066600,4091.27,4092.68,4092.11,4092.67,22.22
1554066900,4090.67,4093.25,4092.67,4093.25,22.98
1554067200,4092.49,4093.26,4093.25,4092.5,7.76
1554067500,4090.0,4092.5,4092.49,4090.33,14.3
1554067800,4087.8,4090.34,4090.33,4090.16,17.77
1554068100,4087.0,4090.15,4090.15,4088.39,19.43
1554068400,4087.02,4090.0,4088.39,4088.7,12.61
1554068700,4088.51,4089.88,4089.11,4089.84,9.35
1554069000,4088.91,4089.88,4089.84,4089.18,9.07
1554069300,4088.5,4090.0,4089.88,4090.0,11.39
1554069600,4088.51,4090.35,4090.0,4090.35,15.07
1554069900,4088.51,4092.13,4090.35,4091.21,16.52
1554070200,4089.56,4091.6,4089.56,4090.0,9.28
1554070500,4089.6,4090.99,4090.0,4090.97,7.45
1554070800,4089.59,4090.94,4090.94,4089.96,7.96
1554071100,4088.5,4091.53,4089.6,4089.1,29.68
1554071400,4090.09,4091.73,4091.09,4091.71,6.61
1554071700,4090.67,4091.71,4091.71,4091.21,22.79
1554072000,4091.2,4091.21,4091.21,4091.2,6.02
1554072300,4088.9,4092.54,4091.21,4092.54,14.23
1554072600,4091.14,4092.53,4092.53,4092.01,7.52
1554072900,4092.01,4094.55,4092.02,4094.55,9.75
1554073200,4094.51,4095.75,4094.54,4095.75,7.66
1554073500,4092.06,4095.75,4095.75,4092.5,5.95
1554073800,4092.49,4094.92,4092.5,4094.31,14.71
1554074100,4092.04,4094.99,4093.82,4092.62,21.91
1554074400,4091.72,4093.55,4092.62,4093.43,10.09
1554074700,4091.67,4094.85,4093.42,4094.74,25.02
1554075000,4092.77,4094.86,4094.74,4094.45,8.36
1554075300,4093.51,4094.5,4094.45,4093.54,8.28
1554075600,4093.01,4094.51,4093.54,4094.51,111.68
1554075900,4094.5,4095.0,4094.51,4095.0,9.9
1554076200,4094.99,4095.0,4095.0,4095.0,17.99
1554076500,4094.99,4095.0,4095.0,4094.99,17.1
1554076800,4094.99,4095.0,4095.0,4094.99,20.45
1554077100,4094.11,4095.0,4095.0,4095.0,22.89
1554077400,4094.12,4095.0,4095.0,4094.14,14.1
1554077700,4091.11,4094.15,4094.14,4091.12,23.69
1554078000,4063.93,4091.12,4091.11,4063.99,192.9
1554078300,4051.53,4085.12,4063.99,4076.96,282.18
1554078600,4075.01,4092.39,4076.95,4091.01,45.64
1554078900,4088.29,4115.4,4091.0,4100.68,359.41
1554079200,4098.72,4120.0,4100.66,4112.86,209.32
1554079500,4112.87,4120.39,4112.87,4114.34,64.23
1554079800,4112.89,4117.0,4114.34,4114.98,39.55
1554080100,4111.0,4118.0,4112.98,4111.01,13.85
1554080400,4111.0,4121.54,4111.01,4120.46,24.43
1554080700,4120.46,4137.92,4120.46,4133.3,288.96
1554081000,4125.66,4132.18,4130.74,4126.19,71.83
1554081300,4121.12,4126.93,4126.93,4125.07,56.64
1554081600,4118.3,4126.23,4125.49,4118.94,43.97
1554081900,4117.27,4122.93,4118.93,4121.72,19.27
1554082200,4117.31,4121.73,4121.73,4117.33,22.28
1554082500,4114.82,4118.98,4117.33,4118.98,50.11
1554082800,4117.73,4120.3,4117.93,4119.32,80.68
1554083100,4113.6,4119.32,4119.32,4113.6,13.63
1554083400,4113.24,4115.63,4113.61,4114.14,23.15
1554083700,4114.1,4115.79,4114.6,4115.79,18.48
1554084000,4115.95,4123.07,4115.95,4123.06,67.13
1554084300,4118.55,4123.01,4123.01,4118.56,24.59
1554084600,4116.06,4118.77,4118.56,4117.11,27.72
1554084900,4117.12,4122.39,4117.12,4122.39,20.98
1554085200,4121.02,4123.72,4122.39,4122.47,9.38
1554085500,4120.34,4123.73,4123.65,4122.8,16.14
1554085800,4122.0,4122.8,4122.03,4122.01,4.84
1554086100,4122.0,4123.7,4122.01,4123.69,9.93
1554086400,4123.7,4124.0,4123.7,4123.99,12.09
1554086700,4122.37,4124.0,4123.98,4123.99,11.56
1554087000,4122.0,4123.99,4123.99,4122.01,8.34
1554087300,4120.41,4123.74,4122.01,4120.43,13.72
1554087600,4120.46,4122.99,4121.19,4122.01,10.64
1554087900,4120.03,4122.01,4122.01,4120.03,20.17
1554088200,4116.54,4120.04,4120.04,4116.58,74.0
1554088500,4116.01,4121.0,4117.02,4119.17,44.17
1554088800,4118.0,4119.18,4119.17,4119.0,9.37
1554089100,4118.0,4119.77,4118.09,4118.39,11.34
1554089400,4118.0,4122.5,4118.38,4121.46,32.38
1554089700,4121.45,4126.86,4121.46,4126.81,30.06
1554090000,4125.27,4133.25,4126.81,4130.04,39.25
1554090300,4126.3,4135.52,4131.93,4126.31,41.85
1554090600,4126.3,4131.4,4126.31,4131.12,7.45
1554090900,4127.0,4131.87,4131.12,4130.0,27.27
1554091200,4123.41,4127.07,4126.74,4123.49,13.15
1554091500,4123.06,4125.31,4123.5,4125.31,13.39
1554091800,4125.3,4126.2,4125.31,4126.0,23.66
1554092100,4124.71,4126.01,4126.01,4124.72,11.8
1554092400,4124.71,4125.0,4124.71,4125.0,12.14
1554092700,4125.0,4126.57,4125.0,4126.56,7.66
1554093000,4126.55,4129.99,4126.56,4129.97,5.06
1554093300,4125.0,4129.97,4129.97,4125.01,8.14
1554093600,4123.6,4125.01,4125.01,4123.61,6.2
1554093900,4123.49,4123.61,4123.61,4123.5,5.49
1554094200,4123.49,4125.35,4123.5,4124.97,9.67
1554094500,4124.96,4126.48,4124.97,4125.16,9.39
1554094800,4125.16,4125.17,4125.16,4125.17,6.38
1554095100,4125.16,4125.17,4125.17,4125.16,11.15
1554095400,4118.0,4125.16,4125.16,4118.04,13.7
1554095700,4118.0,4122.75,4118.04,4120.37,9.84
1554096000,4118.64,4120.37,4120.37,4119.99,6.72
1554096300,4119.15,4120.0,4120.0,4119.98,5.63
1554096600,4119.17,4120.8,4119.99,4120.75,6.18
1554096900,4118.02,4121.39,4120.75,4120.32,2.0
1554097200,4119.4,4121.78,4119.4,4121.01,5.1
1554097500,4119.53,4122.76,4121.01,4122.76,5.11
1554097800,4122.59,4123.54,4122.76,4123.04,5.39
1554098100,4123.03,4123.55,4123.04,4123.55,10.76
1554098400,4123.54,4125.79,4123.55,4125.79,8.79
1554098700,4124.48,4126.5,4125.79,4125.01,6.66
1554099000,4123.05,4125.0,4125.0,4124.76,4.02
1554099300,4123.43,4126.99,4124.76,4126.98,9.24
1554099600,4126.23,4129.97,4127.0,4129.96,6.66
1554099900,4127.36,4129.97,4129.97,4127.49,9.85
1554100200,4127.49,4128.56,4127.5,4128.0,10.76
1554100500,4124.17,4128.01,4128.0,4124.18,5.93
1554100800,4124.01,4124.18,4124.17,4124.01,29.26
1554101100,4124.0,4124.16,4124.02,4124.15,5.93
1554101400,4124.15,4127.1,4124.16,4126.5,25.25
1554101700,4125.7,4128.41,4126.5,4128.4,23.67
1554102000,4128.39,4130.0,4128.4,4129.56,6.61
1554102300,4126.84,4130.0,4129.98,4126.85,17.62
1554102600,4126.33,4129.1,4126.85,4127.79,6.26
1554102900,4127.79,4127.8,4127.8,4127.8,6.0
1554103200,4120.0,4127.8,4127.8,4121.71,39.84
1554103500,4120.19,4124.78,4121.71,4121.78,16.75
1554103800,4120.0,4121.79,4121.79,4120.22,59.39
1554104100,4120.21,4124.0,4120.22,4123.99,7.52
1554104400,4120.19,4124.0,4123.99,4122.21,4.47
1554104700,4120.76,4122.99,4122.21,4122.93,4.94
1554105000,4120.15,4122.93,4122.93,4121.12,2.13
1554105300,4121.11,4122.79,4121.11,4122.79,11.3
1554105600,4110.0,4122.79,4122.79,4110.85,135.1
1554105900,4110.01,4116.58,4112.51,4115.73,90.8
1554106200,4112.96,4116.86,4115.73,4114.95,3.9
1554106500,4111.7,4117.0,4114.47,4116.99,31.62
1554106800,4117.0,4119.99,4117.0,4118.66,5.52
1554107100,4113.12,4118.66,4118.66,4113.48,15.69
1554107400,4113.14,4117.99,4115.03,4117.99,9.34
1554107700,4117.98,4119.74,4117.99,4119.69,8.93
1554108000,4118.12,4121.0,4119.69,4120.77,48.94
1554108300,4119.99,4121.0,4120.77,4120.0,1.68
1554108600,4119.99,4121.0,4120.0,4121.0,4.26
1554108900,4120.99,4123.0,4121.0,4122.99,8.95
1554109200,4122.99,4123.0,4123.0,4123.0,1.39
1554109500,4122.99,4123.0,4123.0,4123.0,2.32
1554109800,4122.99,4123.76,4122.99,4123.76,5.63
1554110100,4123.76,4124.74,4123.76,4124.74,6.83
1554110400,4122.69,4125.0,4124.74,4123.76,1.92
1554110700,4119.53,4123.76,4123.76,4120.89,8.5
1554111000,4120.0,4120.9,4120.89,4120.01,2.02
1554111300,4120.0,4121.57,4120.01,4121.57,7.79
1554111600,4121.5,4121.73,4121.57,4121.73,7.38
1554111900,4116.18,4121.73,4121.73,4116.19,20.03
1554112200,4116.18,4119.97,4116.18,4119.69,5.88
1554112500,4119.68,4121.62,4119.68,4120.72,40.71
1554112800,4121.98,4123.0,4121.99,4123.0,32.14
1554113100,4122.99,4123.0,4123.0,4123.0,2.28
1554113400,4122.99,4124.0,4123.0,4124.0,1.57
1554113700,4122.6,4124.0,4123.99,4122.72,5.89
1554114000,4122.71,4122.72,4122.72,4122.71,2.82
1554114300,4119.31,4122.72,4122.72,4119.35,18.5
1554114600,4118.8,4120.29,4119.36,4118.8,5.55
1554114900,4117.1,4118.06,4118.06,4117.46,2.36
1554115200,4117.0,4118.16,4117.47,4117.01,7.2
1554115500,4111.17,4117.0,4117.0,4111.18,8.84
1554115800,4111.17,4114.0,4111.18,4113.99,7.22
1554116100,4113.99,4117.07,4114.0,4117.06,7.06
1554116400,4115.0,4117.15,4117.07,4117.15,12.83
1554116700,4112.39,4117.15,4117.15,4113.89,8.9
1554117000,4112.29,4116.26,4113.88,4115.31,4.54
1554117300,4115.3,4115.31,4115.31,4115.31,8.41
1554117600,4115.3,4116.8,4115.31,4116.49,10.86
1554117900,4116.49,4116.99,4116.49,4116.98,13.68
1554118200,4116.0,4116.99,4116.99,4116.0,8.96
1554118500,4110.23,4115.31,4115.31,4111.78,55.94
1554118800,4110.5,4114.68,4111.24,4113.21,2.73
1554119100,4111.37,4113.21,4113.21,4112.99,12.65
1554119400,4112.21,4114.0,4112.98,4113.87,8.18
1554119700,4112.0,4113.58,4113.58,4113.01,16.34
1554120000,4113.01,4116.07,4113.01,4115.5,9.65
1554120300,4115.44,4117.0,4115.5,4117.0,13.49
1554120600,4116.99,4119.06,4117.0,4117.17,9.79
1554120900,4117.16,4120.58,4117.17,4120.57,12.35
1554121200,4120.39,4123.0,4120.39,4123.0,7.82
1554121500,4122.99,4125.94,4123.0,4125.68,9.81
1554121800,4121.12,4126.55,4125.69,4121.82,12.19
1554122100,4121.83,4125.25,4121.83,4125.24,55.18
1554122400,4125.23,4125.25,4125.25,4125.25,13.15
1554122700,4125.25,4129.0,4125.25,4128.6,25.42
1554123000,4125.65,4129.16,4126.77,4127.18,22.53
1554123300,4125.4,4127.7,4127.19,4127.69,6.44
1554123600,4125.92,4127.7,4127.7,4127.68,8.36
1554123900,4126.8,4127.69,4127.69,4127.5,8.89
1554124200,4125.96,4127.54,4127.5,4126.36,9.65
1554124500,4124.5,4126.36,4126.36,4124.51,20.76
1554124800,4124.5,4124.6,4124.5,4124.6,10.51
1554125100,4124.5,4126.01,4124.6,4126.0,14.1
1554125400,4124.15,4127.33,4126.0,4126.22,53.18
1554125700,4126.0,4126.6,4126.22,4126.6,18.55
1554126000,4126.59,4129.0,4126.59,4129.0,9.43
1554126300,4128.02,4132.74,4128.99,4132.04,60.51
1554126600,4131.57,4136.35,4131.57,4136.32,44.1
1554126900,4135.0,4137.0,4136.32,4137.0,20.05
1554127200,4135.0,4140.0,4137.0,4139.18,112.41
1554127500,4139.18,4140.01,4139.18,4140.01,50.79
1554127800,4138.0,4141.4,4140.01,4138.0,41.36
1554128100,4135.0,4138.01,4138.01,4135.01,28.01
1554128400,4135.0,4141.4,4135.01,4141.32,30.81
1554128700,4141.0,4142.9,4141.32,4141.01,24.64
1554129000,4140.7,4145.3,4141.01,4144.01,50.49
1554129300,4141.82,4146.0,4144.01,4145.99,29.32
1554129600,4145.0,4149.5,4149.45,4145.0,39.81
1554129900,4138.01,4145.89,4145.01,4138.02,137.5
1554130200,4135.0,4138.49,4138.02,4138.34,78.39
1554130500,4134.99,4138.34,4138.34,4135.0,19.92
1554130800,4134.0,4137.25,4135.0,4134.01,34.47
1554131100,4131.85,4137.05,4134.01,4137.05,16.18
1554131400,4136.36,4137.25,4137.05,4137.04,28.11
1554131700,4137.03,4137.04,4137.04,4137.04,17.65
1554132000,4137.03,4139.8,4137.04,4139.01,119.01
1554132300,4139.0,4139.01,4139.01,4139.0,20.45
1554132600,4139.0,4139.01,4139.0,4139.01,15.93
1554132900,4137.03,4139.01,4139.01,4137.03,30.19
1554133200,4135.22,4137.04,4137.04,4135.23,36.01
1554133500,4130.0,4136.04,4135.23,4130.01,113.5
1554133800,4129.34,4132.63,4130.01,4132.63,55.21
1554134100,4132.63,4139.25,4132.63,4138.72,87.65
1554134400,4137.86,4141.0,4139.16,4140.99,25.66
1554134700,4138.51,4142.0,4141.0,4141.09,15.03
1554135000,4139.15,4142.84,4141.09,4141.45,14.94
1554135300,4140.0,4144.3,4141.45,4142.8,65.87
1554135600,4141.33,4143.13,4142.79,4142.39,20.64
1554135900,4140.92,4143.12,4142.19,4143.1,16.45
1554136200,4142.08,4145.4,4143.11,4145.4,42.17
1554136500,4141.67,4146.1,4145.4,4142.59,28.44
1554136800,4142.46,4146.0,4142.6,4146.0,34.34
1554137100,4143.61,4148.3,4145.99,4144.23,30.19
1554137400,4140.19,4145.63,4145.63,4143.79,14.9
1554137700,4140.96,4144.02,4142.83,4142.9,13.46
1554138000,4139.51,4142.9,4142.9,4139.52,39.15
1554138300,4139.51,4141.58,4139.52,4140.0,26.08
1554138600,4136.99,4140.68,4140.67,4136.99,25.42
1554138900,4133.7,4138.81,4135.68,4138.61,16.02
1554139200,4132.84,4138.61,4138.61,4137.01,33.68
1554139500,4134.45,4137.72,4137.72,4136.04,21.9
1554139800,4133.96,4136.06,4136.05,4134.93,23.75
1554140100,4133.96,4134.93,4134.93,4134.18,8.54
1554140400,4133.96,4134.94,4134.18,4133.96,12.09
1554140700,4132.47,4133.97,4133.97,4133.56,19.62
1554141000,4131.44,4134.99,4133.56,4132.76,14.66
1554141300,4132.03,4134.35,4132.03,4134.35,12.17
1554141600,4132.44,4135.0,4133.29,4132.83,20.35
1554141900,4132.0,4134.28,4133.14,4132.31,44.2
1554142200,4130.0,4132.32,4132.32,4130.6,36.51
1554142500,4128.01,4131.57,4130.59,4129.33,34.46
1554142800,4129.33,4129.34,4129.33,4129.33,0.0382
1554143100,4128.05,4133.72,4129.26,4133.72,20.13
1554143400,4132.12,4133.72,4133.72,4133.69,11.62
1554143700,4133.04,4134.64,4133.7,4134.64,17.28
1554144000,4132.79,4136.0,4134.63,4136.0,27.94
1554144300,4131.62,4136.0,4136.0,4133.04,15.3
1554144600,4130.0,4135.05,4133.01,4133.72,46.18
1554144900,4130.51,4134.72,4133.72,4134.68,15.1
1554145200,4130.49,4135.11,4134.0,4131.71,44.55
1554145500,4130.99,4133.78,4131.72,4130.99,23.99
1554145800,4130.0,4132.54,4130.99,4132.51,17.21
1554146100,4131.22,4132.51,4132.51,4131.43,20.67
1554146400,4131.0,4132.45,4132.45,4132.44,21.41
1554146700,4131.25,4134.34,4131.97,4132.0,35.72
1554147000,4132.0,4133.44,4132.0,4132.94,10.91
1554147300,4131.47,4135.5,4132.94,4133.1,84.02
1554147600,4131.06,4133.74,4133.01,4133.44,14.8
1554147900,4131.49,4133.44,4131.5,4132.21,12.94
1554148200,4132.0,4133.57,4132.49,4132.06,14.26
1554148500,4131.0,4133.74,4132.87,4133.74,16.01
1554148800,4131.0,4133.88,4133.74,4131.77,17.68
1554149100,4131.0,4131.78,4131.77,4131.78,32.81
1554149400,4131.21,4133.16,4131.78,4131.21,12.39
1554149700,4131.21,4132.78,4132.67,4132.78,13.67
1554150000,4131.05,4133.09,4132.78,4131.05,16.22
1554150300,4130.0,4131.15,4131.06,4131.14,47.97
1554150600,4129.28,4131.4,4130.49,4129.9,13.61
1554150900,4128.17,4130.68,4129.96,4130.0,45.17
1554151200,4130.0,4130.68,4130.01,4130.68,28.19
1554151500,4128.89,4130.68,4130.68,4128.89,25.04
1554151800,4128.01,4128.9,4128.9,4128.02,19.2
1554152100,4128.03,4129.02,4128.03,4128.49,21.73
1554152400,4128.48,4128.49,4128.49,4128.48,25.84
1554152700,4128.02,4129.49,4128.49,4128.03,29.33
1554153000,4127.21,4129.9,4128.03,4127.22,31.66
1554153300,4127.2,4127.67,4127.22,4127.67,15.87
1554153600,4127.2,4127.67,4127.67,4127.21,22.16
1554153900,4127.2,4130.68,4127.2,4127.92,29.25
1554154200,4127.93,4131.0,4127.93,4131.0,19.09
1554154500,4131.0,4131.83,4131.0,4131.79,22.8
1554154800,4131.12,4131.57,4131.57,4131.13,10.07
1554155100,4130.73,4131.13,4131.13,4130.73,14.36
1554155400,4130.73,4130.74,4130.74,4130.74,11.97
1554155700,4130.73,4130.74,4130.73,4130.74,11.18
1554156000,4130.2,4135.0,4130.73,4134.0,43.58
1554156300,4131.58,4135.0,4131.59,4133.13,21.3
1554156600,4131.35,4134.93,4134.92,4133.07,22.14
1554156900,4132.04,4134.99,4132.08,4134.99,37.9
1554157200,4132.69,4135.0,4134.99,4134.75,13.53
1554157500,4133.0,4135.2,4134.74,4135.19,21.63
1554157800,4135.19,4138.1,4135.2,4138.1,23.5
1554158100,4138.1,4142.65,4138.1,4141.96,30.11
1554158400,4139.3,4142.23,4140.38,4140.75,15.76
1554158700,4138.21,4140.76,4139.46,4139.85,21.38
1554159000,4138.24,4144.0,4138.24,4143.49,26.95
1554159300,4135.68,4145.77,4143.51,4137.37,45.54
1554159600,4136.17,4142.18,4137.36,4140.85,16.3
1554159900,4138.02,4143.48,4140.85,4140.66,20.14
1554160200,4140.48,4145.17,4141.16,4143.25,26.43
1554160500,4140.05,4146.02,4143.26,4140.34,43.29
1554160800,4137.3,4140.99,4140.34,4138.87,22.89
1554161100,4137.31,4138.88,4138.88,4138.68,17.65
1554161400,4133.71,4138.68,4138.68,4135.02,21.54
1554161700,4135.17,4139.76,4136.59,4139.1,25.67
1554162000,4136.94,4140.1,4139.1,4137.08,20.75
1554162300,4136.95,4138.82,4137.08,4136.96,29.13
1554162600,4136.96,4139.0,4138.45,4137.28,9.81
1554162900,4137.0,4138.25,4137.27,4137.0,8.31
1554163200,4134.02,4137.01,4137.01,4134.96,19.75
1554163500,4132.02,4136.14,4134.96,4134.11,19.3
1554163800,4134.1,4138.08,4134.11,4136.45,15.61
1554164100,4136.19,4144.0,4138.05,4144.0,35.04
1554164400,4142.75,4147.1,4144.0,4144.48,57.64
1554164700,4144.01,4145.94,4145.94,4144.86,13.35
1554165000,4143.83,4144.87,4144.86,4143.84,28.82
1554165300,4143.83,4148.22,4143.84,4147.99,59.92
1554165600,4145.99,4148.04,4147.99,4146.96,9.19
1554165900,4146.84,4148.04,4147.67,4148.04,33.99
1554166200,4146.84,4163.9,4148.04,4146.84,264.12
1554166500,4143.1,4150.81,4146.85,4148.18,115.36
1554166800,4140.02,4148.25,4148.18,4144.99,88.38
1554167100,4140.12,4144.99,4144.99,4144.99,13.75
1554167400,4144.28,4144.99,4144.99,4144.99,16.62
1554167700,4144.48,4146.72,4144.99,4144.48,8.98
1554168000,4142.87,4145.45,4145.45,4145.0,26.62
1554168300,4142.15,4145.26,4145.0,4145.26,16.62
1554168600,4143.9,4153.55,4145.26,4151.88,38.48
1554168900,4150.95,4155.0,4151.89,4151.08,33.22
1554169200,4151.07,4154.08,4151.08,4154.08,16.42
1554169500,4150.04,4155.0,4154.08,4154.87,22.26
1554169800,4150.03,4154.99,4154.87,4153.61,35.69
1554170100,4152.81,4158.77,4153.6,4155.42,40.49
1554170400,4155.42,4161.13,4155.42,4161.13,97.95
1554170700,4161.13,4172.78,4161.13,4169.95,196.78
1554171000,4164.05,4170.29,4169.95,4169.75,76.73
1554171300,4165.0,4169.15,4169.15,4167.52,29.07
1554171600,4167.51,4175.0,4167.52,4174.85,44.04
1554171900,4168.74,4174.9,4174.85,4172.59,39.59
1554172200,4170.92,4174.99,4172.59,4173.01,18.45
1554172500,4173.0,4178.07,4173.01,4176.25,57.47
1554172800,4172.29,4176.26,4176.26,4173.99,27.26
1554173100,4174.0,4177.15,4174.0,4177.0,45.37
1554173400,4177.0,4181.0,4177.0,4178.03,54.83
1554173700,4172.88,4178.09,4178.03,4173.0,70.86
1554174000,4170.0,4173.08,4173.0,4172.62,85.01
1554174300,4166.89,4173.76,4172.62,4170.5,20.49
1554174600,4170.01,4174.09,4170.51,4171.29,17.08
1554174900,4170.28,4173.97,4170.28,4173.96,15.29
1554175200,4172.55,4175.0,4173.9,4175.0,61.9
1554175500,4173.93,4175.0,4174.99,4175.0,26.11
1554175800,4174.99,4180.14,4175.0,4177.01,77.26
1554176100,4175.27,4177.13,4177.0,4177.13,25.91
1554176400,4175.02,4177.13,4177.13,4175.2,13.47
1554176700,4169.5,4175.21,4175.21,4169.5,26.46
1554177000,4166.42,4174.33,4169.51,4171.3,17.9
1554177300,4169.44,4177.58,4171.3,4176.77,24.27
1554177600,4173.37,4177.0,4177.0,4175.0,20.39
1554177900,4175.0,4178.53,4175.01,4177.01,24.57
1554178200,4175.26,4177.01,4175.5,4176.07,20.54
1554178500,4176.07,4178.83,4176.07,4177.77,12.97
1554178800,4176.6,4178.84,4177.77,4178.77,6.92
1554179100,4178.82,4187.77,4178.83,4187.75,62.07
1554179400,4187.74,4350.0,4187.75,4344.75,1691.99
1554179700,4345.71,4471.07,4347.25,4471.07,1107.11
1554180000,4420.01,4482.11,4471.07,4457.59,758.58
1554180300,4448.0,4570.0,4457.59,4552.43,849.02
1554180600,4550.0,4792.57,4553.0,4782.13,1385.08
1554180900,4612.0,4800.0,4782.11,4654.71,949.3
1554181200,4641.3,4770.55,4654.71,4735.94,286.62
1554181500,4684.82,4754.01,4735.94,4719.03,201.71
1554181800,4690.0,4730.0,4719.03,4723.99,152.06
1554182100,4705.0,4987.0,4724.0,4980.0,1002.66
1554182400,4882.85,5121.0,4975.0,4890.0,1353.77
1554182700,4882.88,5002.49,4890.0,4999.99,681.64
1554183000,4815.0,5000.0,4999.99,4821.01,586.71
1554183300,4730.0,4863.61,4821.01,4785.21,484.75
1554183600,4730.0,4858.0,4785.21,4828.05,307.86
1554183900,4807.0,4875.0,4823.45,4819.98,153.87
1554184200,4750.0,4857.78,4819.99,4769.93,200.07
1554184500,4714.59,4782.17,4769.92,4740.62,200.99
1554184800,4678.93,4755.0,4740.62,4687.36,349.71
1554185100,4660.01,4715.26,4683.18,4708.17,475.16
1554185400,4684.64,4767.64,4708.18,4765.01,421.69
1554185700,4700.0,4777.69,4767.63,4715.41,362.74
1554186000,4679.64,4720.01,4715.41,4705.0,253.86
1554186300,4692.28,4721.17,4705.11,4713.85,186.91
1554186600,4671.04,4713.85,4713.85,4684.7,105.58
1554186900,4661.0,4692.13,4688.39,4674.55,164.0
1554187200,4670.41,4689.77,4674.54,4678.18,176.19
1554187500,4670.41,4700.0,4679.98,4694.1,79.42
1554187800,4694.1,4744.38,4694.1,4739.1,211.6
1554188100,4708.62,4742.11,4739.1,4721.35,181.87
1554188400,4697.32,4721.61,4721.35,4710.82,192.88
1554188700,4701.54,4715.0,4708.75,4706.73,62.41
1554189000,4706.01,4725.0,4706.81,4724.99,83.21
1554189300,4695.01,4722.36,4721.37,4696.85,88.93
1554189600,4686.78,4702.67,4696.86,4690.84,92.89
1554189900,4672.55,4692.7,4690.84,4683.51,69.26
1554190200,4675.43,4685.99,4685.99,4685.38,64.07
1554190500,4675.01,4686.56,4685.37,4675.01,110.6
1554190800,4675.0,4696.27,4675.0,4696.27,42.65
1554191100,4695.94,4703.0,4696.32,4700.02,21.82
1554191400,4686.02,4700.02,4700.01,4692.45,40.44
1554191700,4688.15,4699.09,4692.45,4699.09,28.83
1554192000,4699.08,4714.77,4699.09,4714.77,79.26
1554192300,4714.76,4721.94,4714.76,4720.01,70.2
1554192600,4693.39,4724.22,4720.01,4708.99,98.94
1554192900,4708.83,4725.0,4709.0,4723.12,126.89
1554193200,4710.0,4723.12,4723.12,4714.13,28.97
1554193500,4714.13,4725.0,4714.14,4721.93,78.34
1554193800,4714.13,4721.94,4721.93,4714.99,45.18
1554194100,4715.0,4723.52,4715.0,4718.12,18.43
1554194400,4709.0,4718.13,4718.13,4709.0,44.1
1554194700,4709.0,4714.99,4709.04,4711.92,36.63
1554195000,4701.53,4714.0,4711.92,4703.98,31.93
1554195300,4691.06,4704.0,4703.98,4699.19,44.12
1554195600,4694.98,4703.79,4698.82,4703.78,19.62
1554195900,4700.0,4703.78,4703.78,4700.01,25.8
1554196200,4700.0,4732.03,4700.01,4727.12,118.51
1554196500,4723.8,4737.8,4727.11,4726.9,70.96
1554196800,4724.77,4754.33,4726.89,4754.33,122.15
1554197100,4745.12,4788.88,4755.93,4788.87,134.11
1554197400,4775.0,4791.58,4788.87,4787.36,219.7
1554197700,4782.77,4832.42,4785.1,4815.45,263.25
1554198000,4783.3,4825.3,4815.77,4794.98,166.1
1554198300,4768.19,4800.0,4794.98,4787.14,99.82
1554198600,4777.78,4795.52,4787.14,4795.5,50.72
1554198900,4792.75,4806.7,4795.5,4802.31,59.94
1554199200,4781.41,4800.0,4799.12,4790.0,71.37
1554199500,4786.2,4807.32,4790.0,4792.2,57.32
1554199800,4782.26,4800.4,4792.2,4787.85,68.53
1554200100,4782.01,4790.0,4787.0,4784.96,22.6
1554200400,4756.94,4785.19,4785.19,4760.88,80.43
1554200700,4760.38,4775.54,4760.87,4772.57,34.44
1554201000,4769.82,4779.18,4770.85,4775.0,44.6
1554201300,4767.85,4775.13,4775.01,4772.4,26.5
1554201600,4762.38,4772.21,4772.2,4766.48,79.67
1554201900,4766.48,4780.28,4766.49,4773.17,95.16
1554202200,4771.0,4784.15,4775.39,4783.94,31.79
1554202500,4780.0,4790.1,4783.89,4789.7,23.17
1554202800,4780.9,4789.99,4789.71,4780.9,46.07
1554203100,4774.42,4802.52,4780.21,4793.48,93.61
1554203400,4785.17,4800.85,4793.69,4798.5,96.76
1554203700,4791.29,4800.0,4797.0,4793.11,73.6
1554204000,4791.32,4795.03,4793.12,4795.02,37.27
1554204300,4786.14,4805.62,4795.03,4786.14,136.36
1554204600,4780.65,4796.44,4785.0,4792.33,59.91
1554204900,4771.16,4792.33,4792.33,4779.7,63.9
1554205200,4775.0,4783.89,4780.17,4782.35,59.24
1554205500,4775.94,4783.17,4782.36,4782.37,62.64
1554205800,4781.0,4790.74,4781.96,4782.35,93.07
1554206100,4775.01,4783.1,4781.0,4776.57,64.95
1554206400,4776.28,4785.0,4778.75,4778.53,29.63
1554206700,4778.52,4785.97,4778.52,4783.01,58.97
1554207000,4780.0,4788.21,4783.0,4785.46,47.4
1554207300,4784.75,4797.9,4785.0,4795.01,81.72
1554207600,4786.79,4795.01,4795.0,4786.8,44.21
1554207900,4781.73,4791.65,4786.8,4791.65,70.12
1554208200,4790.19,4806.22,4791.7,4802.74,120.12
1554208500,4802.75,4833.0,4802.75,4811.99,265.37
1554208800,4785.8,4812.01,4811.84,4800.0,151.42
1554209100,4786.85,4803.19,4797.85,4800.36,84.17
1554209400,4792.27,4811.41,4800.35,4809.91,86.27
1554209700,4802.75,4819.41,4809.92,4809.92,93.05
1554210000,4792.6,4809.92,4809.91,4795.6,168.65
1554210300,4790.9,4799.99,4797.09,4799.85,96.04
1554210600,4781.76,4799.85,4799.85,4785.46,104.42
1554210900,4782.21,4798.4,4785.46,4795.07,76.62
1554211200,4794.1,4798.62,4795.07,4798.5,48.24
1554211500,4797.16,4808.95,4797.16,4802.64,118.71
1554211800,4796.0,4812.13,4802.64,4807.5,79.87
1554212100,4798.67,4809.31,4806.19,4805.99,76.39
1554212400,4791.8,4805.99,4805.99,4798.24,95.27
1554212700,4793.15,4800.0,4798.23,4799.99,43.41
1554213000,4798.17,4806.7,4799.99,4805.14,59.18
1554213300,4801.41,4805.14,4805.14,4802.76,54.62
1554213600,4793.93,4804.0,4803.42,4796.1,61.96
1554213900,4710.0,4800.0,4796.09,4715.83,533.89
1554214200,4670.69,4747.89,4710.0,4741.87,754.22
1554214500,4718.08,4745.55,4741.14,4731.77,183.63
1554214800,4697.53,4731.29,4729.48,4718.55,283.79
1554215100,4718.54,4737.87,4718.54,4733.81,152.33
1554215400,4720.48,4735.39,4734.75,4728.16,78.08
1554215700,4723.4,4733.46,4728.16,4727.49,85.61
1554216000,4727.09,4741.3,4727.18,4741.25,107.75
1554216300,4740.96,4760.0,4741.27,4759.48,113.73
1554216600,4742.69,4759.51,4759.48,4745.02,50.07
1554216900,4740.5,4749.99,4745.02,4746.89,66.32
1554217200,4735.0,4746.91,4744.03,4737.04,44.95
1554217500,4730.63,4738.0,4737.04,4730.64,54.04
1554217800,4697.87,4730.64,4730.64,4724.21,386.02
1554218100,4715.61,4724.21,4724.21,4724.0,99.37
1554218400,4723.99,4731.23,4724.0,4731.04,49.17
1554218700,4728.44,4738.0,4731.23,4736.76,97.59
1554219000,4734.54,4740.0,4737.9,4736.18,93.32
1554219300,4728.44,4740.87,4736.19,4729.13,44.27
1554219600,4729.13,4734.0,4729.13,4731.64,18.72
1554219900,4731.63,4741.24,4731.64,4741.24,64.68
1554220200,4741.24,4750.0,4741.24,4745.1,147.25
1554220500,4740.34,4747.75,4745.11,4744.12,70.89
1554220800,4728.0,4748.05,4745.34,4728.0,31.31
1554221100,4715.64,4731.75,4728.01,4715.64,96.09
1554221400,4721.95,4731.04,4724.22,4728.55,49.04
1554221700,4724.92,4738.2,4728.56,4735.52,86.57
1554222000,4732.12,4742.5,4735.61,4732.12,63.31
1554222300,4728.74,4740.93,4733.11,4739.53,61.31
1554222600,4737.3,4746.0,4738.08,4743.85,76.11
1554222900,4736.13,4744.99,4743.86,4736.14,92.99
1554223200,4732.42,4741.01,4736.14,4735.0,76.42
1554223500,4731.44,4740.01,4732.0,4739.95,36.26
1554223800,4737.04,4740.87,4739.94,4740.01,45.32
1554224100,4735.89,4740.01,4740.01,4737.04,35.48
1554224400,4724.22,4737.89,4737.89,4728.8,42.39
1554224700,4722.1,4733.19,4730.56,4726.5,54.15
1554225000,4722.11,4727.34,4726.5,4725.2,37.8
1554225300,4725.2,4732.74,4725.21,4729.15,59.08
1554225600,4725.24,4729.15,4729.15,4727.3,35.73
1554225900,4680.5,4727.26,4726.24,4715.11,406.28
1554226200,4712.34,4724.57,4715.24,4724.24,59.34
1554226500,4719.32,4724.5,4724.24,4721.63,46.16
1554226800,4718.01,4731.36,4721.63,4729.91,32.95
1554227100,4725.0,4729.99,4729.13,4725.91,20.81
1554227400,4724.01,4728.63,4725.91,4726.92,40.75
1554227700,4722.63,4726.93,4726.93,4722.63,36.74
1554228000,4722.01,4729.99,4722.64,4729.0,34.5
1554228300,4729.0,4738.47,4729.0,4736.38,25.21
1554228600,4733.0,4737.69,4737.69,4733.0,47.36
1554228900,4725.53,4734.5,4733.01,4732.98,123.33
1554229200,4726.06,4732.99,4732.16,4729.74,26.07
1554229500,4728.01,4736.58,4729.74,4731.46,127.19
1554229800,4729.5,4734.76,4731.46,4729.5,24.64
1554230100,4729.5,4734.1,4729.5,4731.66,26.03
1554230400,4731.65,4736.93,4731.67,4736.59,33.6
1554230700,4736.0,4739.11,4736.6,4736.0,72.63
1554231000,4733.66,4736.93,4736.0,4734.26,32.84
1554231300,4734.26,4739.74,4735.34,4738.96,20.18
1554231600,4735.04,4739.73,4739.73,4737.21,46.9
1554231900,4732.0,4737.21,4737.21,4732.01,42.74
1554232200,4729.5,4732.01,4732.01,4731.98,98.72
1554232500,4731.99,4736.22,4731.99,4735.17,34.51
1554232800,4735.16,4735.99,4735.18,4735.98,18.44
1554233100,4735.64,4743.89,4735.99,4741.89,172.93
1554233400,4740.01,4744.38,4741.89,4741.79,59.52
1554233700,4741.8,4744.51,4741.8,4742.55,125.44
1554234000,4742.55,4744.54,4742.55,4743.99,71.55
1554234300,4743.98,4749.99,4743.98,4749.98,46.71
1554234600,4750.62,4772.61,4754.04,4772.34,102.48
1554234900,4765.0,4772.33,4772.33,4765.0,150.99
1554235200,4745.05,4764.0,4764.0,4752.9,283.95
1554235500,4752.9,4779.0,4752.9,4779.0,144.64
1554235800,4778.99,4815.0,4779.0,4811.26,398.9
1554236100,4805.01,4822.99,4811.26,4816.8,176.26
1554236400,4802.4,4817.41,4816.8,4813.81,129.69
1554236700,4811.68,4830.0,4813.8,4823.91,188.75
1554237000,4750.04,4823.91,4823.91,4781.77,606.23
1554237300,4781.3,4797.0,4781.3,4795.0,206.6
1554237600,4793.0,4805.3,4795.01,4794.38,54.38
1554237900,4794.38,4805.9,4794.39,4805.89,47.32
1554238200,4790.77,4805.89,4805.88,4798.55,82.77
1554238500,4798.45,4810.0,4798.52,4804.13,103.65
1554238800,4798.5,4810.0,4804.13,4805.04,46.92
1554239100,4769.39,4820.89,4805.04,4817.5,377.45
1554239400,4817.5,4838.0,4817.5,4824.38,222.8
1554239700,4812.25,4824.45,4824.39,4819.42,117.84
1554240000,4809.38,4819.1,4819.09,4814.4,29.67
1554240300,4810.41,4817.81,4812.2,4816.99,38.03
1554240600,4809.98,4821.18,4817.0,4815.61,69.0
1554240900,4810.65,4818.46,4815.5,4815.28,20.55
1554241200,4815.01,4817.98,4817.95,4816.77,19.59
1554241500,4810.19,4816.75,4816.75,4810.3,33.37
1554241800,4792.15,4810.3,4810.3,4795.0,118.44
1554242100,4788.21,4798.24,4798.24,4788.21,110.95
1554242400,4788.2,4807.99,4788.22,4807.4,43.88
1554242700,4805.5,4814.99,4807.4,4808.21,44.09
1554243000,4799.3,4808.21,4808.2,4803.89,24.96
1554243300,4800.55,4811.99,4803.89,4811.98,32.45
1554243600,4811.98,4817.99,4811.99,4817.99,26.41
1554243900,4816.23,4820.62,4817.99,4817.37,40.0
1554244200,4815.0,4820.31,4817.37,4818.02,43.07
1554244500,4815.0,4819.54,4818.01,4817.0,66.13
1554244800,4808.88,4817.0,4817.0,4808.88,42.84
1554245100,4808.88,4817.55,4808.89,4815.46,56.84
1554245400,4813.0,4820.0,4817.54,4817.72,50.91
1554245700,4817.0,4825.88,4817.71,4825.88,78.71
1554246000,4826.02,4842.78,4827.38,4826.03,157.9
1554246300,4815.0,4830.78,4826.03,4826.72,135.45
1554246600,4823.62,4874.12,4826.72,4856.86,317.64
1554246900,4858.96,4925.0,4858.96,4895.4,657.98
1554247200,4856.39,4908.22,4894.49,4876.45,424.13
1554247500,4876.44,4896.0,4876.45,4888.62,129.3
1554247800,4888.0,4914.28,4888.62,4901.51,144.77
1554248100,4900.92,4945.0,4900.94,4938.65,243.32
1554248400,4920.0,4940.68,4938.66,4928.51,134.26
1554248700,4915.79,4944.99,4928.09,4919.76,144.83
1554249000,4863.02,4923.43,4919.75,4904.75,415.19
1554249300,4891.06,4912.79,4904.74,4901.93,129.31
1554249600,4893.09,4926.73,4901.92,4926.73,131.59
1554249900,4916.1,4934.9,4926.36,4922.0,78.38
1554250200,4921.99,4934.0,4922.0,4932.23,101.71
1554250500,4922.18,4933.0,4932.23,4932.99,87.7
1554250800,4931.07,4990.64,4932.98,4964.99,481.43
1554251100,4950.4,4992.61,4964.99,4985.01,456.45
1554251400,4958.51,4999.0,4983.99,4958.52,303.98
1554251700,4914.28,4964.04,4958.51,4946.19,607.12
1554252000,4948.77,4968.5,4948.77,4957.0,138.85
1554252300,4929.71,4957.0,4956.99,4957.0,132.78
1554252600,4952.4,4963.0,4957.0,4962.47,69.29
1554252900,4958.55,4985.0,4962.47,4980.0,131.7
1554253200,4945.0,4980.7,4979.0,4946.52,215.91
1554253500,4930.0,4952.82,4946.52,4951.01,116.92
1554253800,4925.69,4951.47,4951.0,4932.03,123.63
1554254100,4932.1,4958.0,4936.82,4949.26,98.9
1554254400,4940.35,4955.0,4953.22,4944.91,51.62
1554254700,4941.61,4951.48,4944.91,4946.02,53.4
1554255000,4936.9,4948.01,4946.02,4941.74,90.09
1554255300,4937.04,4944.81,4941.54,4944.0,40.3
1554255600,4943.99,4962.54,4943.99,4961.47,77.97
1554255900,4957.9,4971.71,4961.46,4967.68,96.14
1554256200,4967.68,4985.0,4967.68,4981.09,64.34
1554256500,4969.01,4984.96,4981.09,4969.02,28.58
1554256800,4963.47,4982.59,4969.01,4982.59,131.15
1554257100,4976.89,5024.7,4977.28,4991.55,374.45
1554257400,4970.38,4991.55,4991.55,4977.25,151.53
1554257700,4976.01,4995.0,4981.79,4991.79,60.74
1554258000,4991.8,5019.0,4994.96,5019.0,110.31
1554258300,5005.34,5040.9,5018.99,5021.05,204.74
1554258600,4992.39,5028.54,5024.3,5010.92,163.66
1554258900,5009.06,5023.68,5013.66,5023.68,68.91
1554259200,5023.67,5043.9,5023.68,5039.03,135.95
1554259500,5024.45,5042.78,5039.03,5042.78,121.25
1554259800,5035.01,5080.11,5042.79,5048.73,323.38
1554260100,5048.73,5074.99,5053.78,5074.97,127.53
1554260400,5046.81,5075.0,5072.69,5069.66,163.89
1554260700,5064.78,5088.88,5069.66,5075.16,173.53
1554261000,4984.85,5076.7,5074.16,5028.99,609.05
1554261300,5010.0,5044.97,5030.72,5043.77,182.47
1554261600,5032.7,5045.22,5039.95,5045.22,54.21
1554261900,5035.71,5050.0,5045.22,5035.74,77.9
1554262200,5033.29,5054.0,5035.74,5053.99,48.4
1554262500,5050.26,5069.0,5053.99,5069.0,85.66
1554262800,5060.18,5069.04,5069.0,5060.18,52.72
1554263100,5046.85,5065.0,5060.19,5064.54,98.94
1554263400,5060.46,5071.53,5064.54,5066.28,77.46
1554263700,5051.87,5068.8,5068.74,5052.71,33.11
1554264000,5014.74,5052.71,5052.7,5036.5,136.72
1554264300,4954.31,5036.51,5036.51,4954.31,280.77
1554264600,4945.77,5004.52,4953.99,4981.16,530.83
1554264900,4907.66,4982.25,4982.25,4924.77,399.14
1554265200,4924.77,4959.07,4924.77,4942.8,184.32
1554265500,4944.28,4968.87,4944.84,4954.99,101.58
1554265800,4947.52,4959.03,4958.02,4953.46,80.54
1554266100,4953.45,4967.87,4953.46,4963.87,47.94
1554266400,4923.39,4963.84,4963.84,4946.49,68.61
1554266700,4915.1,4946.5,4946.49,4918.0,51.62
1554267000,4872.61,4922.01,4915.25,4922.01,455.54
1554267300,4915.64,4930.8,4922.5,4916.96,137.1
1554267600,4916.96,4947.42,4916.97,4947.42,78.05
1554267900,4936.31,4947.99,4947.42,4944.0,57.75
1554268200,4927.96,4944.01,4944.0,4934.0,36.8
1554268500,4933.99,4960.21,4933.99,4955.85,39.59
1554268800,4955.84,4959.89,4955.84,4959.88,15.71
1554269100,4955.52,4970.0,4959.89,4959.69,39.94
1554269400,4940.68,4961.4,4961.37,4942.83,62.96
1554269700,4936.04,4954.47,4940.26,4951.52,39.9
1554270000,4947.52,4963.99,4953.65,4962.99,22.73
1554270300,4952.57,4967.64,4964.0,4956.01,28.38
1554270600,4946.64,4954.59,4954.17,4950.8,21.97
1554270900,4946.54,4957.06,4953.54,4954.52,10.09
1554271200,4948.36,4955.58,4954.52,4952.99,18.95
1554271500,4938.97,4953.0,4952.99,4938.98,32.1
1554271800,4927.15,4944.82,4938.99,4944.82,75.05
1554272100,4944.81,4954.98,4944.82,4951.01,57.71
1554272400,4951.0,4961.98,4951.01,4961.98,30.1
1554272700,4951.57,4964.47,4961.97,4954.79,16.69
1554273000,4950.04,4958.24,4954.79,4957.02,14.39
1554273300,4957.23,4969.65,4958.42,4969.65,16.11
1554273600,4969.64,4979.27,4969.64,4976.69,33.84
1554273900,4975.76,4978.73,4976.06,4978.73,9.08
1554274200,4964.9,4978.26,4976.89,4965.0,68.32
1554274500,4965.64,4979.61,4965.64,4976.04,36.7
1554274800,4974.04,4983.59,4976.04,4980.01,23.71
1554275100,4975.01,4980.01,4980.01,4975.01,6.07
1554275400,4975.01,4986.29,4975.02,4983.79,28.46
1554275700,4978.84,4994.03,4987.7,4978.84,57.13
1554276000,4960.0,4978.85,4978.85,4960.0,39.22
1554276300,4956.4,4971.39,4960.0,4971.32,48.52
1554276600,4968.89,4975.77,4970.37,4975.6,17.87
1554276900,4974.52,4978.49,4975.6,4976.74,8.96
1554277200,4973.9,4978.5,4976.74,4973.96,7.73
1554277500,4967.96,4976.64,4973.98,4967.96,18.34
1554277800,4956.52,4971.41,4971.41,4956.52,46.89
1554278100,4948.34,4963.0,4956.52,4963.0,24.57
1554278400,4951.62,4971.0,4963.0,4951.62,32.8
1554278700,4936.03,4951.62,4951.62,4943.28,38.78
1554279000,4933.01,4952.46,4943.33,4933.01,26.8
1554279300,4933.0,4948.57,4933.0,4948.48,12.34
1554279600,4926.07,4948.48,4948.48,4929.42,51.32
1554279900,4929.42,4935.0,4929.43,4933.01,10.37
1554280200,4929.99,4945.0,4933.0,4941.13,26.18
1554280500,4939.46,4949.47,4939.46,4940.84,22.45
1554280800,4936.51,4945.3,4940.84,4941.49,18.9
1554281100,4941.48,4947.7,4941.49,4947.69,5.63
1554281400,4947.68,4954.9,4947.68,4951.96,3.54
1554281700,4951.95,4955.0,4951.95,4955.0,8.43
1554282000,4954.99,4958.76,4955.0,4955.83,18.93
1554282300,4951.95,4955.84,4955.84,4951.96,23.3
1554282600,4945.86,4951.96,4951.96,4945.86,17.21
1554282900,4939.95,4951.04,4945.53,4950.81,24.47
1554283200,4950.81,4953.97,4950.82,4953.3,13.79
1554283500,4947.76,4953.3,4953.3,4952.0,20.5
1554283800,4951.98,4957.15,4952.0,4957.15,7.46
1554284100,4957.15,4960.0,4957.15,4960.0,4.43
1554284400,4959.99,4960.7,4960.0,4960.7,7.18
1554284700,4960.8,4967.7,4960.8,4967.2,3.46
1554285000,4966.4,4968.05,4967.19,4968.05,5.08
1554285300,4968.05,4975.07,4968.05,4975.06,18.76
1554285600,4975.06,4980.0,4975.07,4980.0,38.99
1554285900,4977.34,4982.45,4980.0,4981.99,38.66
1554286200,4971.06,4980.44,4980.44,4971.07,29.0
1554286500,4962.01,4973.75,4971.07,4962.05,12.24
1554286800,4955.94,4962.93,4962.05,4962.93,10.68
1554287100,4945.87,4962.92,4962.92,4955.97,69.77
1554287400,4954.68,4957.98,4957.96,4956.62,7.82
1554287700,4956.62,4961.94,4956.62,4961.94,6.93
1554288000,4961.95,4964.92,4962.62,4961.95,4.97
1554288300,4952.84,4961.94,4961.94,4952.85,16.8
1554288600,4946.56,4955.08,4952.85,4946.56,23.56
1554288900,4944.07,4952.4,4945.88,4952.4,24.05
1554289200,4952.39,4960.69,4952.39,4960.58,11.98
1554289500,4955.76,4960.58,4960.58,4957.07,12.99
1554289800,4948.01,4959.6,4957.07,4950.96,47.8
1554290100,4949.13,4958.14,4950.97,4957.29,14.47
1554290400,4955.52,4962.98,4957.29,4962.98,12.84
1554290700,4962.84,4969.98,4962.98,4963.23,27.5
1554291000,4963.23,4974.2,4963.23,4972.97,26.02
1554291300,4964.65,4978.99,4972.97,4975.32,32.94
1554291600,4976.7,4984.99,4976.7,4978.21,51.94
1554291900,4967.12,4979.3,4979.3,4970.77,15.87
1554292200,4961.49,4972.99,4970.77,4972.93,57.78
1554292500,4967.62,4972.59,4971.36,4968.0,16.58
1554292800,4967.99,4972.59,4968.0,4972.58,20.87
1554293100,4971.91,4983.0,4972.59,4980.36,32.01
1554293400,4980.36,5010.68,4980.36,5004.85,115.9
1554293700,4995.01,5014.09,5003.3,5008.95,109.8
1554294000,5003.63,5025.0,5008.95,5025.0,117.67
1554294300,5008.71,5032.15,5024.99,5013.89,78.54
1554294600,4990.66,5013.89,5013.89,5001.49,59.25
1554294900,4976.29,5006.78,5001.5,4979.05,53.15
1554295200,4979.52,4997.81,4979.52,4989.51,41.2
1554295500,4971.05,4996.01,4989.5,4995.99,48.1
1554295800,4989.63,4998.98,4995.99,4991.01,20.46
1554296100,4991.0,5010.0,4991.01,5009.99,44.58
1554296400,5000.0,5010.26,5009.99,5009.98,74.34
1554296700,5009.98,5033.07,5009.99,5033.07,64.5
1554297000,5013.65,5041.31,5033.45,5025.0,116.98
1554297300,5019.06,5035.52,5025.01,5020.32,40.08
1554297600,5015.47,5028.42,5020.32,5017.97,116.5
1554297900,5015.0,5027.02,5017.01,5027.02,64.35
1554298200,5027.05,5038.12,5027.06,5038.12,42.85
1554298500,5027.07,5050.0,5038.11,5044.9,114.36
1554298800,5034.5,5045.0,5044.9,5034.51,209.81
1554299100,5027.26,5040.0,5034.51,5031.52,64.22
1554299400,5031.51,5052.0,5031.51,5049.99,79.74
1554299700,5033.83,5049.76,5049.76,5043.53,62.46
1554300000,5013.5,5043.53,5043.53,5014.34,177.32
1554300300,5014.34,5030.9,5014.34,5027.51,108.24
1554300600,5024.73,5029.99,5025.92,5026.44,52.41
1554300900,5024.57,5029.99,5026.94,5025.6,59.28
1554301200,5025.59,5037.52,5025.6,5036.52,45.93
1554301500,5013.85,5036.52,5036.52,5018.29,128.43
1554301800,4998.0,5018.29,5018.29,5017.92,245.67
1554302100,5017.9,5023.02,5017.92,5018.65,55.49
1554302400,5017.93,5027.52,5018.64,5026.8,48.75
1554302700,5018.65,5027.51,5026.81,5027.09,50.96
1554303000,5012.71,5029.11,5027.09,5022.86,56.42
1554303300,5005.03,5022.87,5022.87,5007.93,42.52
1554303600,4995.37,5012.0,5007.93,5011.09,104.59
1554303900,5011.09,5024.01,5011.1,5022.51,52.48
1554304200,5015.66,5027.14,5022.51,5027.02,42.07
1554304500,5018.73,5027.02,5027.02,5023.67,36.2
1554304800,5020.01,5030.0,5023.67,5020.03,36.59
1554305100,5012.47,5021.7,5020.01,5019.93,43.3
1554305400,5013.6,5023.5,5020.13,5018.22,36.84
1554305700,5018.15,5029.73,5018.21,5028.33,33.92
1554306000,5018.73,5029.58,5025.52,5023.57,51.96
1554306300,5015.34,5023.52,5021.46,5016.18,48.05
1554306600,5003.64,5018.4,5016.17,5007.26,51.34
1554306900,5004.74,5013.83,5010.43,5013.78,46.75
1554307200,5012.94,5046.23,5013.78,5029.54,147.02
1554307500,5033.86,5135.0,5034.08,5135.0,589.6
1554307800,5047.04,5139.95,5135.0,5096.89,648.77
1554308100,5080.0,5133.75,5096.88,5103.07,256.02
1554308400,5097.0,5124.06,5103.08,5113.09,266.73
1554308700,5102.09,5114.38,5113.09,5106.13,156.05
1554309000,5082.63,5110.62,5106.14,5097.82,177.02
1554309300,5097.83,5127.57,5097.83,5117.04,139.53
1554309600,5103.65,5120.0,5117.05,5119.84,163.18
1554309900,5118.35,5150.0,5119.84,5132.06,314.93
1554310200,5116.81,5135.2,5132.05,5123.9,113.16
1554310500,5121.0,5135.24,5123.9,5133.68,129.22
1554310800,5131.62,5178.3,5133.68,5165.53,407.74
1554311100,5150.0,5187.35,5165.72,5162.64,202.77
1554311400,5146.04,5160.87,5160.86,5149.99,157.72
1554311700,5079.17,5150.0,5150.0,5116.96,526.09
1554312000,5100.33,5123.79,5113.98,5115.07,115.19
1554312300,5112.57,5135.97,5115.08,5125.04,53.6
1554312600,5115.47,5125.04,5125.04,5120.02,53.92
1554312900,5120.0,5131.9,5121.5,5131.89,61.76
1554313200,5129.67,5134.89,5131.7,5130.0,64.7
1554313500,5130.0,5145.0,5130.11,5144.99,114.84
1554313800,5140.75,5150.0,5144.99,5140.76,54.55
1554314100,5115.01,5140.76,5140.76,5125.64,133.01
1554314400,5122.59,5137.55,5127.85,5136.13,99.85
1554314700,5133.46,5135.73,5135.73,5133.76,96.74
1554315000,5133.46,5135.0,5133.77,5134.99,68.58
1554315300,5127.78,5135.0,5135.0,5133.0,62.23
1554315600,5132.99,5145.0,5132.99,5144.18,56.91
1554315900,5138.34,5145.0,5144.16,5144.5,39.56
1554316200,5141.53,5162.06,5144.49,5162.06,108.82
1554316500,5152.77,5173.65,5163.63,5165.01,96.19
1554316800,5165.01,5189.83,5165.01,5189.31,117.08
1554317100,5159.07,5189.32,5189.26,5174.65,110.64
1554317400,5171.0,5185.0,5171.01,5174.66,78.86
1554317700,5114.84,5174.66,5174.66,5141.39,391.94
1554318000,5137.93,5159.99,5139.77,5159.96,67.89
1554318300,5150.1,5159.96,5159.95,5150.11,82.61
1554318600,5146.11,5160.0,5150.11,5160.0,66.96
1554318900,5159.24,5165.08,5160.0,5164.01,67.96
1554319200,5158.76,5165.0,5164.01,5161.93,49.63
1554319500,5163.3,5175.0,5163.31,5171.97,65.92
1554319800,5160.0,5171.97,5171.97,5165.0,45.24
1554320100,5150.13,5167.3,5165.0,5154.0,76.53
1554320400,5130.88,5157.0,5154.0,5150.94,129.61
1554320700,5132.21,5152.91,5150.94,5134.38,54.64
1554321000,5130.88,5146.5,5134.39,5138.87,129.82
1554321300,5135.99,5146.25,5137.51,5142.71,111.14
1554321600,5142.71,5157.0,5142.71,5156.79,49.41
1554321900,5155.71,5168.0,5156.79,5167.52,62.5
1554322200,5157.07,5215.0,5167.52,5214.78,390.74
1554322500,5210.6,5270.69,5210.61,5247.35,761.54
1554322800,5238.09,5327.79,5249.45,5285.09,810.57
1554323100,5225.0,5285.09,5285.08,5259.05,428.13
1554323400,5240.0,5267.47,5260.18,5242.73,156.42
1554323700,5218.72,5253.92,5242.73,5253.83,146.98
1554324000,5244.23,5260.99,5248.74,5245.47,87.77
1554324300,5241.65,5267.64,5245.46,5267.14,80.83
1554324600,5263.86,5288.65,5267.14,5278.99,175.34
1554324900,5275.46,5295.0,5279.0,5295.0,107.38
1554325200,5295.0,5345.0,5295.0,5326.83,345.32
1554325500,5285.0,5334.18,5326.83,5299.53,182.31
1554325800,5292.98,5322.58,5299.54,5310.03,84.45
1554326100,5280.01,5311.88,5311.88,5290.01,93.8
1554326400,5290.0,5295.0,5290.01,5294.4,5.29
1554326700,5304.77,5336.5,5309.5,5336.5,119.91
1554327000,5332.01,5336.5,5336.49,5334.6,61.19
1554327300,5291.06,5335.0,5335.0,5299.86,133.66
1554327600,5275.0,5308.75,5296.66,5275.01,85.43
1554327900,5231.15,5275.0,5275.0,5274.79,201.39
1554328200,5242.01,5294.34,5274.78,5252.04,325.55
1554328500,5163.26,5266.71,5261.55,5190.0,417.33
1554328800,5190.0,5229.98,5190.0,5225.27,177.37
1554329100,5220.0,5231.47,5228.99,5231.47,128.22
1554329400,5231.46,5259.99,5231.47,5252.13,168.01
1554329700,5241.17,5254.51,5251.05,5254.51,54.98
1554330000,5253.98,5264.2,5254.51,5264.2,76.53
1554330300,5223.01,5266.0,5264.2,5242.08,263.28
1554330600,5240.39,5258.39,5242.08,5247.37,99.7
1554330900,5220.0,5250.7,5247.37,5221.5,171.64
1554331200,5025.0,5220.81,5220.81,5027.42,1249.9
1554331500,5020.0,5146.0,5025.0,5118.99,1359.53
1554331800,5069.6,5145.03,5119.0,5089.81,640.01
1554332100,5062.85,5116.55,5089.81,5104.2,338.41
1554332400,4960.15,5102.8,5102.8,4963.11,758.98
1554332700,4789.0,4968.35,4963.76,4883.99,2026.94
1554333000,4869.15,4966.0,4893.9,4954.77,987.23
1554333300,4787.11,4956.3,4956.3,4898.98,851.33
1554333600,4855.43,4934.06,4898.98,4929.81,352.51
1554333900,4923.01,4971.0,4923.01,4930.0,310.06
1554334200,4925.0,4965.5,4935.64,4955.39,186.92
1554334500,4942.7,4983.0,4959.95,4949.25,273.84
1554334800,4947.17,5002.46,4952.99,4996.26,240.34
1554335100,4980.0,5010.0,4996.27,4983.98,224.31
1554335400,4961.0,4994.99,4983.95,4968.0,148.2
1554335700,4951.0,4979.97,4968.0,4975.97,78.76
1554336000,4911.55,4976.63,4975.13,4928.0,227.91
1554336300,4919.45,4964.17,4927.98,4956.64,193.32
1554336600,4956.64,4982.34,4962.01,4979.46,80.63
1554336900,4979.14,5010.0,4979.25,4991.73,152.46
1554337200,4980.01,5012.31,4991.54,5004.32,81.06
1554337500,5002.1,5020.0,5005.75,5014.46,39.93
1554337800,5000.0,5020.18,5017.78,5000.58,100.52
1554338100,4982.6,5008.69,5000.6,4992.0,84.0
1554338400,4991.55,5000.0,4992.0,4993.55,57.14
1554338700,4992.61,5015.0,4994.09,5007.45,38.2
1554339000,5002.01,5014.52,5007.46,5003.85,40.56
1554339300,5001.97,5038.02,5005.97,5032.68,161.85
1554339600,5023.04,5037.8,5033.67,5031.99,105.17
1554339900,5032.0,5050.53,5032.0,5044.83,185.26
1554340200,5044.8,5065.05,5044.8,5057.19,169.72
1554340500,5054.45,5071.34,5057.19,5060.19,132.66
1554340800,5041.11,5063.29,5060.19,5054.17,64.3
1554341100,5036.05,5055.0,5054.17,5036.07,73.91
1554341400,5036.06,5055.0,5036.07,5055.0,39.1
1554341700,5054.52,5064.42,5055.0,5063.08,19.65
1554342000,5045.57,5063.08,5063.08,5045.81,71.27
1554342300,5004.57,5050.35,5045.8,5007.3,166.12
1554342600,5006.89,5033.01,5009.1,5025.98,115.57
1554342900,4963.3,5025.98,5025.98,4983.5,332.81
1554343200,4984.0,5016.01,4984.0,5010.55,114.95
1554343500,5003.17,5021.97,5007.5,5021.97,42.65
1554343800,5012.2,5030.0,5021.96,5028.85,42.91
1554344100,5017.21,5030.0,5023.2,5028.02,37.73
1554344400,5002.57,5029.52,5027.0,5007.25,49.77
1554344700,4995.96,5022.88,5007.24,5017.94,127.5
1554345000,5011.3,5020.0,5017.94,5017.99,40.61
1554345300,4990.94,5017.96,5014.48,5001.99,86.15
1554345600,5001.5,5009.42,5002.0,5002.62,18.82
1554345900,5001.5,5026.3,5003.38,5020.17,182.39
1554346200,5013.03,5027.82,5015.5,5024.41,37.28
1554346500,5012.41,5024.75,5024.4,5015.57,20.46
1554346800,5005.09,5015.68,5015.57,5007.9,18.08
1554347100,4979.52,5007.91,5007.9,4995.29,122.15
1554347400,4995.29,5014.46,4995.3,5013.17,18.06
1554347700,5008.0,5013.17,5013.17,5012.0,18.08
1554348000,4993.5,5011.99,5011.99,4995.48,19.42
1554348300,4969.97,4995.85,4995.48,4981.27,71.87
1554348600,4975.42,4992.31,4979.03,4985.17,41.6
1554348900,4984.89,4996.31,4985.16,4995.07,27.41
1554349200,4951.84,4995.07,4995.06,4951.97,87.23
1554349500,4939.56,4974.11,4951.81,4972.9,224.17
1554349800,4967.1,4973.81,4972.89,4969.57,17.45
1554350100,4962.61,4974.99,4969.58,4967.98,43.64
1554350400,4950.9,4967.95,4965.51,4965.37,37.0
1554350700,4960.24,4979.78,4965.37,4972.97,67.63
1554351000,4972.55,4995.6,4972.98,4995.0,34.94
1554351300,4988.61,4998.0,4995.6,4993.5,23.23
1554351600,4993.49,4999.23,4993.49,4997.43,29.55
1554351900,4996.37,5008.35,4997.27,5007.05,55.23
1554352200,5000.0,5014.0,5007.1,5001.95,63.41
1554352500,5000.13,5013.0,5001.94,5008.48,15.95
1554352800,4998.79,5008.5,5008.48,4999.0,27.81
1554353100,4990.23,5000.42,4998.99,4997.7,24.74
1554353400,4995.2,5011.5,4998.88,5005.73,32.19
1554353700,5004.43,5010.59,5006.99,5010.58,19.94
1554354000,5008.29,5019.0,5010.58,5018.2,49.51
1554354300,5018.21,5037.52,5018.22,5030.45,98.27
1554354600,5024.63,5030.48,5027.48,5030.33,18.07
1554354900,5030.33,5039.0,5030.33,5036.0,17.59
1554355200,5026.1,5040.0,5036.0,5026.1,24.95
1554355500,5026.1,5036.22,5026.1,5034.18,31.7
1554355800,5005.39,5031.22,5031.22,5008.03,20.37
1554356100,5006.85,5018.46,5008.05,5018.46,14.49
1554356400,5018.46,5030.47,5018.46,5030.46,35.51
1554356700,5021.98,5030.47,5030.46,5023.0,12.56
1554357000,5020.0,5029.48,5023.94,5024.98,6.61
1554357300,5020.48,5024.99,5024.99,5022.61,8.62
1554357600,5020.48,5028.08,5023.1,5028.06,12.34
1554357900,5023.5,5028.06,5028.06,5025.99,12.84
1554358200,5025.99,5033.38,5026.0,5027.22,22.21
1554358500,5024.09,5044.99,5027.22,5044.99,68.32
1554358800,5041.78,5065.0,5041.78,5052.46,213.11
1554359100,5052.33,5057.57,5052.46,5054.42,20.41
1554359400,5040.47,5052.33,5052.33,5044.0,24.43
1554359700,5039.0,5050.0,5040.71,5049.99,18.17
1554360000,5046.17,5050.0,5047.42,5047.28,8.15
1554360300,5026.27,5047.28,5047.27,5035.89,22.72
1554360600,5030.91,5035.89,5035.89,5033.14,6.77
1554360900,5033.14,5046.54,5033.14,5044.78,11.86
1554361200,5040.47,5045.0,5043.96,5041.0,9.99
1554361500,5025.0,5041.0,5041.0,5029.99,24.45
1554361800,5015.0,5030.0,5029.99,5015.18,11.88
1554362100,5013.05,5030.66,5016.49,5023.13,30.02
1554362400,5019.15,5024.54,5023.13,5024.0,15.04
1554362700,5016.45,5024.0,5023.99,5022.0,21.21
1554363000,5021.99,5022.0,5022.0,5021.99,5.56
1554363300,5018.0,5021.99,5021.99,5018.03,2.98
1554363600,5012.09,5019.05,5018.01,5012.17,13.87
1554363900,5012.1,5019.5,5013.01,5018.08,9.09
1554364200,5018.88,5028.49,5019.47,5028.49,9.51
1554364500,5028.49,5032.2,5028.49,5030.67,11.58
1554364800,5030.66,5036.99,5030.67,5032.5,4.04
1554365100,5027.38,5032.5,5032.5,5027.38,2.26
1554365400,5027.35,5034.64,5027.38,5034.64,8.18
1554365700,5034.63,5045.0,5034.64,5044.97,20.52
1554366000,5040.26,5054.24,5044.97,5052.81,29.29
1554366300,5043.03,5052.82,5052.82,5043.04,3.41
1554366600,5022.56,5043.04,5043.04,5024.49,38.92
1554366900,5022.79,5028.31,5024.49,5026.63,7.66
1554367200,4977.0,5026.63,5026.63,5014.49,132.81
1554367500,5014.31,5024.01,5014.49,5018.32,1.73
1554367800,5015.14,5025.33,5018.32,5025.33,6.2
1554368100,5026.0,5027.8,5026.55,5027.8,5.26
1554368400,5008.59,5027.8,5027.8,5008.59,38.29
1554368700,4989.52,5016.0,5008.59,5015.99,91.21
1554369000,5012.78,5020.5,5017.5,5019.93,3.91
1554369300,5016.02,5021.81,5019.97,5019.0,1.71
1554369600,5019.0,5027.81,5019.0,5025.92,12.76
1554369900,5022.45,5027.81,5025.97,5022.45,7.51
1554370200,5002.74,5027.81,5022.46,5003.16,45.12
1554370500,5003.76,5015.5,5005.57,5013.47,16.96
1554370800,4999.99,5013.47,5013.15,5000.0,8.18
1554371100,4986.38,4999.99,4999.99,4992.29,11.34
1554371400,4992.28,5004.95,4992.28,5000.13,7.69
1554371700,4998.49,5016.0,5000.13,5011.87,47.85
1554372000,5000.98,5011.86,5011.86,5004.07,9.5
1554372300,4998.7,5010.99,5009.77,4998.7,7.83
1554372600,4980.82,4999.46,4996.87,4991.37,12.98
1554372900,4984.5,4995.08,4987.0,4991.46,6.39
1554373200,4995.08,5000.5,4995.08,4996.91,7.36
1554373500,4996.91,5005.5,4996.91,5002.14,22.07
1554373800,4990.0,5002.0,5002.0,4990.01,13.07
1554374100,4971.0,4992.9,4990.02,4971.0,28.21
1554374400,4970.01,4986.26,4970.45,4986.06,29.58
1554374700,4970.0,4987.99,4986.06,4977.99,6.54
1554375000,4972.48,4984.99,4979.0,4976.99,19.01
1554375300,4951.98,4976.13,4976.13,4962.45,61.74
1554375600,4925.29,4965.0,4962.45,4957.93,121.78
1554375900,4953.86,4959.17,4954.44,4953.98,96.02
1554376200,4928.9,4952.49,4951.88,4933.82,76.11
1554376500,4915.75,4939.78,4933.82,4937.72,81.37
1554376800,4936.77,4948.99,4939.78,4945.05,31.95
1554377100,4924.99,4944.94,4944.94,4936.06,52.56
1554377400,4936.06,4969.44,4938.88,4968.96,36.58
1554377700,4965.38,4984.53,4965.38,4980.13,41.62
1554378000,4970.53,4985.32,4980.15,4972.47,23.94
1554378300,4972.51,4982.26,4972.52,4980.0,16.92
1554378600,4979.99,4994.69,4980.0,4990.71,29.43
1554378900,4987.5,4992.33,4990.68,4991.45,15.58
1554379200,4986.1,4996.77,4990.9,4992.28,33.71
1554379500,4993.34,5015.64,4993.34,5014.49,12.78
1554379800,5004.88,5016.51,5012.69,5011.21,7.11
1554380100,4999.76,5011.21,5011.21,5004.51,16.23
1554380400,4985.74,5005.0,5004.65,4988.19,75.16
1554380700,4986.0,4992.74,4988.2,4991.49,34.54
1554381000,4991.48,5000.0,4991.48,4996.45,24.83
1554381300,4996.45,5000.0,4996.45,4999.99,18.9
1554381600,4999.99,5000.0,5000.0,5000.0,20.83
1554381900,4999.99,5005.0,5000.0,5005.0,14.22
1554382200,5004.99,5030.0,5004.99,5016.25,108.26
1554382500,5013.8,5025.74,5013.8,5018.48,32.36
1554382800,4995.96,5020.64,5020.58,4997.87,70.13
1554383100,4989.66,5000.2,5000.2,4992.51,35.55
1554383400,4992.51,5000.2,4992.52,5000.19,46.49
1554383700,5000.19,5015.61,5000.2,5011.07,30.31
1554384000,4995.01,5015.53,5015.53,4999.99,17.75
1554384300,4996.5,5005.71,4999.99,5004.51,28.27
1554384600,4991.49,5004.52,5004.52,4998.91,15.49
1554384900,4996.53,5010.0,4996.55,5009.99,66.44
1554385200,5001.01,5013.3,5009.99,5010.39,32.3
1554385500,5010.38,5018.58,5010.39,5016.04,14.66
1554385800,5005.49,5017.68,5014.62,5009.64,28.68
1554386100,5009.63,5017.91,5009.63,5012.15,11.6
1554386400,5010.61,5013.14,5011.99,5012.01,22.2
1554386700,5010.68,5026.99,5012.01,5026.99,57.11
1554387000,5019.41,5046.54,5026.88,5035.36,105.33
1554387300,5030.79,5037.2,5036.0,5035.99,23.73
1554387600,5034.61,5044.9,5035.96,5043.53,22.71
1554387900,5025.09,5043.51,5043.24,5039.99,41.46
1554388200,5023.17,5039.99,5039.99,5026.33,37.27
1554388500,5007.69,5026.22,5026.22,5011.08,114.53
1554388800,4997.87,5017.37,5011.11,5008.51,79.43
1554389100,4992.87,5007.99,5007.6,5006.34,69.34
1554389400,5001.54,5008.21,5006.35,5008.21,34.29
1554389700,4997.76,5009.97,5008.2,5000.52,31.82
1554390000,5000.52,5007.58,5000.52,5005.93,22.91
1554390300,4986.46,5007.33,5004.99,4989.5,130.87
1554390600,4978.3,4987.99,4987.96,4983.11,75.27
1554390900,4975.52,4992.45,4981.01,4989.79,45.59
1554391200,4977.51,4993.0,4992.44,4979.41,99.11
1554391500,4954.99,4980.49,4978.49,4955.18,111.4
1554391800,4953.46,4982.38,4955.17,4982.34,95.39
1554392100,4972.85,4982.34,4980.28,4979.52,50.91
1554392400,4977.76,4988.66,4979.43,4984.89,38.59
1554392700,4984.88,4998.44,4984.89,4993.0,39.82
1554393000,4983.18,4995.96,4993.01,4995.09,31.04
1554393300,4992.21,5007.22,4995.09,5005.01,46.78
1554393600,4986.0,5005.01,5005.01,4998.06,67.0
1554393900,4995.5,5005.0,4995.51,5004.76,35.17
1554394200,4998.03,5004.75,5004.75,4998.03,31.16
1554394500,4942.21,4998.04,4998.04,4984.96,180.06
1554394800,4953.42,4984.97,4984.46,4965.1,84.61
1554395100,4941.11,4968.23,4965.1,4941.11,91.8
1554395400,4928.11,4972.25,4941.11,4961.2,248.84
1554395700,4951.45,4964.72,4961.2,4955.0,65.23
1554396000,4933.35,4955.0,4954.99,4933.35,72.03
1554396300,4928.0,4959.45,4933.35,4944.56,111.13
1554396600,4935.29,4959.39,4944.55,4938.16,95.09
1554396900,4935.26,4947.23,4938.21,4937.88,64.57
1554397200,4920.04,4947.0,4935.37,4939.57,141.28
1554397500,4937.18,4959.32,4939.57,4955.98,75.87
1554397800,4951.93,4969.99,4955.98,4969.55,44.71
1554398100,4961.47,4971.45,4969.95,4967.57,45.46
1554398400,4954.0,4967.98,4967.57,4958.18,26.72
1554398700,4940.0,4958.01,4958.01,4940.0,42.24
1554399000,4937.35,4958.47,4940.77,4950.37,40.02
1554399300,4933.45,4954.54,4950.36,4935.83,24.67
1554399600,4900.0,4939.16,4935.84,4937.45,218.87
1554399900,4914.07,4949.0,4940.0,4934.85,56.63
1554400200,4908.52,4936.47,4935.0,4909.67,40.26
1554400500,4885.0,4919.99,4909.67,4895.75,231.42
1554400800,4875.0,4896.99,4894.06,4889.13,129.94
1554401100,4851.0,4894.57,4882.26,4851.0,232.44
1554401400,4842.84,4867.45,4851.01,4842.84,252.74
1554401700,4825.0,4848.07,4842.85,4841.05,187.93
1554402000,4839.27,4878.45,4844.98,4878.44,110.3
1554402300,4865.0,4884.38,4878.45,4868.23,34.73
1554402600,4846.04,4871.76,4868.24,4846.04,75.45
1554402900,4846.03,4873.78,4846.04,4868.01,68.24
1554403200,4863.33,4880.04,4868.0,4877.63,35.31
1554403500,4873.62,4879.0,4878.98,4876.13,74.0
1554403800,4873.62,4880.0,4876.13,4874.46,113.49
1554404100,4854.73,4874.28,4874.28,4861.06,64.14
1554404400,4847.98,4861.99,4861.06,4848.33,63.03
1554404700,4838.58,4854.51,4852.5,4847.36,57.67
1554405000,4843.92,4878.34,4847.35,4878.1,50.83
1554405300,4870.59,4879.43,4878.09,4877.44,49.24
1554405600,4851.0,4877.44,4877.44,4862.58,95.22
1554405900,4861.94,4877.61,4865.65,4877.58,125.38
1554406200,4862.13,4877.58,4877.58,4865.95,25.64
1554406500,4858.16,4873.46,4864.12,4867.06,39.61
1554406800,4862.0,4869.99,4867.06,4863.72,38.22
1554407100,4846.99,4869.92,4863.72,4853.64,44.84
1554407400,4829.0,4853.64,4853.64,4836.0,64.62
1554407700,4825.0,4849.99,4838.14,4828.0,63.63
1554408000,4816.09,4845.58,4830.63,4816.09,123.31
1554408300,4778.0,4816.01,4816.01,4782.83,353.78
1554408600,4781.29,4812.84,4781.29,4804.74,235.7
1554408900,4804.74,4838.42,4804.75,4822.29,95.39
1554409200,4808.55,4833.62,4820.52,4832.12,93.4
1554409500,4821.5,4834.97,4832.08,4834.13,49.65
1554409800,4830.43,4843.24,4834.01,4833.03,114.12
1554410100,4820.0,4833.03,4833.03,4829.93,128.61
1554410400,4825.93,4854.47,4830.29,4853.69,147.39
1554410700,4840.62,4863.0,4853.28,4844.18,62.57
1554411000,4820.0,4845.73,4844.18,4832.34,65.74
1554411300,4829.57,4849.97,4832.35,4848.09,30.0
1554411600,4843.22,4851.93,4848.09,4847.81,62.69
1554411900,4837.91,4847.81,4847.81,4841.25,22.57
1554412200,4841.0,4859.99,4841.0,4858.0,49.43
1554412500,4858.59,4899.3,4858.6,4889.99,152.46
1554412800,4889.99,4923.0,4890.0,4922.97,88.51
1554413100,4904.77,4923.0,4922.97,4913.74,49.38
1554413400,4912.32,4934.97,4913.74,4917.54,62.63
1554413700,4904.0,4917.54,4917.54,4906.86,46.53
1554414000,4903.85,4914.45,4906.86,4914.4,20.99
1554414300,4914.4,4940.52,4914.4,4940.52,29.14
1554414600,4927.75,4944.99,4940.51,4934.39,27.44
1554414900,4921.37,4935.2,4934.39,4930.1,33.58
1554415200,4927.0,4941.99,4933.8,4941.95,41.51
1554415500,4927.0,4941.98,4941.97,4933.58,34.95
1554415800,4920.29,4936.67,4933.58,4922.52,31.02
1554416100,4910.0,4930.0,4922.52,4928.17,41.53
1554416400,4914.32,4929.99,4928.17,4917.51,10.5
1554416700,4904.06,4918.59,4915.78,4911.83,32.25
1554417000,4909.23,4925.15,4911.83,4909.23,26.5
1554417300,4901.0,4910.75,4908.99,4901.01,23.43
1554417600,4887.37,4901.01,4901.01,4888.33,83.75
1554417900,4883.0,4893.01,4888.33,4892.59,31.35
1554418200,4892.27,4892.92,4892.27,4892.92,2.62
