1556893500,5756.09,5769.4,5764.14,5760.01,81.21
1556893800,5750.0,5760.01,5760.01,5751.46,73.89
1556894100,5750.0,5768.34,5751.46,5762.47,73.87
1556894400,5753.71,5761.94,5761.94,5754.01,47.55
1556894700,5754.0,5756.95,5754.01,5754.01,27.55
1556895000,5714.56,5754.07,5754.01,5728.14,233.53
1556895300,5709.0,5728.14,5727.38,5723.98,161.53
1556895600,5671.18,5725.0,5723.98,5705.9,353.44
1556895900,5695.0,5710.0,5705.87,5702.25,103.99
1556896200,5701.27,5718.82,5702.25,5718.82,75.2
1556896500,5715.0,5721.3,5718.82,5715.91,51.27
1556896800,5710.0,5715.91,5715.91,5710.0,65.18
1556897100,5710.0,5722.04,5710.01,5720.01,49.32
1556897400,5720.0,5730.85,5720.0,5725.32,74.75
1556897700,5715.0,5730.21,5725.32,5715.0,58.39
1556898000,5707.32,5720.77,5715.01,5720.01,55.16
1556898300,5702.5,5720.01,5720.01,5704.48,38.6
1556898600,5702.0,5711.0,5704.48,5711.0,58.61
1556898900,5706.34,5718.36,5710.99,5711.27,30.19
1556899200,5710.99,5722.27,5711.29,5711.0,39.33
1556899500,5705.01,5711.96,5711.0,5705.52,43.15
1556899800,5705.51,5723.34,5705.51,5721.46,47.74
1556900100,5710.0,5723.62,5722.76,5717.3,38.45
1556900400,5712.35,5724.99,5717.3,5719.58,17.9
1556900700,5718.8,5725.0,5721.64,5725.0,12.84
1556901000,5719.49,5727.97,5724.99,5719.57,16.05
1556901300,5719.51,5723.77,5720.0,5720.61,26.85
1556901600,5713.38,5723.34,5720.61,5717.2,45.09
1556901900,5708.48,5717.21,5717.21,5708.49,25.2
1556902200,5705.0,5708.49,5708.48,5706.32,21.56
1556902500,5687.7,5706.32,5706.32,5690.98,126.34
1556902800,5688.76,5703.0,5691.4,5692.44,32.87
1556903100,5646.01,5698.99,5692.44,5673.85,469.98
1556903400,5661.48,5674.27,5673.84,5668.46,64.13
1556903700,5660.0,5668.47,5668.47,5663.0,32.76
1556904000,5621.7,5663.0,5662.99,5640.0,226.19
1556904300,5636.0,5648.49,5640.0,5636.01,63.2
1556904600,5636.0,5648.49,5636.0,5647.1,67.56
1556904900,5647.09,5659.0,5647.1,5654.8,42.24
1556905200,5645.0,5654.81,5654.81,5645.05,35.71
1556905500,5636.0,5654.32,5645.06,5650.67,68.33
1556905800,5650.24,5660.0,5650.32,5650.24,90.91
1556906100,5652.54,5668.47,5652.54,5666.02,39.46
1556906400,5648.49,5668.34,5666.02,5652.45,66.45
1556906700,5649.03,5655.0,5651.28,5650.01,21.98
1556907000,5650.0,5667.9,5650.01,5667.9,53.09
1556907300,5655.7,5667.9,5667.9,5656.09,47.21
1556907600,5653.78,5660.67,5656.09,5656.28,19.61
1556907900,5652.53,5658.46,5658.24,5657.99,12.96
1556908200,5657.99,5668.75,5658.0,5662.87,16.39
1556908500,5659.82,5668.0,5661.21,5668.0,11.14
1556908800,5667.99,5683.22,5668.0,5682.28,79.74
1556909100,5681.0,5689.0,5682.28,5688.99,47.85
1556909400,5688.99,5706.91,5689.0,5698.66,159.55
1556909700,5690.16,5702.87,5698.66,5690.92,130.58
1556910000,5680.01,5690.93,5690.92,5683.62,47.82
1556910300,5678.0,5683.63,5683.63,5678.01,28.36
1556910600,5670.0,5678.01,5678.01,5671.86,50.44
1556910900,5670.02,5676.8,5671.85,5676.8,38.52
1556911200,5675.45,5683.24,5676.27,5683.24,20.05
1556911500,5680.0,5685.21,5683.23,5680.0,50.16
1556911800,5671.4,5680.01,5680.01,5675.01,40.64
1556912100,5671.31,5678.68,5675.0,5676.43,16.29
1556912400,5675.0,5682.74,5676.43,5677.75,23.54
1556912700,5676.76,5683.27,5677.75,5682.28,23.92
1556913000,5675.03,5683.59,5682.28,5677.86,18.19
1556913300,5671.31,5677.64,5677.63,5671.98,15.39
1556913600,5671.99,5682.5,5671.99,5681.95,23.02
1556913900,5675.36,5690.72,5681.94,5688.75,57.39
1556914200,5688.87,5696.08,5690.72,5696.08,15.94
1556914500,5696.84,5711.65,5696.84,5703.33,54.33
1556914800,5692.82,5703.35,5703.35,5693.01,46.9
1556915100,5686.0,5696.12,5693.0,5693.01,42.42
1556915400,5686.07,5694.29,5693.01,5692.0,28.7
1556915700,5692.61,5706.66,5693.0,5698.56,244.22
1556916000,5696.47,5702.0,5698.56,5701.28,65.79
1556916300,5696.51,5702.0,5701.29,5700.01,45.33
1556916600,5683.0,5700.0,5700.0,5685.0,81.74
1556916900,5684.99,5689.95,5685.0,5689.78,53.5
1556917200,5681.95,5689.78,5689.78,5684.59,21.94
1556917500,5683.8,5689.64,5684.58,5683.81,28.08
1556917800,5673.4,5683.8,5683.8,5674.49,30.33
1556918100,5671.98,5677.0,5674.51,5676.99,21.53
1556918400,5676.81,5679.54,5676.99,5678.0,27.35
1556918700,5676.81,5680.32,5678.0,5678.0,52.29
1556919000,5676.82,5681.59,5678.0,5680.0,10.69
1556919300,5679.99,5689.94,5680.0,5687.63,37.29
1556919600,5680.62,5693.99,5687.62,5693.99,29.79
1556919900,5692.55,5702.0,5692.56,5699.32,34.41
1556920200,5690.69,5699.33,5697.27,5693.13,15.79
1556920500,5691.16,5694.0,5693.13,5694.0,18.76
1556920800,5681.75,5694.0,5693.99,5682.19,22.27
1556921100,5678.91,5681.76,5681.76,5680.01,12.44
1556921400,5671.31,5680.01,5680.01,5680.0,70.12
1556921700,5652.62,5681.89,5680.0,5654.57,63.07
1556922000,5646.72,5665.56,5654.58,5665.13,47.91
1556922300,5663.46,5672.53,5665.13,5670.54,18.14
1556922600,5664.31,5672.15,5670.53,5666.01,33.54
1556922900,5655.34,5666.01,5666.0,5661.88,16.51
1556923200,5651.09,5664.18,5661.87,5651.1,24.25
1556923500,5646.32,5655.0,5651.1,5646.32,12.18
1556923800,5646.31,5658.19,5646.32,5652.04,16.85
1556924100,5652.03,5680.23,5652.04,5680.0,43.4
1556924400,5670.07,5680.01,5680.01,5670.08,20.69
1556924700,5655.0,5670.54,5670.08,5655.01,22.85
1556925000,5648.3,5658.85,5655.01,5658.84,27.92
1556925300,5652.62,5660.0,5658.84,5652.63,12.12
1556925600,5650.94,5659.95,5652.63,5657.97,17.46
1556925900,5657.97,5665.07,5659.15,5658.41,23.53
1556926200,5658.4,5667.75,5658.4,5664.44,11.64
1556926500,5658.99,5664.53,5664.44,5660.96,6.48
1556926800,5651.41,5667.04,5660.96,5653.62,38.13
1556927100,5650.02,5663.38,5653.59,5663.38,18.49
1556927400,5657.46,5667.04,5663.22,5661.99,18.51
1556927700,5654.17,5662.44,5661.94,5657.4,18.19
1556928000,5656.02,5674.32,5657.41,5672.35,32.64
1556928300,5668.79,5677.12,5672.32,5673.41,19.63
1556928600,5670.61,5702.87,5672.27,5699.71,124.17
1556928900,5693.81,5702.28,5699.26,5698.4,19.2
1556929200,5698.4,5736.74,5698.4,5727.26,194.23
1556929500,5722.63,5733.0,5727.27,5728.32,48.73
1556929800,5728.42,5769.99,5728.42,5750.12,294.09
1556930100,5725.01,5752.67,5750.11,5730.85,36.52
1556930400,5727.2,5739.75,5730.85,5739.62,62.96
1556930700,5735.0,5744.42,5739.3,5736.3,37.93
1556931000,5735.0,5749.05,5736.3,5738.31,37.79
1556931300,5734.56,5742.05,5736.82,5735.16,21.55
1556931600,5728.55,5738.88,5733.96,5731.98,24.42
1556931900,5715.25,5732.0,5731.99,5730.78,45.73
1556932200,5725.16,5744.43,5730.7,5741.51,48.15
1556932500,5743.03,5750.21,5743.5,5750.02,21.65
1556932800,5750.0,5759.76,5750.01,5758.64,44.55
1556933100,5756.5,5767.31,5759.42,5763.51,39.34
1556933400,5755.0,5763.51,5763.51,5756.02,29.75
1556933700,5754.6,5761.44,5755.0,5760.97,59.75
1556934000,5760.43,5766.0,5760.99,5766.0,24.69
1556934300,5765.99,5787.0,5766.0,5784.17,83.32
1556934600,5782.52,5815.0,5783.98,5814.98,132.3
1556934900,5784.23,5823.96,5814.99,5793.17,281.52
1556935200,5745.0,5793.12,5790.53,5756.28,210.87
1556935500,5754.27,5775.39,5756.08,5768.41,63.13
1556935800,5767.35,5781.19,5768.41,5779.17,32.15
1556936100,5777.46,5791.05,5779.18,5785.03,54.0
1556936400,5780.96,5794.88,5785.03,5787.75,50.87
1556936700,5775.3,5790.66,5787.75,5781.67,29.32
1556937000,5770.0,5784.85,5781.67,5772.23,36.22
1556937300,5762.0,5771.89,5770.71,5765.0,39.89
1556937600,5762.0,5772.63,5765.0,5762.99,15.83
1556937900,5745.69,5765.0,5764.0,5757.51,57.97
1556938200,5754.3,5763.67,5757.51,5756.02,16.0
1556938500,5756.57,5765.0,5756.57,5765.0,14.54
1556938800,5764.99,5773.0,5765.0,5769.78,34.17
1556939100,5764.99,5771.52,5769.77,5765.0,17.01
1556939400,5759.02,5765.0,5764.99,5760.78,15.42
1556939700,5755.48,5768.09,5760.78,5761.51,23.55
1556940000,5761.5,5765.94,5761.51,5761.82,9.64
1556940300,5734.66,5762.27,5761.81,5734.67,30.79
1556940600,5734.66,5746.15,5734.66,5745.28,24.38
1556940900,5736.94,5747.81,5745.26,5736.95,25.7
1556941200,5722.33,5739.07,5736.95,5722.44,51.11
1556941500,5704.71,5735.72,5722.32,5735.37,68.61
1556941800,5730.59,5748.32,5733.59,5746.03,23.82
1556942100,5740.0,5747.89,5746.02,5745.86,7.49
1556942400,5715.01,5742.94,5742.94,5729.88,46.17
1556942700,5650.0,5729.88,5729.88,5686.67,404.71
1556943000,5683.26,5710.7,5686.66,5707.77,55.19
1556943300,5689.1,5706.48,5706.48,5690.37,13.84
1556943600,5690.37,5716.88,5690.37,5713.43,64.92
1556943900,5710.0,5716.87,5712.09,5711.57,11.51
1556944200,5711.13,5720.85,5711.56,5720.85,25.67
1556944500,5716.38,5726.1,5720.84,5723.4,31.96
1556944800,5716.38,5726.45,5723.4,5716.38,8.74
1556945100,5716.38,5720.59,5716.39,5716.38,14.77
1556945400,5708.17,5716.39,5716.39,5709.98,12.84
1556945700,5705.0,5710.0,5709.99,5705.01,12.72
1556946000,5686.22,5705.01,5705.01,5687.23,57.72
1556946300,5687.23,5700.0,5687.23,5698.0,12.97
1556946600,5697.99,5715.0,5698.0,5708.47,41.82
1556946900,5708.47,5715.8,5708.47,5715.76,16.02
1556947200,5712.74,5727.81,5716.57,5712.74,45.34
1556947500,5708.0,5715.93,5712.74,5710.94,15.32
1556947800,5708.0,5710.94,5710.94,5708.01,21.52
1556948100,5694.38,5708.01,5708.01,5698.01,29.13
1556948400,5690.86,5700.0,5698.01,5692.33,15.88
1556948700,5690.07,5707.78,5692.36,5707.78,13.07
1556949000,5705.07,5710.0,5708.22,5706.18,16.29
1556949300,5700.0,5705.77,5705.77,5705.0,12.6
1556949600,5690.0,5705.0,5705.0,5692.13,23.13
1556949900,5692.0,5700.8,5692.14,5692.0,12.0
1556950200,5685.33,5700.61,5692.0,5690.91,39.83
1556950500,5688.13,5695.01,5690.91,5691.54,6.44
1556950800,5690.01,5713.56,5690.02,5713.25,15.48
1556951100,5707.78,5715.11,5713.24,5707.78,7.21
1556951400,5707.1,5713.88,5707.78,5711.23,20.94
1556951700,5705.13,5712.51,5711.21,5708.59,5.56
1556952000,5705.65,5717.46,5708.59,5717.39,5.22
1556952300,5714.33,5723.26,5716.47,5723.21,9.16
1556952600,5715.69,5727.66,5723.27,5727.66,18.96
1556952900,5723.67,5730.0,5724.73,5730.0,4.03
1556953200,5729.99,5730.0,5730.0,5730.0,16.59
1556953500,5729.99,5740.69,5730.0,5740.68,15.39
1556953800,5738.18,5748.0,5740.69,5748.0,18.45
1556954100,5742.48,5748.39,5748.0,5742.49,22.57
1556954400,5735.0,5742.48,5742.48,5735.8,5.25
1556954700,5737.9,5790.48,5737.9,5753.43,152.85
1556955000,5744.48,5753.42,5753.42,5744.48,7.04
1556955300,5744.48,5755.06,5744.48,5754.2,13.93
1556955600,5754.18,5758.58,5754.2,5758.58,5.17
1556955900,5745.11,5761.49,5758.57,5745.11,10.63
1556956200,5745.1,5755.0,5745.11,5755.0,3.87
1556956500,5739.09,5755.0,5755.0,5739.09,8.76
1556956800,5734.49,5738.91,5738.9,5734.49,6.17
1556957100,5731.77,5736.58,5734.49,5736.57,13.47
1556957400,5725.29,5736.54,5736.54,5725.49,12.03
1556957700,5726.45,5732.07,5726.61,5731.01,4.15
1556958000,5723.8,5730.85,5729.69,5729.12,7.74
1556958300,5729.13,5736.58,5729.13,5736.57,16.22
1556958600,5734.96,5736.58,5736.58,5734.97,10.01
1556958900,5721.48,5734.97,5734.96,5721.48,25.63
1556959200,5718.63,5727.23,5721.48,5723.71,10.38
1556959500,5719.09,5728.54,5722.49,5724.16,2.71
1556959800,5724.15,5730.54,5724.15,5725.94,4.06
1556960100,5725.94,5733.38,5725.95,5733.38,3.65
1556960400,5730.82,5734.84,5730.83,5734.55,13.81
1556960700,5734.63,5747.45,5734.69,5746.35,8.94
1556961000,5741.52,5746.64,5746.35,5745.61,5.44
1556961300,5744.77,5745.61,5745.61,5744.9,3.69
1556961600,5733.89,5746.03,5744.91,5735.62,6.62
1556961900,5732.52,5738.33,5735.62,5732.52,5.84
1556962200,5727.0,5735.26,5732.52,5732.91,14.95
1556962500,5732.54,5739.24,5732.9,5739.24,4.84
1556962800,5727.01,5737.18,5735.49,5729.63,5.93
1556963100,5718.48,5731.59,5729.54,5723.66,3.81
1556963400,5709.06,5723.66,5723.65,5711.06,12.12
1556963700,5711.06,5711.09,5711.06,5711.08,2.09
1556964000,5698.26,5711.09,5711.09,5698.26,10.51
1556964300,5698.26,5716.63,5698.26,5714.12,21.56
1556964600,5705.74,5714.12,5714.12,5705.75,2.5
1556964900,5694.35,5707.1,5705.74,5698.02,10.68
1556965200,5690.39,5706.29,5698.01,5704.98,28.45
1556965500,5706.24,5725.82,5706.24,5721.91,10.9
1556965800,5717.9,5723.08,5717.94,5720.43,3.89
1556966100,5720.42,5726.09,5720.42,5725.0,15.02
1556966400,5725.0,5726.08,5725.01,5725.0,2.34
1556966700,5725.0,5726.09,5725.0,5725.0,3.87
1556967000,5720.0,5725.01,5725.01,5720.08,11.08
1556967300,5716.05,5720.09,5720.09,5716.05,5.63
1556967600,5715.3,5722.53,5715.31,5722.52,15.77
1556967900,5722.51,5731.0,5722.51,5730.99,10.18
1556968200,5730.0,5731.0,5731.0,5730.01,3.98
1556968500,5730.01,5731.0,5730.01,5730.39,8.54
1556968800,5730.38,5735.0,5730.39,5735.0,4.83
1556969100,5734.99,5739.0,5735.0,5739.0,2.45
1556969400,5730.01,5742.97,5738.99,5730.02,5.98
1556969700,5730.01,5734.98,5730.01,5732.18,5.47
1556970000,5721.26,5730.02,5730.02,5723.04,27.64
1556970300,5717.49,5726.01,5723.04,5717.51,7.16
1556970600,5715.7,5718.0,5717.5,5717.01,6.26
1556970900,5717.04,5727.51,5717.04,5725.71,7.77
1556971200,5720.16,5731.43,5725.71,5720.5,4.52
1556971500,5718.99,5725.46,5720.5,5719.02,4.43
1556971800,5713.7,5721.53,5718.07,5717.83,8.27
1556972100,5700.6,5717.24,5716.49,5713.7,18.84
1556972400,5715.43,5722.3,5715.65,5722.3,9.41
1556972700,5719.76,5724.86,5720.01,5724.44,8.33
1556973000,5710.01,5724.98,5724.45,5711.62,9.44
1556973300,5703.3,5711.81,5711.62,5710.49,10.95
1556973600,5697.0,5710.24,5710.24,5704.99,24.7
1556973900,5704.99,5711.46,5705.0,5711.08,6.02
1556974200,5692.0,5711.07,5711.07,5704.04,42.42
1556974500,5700.17,5711.8,5703.22,5708.05,10.0
1556974800,5705.28,5710.0,5708.04,5708.39,12.98
1556975100,5708.39,5716.94,5708.4,5716.94,7.15
1556975400,5706.04,5716.94,5716.94,5710.64,7.44
1556975700,5705.0,5710.63,5710.63,5705.01,15.42
1556976000,5695.78,5706.0,5705.0,5700.77,61.05
1556976300,5684.01,5700.76,5700.76,5687.65,37.51
1556976600,5686.2,5700.89,5687.65,5694.19,18.56
1556976900,5660.78,5694.19,5694.19,5661.41,88.25
1556977200,5660.58,5678.0,5661.44,5661.02,33.57
1556977500,5520.0,5663.48,5660.61,5549.16,686.78
1556977800,5548.83,5599.0,5549.21,5583.02,331.48
1556978100,5558.08,5590.0,5584.99,5570.55,123.21
1556978400,5566.52,5592.78,5570.55,5580.22,96.44
1556978700,5560.14,5580.38,5580.22,5566.17,80.16
1556979000,5512.0,5566.17,5566.17,5553.69,224.6
1556979300,5550.06,5579.08,5553.68,5575.01,55.47
1556979600,5566.54,5577.82,5575.01,5573.56,23.86
1556979900,5568.5,5583.21,5574.0,5579.37,56.35
1556980200,5575.0,5583.8,5579.37,5583.8,43.95
1556980500,5575.0,5583.8,5583.8,5575.01,51.45
1556980800,5568.02,5577.05,5575.0,5577.05,20.35
1556981100,5576.36,5585.57,5577.05,5578.09,37.82
1556981400,5571.54,5581.11,5578.09,5574.9,31.93
1556981700,5573.35,5581.09,5576.14,5575.01,20.12
1556982000,5566.34,5575.01,5575.0,5566.69,16.61
1556982300,5560.66,5575.94,5566.68,5566.69,90.92
1556982600,5563.53,5575.01,5566.68,5573.85,12.88
1556982900,5568.3,5585.2,5572.84,5584.21,35.0
1556983200,5573.01,5585.14,5582.08,5578.39,17.11
1556983500,5580.1,5585.19,5580.11,5581.73,10.62
1556983800,5579.0,5584.39,5580.12,5579.01,15.67
1556984100,5575.48,5579.79,5579.0,5576.13,13.64
1556984400,5567.11,5576.13,5576.12,5567.11,23.38
1556984700,5555.8,5567.12,5567.12,5556.19,34.25
1556985000,5554.49,5562.01,5556.19,5562.0,19.47
1556985300,5551.29,5562.01,5562.01,5551.3,22.58
1556985600,5545.0,5554.26,5551.3,5546.32,41.75
1556985900,5542.0,5558.01,5546.31,5556.57,39.42
1556986200,5556.56,5570.87,5556.56,5570.87,22.88
1556986500,5570.87,5579.66,5570.88,5579.3,14.16
1556986800,5577.45,5588.16,5579.3,5581.37,38.96
1556987100,5580.5,5585.43,5581.37,5584.36,11.86
1556987400,5582.86,5591.61,5583.12,5589.48,17.31
1556987700,5580.71,5591.05,5589.49,5581.67,14.84
1556988000,5581.66,5589.49,5581.66,5588.22,14.89
1556988300,5580.46,5589.49,5588.22,5580.46,12.3
1556988600,5571.32,5580.67,5580.46,5573.13,13.39
1556988900,5570.1,5583.89,5573.13,5580.01,14.2
1556989200,5572.0,5580.01,5580.01,5575.0,12.75
1556989500,5573.0,5580.35,5575.0,5579.31,11.55
1556989800,5579.18,5592.0,5579.28,5591.82,11.83
1556990100,5590.01,5598.79,5591.82,5593.18,13.75
1556990400,5593.17,5598.81,5593.18,5597.99,22.7
1556990700,5595.81,5602.0,5597.99,5595.81,42.71
1556991000,5593.65,5598.0,5594.09,5597.25,12.71
1556991300,5592.29,5596.25,5596.25,5592.3,16.22
1556991600,5585.0,5592.3,5592.3,5589.55,32.26
1556991900,5583.05,5589.55,5589.55,5584.61,18.62
1556992200,5581.92,5586.98,5584.62,5583.35,15.29
1556992500,5583.34,5591.99,5583.35,5591.42,19.44
1556992800,5582.01,5591.42,5591.42,5582.02,17.88
1556993100,5577.0,5585.06,5584.64,5578.99,26.12
1556993400,5573.82,5579.05,5577.99,5573.82,14.58
1556993700,5573.82,5585.76,5573.83,5585.31,32.95
1556994000,5578.68,5588.0,5585.31,5583.87,20.97
1556994300,5581.4,5588.0,5583.5,5586.7,20.36
1556994600,5583.02,5587.37,5586.7,5585.0,17.41
1556994900,5585.22,5591.72,5585.23,5591.72,15.61
1556995200,5591.41,5595.01,5591.41,5595.01,13.26
1556995500,5595.0,5605.3,5595.0,5605.3,22.04
1556995800,5595.48,5606.0,5605.21,5602.71,19.34
1556996100,5591.17,5602.72,5602.72,5591.2,19.29
1556996400,5591.21,5594.0,5591.21,5593.0,36.0
1556996700,5590.01,5597.71,5592.99,5593.0,39.93
1556997000,5584.63,5593.0,5593.0,5592.93,58.71
1556997300,5587.41,5593.0,5592.93,5593.0,12.96
1556997600,5587.09,5595.0,5593.0,5595.0,8.34
1556997900,5594.99,5595.0,5595.0,5595.0,10.86
1556998200,5590.02,5595.0,5594.99,5592.0,14.23
1556998500,5591.0,5602.0,5592.0,5595.33,22.52
1556998800,5594.05,5598.51,5598.17,5596.03,9.37
1556999100,5596.97,5602.0,5596.97,5599.7,26.7
1556999400,5596.76,5618.79,5599.7,5615.47,54.46
1556999700,5602.68,5617.03,5615.46,5606.4,19.23
1557000000,5606.4,5618.0,5606.4,5617.99,26.99
1557000300,5617.99,5631.52,5618.0,5631.52,14.45
1557000600,5631.51,5646.08,5631.52,5646.08,36.53
1557000900,5635.0,5647.91,5646.08,5639.64,31.33
1557001200,5635.9,5646.02,5639.64,5642.0,12.42
1557001500,5641.99,5647.52,5642.0,5644.01,18.2
1557001800,5644.36,5656.0,5644.36,5656.0,39.11
1557002100,5645.07,5662.33,5656.0,5646.04,47.43
1557002400,5645.27,5680.0,5646.87,5665.48,136.83
1557002700,5661.36,5669.84,5665.47,5664.0,56.84
1557003000,5655.19,5676.08,5664.0,5672.22,38.63
1557003300,5669.32,5693.97,5670.42,5689.5,20.73
1557003600,5688.0,5730.69,5688.67,5716.09,99.43
1557003900,5716.08,5761.46,5716.09,5761.46,107.32
1557004200,5730.46,5783.78,5761.45,5772.49,218.41
1557004500,5758.41,5791.93,5769.56,5785.33,134.79
1557004800,5785.32,5821.47,5786.09,5790.79,216.75
1557005100,5780.0,5813.11,5790.0,5790.11,67.11
1557005400,5762.12,5793.79,5790.11,5778.84,50.09
1557005700,5771.4,5815.0,5778.83,5776.4,110.18
1557006000,5772.02,5815.87,5791.73,5812.17,69.12
1557006300,5791.18,5817.46,5815.0,5805.83,52.65
1557006600,5790.0,5805.83,5805.82,5799.72,30.89
1557006900,5776.79,5799.72,5799.71,5786.0,67.26
1557007200,5771.92,5785.98,5781.03,5773.67,71.47
1557007500,5770.0,5797.47,5773.66,5794.31,28.08
1557007800,5788.29,5799.72,5794.02,5799.72,47.75
1557008100,5799.71,5846.88,5799.72,5825.42,162.87
1557008400,5784.75,5829.99,5821.61,5797.19,61.79
1557008700,5780.35,5800.0,5794.31,5794.27,25.26
1557009000,5782.0,5800.0,5794.27,5791.97,33.67
1557009300,5789.59,5820.0,5789.59,5813.73,122.79
1557009600,5800.0,5814.0,5813.73,5809.99,55.05
1557009900,5801.77,5816.83,5809.99,5801.81,28.18
1557010200,5790.89,5814.87,5801.82,5806.64,27.85
1557010500,5798.74,5821.46,5806.62,5820.0,18.47
1557010800,5812.54,5827.53,5820.0,5819.73,31.16
1557011100,5799.11,5819.69,5818.04,5811.78,28.96
1557011400,5801.58,5816.49,5811.77,5802.13,14.76
1557011700,5759.45,5802.13,5802.13,5779.3,140.07
1557012000,5778.19,5791.24,5781.44,5786.0,12.06
1557012300,5782.12,5788.99,5786.0,5786.22,13.58
1557012600,5758.0,5786.21,5786.21,5775.0,81.77
1557012900,5757.82,5776.74,5776.74,5765.03,22.63
1557013200,5760.01,5771.98,5764.14,5762.12,16.37
1557013500,5762.13,5783.38,5762.13,5776.17,13.39
1557013800,5768.99,5781.1,5778.34,5779.99,7.22
1557014100,5770.0,5780.0,5779.98,5770.01,22.67
1557014400,5770.0,5777.9,5770.01,5775.78,15.81
1557014700,5766.09,5775.78,5775.78,5766.1,35.88
1557015000,5723.97,5766.1,5766.09,5725.29,163.64
1557015300,5706.79,5727.55,5726.27,5723.05,119.39
1557015600,5693.0,5729.03,5723.06,5699.85,76.73
1557015900,5693.0,5718.55,5698.22,5718.55,22.54
1557016200,5718.54,5735.0,5718.55,5729.96,48.32
1557016500,5730.42,5739.38,5730.43,5733.7,12.43
1557016800,5730.42,5737.76,5730.43,5737.76,9.29
1557017100,5737.76,5747.53,5737.76,5741.12,20.73
1557017400,5738.29,5747.0,5741.34,5746.99,12.05
1557017700,5747.0,5755.46,5747.0,5750.65,18.14
1557018000,5740.53,5751.91,5750.64,5740.71,14.13
1557018300,5732.25,5742.04,5742.02,5734.15,16.34
1557018600,5730.5,5749.28,5732.2,5747.97,13.8
1557018900,5743.09,5752.85,5747.97,5744.16,13.08
1557019200,5730.51,5744.55,5742.95,5741.92,13.62
1557019500,5727.4,5741.93,5741.93,5736.79,8.9
1557019800,5730.07,5739.41,5736.79,5738.57,17.65
1557020100,5736.97,5742.88,5738.57,5741.7,9.59
1557020400,5736.39,5741.7,5741.7,5736.4,11.08
1557020700,5724.44,5736.4,5736.4,5724.44,22.97
1557021000,5718.91,5732.54,5725.39,5732.53,12.26
1557021300,5726.66,5735.78,5732.54,5735.77,11.14
1557021600,5735.76,5740.0,5735.77,5738.77,10.39
1557021900,5738.76,5745.29,5738.76,5741.08,27.73
1557022200,5736.43,5743.7,5741.09,5743.7,13.31
1557022500,5742.66,5749.01,5742.66,5745.03,9.02
1557022800,5739.26,5745.01,5745.01,5740.0,9.25
1557023100,5739.99,5744.88,5740.0,5744.88,9.91
1557023400,5744.87,5753.86,5744.88,5750.56,8.58
1557023700,5748.68,5753.86,5750.56,5753.86,7.36
1557024000,5753.85,5762.65,5753.86,5759.89,10.86
1557024300,5759.12,5772.56,5759.89,5762.35,17.09
1557024600,5762.34,5768.4,5762.35,5766.67,5.3
1557024900,5735.99,5766.67,5766.66,5735.99,32.64
1557025200,5724.28,5743.67,5735.99,5743.31,29.25
1557025500,5733.23,5745.13,5743.31,5744.14,6.82
1557025800,5740.0,5748.65,5744.14,5748.5,13.85
1557026100,5748.49,5754.5,5748.5,5751.02,10.18
1557026400,5745.5,5753.29,5751.02,5752.29,10.66
1557026700,5743.77,5754.16,5752.29,5744.82,22.7
1557027000,5735.34,5747.67,5745.11,5735.34,14.89
1557027300,5735.38,5752.0,5737.66,5752.0,7.48
1557027600,5751.99,5755.84,5752.0,5753.8,8.48
1557027900,5753.79,5763.81,5753.8,5763.08,5.24
1557028200,5755.0,5763.08,5763.08,5758.01,11.8
1557028500,5755.0,5759.5,5758.01,5755.01,7.37
1557028800,5746.06,5755.01,5755.01,5747.0,19.65
1557029100,5740.03,5746.09,5746.09,5740.04,17.32
1557029400,5740.03,5747.83,5740.04,5742.4,26.31
1557029700,5721.26,5745.21,5741.49,5728.96,54.17
1557030000,5710.0,5731.37,5728.96,5727.51,71.06
1557030300,5725.01,5733.25,5727.51,5731.95,7.33
1557030600,5720.0,5731.95,5731.95,5721.94,5.81
1557030900,5715.0,5725.0,5721.94,5715.01,12.92
1557031200,5706.0,5717.09,5715.0,5709.99,20.2
1557031500,5710.71,5724.55,5712.75,5720.19,21.12
1557031800,5718.69,5724.96,5720.18,5722.0,2.67
1557032100,5713.58,5722.01,5722.0,5720.02,8.61
1557032400,5720.02,5730.05,5720.02,5722.99,9.54
1557032700,5724.54,5734.99,5726.21,5734.11,4.51
1557033000,5721.03,5734.99,5734.08,5721.03,5.18
1557033300,5718.29,5724.85,5721.03,5722.58,15.96
1557033600,5725.0,5733.0,5725.0,5732.28,6.53
1557033900,5727.45,5733.0,5732.28,5731.92,3.89
1557034200,5725.64,5732.99,5730.78,5727.81,2.52
1557034500,5725.79,5731.32,5727.8,5731.32,3.57
1557034800,5730.66,5745.32,5731.33,5733.08,37.2
1557035100,5731.97,5740.79,5733.09,5740.79,27.12
1557035400,5742.11,5755.47,5742.76,5749.39,15.13
1557035700,5746.29,5758.81,5749.39,5746.5,7.89
1557036000,5746.49,5757.47,5746.5,5754.82,7.71
1557036300,5749.89,5759.66,5754.82,5754.71,5.57
1557036600,5742.65,5755.0,5753.99,5742.66,3.93
1557036900,5732.08,5742.75,5742.66,5733.74,15.19
1557037200,5733.54,5742.74,5733.54,5740.81,9.06
1557037500,5730.01,5742.28,5742.02,5733.52,6.48
1557037800,5733.54,5741.73,5734.93,5741.2,5.3
1557038100,5734.81,5741.05,5739.29,5734.81,4.36
1557038400,5721.05,5737.72,5737.72,5726.33,22.64
1557038700,5724.75,5733.82,5726.32,5731.51,12.19
1557039000,5731.18,5740.0,5731.19,5739.99,2.95
1557039300,5734.88,5740.0,5739.99,5738.32,7.3
1557039600,5734.51,5740.0,5738.32,5739.51,9.69
1557039900,5733.86,5739.45,5739.45,5735.1,1.91
1557040200,5730.18,5735.1,5735.1,5730.73,12.2
1557040500,5730.74,5737.25,5730.74,5737.24,12.59
