1538806500,6567.8,6568.0,6568.0,6567.8,13.687512099999998
1538806800,6567.8,6570.03,6567.8,6570.02,2.6318502699999993
1538807100,6570.02,6572.71,6570.03,6572.71,3.2947812400000003
1538807400,6572.7,6572.71,6572.7,6572.71,1.4883280999999997
1538807700,6572.7,6575.0,6572.7,6575.0,6.70318613
1538808000,6574.99,6575.0,6575.0,6575.0,4.25605355
1538808300,6574.99,6575.0,6574.99,6575.0,4.255153709999999
1538808600,6572.7,6575.0,6574.99,6575.0,7.94674683
1538808900,6570.01,6575.0,6574.99,6571.99,5.1657087
1538809200,6570.02,6572.5,6571.99,6572.5,6.244764380000001
1538809500,6570.0,6572.5,6572.49,6571.0,4.14635591
1538809800,6570.99,6574.68,6570.99,6574.67,3.7293628099999996
1538810100,6570.19,6574.68,6574.68,6571.99,20.31602293
1538810400,6570.52,6573.0,6571.99,6572.87,7.328015549999999
1538810700,6569.88,6572.87,6572.86,6569.89,9.92283594
1538811000,6569.88,6572.87,6569.89,6572.86,15.2351371
1538811300,6572.86,6574.68,6572.87,6574.22,2.93362302
1538811600,6570.01,6574.99,6574.23,6572.21,4.19322647
1538811900,6572.2,6574.96,6572.21,6572.21,10.77986486
1538812200,6570.22,6574.32,6572.22,6571.39,5.055424359999999
1538812500,6571.56,6574.66,6571.99,6572.75,2.05488352
1538812800,6567.26,6572.76,6572.76,6568.63,13.845633089999993
1538813100,6567.17,6568.64,6568.63,6567.17,1.4920595
1538813400,6564.5,6569.0,6567.16,6567.01,5.591060520000002
1538813700,6565.06,6567.02,6567.0,6565.07,2.97608828
1538814000,6564.5,6565.07,6565.06,6564.5,3.161842400000001
1538814300,6564.5,6564.52,6564.5,6564.51,6.0219956
1538814600,6564.5,6564.52,6564.51,6564.5,5.333328249999999
1538814900,6564.5,6566.0,6564.51,6565.45,5.284181919999999
1538815200,6562.0,6566.29,6565.35,6563.03,8.54625775
1538815500,6563.0,6567.01,6563.04,6565.44,2.66020551
1538815800,6563.54,6565.44,6564.61,6564.18,1.4068967700000001
1538816100,6564.17,6565.0,6564.17,6565.0,0.66377743
1538816400,6563.37,6565.0,6565.0,6563.38,2.8141973799999995
1538816700,6563.37,6563.38,6563.37,6563.38,1.16639398
1538817000,6563.37,6563.38,6563.37,6563.38,2.45521583
1538817300,6563.37,6563.38,6563.37,6563.38,2.68930529
1538817600,6563.37,6563.38,6563.37,6563.38,1.5722223499999999
1538817900,6563.37,6563.38,6563.37,6563.37,9.53908198
1538818200,6563.37,6567.02,6563.37,6567.01,1.1675096
1538818500,6567.01,6567.02,6567.01,6567.02,1.25630345
1538818800,6567.01,6567.02,6567.01,6567.01,6.84154648
1538819100,6563.53,6567.02,6567.01,6564.86,9.967989149999998
1538819400,6564.85,6564.86,6564.85,6564.85,2.39148634
1538819700,6564.33,6564.86,6564.86,6564.63,1.1286771899999999
1538820000,6564.32,6564.63,6564.62,6564.33,0.99632516
1538820300,6564.33,6564.33,6564.33,6564.33,0.02265068
