1545177600,0.064,0.08,0.08,0.064,130923.0
1545264000,0.064,0.0724,0.064,0.07,624610.0
1545350400,0.06545,0.0726,0.070589,0.06659,383251.0
1545436800,0.066159,0.072,0.0669,0.072,417974.0
1545523200,0.071,0.07384,0.072,0.0715,396632.0
1545609600,0.0725,0.080958,0.0725,0.074723,422647.0
1545696000,0.064858,0.0753,0.0753,0.066037,295128.0
1545782400,0.0646,0.069301,0.068039,0.0675,135046.0
1545868800,0.061741,0.0676,0.067021,0.0633,311475.0
1545955200,0.062354,0.070399,0.062709,0.069493,194315.0
1546041600,0.069,0.0797,0.069493,0.069,572966.0
1546128000,0.06828,0.074,0.069,0.0695,734952.0
1546214400,0.064175,0.070599,0.0702,0.064551,257915.0
1546300800,0.0636,0.0679,0.064551,0.0679,126145.0
1546387200,0.0668,0.070597,0.067246,0.07057,251609.0
1546473600,0.067605,0.070571,0.0695,0.067605,60731.0
1546560000,0.067,0.06777,0.067318,0.067254,2491.0
